 frequency       v(vout)         v(vout)         v(vinn)         v(vinn)        
 1.00000000e+03 -9.90082331e-01  4.22033565e-06  9.91766926e-03  4.22033565e-06 
 1.02329299e+03 -9.90082331e-01  4.31863990e-06  9.91766926e-03  4.31863990e-06 
 1.04712855e+03 -9.90082331e-01  4.41923394e-06  9.91766926e-03  4.41923394e-06 
 1.07151931e+03 -9.90082331e-01  4.52217113e-06  9.91766926e-03  4.52217113e-06 
 1.09647820e+03 -9.90082331e-01  4.62750602e-06  9.91766926e-03  4.62750602e-06 
 1.12201845e+03 -9.90082331e-01  4.73529448e-06  9.91766926e-03  4.73529448e-06 
 1.14815362e+03 -9.90082331e-01  4.84559366e-06  9.91766926e-03  4.84559366e-06 
 1.17489755e+03 -9.90082331e-01  4.95846204e-06  9.91766926e-03  4.95846204e-06 
 1.20226443e+03 -9.90082331e-01  5.07395946e-06  9.91766926e-03  5.07395946e-06 
 1.23026877e+03 -9.90082331e-01  5.19214715e-06  9.91766926e-03  5.19214715e-06 
 1.25892541e+03 -9.90082331e-01  5.31308780e-06  9.91766926e-03  5.31308780e-06 
 1.28824955e+03 -9.90082331e-01  5.43684551e-06  9.91766926e-03  5.43684551e-06 
 1.31825674e+03 -9.90082331e-01  5.56348591e-06  9.91766926e-03  5.56348591e-06 
 1.34896288e+03 -9.90082331e-01  5.69307615e-06  9.91766926e-03  5.69307615e-06 
 1.38038426e+03 -9.90082331e-01  5.82568493e-06  9.91766926e-03  5.82568493e-06 
 1.41253754e+03 -9.90082331e-01  5.96138256e-06  9.91766926e-03  5.96138256e-06 
 1.44543977e+03 -9.90082331e-01  6.10024100e-06  9.91766926e-03  6.10024100e-06 
 1.47910839e+03 -9.90082331e-01  6.24233386e-06  9.91766926e-03  6.24233386e-06 
 1.51356125e+03 -9.90082331e-01  6.38773650e-06  9.91766926e-03  6.38773650e-06 
 1.54881662e+03 -9.90082331e-01  6.53652599e-06  9.91766926e-03  6.53652599e-06 
 1.58489319e+03 -9.90082331e-01  6.68878124e-06  9.91766926e-03  6.68878124e-06 
 1.62181010e+03 -9.90082331e-01  6.84458297e-06  9.91766926e-03  6.84458297e-06 
 1.65958691e+03 -9.90082331e-01  7.00401379e-06  9.91766926e-03  7.00401379e-06 
 1.69824365e+03 -9.90082331e-01  7.16715823e-06  9.91766927e-03  7.16715823e-06 
 1.73780083e+03 -9.90082331e-01  7.33410279e-06  9.91766927e-03  7.33410279e-06 
 1.77827941e+03 -9.90082331e-01  7.50493599e-06  9.91766927e-03  7.50493599e-06 
 1.81970086e+03 -9.90082331e-01  7.67974841e-06  9.91766927e-03  7.67974841e-06 
 1.86208714e+03 -9.90082331e-01  7.85863273e-06  9.91766927e-03  7.85863273e-06 
 1.90546072e+03 -9.90082331e-01  8.04168380e-06  9.91766927e-03  8.04168380e-06 
 1.94984460e+03 -9.90082331e-01  8.22899868e-06  9.91766927e-03  8.22899868e-06 
 1.99526231e+03 -9.90082331e-01  8.42067668e-06  9.91766927e-03  8.42067668e-06 
 2.04173794e+03 -9.90082331e-01  8.61681944e-06  9.91766927e-03  8.61681944e-06 
 2.08929613e+03 -9.90082331e-01  8.81753095e-06  9.91766927e-03  8.81753095e-06 
 2.13796209e+03 -9.90082331e-01  9.02291763e-06  9.91766927e-03  9.02291763e-06 
 2.18776162e+03 -9.90082331e-01  9.23308838e-06  9.91766927e-03  9.23308838e-06 
 2.23872114e+03 -9.90082331e-01  9.44815464e-06  9.91766927e-03  9.44815464e-06 
 2.29086765e+03 -9.90082331e-01  9.66823043e-06  9.91766927e-03  9.66823043e-06 
 2.34422882e+03 -9.90082331e-01  9.89343245e-06  9.91766927e-03  9.89343245e-06 
 2.39883292e+03 -9.90082331e-01  1.01238801e-05  9.91766927e-03  1.01238801e-05 
 2.45470892e+03 -9.90082331e-01  1.03596956e-05  9.91766928e-03  1.03596956e-05 
 2.51188643e+03 -9.90082331e-01  1.06010039e-05  9.91766928e-03  1.06010039e-05 
 2.57039578e+03 -9.90082331e-01  1.08479330e-05  9.91766928e-03  1.08479330e-05 
 2.63026799e+03 -9.90082331e-01  1.11006138e-05  9.91766928e-03  1.11006138e-05 
 2.69153480e+03 -9.90082331e-01  1.13591803e-05  9.91766928e-03  1.13591803e-05 
 2.75422870e+03 -9.90082331e-01  1.16237696e-05  9.91766928e-03  1.16237696e-05 
 2.81838293e+03 -9.90082331e-01  1.18945220e-05  9.91766928e-03  1.18945220e-05 
 2.88403150e+03 -9.90082331e-01  1.21715810e-05  9.91766928e-03  1.21715810e-05 
 2.95120923e+03 -9.90082331e-01  1.24550935e-05  9.91766928e-03  1.24550935e-05 
 3.01995172e+03 -9.90082331e-01  1.27452099e-05  9.91766929e-03  1.27452099e-05 
 3.09029543e+03 -9.90082331e-01  1.30420840e-05  9.91766929e-03  1.30420840e-05 
 3.16227766e+03 -9.90082331e-01  1.33458732e-05  9.91766929e-03  1.33458732e-05 
 3.23593657e+03 -9.90082331e-01  1.36567385e-05  9.91766929e-03  1.36567385e-05 
 3.31131121e+03 -9.90082331e-01  1.39748448e-05  9.91766929e-03  1.39748448e-05 
 3.38844156e+03 -9.90082331e-01  1.43003607e-05  9.91766929e-03  1.43003607e-05 
 3.46736850e+03 -9.90082331e-01  1.46334589e-05  9.91766930e-03  1.46334589e-05 
 3.54813389e+03 -9.90082331e-01  1.49743160e-05  9.91766930e-03  1.49743160e-05 
 3.63078055e+03 -9.90082331e-01  1.53231126e-05  9.91766930e-03  1.53231126e-05 
 3.71535229e+03 -9.90082331e-01  1.56800337e-05  9.91766930e-03  1.56800337e-05 
 3.80189396e+03 -9.90082331e-01  1.60452686e-05  9.91766930e-03  1.60452686e-05 
 3.89045145e+03 -9.90082331e-01  1.64190110e-05  9.91766931e-03  1.64190110e-05 
 3.98107171e+03 -9.90082331e-01  1.68014589e-05  9.91766931e-03  1.68014589e-05 
 4.07380278e+03 -9.90082331e-01  1.71928151e-05  9.91766931e-03  1.71928151e-05 
 4.16869383e+03 -9.90082331e-01  1.75932872e-05  9.91766931e-03  1.75932872e-05 
 4.26579519e+03 -9.90082331e-01  1.80030875e-05  9.91766932e-03  1.80030875e-05 
 4.36515832e+03 -9.90082331e-01  1.84224333e-05  9.91766932e-03  1.84224333e-05 
 4.46683592e+03 -9.90082331e-01  1.88515469e-05  9.91766932e-03  1.88515469e-05 
 4.57088190e+03 -9.90082331e-01  1.92906558e-05  9.91766932e-03  1.92906558e-05 
 4.67735141e+03 -9.90082331e-01  1.97399929e-05  9.91766933e-03  1.97399929e-05 
 4.78630092e+03 -9.90082331e-01  2.01997964e-05  9.91766933e-03  2.01997964e-05 
 4.89778819e+03 -9.90082331e-01  2.06703101e-05  9.91766933e-03  2.06703101e-05 
 5.01187234e+03 -9.90082331e-01  2.11517835e-05  9.91766934e-03  2.11517835e-05 
 5.12861384e+03 -9.90082331e-01  2.16444718e-05  9.91766934e-03  2.16444718e-05 
 5.24807460e+03 -9.90082331e-01  2.21486364e-05  9.91766935e-03  2.21486364e-05 
 5.37031796e+03 -9.90082331e-01  2.26645444e-05  9.91766935e-03  2.26645444e-05 
 5.49540874e+03 -9.90082331e-01  2.31924694e-05  9.91766935e-03  2.31924694e-05 
 5.62341325e+03 -9.90082331e-01  2.37326914e-05  9.91766936e-03  2.37326914e-05 
 5.75439937e+03 -9.90082331e-01  2.42854968e-05  9.91766936e-03  2.42854968e-05 
 5.88843655e+03 -9.90082331e-01  2.48511787e-05  9.91766937e-03  2.48511787e-05 
 6.02559586e+03 -9.90082331e-01  2.54300370e-05  9.91766937e-03  2.54300370e-05 
 6.16595002e+03 -9.90082331e-01  2.60223787e-05  9.91766938e-03  2.60223787e-05 
 6.30957344e+03 -9.90082331e-01  2.66285178e-05  9.91766939e-03  2.66285178e-05 
 6.45654229e+03 -9.90082331e-01  2.72487756e-05  9.91766939e-03  2.72487756e-05 
 6.60693448e+03 -9.90082331e-01  2.78834811e-05  9.91766940e-03  2.78834811e-05 
 6.76082975e+03 -9.90082331e-01  2.85329709e-05  9.91766941e-03  2.85329709e-05 
 6.91830971e+03 -9.90082331e-01  2.91975891e-05  9.91766941e-03  2.91975891e-05 
 7.07945784e+03 -9.90082331e-01  2.98776883e-05  9.91766942e-03  2.98776883e-05 
 7.24435960e+03 -9.90082331e-01  3.05736291e-05  9.91766943e-03  3.05736291e-05 
 7.41310241e+03 -9.90082331e-01  3.12857804e-05  9.91766944e-03  3.12857804e-05 
 7.58577575e+03 -9.90082331e-01  3.20145199e-05  9.91766944e-03  3.20145199e-05 
 7.76247117e+03 -9.90082331e-01  3.27602338e-05  9.91766945e-03  3.27602338e-05 
 7.94328235e+03 -9.90082331e-01  3.35233177e-05  9.91766946e-03  3.35233177e-05 
 8.12830516e+03 -9.90082331e-01  3.43041761e-05  9.91766947e-03  3.43041761e-05 
 8.31763771e+03 -9.90082331e-01  3.51032230e-05  9.91766948e-03  3.51032230e-05 
 8.51138038e+03 -9.90082331e-01  3.59208821e-05  9.91766949e-03  3.59208821e-05 
 8.70963590e+03 -9.90082330e-01  3.67575869e-05  9.91766950e-03  3.67575869e-05 
 8.91250938e+03 -9.90082330e-01  3.76137811e-05  9.91766952e-03  3.76137811e-05 
 9.12010839e+03 -9.90082330e-01  3.84899186e-05  9.91766953e-03  3.84899186e-05 
 9.33254301e+03 -9.90082330e-01  3.93864640e-05  9.91766954e-03  3.93864640e-05 
 9.54992586e+03 -9.90082330e-01  4.03038926e-05  9.91766955e-03  4.03038926e-05 
 9.77237221e+03 -9.90082330e-01  4.12426909e-05  9.91766957e-03  4.12426909e-05 
 1.00000000e+04 -9.90082330e-01  4.22033566e-05  9.91766958e-03  4.22033566e-05 
 1.02329299e+04 -9.90082330e-01  4.31863990e-05  9.91766960e-03  4.31863990e-05 
 1.04712855e+04 -9.90082330e-01  4.41923395e-05  9.91766961e-03  4.41923395e-05 
 1.07151931e+04 -9.90082330e-01  4.52217113e-05  9.91766963e-03  4.52217113e-05 
 1.09647820e+04 -9.90082330e-01  4.62750603e-05  9.91766965e-03  4.62750603e-05 
 1.12201845e+04 -9.90082330e-01  4.73529449e-05  9.91766967e-03  4.73529449e-05 
 1.14815362e+04 -9.90082330e-01  4.84559367e-05  9.91766969e-03  4.84559367e-05 
 1.17489755e+04 -9.90082330e-01  4.95846205e-05  9.91766971e-03  4.95846205e-05 
 1.20226443e+04 -9.90082330e-01  5.07395946e-05  9.91766973e-03  5.07395946e-05 
 1.23026877e+04 -9.90082330e-01  5.19214716e-05  9.91766975e-03  5.19214716e-05 
 1.25892541e+04 -9.90082330e-01  5.31308781e-05  9.91766977e-03  5.31308781e-05 
 1.28824955e+04 -9.90082330e-01  5.43684552e-05  9.91766980e-03  5.43684552e-05 
 1.31825674e+04 -9.90082330e-01  5.56348592e-05  9.91766982e-03  5.56348592e-05 
 1.34896288e+04 -9.90082330e-01  5.69307616e-05  9.91766985e-03  5.69307616e-05 
 1.38038426e+04 -9.90082330e-01  5.82568494e-05  9.91766988e-03  5.82568494e-05 
 1.41253754e+04 -9.90082330e-01  5.96138257e-05  9.91766991e-03  5.96138257e-05 
 1.44543977e+04 -9.90082330e-01  6.10024101e-05  9.91766994e-03  6.10024101e-05 
 1.47910839e+04 -9.90082330e-01  6.24233388e-05  9.91766997e-03  6.24233388e-05 
 1.51356125e+04 -9.90082330e-01  6.38773651e-05  9.91767001e-03  6.38773651e-05 
 1.54881662e+04 -9.90082330e-01  6.53652601e-05  9.91767004e-03  6.53652601e-05 
 1.58489319e+04 -9.90082330e-01  6.68878126e-05  9.91767008e-03  6.68878126e-05 
 1.62181010e+04 -9.90082330e-01  6.84458299e-05  9.91767012e-03  6.84458299e-05 
 1.65958691e+04 -9.90082330e-01  7.00401381e-05  9.91767016e-03  7.00401381e-05 
 1.69824365e+04 -9.90082330e-01  7.16715825e-05  9.91767020e-03  7.16715825e-05 
 1.73780083e+04 -9.90082330e-01  7.33410282e-05  9.91767024e-03  7.33410282e-05 
 1.77827941e+04 -9.90082330e-01  7.50493602e-05  9.91767029e-03  7.50493602e-05 
 1.81970086e+04 -9.90082330e-01  7.67974844e-05  9.91767034e-03  7.67974844e-05 
 1.86208714e+04 -9.90082330e-01  7.85863276e-05  9.91767039e-03  7.85863276e-05 
 1.90546072e+04 -9.90082330e-01  8.04168383e-05  9.91767044e-03  8.04168383e-05 
 1.94984460e+04 -9.90082329e-01  8.22899871e-05  9.91767050e-03  8.22899871e-05 
 1.99526231e+04 -9.90082329e-01  8.42067672e-05  9.91767056e-03  8.42067672e-05 
 2.04173794e+04 -9.90082329e-01  8.61681948e-05  9.91767062e-03  8.61681948e-05 
 2.08929613e+04 -9.90082329e-01  8.81753099e-05  9.91767069e-03  8.81753099e-05 
 2.13796209e+04 -9.90082329e-01  9.02291767e-05  9.91767075e-03  9.02291767e-05 
 2.18776162e+04 -9.90082329e-01  9.23308843e-05  9.91767082e-03  9.23308843e-05 
 2.23872114e+04 -9.90082329e-01  9.44815469e-05  9.91767090e-03  9.44815469e-05 
 2.29086765e+04 -9.90082329e-01  9.66823048e-05  9.91767097e-03  9.66823048e-05 
 2.34422882e+04 -9.90082329e-01  9.89343250e-05  9.91767106e-03  9.89343250e-05 
 2.39883292e+04 -9.90082329e-01  1.01238802e-04  9.91767114e-03  1.01238802e-04 
 2.45470892e+04 -9.90082329e-01  1.03596956e-04  9.91767123e-03  1.03596956e-04 
 2.51188643e+04 -9.90082329e-01  1.06010039e-04  9.91767132e-03  1.06010039e-04 
 2.57039578e+04 -9.90082329e-01  1.08479330e-04  9.91767142e-03  1.08479330e-04 
 2.63026799e+04 -9.90082328e-01  1.11006139e-04  9.91767152e-03  1.11006139e-04 
 2.69153480e+04 -9.90082328e-01  1.13591804e-04  9.91767163e-03  1.13591804e-04 
 2.75422870e+04 -9.90082328e-01  1.16237697e-04  9.91767174e-03  1.16237697e-04 
 2.81838293e+04 -9.90082328e-01  1.18945221e-04  9.91767186e-03  1.18945221e-04 
 2.88403150e+04 -9.90082328e-01  1.21715811e-04  9.91767198e-03  1.21715811e-04 
 2.95120923e+04 -9.90082328e-01  1.24550936e-04  9.91767211e-03  1.24550936e-04 
 3.01995172e+04 -9.90082328e-01  1.27452100e-04  9.91767224e-03  1.27452100e-04 
 3.09029543e+04 -9.90082328e-01  1.30420841e-04  9.91767238e-03  1.30420841e-04 
 3.16227766e+04 -9.90082327e-01  1.33458733e-04  9.91767253e-03  1.33458733e-04 
 3.23593657e+04 -9.90082327e-01  1.36567386e-04  9.91767268e-03  1.36567386e-04 
 3.31131121e+04 -9.90082327e-01  1.39748449e-04  9.91767285e-03  1.39748449e-04 
 3.38844156e+04 -9.90082327e-01  1.43003609e-04  9.91767302e-03  1.43003609e-04 
 3.46736850e+04 -9.90082327e-01  1.46334591e-04  9.91767319e-03  1.46334591e-04 
 3.54813389e+04 -9.90082327e-01  1.49743162e-04  9.91767338e-03  1.49743162e-04 
 3.63078055e+04 -9.90082326e-01  1.53231128e-04  9.91767357e-03  1.53231128e-04 
 3.71535229e+04 -9.90082326e-01  1.56800340e-04  9.91767378e-03  1.56800340e-04 
 3.80189396e+04 -9.90082326e-01  1.60452689e-04  9.91767399e-03  1.60452689e-04 
 3.89045145e+04 -9.90082326e-01  1.64190112e-04  9.91767421e-03  1.64190112e-04 
 3.98107171e+04 -9.90082326e-01  1.68014591e-04  9.91767445e-03  1.68014591e-04 
 4.07380278e+04 -9.90082325e-01  1.71928154e-04  9.91767469e-03  1.71928154e-04 
 4.16869383e+04 -9.90082325e-01  1.75932875e-04  9.91767495e-03  1.75932875e-04 
 4.26579519e+04 -9.90082325e-01  1.80030879e-04  9.91767521e-03  1.80030879e-04 
 4.36515832e+04 -9.90082325e-01  1.84224337e-04  9.91767550e-03  1.84224337e-04 
 4.46683592e+04 -9.90082324e-01  1.88515473e-04  9.91767579e-03  1.88515473e-04 
 4.57088190e+04 -9.90082324e-01  1.92906563e-04  9.91767610e-03  1.92906563e-04 
 4.67735141e+04 -9.90082324e-01  1.97399934e-04  9.91767642e-03  1.97399934e-04 
 4.78630092e+04 -9.90082323e-01  2.01997969e-04  9.91767676e-03  2.01997969e-04 
 4.89778819e+04 -9.90082323e-01  2.06703107e-04  9.91767711e-03  2.06703107e-04 
 5.01187234e+04 -9.90082323e-01  2.11517841e-04  9.91767748e-03  2.11517841e-04 
 5.12861384e+04 -9.90082322e-01  2.16444724e-04  9.91767787e-03  2.16444724e-04 
 5.24807460e+04 -9.90082322e-01  2.21486370e-04  9.91767827e-03  2.21486370e-04 
 5.37031796e+04 -9.90082321e-01  2.26645451e-04  9.91767870e-03  2.26645451e-04 
 5.49540874e+04 -9.90082321e-01  2.31924702e-04  9.91767914e-03  2.31924702e-04 
 5.62341325e+04 -9.90082320e-01  2.37326922e-04  9.91767961e-03  2.37326922e-04 
 5.75439937e+04 -9.90082320e-01  2.42854977e-04  9.91768010e-03  2.42854977e-04 
 5.88843655e+04 -9.90082319e-01  2.48511796e-04  9.91768061e-03  2.48511796e-04 
 6.02559586e+04 -9.90082319e-01  2.54300380e-04  9.91768114e-03  2.54300380e-04 
 6.16595002e+04 -9.90082318e-01  2.60223798e-04  9.91768170e-03  2.60223798e-04 
 6.30957344e+04 -9.90082318e-01  2.66285189e-04  9.91768229e-03  2.66285189e-04 
 6.45654229e+04 -9.90082317e-01  2.72487768e-04  9.91768291e-03  2.72487768e-04 
 6.60693448e+04 -9.90082316e-01  2.78834824e-04  9.91768355e-03  2.78834824e-04 
 6.76082975e+04 -9.90082316e-01  2.85329723e-04  9.91768422e-03  2.85329723e-04 
 6.91830971e+04 -9.90082315e-01  2.91975906e-04  9.91768493e-03  2.91975906e-04 
 7.07945784e+04 -9.90082314e-01  2.98776899e-04  9.91768567e-03  2.98776899e-04 
 7.24435960e+04 -9.90082314e-01  3.05736308e-04  9.91768644e-03  3.05736308e-04 
 7.41310241e+04 -9.90082313e-01  3.12857823e-04  9.91768725e-03  3.12857823e-04 
 7.58577575e+04 -9.90082312e-01  3.20145218e-04  9.91768810e-03  3.20145218e-04 
 7.76247117e+04 -9.90082311e-01  3.27602359e-04  9.91768899e-03  3.27602359e-04 
 7.94328235e+04 -9.90082310e-01  3.35233200e-04  9.91768992e-03  3.35233200e-04 
 8.12830516e+04 -9.90082309e-01  3.43041785e-04  9.91769089e-03  3.43041785e-04 
 8.31763771e+04 -9.90082308e-01  3.51032256e-04  9.91769191e-03  3.51032256e-04 
 8.51138038e+04 -9.90082307e-01  3.59208849e-04  9.91769298e-03  3.59208849e-04 
 8.70963590e+04 -9.90082306e-01  3.67575899e-04  9.91769410e-03  3.67575899e-04 
 8.91250938e+04 -9.90082305e-01  3.76137843e-04  9.91769527e-03  3.76137843e-04 
 9.12010839e+04 -9.90082304e-01  3.84899221e-04  9.91769649e-03  3.84899221e-04 
 9.33254301e+04 -9.90082302e-01  3.93864677e-04  9.91769778e-03  3.93864677e-04 
 9.54992586e+04 -9.90082301e-01  4.03038965e-04  9.91769912e-03  4.03038965e-04 
 9.77237221e+04 -9.90082299e-01  4.12426951e-04  9.91770053e-03  4.12426951e-04 
 1.00000000e+05 -9.90082298e-01  4.22033611e-04  9.91770200e-03  4.22033611e-04 
 1.02329299e+05 -9.90082296e-01  4.31864038e-04  9.91770354e-03  4.31864038e-04 
 1.04712855e+05 -9.90082295e-01  4.41923447e-04  9.91770516e-03  4.41923447e-04 
 1.07151931e+05 -9.90082293e-01  4.52217168e-04  9.91770685e-03  4.52217168e-04 
 1.09647820e+05 -9.90082291e-01  4.62750662e-04  9.91770862e-03  4.62750662e-04 
 1.12201845e+05 -9.90082290e-01  4.73529513e-04  9.91771048e-03  4.73529513e-04 
 1.14815362e+05 -9.90082288e-01  4.84559435e-04  9.91771242e-03  4.84559435e-04 
 1.17489755e+05 -9.90082286e-01  4.95846278e-04  9.91771446e-03  4.95846278e-04 
 1.20226443e+05 -9.90082283e-01  5.07396025e-04  9.91771659e-03  5.07396025e-04 
 1.23026877e+05 -9.90082281e-01  5.19214800e-04  9.91771882e-03  5.19214800e-04 
 1.25892541e+05 -9.90082279e-01  5.31308871e-04  9.91772115e-03  5.31308871e-04 
 1.28824955e+05 -9.90082276e-01  5.43684648e-04  9.91772360e-03  5.43684648e-04 
 1.31825674e+05 -9.90082274e-01  5.56348695e-04  9.91772616e-03  5.56348695e-04 
 1.34896288e+05 -9.90082271e-01  5.69307726e-04  9.91772884e-03  5.69307726e-04 
 1.38038426e+05 -9.90082268e-01  5.82568612e-04  9.91773165e-03  5.82568612e-04 
 1.41253754e+05 -9.90082265e-01  5.96138384e-04  9.91773459e-03  5.96138384e-04 
 1.44543977e+05 -9.90082262e-01  6.10024237e-04  9.91773767e-03  6.10024237e-04 
 1.47910839e+05 -9.90082259e-01  6.24233533e-04  9.91774089e-03  6.24233533e-04 
 1.51356125e+05 -9.90082256e-01  6.38773807e-04  9.91774427e-03  6.38773807e-04 
 1.54881662e+05 -9.90082252e-01  6.53652768e-04  9.91774780e-03  6.53652768e-04 
 1.58489319e+05 -9.90082248e-01  6.68878305e-04  9.91775151e-03  6.68878305e-04 
 1.62181010e+05 -9.90082245e-01  6.84458491e-04  9.91775538e-03  6.84458491e-04 
 1.65958691e+05 -9.90082241e-01  7.00401587e-04  9.91775944e-03  7.00401587e-04 
 1.69824365e+05 -9.90082236e-01  7.16716046e-04  9.91776369e-03  7.16716046e-04 
 1.73780083e+05 -9.90082232e-01  7.33410518e-04  9.91776814e-03  7.33410518e-04 
 1.77827941e+05 -9.90082227e-01  7.50493855e-04  9.91777280e-03  7.50493855e-04 
 1.81970086e+05 -9.90082222e-01  7.67975115e-04  9.91777768e-03  7.67975115e-04 
 1.86208714e+05 -9.90082217e-01  7.85863567e-04  9.91778279e-03  7.85863567e-04 
 1.90546072e+05 -9.90082212e-01  8.04168695e-04  9.91778814e-03  8.04168695e-04 
 1.94984460e+05 -9.90082206e-01  8.22900205e-04  9.91779375e-03  8.22900205e-04 
 1.99526231e+05 -9.90082200e-01  8.42068029e-04  9.91779961e-03  8.42068029e-04 
 2.04173794e+05 -9.90082194e-01  8.61682331e-04  9.91780576e-03  8.61682331e-04 
 2.08929613e+05 -9.90082188e-01  8.81753510e-04  9.91781219e-03  8.81753510e-04 
 2.13796209e+05 -9.90082181e-01  9.02292207e-04  9.91781893e-03  9.02292207e-04 
 2.18776162e+05 -9.90082174e-01  9.23309314e-04  9.91782598e-03  9.23309314e-04 
 2.23872114e+05 -9.90082167e-01  9.44815974e-04  9.91783337e-03  9.44815974e-04 
 2.29086765e+05 -9.90082159e-01  9.66823590e-04  9.91784110e-03  9.66823590e-04 
 2.34422882e+05 -9.90082151e-01  9.89343830e-04  9.91784920e-03  9.89343830e-04 
 2.39883292e+05 -9.90082142e-01  1.01238864e-03  9.91785768e-03  1.01238864e-03 
 2.45470892e+05 -9.90082133e-01  1.03597023e-03  9.91786656e-03  1.03597023e-03 
 2.51188643e+05 -9.90082124e-01  1.06010111e-03  9.91787586e-03  1.06010111e-03 
 2.57039578e+05 -9.90082114e-01  1.08479407e-03  9.91788560e-03  1.08479407e-03 
 2.63026799e+05 -9.90082104e-01  1.11006221e-03  9.91789579e-03  1.11006221e-03 
 2.69153480e+05 -9.90082094e-01  1.13591892e-03  9.91790647e-03  1.13591892e-03 
 2.75422870e+05 -9.90082082e-01  1.16237791e-03  9.91791765e-03  1.16237791e-03 
 2.81838293e+05 -9.90082071e-01  1.18945321e-03  9.91792936e-03  1.18945321e-03 
 2.88403150e+05 -9.90082058e-01  1.21715919e-03  9.91794162e-03  1.21715919e-03 
 2.95120923e+05 -9.90082046e-01  1.24551052e-03  9.91795445e-03  1.24551052e-03 
 3.01995172e+05 -9.90082032e-01  1.27452224e-03  9.91796789e-03  1.27452224e-03 
 3.09029543e+05 -9.90082018e-01  1.30420974e-03  9.91798197e-03  1.30420974e-03 
 3.16227766e+05 -9.90082003e-01  1.33458875e-03  9.91799670e-03  1.33458875e-03 
 3.23593657e+05 -9.90081988e-01  1.36567539e-03  9.91801214e-03  1.36567539e-03 
 3.31131121e+05 -9.90081972e-01  1.39748613e-03  9.91802830e-03  1.39748613e-03 
 3.38844156e+05 -9.90081955e-01  1.43003784e-03  9.91804522e-03  1.43003784e-03 
 3.46736850e+05 -9.90081937e-01  1.46334779e-03  9.91806294e-03  1.46334779e-03 
 3.54813389e+05 -9.90081919e-01  1.49743363e-03  9.91808149e-03  1.49743363e-03 
 3.63078055e+05 -9.90081899e-01  1.53231344e-03  9.91810092e-03  1.53231344e-03 
 3.71535229e+05 -9.90081879e-01  1.56800571e-03  9.91812126e-03  1.56800571e-03 
 3.80189396e+05 -9.90081857e-01  1.60452936e-03  9.91814256e-03  1.60452936e-03 
 3.89045145e+05 -9.90081835e-01  1.64190377e-03  9.91816487e-03  1.64190377e-03 
 3.98107171e+05 -9.90081812e-01  1.68014875e-03  9.91818823e-03  1.68014875e-03 
 4.07380278e+05 -9.90081787e-01  1.71928458e-03  9.91821269e-03  1.71928458e-03 
 4.16869383e+05 -9.90081762e-01  1.75933202e-03  9.91823830e-03  1.75933202e-03 
 4.26579519e+05 -9.90081735e-01  1.80031228e-03  9.91826512e-03  1.80031228e-03 
 4.36515832e+05 -9.90081707e-01  1.84224711e-03  9.91829320e-03  1.84224711e-03 
 4.46683592e+05 -9.90081677e-01  1.88515874e-03  9.91832261e-03  1.88515874e-03 
 4.57088190e+05 -9.90081647e-01  1.92906993e-03  9.91835340e-03  1.92906993e-03 
 4.67735141e+05 -9.90081614e-01  1.97400395e-03  9.91838564e-03  1.97400395e-03 
 4.78630092e+05 -9.90081581e-01  2.01998463e-03  9.91841940e-03  2.01998463e-03 
 4.89778819e+05 -9.90081545e-01  2.06703636e-03  9.91845476e-03  2.06703636e-03 
 5.01187234e+05 -9.90081508e-01  2.11518408e-03  9.91849178e-03  2.11518408e-03 
 5.12861384e+05 -9.90081469e-01  2.16445332e-03  9.91853054e-03  2.16445332e-03 
 5.24807460e+05 -9.90081429e-01  2.21487021e-03  9.91857113e-03  2.21487021e-03 
 5.37031796e+05 -9.90081386e-01  2.26646148e-03  9.91861364e-03  2.26646148e-03 
 5.49540874e+05 -9.90081342e-01  2.31925449e-03  9.91865815e-03  2.31925449e-03 
 5.62341325e+05 -9.90081295e-01  2.37327723e-03  9.91870475e-03  2.37327723e-03 
 5.75439937e+05 -9.90081246e-01  2.42855835e-03  9.91875356e-03  2.42855835e-03 
 5.88843655e+05 -9.90081195e-01  2.48512716e-03  9.91880466e-03  2.48512716e-03 
 6.02559586e+05 -9.90081142e-01  2.54301365e-03  9.91885817e-03  2.54301365e-03 
 6.16595002e+05 -9.90081086e-01  2.60224853e-03  9.91891420e-03  2.60224853e-03 
 6.30957344e+05 -9.90081027e-01  2.66286320e-03  9.91897288e-03  2.66286320e-03 
 6.45654229e+05 -9.90080966e-01  2.72488980e-03  9.91903432e-03  2.72488980e-03 
 6.60693448e+05 -9.90080901e-01  2.78836123e-03  9.91909865e-03  2.78836123e-03 
 6.76082975e+05 -9.90080834e-01  2.85331114e-03  9.91916602e-03  2.85331114e-03 
 6.91830971e+05 -9.90080763e-01  2.91977397e-03  9.91923656e-03  2.91977397e-03 
 7.07945784e+05 -9.90080690e-01  2.98778497e-03  9.91931043e-03  2.98778497e-03 
 7.24435960e+05 -9.90080612e-01  3.05738020e-03  9.91938778e-03  3.05738020e-03 
 7.41310241e+05 -9.90080531e-01  3.12859657e-03  9.91946877e-03  3.12859657e-03 
 7.58577575e+05 -9.90080446e-01  3.20147184e-03  9.91955358e-03  3.20147184e-03 
 7.76247117e+05 -9.90080358e-01  3.27604465e-03  9.91964239e-03  3.27604465e-03 
 7.94328235e+05 -9.90080265e-01  3.35235456e-03  9.91973539e-03  3.35235456e-03 
 8.12830516e+05 -9.90080167e-01  3.43044203e-03  9.91983277e-03  3.43044203e-03 
 8.31763771e+05 -9.90080065e-01  3.51034847e-03  9.91993473e-03  3.51034847e-03 
 8.51138038e+05 -9.90079958e-01  3.59211625e-03  9.92004151e-03  3.59211625e-03 
 8.70963590e+05 -9.90079847e-01  3.67578874e-03  9.92015331e-03  3.67578874e-03 
 8.91250938e+05 -9.90079730e-01  3.76141030e-03  9.92027039e-03  3.76141030e-03 
 9.12010839e+05 -9.90079607e-01  3.84902636e-03  9.92039298e-03  3.84902636e-03 
 9.33254301e+05 -9.90079479e-01  3.93868336e-03  9.92052136e-03  3.93868336e-03 
 9.54992586e+05 -9.90079344e-01  4.03042887e-03  9.92065578e-03  4.03042887e-03 
 9.77237221e+05 -9.90079203e-01  4.12431152e-03  9.92079654e-03  4.12431152e-03 
 1.00000000e+06 -9.90079056e-01  4.22038113e-03  9.92094393e-03  4.22038113e-03 
 1.02329299e+06 -9.90078902e-01  4.31868863e-03  9.92109828e-03  4.31868863e-03 
 1.04712855e+06 -9.90078740e-01  4.41928616e-03  9.92125989e-03  4.41928616e-03 
 1.07151931e+06 -9.90078571e-01  4.52222707e-03  9.92142913e-03  4.52222707e-03 
 1.09647820e+06 -9.90078394e-01  4.62756597e-03  9.92160634e-03  4.62756597e-03 
 1.12201845e+06 -9.90078208e-01  4.73535872e-03  9.92179190e-03  4.73535872e-03 
 1.14815362e+06 -9.90078014e-01  4.84566249e-03  9.92198621e-03  4.84566249e-03 
 1.17489755e+06 -9.90077810e-01  4.95853579e-03  9.92218968e-03  4.95853579e-03 
 1.20226443e+06 -9.90077597e-01  5.07403848e-03  9.92240275e-03  5.07403848e-03 
 1.23026877e+06 -9.90077374e-01  5.19223183e-03  9.92262585e-03  5.19223183e-03 
 1.25892541e+06 -9.90077141e-01  5.31317853e-03  9.92285947e-03  5.31317853e-03 
 1.28824955e+06 -9.90076896e-01  5.43694274e-03  9.92310411e-03  5.43694274e-03 
 1.31825674e+06 -9.90076640e-01  5.56359009e-03  9.92336027e-03  5.56359009e-03 
 1.34896288e+06 -9.90076371e-01  5.69318777e-03  9.92362851e-03  5.69318777e-03 
 1.38038426e+06 -9.90076091e-01  5.82580454e-03  9.92390940e-03  5.82580454e-03 
 1.41253754e+06 -9.90075796e-01  5.96151073e-03  9.92420353e-03  5.96151073e-03 
 1.44543977e+06 -9.90075488e-01  6.10037833e-03  9.92451152e-03  6.10037833e-03 
 1.47910839e+06 -9.90075166e-01  6.24248102e-03  9.92483404e-03  6.24248102e-03 
 1.51356125e+06 -9.90074828e-01  6.38789418e-03  9.92517175e-03  6.38789418e-03 
 1.54881662e+06 -9.90074475e-01  6.53669495e-03  9.92552539e-03  6.53669495e-03 
 1.58489319e+06 -9.90074104e-01  6.68896228e-03  9.92589570e-03  6.68896228e-03 
 1.62181010e+06 -9.90073717e-01  6.84477696e-03  9.92628347e-03  6.84477696e-03 
 1.65958691e+06 -9.90073310e-01  7.00422165e-03  9.92668952e-03  7.00422165e-03 
 1.69824365e+06 -9.90072885e-01  7.16738096e-03  9.92711471e-03  7.16738096e-03 
 1.73780083e+06 -9.90072440e-01  7.33434145e-03  9.92755995e-03  7.33434145e-03 
 1.77827941e+06 -9.90071974e-01  7.50519172e-03  9.92802618e-03  7.50519172e-03 
 1.81970086e+06 -9.90071486e-01  7.68002242e-03  9.92851440e-03  7.68002242e-03 
 1.86208714e+06 -9.90070974e-01  7.85892634e-03  9.92902563e-03  7.85892634e-03 
 1.90546072e+06 -9.90070439e-01  8.04199841e-03  9.92956097e-03  8.04199841e-03 
 1.94984460e+06 -9.90069878e-01  8.22933579e-03  9.93012155e-03  8.22933579e-03 
 1.99526231e+06 -9.90069291e-01  8.42103790e-03  9.93070856e-03  8.42103790e-03 
 2.04173794e+06 -9.90068677e-01  8.61720649e-03  9.93132326e-03  8.61720649e-03 
 2.08929613e+06 -9.90068033e-01  8.81794568e-03  9.93196694e-03  8.81794568e-03 
 2.13796209e+06 -9.90067359e-01  9.02336202e-03  9.93264097e-03  9.02336202e-03 
 2.18776162e+06 -9.90066653e-01  9.23356456e-03  9.93334679e-03  9.23356456e-03 
 2.23872114e+06 -9.90065914e-01  9.44866487e-03  9.93408589e-03  9.44866487e-03 
 2.29086765e+06 -9.90065140e-01  9.66877715e-03  9.93485986e-03  9.66877715e-03 
 2.34422882e+06 -9.90064330e-01  9.89401827e-03  9.93567032e-03  9.89401827e-03 
 2.39883292e+06 -9.90063481e-01  1.01245078e-02  9.93651901e-03  1.01245078e-02 
 2.45470892e+06 -9.90062592e-01  1.03603682e-02  9.93740772e-03  1.03603682e-02 
 2.51188643e+06 -9.90061662e-01  1.06017246e-02  9.93833836e-03  1.06017246e-02 
 2.57039578e+06 -9.90060687e-01  1.08487052e-02  9.93931289e-03  1.08487052e-02 
 2.63026799e+06 -9.90059667e-01  1.11014413e-02  9.94033339e-03  1.11014413e-02 
 2.69153480e+06 -9.90058598e-01  1.13600670e-02  9.94140203e-03  1.13600670e-02 
 2.75422870e+06 -9.90057479e-01  1.16247197e-02  9.94252109e-03  1.16247197e-02 
 2.81838293e+06 -9.90056307e-01  1.18955400e-02  9.94369293e-03  1.18955400e-02 
 2.88403150e+06 -9.90055080e-01  1.21726718e-02  9.94492007e-03  1.21726718e-02 
 2.95120923e+06 -9.90053795e-01  1.24562624e-02  9.94620510e-03  1.24562624e-02 
 3.01995172e+06 -9.90052449e-01  1.27464624e-02  9.94755077e-03  1.27464624e-02 
 3.09029543e+06 -9.90051040e-01  1.30434260e-02  9.94895993e-03  1.30434260e-02 
 3.16227766e+06 -9.90049564e-01  1.33473111e-02  9.95043559e-03  1.33473111e-02 
 3.23593657e+06 -9.90048019e-01  1.36582793e-02  9.95198090e-03  1.36582793e-02 
 3.31131121e+06 -9.90046401e-01  1.39764958e-02  9.95359913e-03  1.39764958e-02 
 3.38844156e+06 -9.90044706e-01  1.43021298e-02  9.95529374e-03  1.43021298e-02 
 3.46736850e+06 -9.90042932e-01  1.46353546e-02  9.95706834e-03  1.46353546e-02 
 3.54813389e+06 -9.90041073e-01  1.49763472e-02  9.95892671e-03  1.49763472e-02 
 3.63078055e+06 -9.90039127e-01  1.53252891e-02  9.96087282e-03  1.53252891e-02 
 3.71535229e+06 -9.90037089e-01  1.56823659e-02  9.96291080e-03  1.56823659e-02 
 3.80189396e+06 -9.90034955e-01  1.60477675e-02  9.96504501e-03  1.60477675e-02 
 3.89045145e+06 -9.90032720e-01  1.64216886e-02  9.96728000e-03  1.64216886e-02 
 3.98107171e+06 -9.90030379e-01  1.68043280e-02  9.96962054e-03  1.68043280e-02 
 4.07380278e+06 -9.90027928e-01  1.71958894e-02  9.97207163e-03  1.71958894e-02 
 4.16869383e+06 -9.90025362e-01  1.75965814e-02  9.97463848e-03  1.75965814e-02 
 4.26579519e+06 -9.90022673e-01  1.80066173e-02  9.97732660e-03  1.80066173e-02 
 4.36515832e+06 -9.90019858e-01  1.84262155e-02  9.98014171e-03  1.84262155e-02 
 4.46683592e+06 -9.90016910e-01  1.88555995e-02  9.98308984e-03  1.88555995e-02 
 4.57088190e+06 -9.90013823e-01  1.92949983e-02  9.98617729e-03  1.92949983e-02 
 4.67735141e+06 -9.90010589e-01  1.97446460e-02  9.98941066e-03  1.97446460e-02 
 4.78630092e+06 -9.90007203e-01  2.02047822e-02  9.99279686e-03  2.02047822e-02 
 4.89778819e+06 -9.90003657e-01  2.06756525e-02  9.99634314e-03  2.06756525e-02 
 5.01187234e+06 -9.89999943e-01  2.11575079e-02  1.00000571e-02  2.11575079e-02 
 5.12861384e+06 -9.89996053e-01  2.16506056e-02  1.00039467e-02  2.16506056e-02 
 5.24807460e+06 -9.89991980e-01  2.21552088e-02  1.00080202e-02  2.21552088e-02 
 5.37031796e+06 -9.89987714e-01  2.26715868e-02  1.00122865e-02  2.26715868e-02 
 5.49540874e+06 -9.89983245e-01  2.32000155e-02  1.00167546e-02  2.32000155e-02 
 5.62341325e+06 -9.89978566e-01  2.37407771e-02  1.00214341e-02  2.37407771e-02 
 5.75439937e+06 -9.89973665e-01  2.42941608e-02  1.00263351e-02  2.42941608e-02 
 5.88843655e+06 -9.89968532e-01  2.48604622e-02  1.00314682e-02  2.48604622e-02 
 6.02559586e+06 -9.89963156e-01  2.54399844e-02  1.00368442e-02  2.54399844e-02 
 6.16595002e+06 -9.89957525e-01  2.60330374e-02  1.00424749e-02  2.60330374e-02 
 6.30957344e+06 -9.89951628e-01  2.66399387e-02  1.00483723e-02  2.66399387e-02 
 6.45654229e+06 -9.89945451e-01  2.72610133e-02  1.00545492e-02  2.72610133e-02 
 6.60693448e+06 -9.89938981e-01  2.78965939e-02  1.00610188e-02  2.78965939e-02 
 6.76082975e+06 -9.89932205e-01  2.85470213e-02  1.00677951e-02  2.85470213e-02 
 6.91830971e+06 -9.89925107e-01  2.92126443e-02  1.00748927e-02  2.92126443e-02 
 7.07945784e+06 -9.89917673e-01  2.98938201e-02  1.00823270e-02  2.98938201e-02 
 7.24435960e+06 -9.89909886e-01  3.05909144e-02  1.00901140e-02  3.05909144e-02 
 7.41310241e+06 -9.89901729e-01  3.13043018e-02  1.00982707e-02  3.13043018e-02 
 7.58577575e+06 -9.89893185e-01  3.20343656e-02  1.01068146e-02  3.20343656e-02 
 7.76247117e+06 -9.89884236e-01  3.27814987e-02  1.01157643e-02  3.27814987e-02 
 7.94328235e+06 -9.89874861e-01  3.35461031e-02  1.01251392e-02  3.35461031e-02 
 8.12830516e+06 -9.89865040e-01  3.43285908e-02  1.01349596e-02  3.43285908e-02 
 8.31763771e+06 -9.89854753e-01  3.51293835e-02  1.01452471e-02  3.51293835e-02 
 8.51138038e+06 -9.89843976e-01  3.59489131e-02  1.01560239e-02  3.59489131e-02 
 8.70963590e+06 -9.89832686e-01  3.67876223e-02  1.01673135e-02  3.67876223e-02 
 8.91250938e+06 -9.89820859e-01  3.76459641e-02  1.01791407e-02  3.76459641e-02 
 9.12010839e+06 -9.89808469e-01  3.85244027e-02  1.01915312e-02  3.85244027e-02 
 9.33254301e+06 -9.89795488e-01  3.94234137e-02  1.02045122e-02  3.94234137e-02 
 9.54992586e+06 -9.89781888e-01  4.03434842e-02  1.02181122e-02  4.03434842e-02 
 9.77237221e+06 -9.89767639e-01  4.12851133e-02  1.02323610e-02  4.12851133e-02 
 1.00000000e+07 -9.89752710e-01  4.22488121e-02  1.02472899e-02  4.22488121e-02 
 1.02329299e+07 -9.89737068e-01  4.32351045e-02  1.02629319e-02  4.32351045e-02 
 1.04712855e+07 -9.89720679e-01  4.42445272e-02  1.02793214e-02  4.42445272e-02 
 1.07151931e+07 -9.89703505e-01  4.52776301e-02  1.02964947e-02  4.52776301e-02 
 1.09647820e+07 -9.89685510e-01  4.63349770e-02  1.03144899e-02  4.63349770e-02 
 1.12201845e+07 -9.89666653e-01  4.74171452e-02  1.03333468e-02  4.74171452e-02 
 1.14815362e+07 -9.89646893e-01  4.85247267e-02  1.03531074e-02  4.85247267e-02 
 1.17489755e+07 -9.89626184e-01  4.96583283e-02  1.03738158e-02  4.96583283e-02 
 1.20226443e+07 -9.89604482e-01  5.08185717e-02  1.03955182e-02  5.08185717e-02 
 1.23026877e+07 -9.89581737e-01  5.20060945e-02  1.04182632e-02  5.20060945e-02 
 1.25892541e+07 -9.89557898e-01  5.32215503e-02  1.04421018e-02  5.32215503e-02 
 1.28824955e+07 -9.89532912e-01  5.44656090e-02  1.04670877e-02  5.44656090e-02 
 1.31825674e+07 -9.89506723e-01  5.57389578e-02  1.04932773e-02  5.57389578e-02 
 1.34896288e+07 -9.89479270e-01  5.70423011e-02  1.05207298e-02  5.70423011e-02 
 1.38038426e+07 -9.89450492e-01  5.83763616e-02  1.05495075e-02  5.83763616e-02 
 1.41253754e+07 -9.89420324e-01  5.97418802e-02  1.05796759e-02  5.97418802e-02 
 1.44543977e+07 -9.89388696e-01  6.11396172e-02  1.06113039e-02  6.11396172e-02 
 1.47910839e+07 -9.89355536e-01  6.25703524e-02  1.06444639e-02  6.25703524e-02 
 1.51356125e+07 -9.89320768e-01  6.40348858e-02  1.06792321e-02  6.40348858e-02 
 1.54881662e+07 -9.89284311e-01  6.55340384e-02  1.07156888e-02  6.55340384e-02 
 1.58489319e+07 -9.89246082e-01  6.70686526e-02  1.07539183e-02  6.70686526e-02 
 1.62181010e+07 -9.89205991e-01  6.86395932e-02  1.07940095e-02  6.86395932e-02 
 1.65958691e+07 -9.89163944e-01  7.02477476e-02  1.08360559e-02  7.02477476e-02 
 1.69824365e+07 -9.89119844e-01  7.18940271e-02  1.08801560e-02  7.18940271e-02 
 1.73780083e+07 -9.89073586e-01  7.35793672e-02  1.09264137e-02  7.35793672e-02 
 1.77827941e+07 -9.89025062e-01  7.53047287e-02  1.09749382e-02  7.53047287e-02 
 1.81970086e+07 -9.88974155e-01  7.70710982e-02  1.10258449e-02  7.70710982e-02 
 1.86208714e+07 -9.88920745e-01  7.88794893e-02  1.10792552e-02  7.88794893e-02 
 1.90546072e+07 -9.88864703e-01  8.07309435e-02  1.11352973e-02  8.07309435e-02 
 1.94984460e+07 -9.88805894e-01  8.26265307e-02  1.11941063e-02  8.26265307e-02 
 1.99526231e+07 -9.88744175e-01  8.45673506e-02  1.12558248e-02  8.45673506e-02 
 2.04173794e+07 -9.88679397e-01  8.65545338e-02  1.13206034e-02  8.65545338e-02 
 2.08929613e+07 -9.88611399e-01  8.85892424e-02  1.13886009e-02  8.85892424e-02 
 2.13796209e+07 -9.88540015e-01  9.06726715e-02  1.14599851e-02  9.06726715e-02 
 2.18776162e+07 -9.88465067e-01  9.28060504e-02  1.15349335e-02  9.28060504e-02 
 2.23872114e+07 -9.88386367e-01  9.49906437e-02  1.16136333e-02  9.49906437e-02 
 2.29086765e+07 -9.88303717e-01  9.72277523e-02  1.16962827e-02  9.72277523e-02 
 2.34422882e+07 -9.88216909e-01  9.95187156e-02  1.17830912e-02  9.95187156e-02 
 2.39883292e+07 -9.88125719e-01  1.01864912e-01  1.18742805e-02  1.01864912e-01 
 2.45470892e+07 -9.88029915e-01  1.04267761e-01  1.19700853e-02  1.04267761e-01 
 2.51188643e+07 -9.87929246e-01  1.06728724e-01  1.20707541e-02  1.06728724e-01 
 2.57039578e+07 -9.87823450e-01  1.09249307e-01  1.21765500e-02  1.09249307e-01 
 2.63026799e+07 -9.87712248e-01  1.11831063e-01  1.22877520e-02  1.11831063e-01 
 2.69153480e+07 -9.87595344e-01  1.14475590e-01  1.24046558e-02  1.14475590e-01 
 2.75422870e+07 -9.87472425e-01  1.17184537e-01  1.25275752e-02  1.17184537e-01 
 2.81838293e+07 -9.87343157e-01  1.19959606e-01  1.26568429e-02  1.19959606e-01 
 2.88403150e+07 -9.87207187e-01  1.22802550e-01  1.27928125e-02  1.22802550e-01 
 2.95120923e+07 -9.87064141e-01  1.25715179e-01  1.29358593e-02  1.25715179e-01 
 3.01995172e+07 -9.86913618e-01  1.28699362e-01  1.30863823e-02  1.28699362e-01 
 3.09029543e+07 -9.86755194e-01  1.31757028e-01  1.32448056e-02  1.31757028e-01 
 3.16227766e+07 -9.86588420e-01  1.34890169e-01  1.34115805e-02  1.34890169e-01 
 3.23593657e+07 -9.86412813e-01  1.38100845e-01  1.35871873e-02  1.38100845e-01 
 3.31131121e+07 -9.86227862e-01  1.41391181e-01  1.37721375e-02  1.41391181e-01 
 3.38844156e+07 -9.86033024e-01  1.44763378e-01  1.39669761e-02  1.44763378e-01 
 3.46736850e+07 -9.85827716e-01  1.48219710e-01  1.41722841e-02  1.48219710e-01 
 3.54813389e+07 -9.85611319e-01  1.51762531e-01  1.43886813e-02  1.51762531e-01 
 3.63078055e+07 -9.85383171e-01  1.55394275e-01  1.46168291e-02  1.55394275e-01 
 3.71535229e+07 -9.85142566e-01  1.59117464e-01  1.48574341e-02  1.59117464e-01 
 3.80189396e+07 -9.84888749e-01  1.62934709e-01  1.51112512e-02  1.62934709e-01 
 3.89045145e+07 -9.84620913e-01  1.66848714e-01  1.53790874e-02  1.66848714e-01 
 3.98107171e+07 -9.84338194e-01  1.70862283e-01  1.56618065e-02  1.70862283e-01 
 4.07380278e+07 -9.84039667e-01  1.74978323e-01  1.59603327e-02  1.74978323e-01 
 4.16869383e+07 -9.83724344e-01  1.79199847e-01  1.62756564e-02  1.79199847e-01 
 4.26579519e+07 -9.83391161e-01  1.83529983e-01  1.66088391e-02  1.83529983e-01 
 4.36515832e+07 -9.83038981e-01  1.87971976e-01  1.69610192e-02  1.87971976e-01 
 4.46683592e+07 -9.82666581e-01  1.92529196e-01  1.73334186e-02  1.92529196e-01 
 4.57088190e+07 -9.82272651e-01  1.97205143e-01  1.77273494e-02  1.97205143e-01 
 4.67735141e+07 -9.81855778e-01  2.02003453e-01  1.81442217e-02  2.02003453e-01 
 4.78630092e+07 -9.81414448e-01  2.06927904e-01  1.85855519e-02  2.06927904e-01 
 4.89778819e+07 -9.80947028e-01  2.11982426e-01  1.90529717e-02  2.11982426e-01 
 5.01187234e+07 -9.80451762e-01  2.17171105e-01  1.95482379e-02  2.17171105e-01 
 5.12861384e+07 -9.79926756e-01  2.22498190e-01  2.00732436e-02  2.22498190e-01 
 5.24807460e+07 -9.79369970e-01  2.27968104e-01  2.06300297e-02  2.27968104e-01 
 5.37031796e+07 -9.78779202e-01  2.33585453e-01  2.12207983e-02  2.33585453e-01 
 5.49540874e+07 -9.78152073e-01  2.39355027e-01  2.18479267e-02  2.39355027e-01 
 5.62341325e+07 -9.77486017e-01  2.45281818e-01  2.25139835e-02  2.45281818e-01 
 5.75439937e+07 -9.76778255e-01  2.51371024e-01  2.32217450e-02  2.51371024e-01 
 5.88843655e+07 -9.76025785e-01  2.57628061e-01  2.39742149e-02  2.57628061e-01 
 6.02559586e+07 -9.75225355e-01  2.64058571e-01  2.47746447e-02  2.64058571e-01 
 6.16595002e+07 -9.74373444e-01  2.70668431e-01  2.56265560e-02  2.70668431e-01 
 6.30957344e+07 -9.73466234e-01  2.77463766e-01  2.65337664e-02  2.77463766e-01 
 6.45654229e+07 -9.72499584e-01  2.84450959e-01  2.75004159e-02  2.84450959e-01 
 6.60693448e+07 -9.71469002e-01  2.91636658e-01  2.85309981e-02  2.91636658e-01 
 6.76082975e+07 -9.70369607e-01  2.99027789e-01  2.96303926e-02  2.99027789e-01 
 6.91830971e+07 -9.69196098e-01  3.06631565e-01  3.08039019e-02  3.06631565e-01 
 7.07945784e+07 -9.67942709e-01  3.14455497e-01  3.20572914e-02  3.14455497e-01 
 7.24435960e+07 -9.66603166e-01  3.22507402e-01  3.33968336e-02  3.22507402e-01 
 7.41310241e+07 -9.65170643e-01  3.30795407e-01  3.48293568e-02  3.30795407e-01 
 7.58577575e+07 -9.63637702e-01  3.39327965e-01  3.63622983e-02  3.39327965e-01 
 7.76247117e+07 -9.61996237e-01  3.48113854e-01  3.80037633e-02  3.48113854e-01 
 7.94328235e+07 -9.60237410e-01  3.57162179e-01  3.97625896e-02  3.57162179e-01 
 8.12830516e+07 -9.58351581e-01  3.66482382e-01  4.16484186e-02  3.66482382e-01 
 8.31763771e+07 -9.56328226e-01  3.76084232e-01  4.36717736e-02  3.76084232e-01 
 8.51138038e+07 -9.54155855e-01  3.85977822e-01  4.58441453e-02  3.85977822e-01 
 8.70963590e+07 -9.51821914e-01  3.96173563e-01  4.81780861e-02  3.96173563e-01 
 8.91250938e+07 -9.49312687e-01  4.06682161e-01  5.06873134e-02  4.06682161e-01 
 9.12010839e+07 -9.46613177e-01  4.17514602e-01  5.33868229e-02  4.17514602e-01 
 9.33254301e+07 -9.43706988e-01  4.28682118e-01  5.62930122e-02  4.28682118e-01 
 9.54992586e+07 -9.40576184e-01  4.40196147e-01  5.94238158e-02  4.40196147e-01 
 9.77237221e+07 -9.37201147e-01  4.52068278e-01  6.27988533e-02  4.52068278e-01 
 1.00000000e+08 -9.33560411e-01  4.64310191e-01  6.64395887e-02  4.64310191e-01 
 1.02329299e+08 -9.29630495e-01  4.76933567e-01  7.03695051e-02  4.76933567e-01 
 1.04712855e+08 -9.25385708e-01  4.89949988e-01  7.46142925e-02  4.89949988e-01 
 1.07151931e+08 -9.20797950e-01  5.03370808e-01  7.92020499e-02  5.03370808e-01 
 1.09647820e+08 -9.15836498e-01  5.17206999e-01  8.41635023e-02  5.17206999e-01 
 1.12201845e+08 -9.10467768e-01  5.31468961e-01  8.95322316e-02  5.31468961e-01 
 1.14815362e+08 -9.04655079e-01  5.46166294e-01  9.53449206e-02  5.46166294e-01 
 1.17489755e+08 -8.98358392e-01  5.61307528e-01  1.01641608e-01  5.61307528e-01 
 1.20226443e+08 -8.91534046e-01  5.76899795e-01  1.08465954e-01  5.76899795e-01 
 1.23026877e+08 -8.84134493e-01  5.92948447e-01  1.15865507e-01  5.92948447e-01 
 1.25892541e+08 -8.76108022e-01  6.09456596e-01  1.23891978e-01  6.09456596e-01 
 1.28824955e+08 -8.67398502e-01  6.26424583e-01  1.32601498e-01  6.26424583e-01 
 1.31825674e+08 -8.57945135e-01  6.43849349e-01  1.42054865e-01  6.43849349e-01 
 1.34896288e+08 -8.47682241e-01  6.61723708e-01  1.52317759e-01  6.61723708e-01 
 1.38038426e+08 -8.36539088e-01  6.80035508e-01  1.63460912e-01  6.80035508e-01 
 1.41253754e+08 -8.24439791e-01  6.98766662e-01  1.75560209e-01  6.98766662e-01 
 1.44543977e+08 -8.11303303e-01  7.17892054e-01  1.88696697e-01  7.17892054e-01 
 1.47910839e+08 -7.97043526e-01  7.37378293e-01  2.02956474e-01  7.37378293e-01 
 1.51356125e+08 -7.81569591e-01  7.57182330e-01  2.18430409e-01  7.57182330e-01 
 1.54881662e+08 -7.64786341e-01  7.77249921e-01  2.35213659e-01  7.77249921e-01 
 1.58489319e+08 -7.46595081e-01  7.97513967e-01  2.53404919e-01  7.97513967e-01 
 1.62181010e+08 -7.26894640e-01  8.17892730e-01  2.73105360e-01  8.17892730e-01 
 1.65958691e+08 -7.05582836e-01  8.38287981e-01  2.94417164e-01  8.38287981e-01 
 1.69824365e+08 -6.82558386e-01  8.58583118e-01  3.17441614e-01  8.58583118e-01 
 1.73780083e+08 -6.57723360e-01  8.78641349e-01  3.42276640e-01  8.78641349e-01 
 1.77827941e+08 -6.30986220e-01  8.98304033e-01  3.69013780e-01  8.98304033e-01 
 1.81970086e+08 -6.02265527e-01  9.17389339e-01  3.97734473e-01  9.17389339e-01 
 1.86208714e+08 -5.71494312e-01  9.35691374e-01  4.28505688e-01  9.35691374e-01 
 1.90546072e+08 -5.38625130e-01  9.52980008e-01  4.61374870e-01  9.52980008e-01 
 1.94984460e+08 -5.03635723e-01  9.69001636e-01  4.96364277e-01  9.69001636e-01 
 1.99526231e+08 -4.66535149e-01  9.83481125e-01  5.33464851e-01  9.83481125e-01 
 2.04173794e+08 -4.27370179e-01  9.96125208e-01  5.72629821e-01  9.96125208e-01 
 2.08929613e+08 -3.86231604e-01  1.00662757e+00  6.13768396e-01  1.00662757e+00 
 2.13796209e+08 -3.43260046e-01  1.01467577e+00  6.56739954e-01  1.01467577e+00 
 2.18776162e+08 -2.98650725e-01  1.01996008e+00  7.01349275e-01  1.01996008e+00 
 2.23872114e+08 -2.52656580e-01  1.02218409e+00  7.47343420e-01  1.02218409e+00 
 2.29086765e+08 -2.05589107e-01  1.02107686e+00  7.94410893e-01  1.02107686e+00 
 2.34422882e+08 -1.57816329e-01  1.01640603e+00  8.42183671e-01  1.01640603e+00 
 2.39883292e+08 -1.09757432e-01  1.00799110e+00  8.90242568e-01  1.00799110e+00 
 2.45470892e+08 -6.18738489e-02  9.95716004e-01  9.38126151e-01  9.95716004e-01 
 2.51188643e+08 -1.46568542e-02  9.79539822e-01  9.85343146e-01  9.79539822e-01 
 2.57039578e+08  3.13878598e-02  9.59504578e-01  1.03138786e+00  9.59504578e-01 
 2.63026799e+08  7.57578030e-02  9.35739173e-01  1.07575780e+00  9.35739173e-01 
 2.69153480e+08  1.17972338e-01  9.08458775e-01  1.11797234e+00  9.08458775e-01 
 2.75422870e+08  1.57590994e-01  8.77959428e-01  1.15759099e+00  8.77959428e-01 
 2.81838293e+08  1.94230013e-01  8.44608076e-01  1.19423001e+00  8.44608076e-01 
 2.88403150e+08  2.27575849e-01  8.08828707e-01  1.22757585e+00  8.08828707e-01 
 2.95120923e+08  2.57394627e-01  7.71085700e-01  1.25739463e+00  7.71085700e-01 
 3.01995172e+08  2.83537002e-01  7.31865693e-01  1.28353700e+00  7.31865693e-01 
 3.09029543e+08  3.05938327e-01  6.91659395e-01  1.30593833e+00  6.91659395e-01 
 3.16227766e+08  3.24614510e-01  6.50944622e-01  1.32461451e+00  6.50944622e-01 
 3.23593657e+08  3.39654262e-01  6.10171634e-01  1.33965426e+00  6.10171634e-01 
 3.31131121e+08  3.51208728e-01  5.69751461e-01  1.35120873e+00  5.69751461e-01 
 3.38844156e+08  3.59479519e-01  5.30047585e-01  1.35947952e+00  5.30047585e-01 
 3.46736850e+08  3.64706178e-01  4.91370967e-01  1.36470618e+00  4.91370967e-01 
 3.54813389e+08  3.67153932e-01  4.53978157e-01  1.36715393e+00  4.53978157e-01 
 3.63078055e+08  3.67102415e-01  4.18072030e-01  1.36710241e+00  4.18072030e-01 
 3.71535229e+08  3.64835800e-01  3.83804574e-01  1.36483580e+00  3.83804574e-01 
 3.80189396e+08  3.60634606e-01  3.51281163e-01  1.36063461e+00  3.51281163e-01 
 3.89045145e+08  3.54769229e-01  3.20565754e-01  1.35476923e+00  3.20565754e-01 
 3.98107171e+08  3.47495148e-01  2.91686540e-01  1.34749515e+00  2.91686540e-01 
 4.07380278e+08  3.39049643e-01  2.64641681e-01  1.33904964e+00  2.64641681e-01 
 4.16869383e+08  3.29649819e-01  2.39404814e-01  1.32964982e+00  2.39404814e-01 
 4.26579519e+08  3.19491695e-01  2.15930165e-01  1.31949170e+00  2.15930165e-01 
 4.36515832e+08  3.08750151e-01  1.94157130e-01  1.30875015e+00  1.94157130e-01 
 4.46683592e+08  2.97579495e-01  1.74014279e-01  1.29757950e+00  1.74014279e-01 
 4.57088190e+08  2.86114498e-01  1.55422767e-01  1.28611450e+00  1.55422767e-01 
 4.67735141e+08  2.74471706e-01  1.38299178e-01  1.27447171e+00  1.38299178e-01 
 4.78630092e+08  2.62750942e-01  1.22557843e-01  1.26275094e+00  1.22557843e-01 
 4.89778819e+08  2.51036871e-01  1.08112691e-01  1.25103687e+00  1.08112691e-01 
 5.01187234e+08  2.39400574e-01  9.48786894e-02  1.23940057e+00  9.48786894e-02 
 5.12861384e+08  2.27901080e-01  8.27729349e-02  1.22790108e+00  8.27729349e-02 
 5.24807460e+08  2.16586808e-01  7.17154541e-02  1.21658681e+00  7.17154541e-02 
 5.37031796e+08  2.05496908e-01  6.16297605e-02  1.20549691e+00  6.16297605e-02 
 5.49540874e+08  1.94662497e-01  5.24432193e-02  1.19466250e+00  5.24432193e-02 
 5.62341325e+08  1.84107765e-01  4.40872560e-02  1.18410776e+00  4.40872560e-02 
 5.75439937e+08  1.73850967e-01  3.64974444e-02  1.17385097e+00  3.64974444e-02 
 5.88843655e+08  1.63905313e-01  2.96135020e-02  1.16390531e+00  2.96135020e-02 
 6.02559586e+08  1.54279735e-01  2.33792155e-02  1.15427973e+00  2.33792155e-02 
 6.16595002e+08  1.44979574e-01  1.77423156e-02  1.14497957e+00  1.77423156e-02 
 6.30957344e+08  1.36007167e-01  1.26543168e-02  1.13600717e+00  1.26543168e-02 
 6.45654229e+08  1.27362361e-01  8.07033331e-03  1.12736236e+00  8.07033331e-03 
 6.60693448e+08  1.19042957e-01  3.94888128e-03  1.11904296e+00  3.94888128e-03 
 6.76082975e+08  1.11045083e-01  2.51673698e-04  1.11104508e+00  2.51673698e-04 
 6.91830971e+08  1.03363522e-01 -3.05658551e-03  1.10336352e+00 -3.05658551e-03 
 7.07945784e+08  9.59919911e-02 -6.00840498e-03  1.09599199e+00 -6.00840498e-03 
 7.24435960e+08  8.89233683e-02 -8.63370365e-03  1.08892337e+00 -8.63370365e-03 
 7.41310241e+08  8.21498971e-02 -1.09600008e-02  1.08214990e+00 -1.09600008e-02 
 7.58577575e+08  7.56633505e-02 -1.30125969e-02  1.07566335e+00 -1.30125969e-02 
 7.76247117e+08  6.94551714e-02 -1.48147447e-02  1.06945517e+00 -1.48147447e-02 
 7.94328235e+08  6.35165896e-02 -1.63878102e-02  1.06351659e+00 -1.63878102e-02 
 8.12830516e+08  5.78387186e-02 -1.77514225e-02  1.05783872e+00 -1.77514225e-02 
 8.31763771e+08  5.24126354e-02 -1.89236140e-02  1.05241264e+00 -1.89236140e-02 
 8.51138038e+08  4.72294466e-02 -1.99209503e-02  1.04722945e+00 -1.99209503e-02 
 8.70963590e+08  4.22803413e-02 -2.07586505e-02  1.04228034e+00 -2.07586505e-02 
 8.91250938e+08  3.75566345e-02 -2.14506982e-02  1.03755663e+00 -2.14506982e-02 
 9.12010839e+08  3.30498005e-02 -2.20099438e-02  1.03304980e+00 -2.20099438e-02 
 9.33254301e+08  2.87515004e-02 -2.24481991e-02  1.02875150e+00 -2.24481991e-02 
 9.54992586e+08  2.46536017e-02 -2.27763232e-02  1.02465360e+00 -2.27763232e-02 
 9.77237221e+08  2.07481941e-02 -2.30043029e-02  1.02074819e+00 -2.30043029e-02 
 1.00000000e+09  1.70275997e-02 -2.31413246e-02  1.01702760e+00 -2.31413246e-02 
 1.02329299e+09  1.34843802e-02 -2.31958420e-02  1.01348438e+00 -2.31958420e-02 
 1.04712855e+09  1.01113409e-02 -2.31756368e-02  1.01011134e+00 -2.31756368e-02 
 1.07151931e+09  6.90153229e-03 -2.30878748e-02  1.00690153e+00 -2.30878748e-02 
 1.09647820e+09  3.84824894e-03 -2.29391573e-02  1.00384825e+00 -2.29391573e-02 
 1.12201845e+09  9.45027664e-04 -2.27355678e-02  1.00094503e+00 -2.27355678e-02 
 1.14815362e+09 -1.81435644e-03 -2.24827147e-02  9.98185644e-01 -2.24827147e-02 
 1.17489755e+09 -4.43589472e-03 -2.21857709e-02  9.95564105e-01 -2.21857709e-02 
 1.20226443e+09 -6.92535060e-03 -2.18495091e-02  9.93074649e-01 -2.18495091e-02 
 1.23026877e+09 -9.28826593e-03 -2.14783348e-02  9.90711734e-01 -2.14783348e-02 
 1.25892541e+09 -1.15299678e-02 -2.10763157e-02  9.88470032e-01 -2.10763157e-02 
 1.28824955e+09 -1.36555756e-02 -2.06472095e-02  9.86344424e-01 -2.06472095e-02 
 1.31825674e+09 -1.56700086e-02 -2.01944879e-02  9.84329991e-01 -2.01944879e-02 
 1.34896288e+09 -1.75779932e-02 -1.97213601e-02  9.82422007e-01 -1.97213601e-02 
 1.38038426e+09 -1.93840709e-02 -1.92307926e-02  9.80615929e-01 -1.92307926e-02 
 1.41253754e+09 -2.10926053e-02 -1.87255286e-02  9.78907395e-01 -1.87255286e-02 
 1.44543977e+09 -2.27077902e-02 -1.82081049e-02  9.77292210e-01 -1.82081049e-02 
 1.47910839e+09 -2.42336563e-02 -1.76808671e-02  9.75766344e-01 -1.76808671e-02 
 1.51356125e+09 -2.56740790e-02 -1.71459843e-02  9.74325921e-01 -1.71459843e-02 
 1.54881662e+09 -2.70327847e-02 -1.66054616e-02  9.72967215e-01 -1.66054616e-02 
 1.58489319e+09 -2.83133581e-02 -1.60611520e-02  9.71686642e-01 -1.60611520e-02 
 1.62181010e+09 -2.95192481e-02 -1.55147668e-02  9.70480752e-01 -1.55147668e-02 
 1.65958691e+09 -3.06537747e-02 -1.49678854e-02  9.69346225e-01 -1.49678854e-02 
 1.69824365e+09 -3.17201340e-02 -1.44219640e-02  9.68279866e-01 -1.44219640e-02 
 1.73780083e+09 -3.27214045e-02 -1.38783435e-02  9.67278595e-01 -1.38783435e-02 
 1.77827941e+09 -3.36605522e-02 -1.33382568e-02  9.66339448e-01 -1.33382568e-02 
 1.81970086e+09 -3.45404354e-02 -1.28028356e-02  9.65459565e-01 -1.28028356e-02 
 1.86208714e+09 -3.53638095e-02 -1.22731157e-02  9.64636190e-01 -1.22731157e-02 
 1.90546072e+09 -3.61333315e-02 -1.17500431e-02  9.63866669e-01 -1.17500431e-02 
 1.94984460e+09 -3.68515636e-02 -1.12344789e-02  9.63148436e-01 -1.12344789e-02 
 1.99526231e+09 -3.75209777e-02 -1.07272035e-02  9.62479022e-01 -1.07272035e-02 
 2.04173794e+09 -3.81439582e-02 -1.02289211e-02  9.61856042e-01 -1.02289211e-02 
 2.08929613e+09 -3.87228057e-02 -9.74026379e-03  9.61277194e-01 -9.74026379e-03 
 2.13796209e+09 -3.92597395e-02 -9.26179460e-03  9.60740260e-01 -9.26179460e-03 
 2.18776162e+09 -3.97569008e-02 -8.79401132e-03  9.60243099e-01 -8.79401132e-03 
 2.23872114e+09 -4.02163549e-02 -8.33734953e-03  9.59783645e-01 -8.33734953e-03 
 2.29086765e+09 -4.06400933e-02 -7.89218559e-03  9.59359907e-01 -7.89218559e-03 
 2.34422882e+09 -4.10300361e-02 -7.45883949e-03  9.58969964e-01 -7.45883949e-03 
 2.39883292e+09 -4.13880337e-02 -7.03757765e-03  9.58611966e-01 -7.03757765e-03 
 2.45470892e+09 -4.17158687e-02 -6.62861548e-03  9.58284131e-01 -6.62861548e-03 
 2.51188643e+09 -4.20152570e-02 -6.23211998e-03  9.57984743e-01 -6.23211998e-03 
 2.57039578e+09 -4.22878500e-02 -5.84821227e-03  9.57712150e-01 -5.84821227e-03 
 2.63026799e+09 -4.25352353e-02 -5.47696999e-03  9.57464765e-01 -5.47696999e-03 
 2.69153480e+09 -4.27589384e-02 -5.11842974e-03  9.57241062e-01 -5.11842974e-03 
 2.75422870e+09 -4.29604235e-02 -4.77258947e-03  9.57039576e-01 -4.77258947e-03 
 2.81838293e+09 -4.31410952e-02 -4.43941081e-03  9.56858905e-01 -4.43941081e-03 
 2.88403150e+09 -4.33022991e-02 -4.11882144e-03  9.56697701e-01 -4.11882144e-03 
 2.95120923e+09 -4.34453230e-02 -3.81071734e-03  9.56554677e-01 -3.81071734e-03 
 3.01995172e+09 -4.35713982e-02 -3.51496513e-03  9.56428602e-01 -3.51496513e-03 
 3.09029543e+09 -4.36817006e-02 -3.23140431e-03  9.56318299e-01 -3.23140431e-03 
 3.16227766e+09 -4.37773514e-02 -2.95984948e-03  9.56222649e-01 -2.95984948e-03 
 3.23593657e+09 -4.38594186e-02 -2.70009254e-03  9.56140581e-01 -2.70009254e-03 
 3.31131121e+09 -4.39289179e-02 -2.45190487e-03  9.56071082e-01 -2.45190487e-03 
 3.38844156e+09 -4.39868142e-02 -2.21503939e-03  9.56013186e-01 -2.21503939e-03 
 3.46736850e+09 -4.40340223e-02 -1.98923268e-03  9.55965978e-01 -1.98923268e-03 
 3.54813389e+09 -4.40714086e-02 -1.77420695e-03  9.55928591e-01 -1.77420695e-03 
 3.63078055e+09 -4.40997924e-02 -1.56967200e-03  9.55900208e-01 -1.56967200e-03 
 3.71535229e+09 -4.41199468e-02 -1.37532705e-03  9.55880053e-01 -1.37532705e-03 
 3.80189396e+09 -4.41326004e-02 -1.19086259e-03  9.55867400e-01 -1.19086259e-03 
 3.89045145e+09 -4.41384387e-02 -1.01596207e-03  9.55861561e-01 -1.01596207e-03 
 3.98107171e+09 -4.41381054e-02 -8.50303530e-04  9.55861895e-01 -8.50303530e-04 
 4.07380278e+09 -4.41322040e-02 -6.93561136e-04  9.55867796e-01 -6.93561136e-04 
 4.16869383e+09 -4.41212991e-02 -5.45406656e-04  9.55878701e-01 -5.45406656e-04 
 4.26579519e+09 -4.41059180e-02 -4.05510803e-04  9.55894082e-01 -4.05510803e-04 
 4.36515832e+09 -4.40865524e-02 -2.73544502e-04  9.55913448e-01 -2.73544502e-04 
 4.46683592e+09 -4.40636596e-02 -1.49180058e-04  9.55936340e-01 -1.49180058e-04 
 4.57088190e+09 -4.40376640e-02 -3.20922274e-05  9.55962336e-01 -3.20922274e-05 
 4.67735141e+09 -4.40089591e-02  7.80408028e-05  9.55991041e-01  7.80408028e-05 
 4.78630092e+09 -4.39779084e-02  1.81536533e-04  9.56022092e-01  1.81536533e-04 
 4.89778819e+09 -4.39448474e-02  2.78707357e-04  9.56055153e-01  2.78707357e-04 
 5.01187234e+09 -4.39100847e-02  3.69859864e-04  9.56089915e-01  3.69859864e-04 
 5.12861384e+09 -4.38739035e-02  4.55294215e-04  9.56126096e-01  4.55294215e-04 
 5.24807460e+09 -4.38365633e-02  5.35303615e-04  9.56163437e-01  5.35303615e-04 
 5.37031796e+09 -4.37983009e-02  6.10173854e-04  9.56201699e-01  6.10173854e-04 
 5.49540874e+09 -4.37593321e-02  6.80182926e-04  9.56240668e-01  6.80182926e-04 
 5.62341325e+09 -4.37198525e-02  7.45600723e-04  9.56280147e-01  7.45600723e-04 
 5.75439937e+09 -4.36800395e-02  8.06688786e-04  9.56319961e-01  8.06688786e-04 
 5.88843655e+09 -4.36400527e-02  8.63700122e-04  9.56359947e-01  8.63700122e-04 
 6.02559586e+09 -4.36000357e-02  9.16879082e-04  9.56399964e-01  9.16879082e-04 
 6.16595002e+09 -4.35601169e-02  9.66461283e-04  9.56439883e-01  9.66461283e-04 
 6.30957344e+09 -4.35204107e-02  1.01267358e-03  9.56479589e-01  1.01267358e-03 
 6.45654229e+09 -4.34810184e-02  1.05573410e-03  9.56518982e-01  1.05573410e-03 
 6.60693448e+09 -4.34420292e-02  1.09585225e-03  9.56557971e-01  1.09585225e-03 
 6.76082975e+09 -4.34035213e-02  1.13322888e-03  9.56596479e-01  1.13322888e-03 
 6.91830971e+09 -4.33655625e-02  1.16805633e-03  9.56634438e-01  1.16805633e-03 
 7.07945784e+09 -4.33282112e-02  1.20051864e-03  9.56671789e-01  1.20051864e-03 
 7.24435960e+09 -4.32915171e-02  1.23079167e-03  9.56708483e-01  1.23079167e-03 
 7.41310241e+09 -4.32555221e-02  1.25904333e-03  9.56744478e-01  1.25904333e-03 
 7.58577575e+09 -4.32202606e-02  1.28543376e-03  9.56779739e-01  1.28543376e-03 
 7.76247117e+09 -4.31857606e-02  1.31011557e-03  9.56814239e-01  1.31011557e-03 
 7.94328235e+09 -4.31520441e-02  1.33323408e-03  9.56847956e-01  1.33323408e-03 
 8.12830516e+09 -4.31191273e-02  1.35492752e-03  9.56880873e-01  1.35492752e-03 
 8.31763771e+09 -4.30870219e-02  1.37532735e-03  9.56912978e-01  1.37532735e-03 
 8.51138038e+09 -4.30557348e-02  1.39455842e-03  9.56944265e-01  1.39455842e-03 
 8.70963590e+09 -4.30252691e-02  1.41273934e-03  9.56974731e-01  1.41273934e-03 
 8.91250938e+09 -4.29956243e-02  1.42998261e-03  9.57004376e-01  1.42998261e-03 
 9.12010839e+09 -4.29667964e-02  1.44639501e-03  9.57033204e-01  1.44639501e-03 
 9.33254301e+09 -4.29387788e-02  1.46207773e-03  9.57061221e-01  1.46207773e-03 
 9.54992586e+09 -4.29115624e-02  1.47712671e-03  9.57088438e-01  1.47712671e-03 
 9.77237221e+09 -4.28851355e-02  1.49163286e-03  9.57114865e-01  1.49163286e-03 
 1.00000000e+10 -4.28594847e-02  1.50568230e-03  9.57140515e-01  1.50568230e-03 
 1.02329299e+10 -4.28345949e-02  1.51935658e-03  9.57165405e-01  1.51935658e-03 
 1.04712855e+10 -4.28104492e-02  1.53273298e-03  9.57189551e-01  1.53273298e-03 
 1.07151931e+10 -4.27870297e-02  1.54588466e-03  9.57212970e-01  1.54588466e-03 
 1.09647820e+10 -4.27643171e-02  1.55888092e-03  9.57235683e-01  1.55888092e-03 
 1.12201845e+10 -4.27422913e-02  1.57178742e-03  9.57257709e-01  1.57178742e-03 
 1.14815362e+10 -4.27209312e-02  1.58466634e-03  9.57279069e-01  1.58466634e-03 
 1.17489755e+10 -4.27002154e-02  1.59757665e-03  9.57299785e-01  1.59757665e-03 
 1.20226443e+10 -4.26801215e-02  1.61057425e-03  9.57319879e-01  1.61057425e-03 
 1.23026877e+10 -4.26606268e-02  1.62371214e-03  9.57339373e-01  1.62371214e-03 
 1.25892541e+10 -4.26417084e-02  1.63704067e-03  9.57358292e-01  1.63704067e-03 
 1.28824955e+10 -4.26233428e-02  1.65060761e-03  9.57376657e-01  1.65060761e-03 
 1.31825674e+10 -4.26055066e-02  1.66445840e-03  9.57394493e-01  1.66445840e-03 
 1.34896288e+10 -4.25881760e-02  1.67863626e-03  9.57411824e-01  1.67863626e-03 
 1.38038426e+10 -4.25713273e-02  1.69318231e-03  9.57428673e-01  1.69318231e-03 
 1.41253754e+10 -4.25549366e-02  1.70813580e-03  9.57445063e-01  1.70813580e-03 
 1.44543977e+10 -4.25389802e-02  1.72353413e-03  9.57461020e-01  1.72353413e-03 
 1.47910839e+10 -4.25234341e-02  1.73941307e-03  9.57476566e-01  1.73941307e-03 
 1.51356125e+10 -4.25082745e-02  1.75580683e-03  9.57491725e-01  1.75580683e-03 
 1.54881662e+10 -4.24934778e-02  1.77274818e-03  9.57506522e-01  1.77274818e-03 
 1.58489319e+10 -4.24790203e-02  1.79026857e-03  9.57520980e-01  1.79026857e-03 
 1.62181010e+10 -4.24648785e-02  1.80839822e-03  9.57535121e-01  1.80839822e-03 
 1.65958691e+10 -4.24510288e-02  1.82716624e-03  9.57548971e-01  1.82716624e-03 
 1.69824365e+10 -4.24374480e-02  1.84660069e-03  9.57562552e-01  1.84660069e-03 
 1.73780083e+10 -4.24241126e-02  1.86672866e-03  9.57575887e-01  1.86672866e-03 
 1.77827941e+10 -4.24109996e-02  1.88757640e-03  9.57589000e-01  1.88757640e-03 
 1.81970086e+10 -4.23980857e-02  1.90916934e-03  9.57601914e-01  1.90916934e-03 
 1.86208714e+10 -4.23853479e-02  1.93153220e-03  9.57614652e-01  1.93153220e-03 
 1.90546072e+10 -4.23727631e-02  1.95468903e-03  9.57627237e-01  1.95468903e-03 
 1.94984460e+10 -4.23603084e-02  1.97866330e-03  9.57639692e-01  1.97866330e-03 
 1.99526231e+10 -4.23479608e-02  2.00347792e-03  9.57652039e-01  2.00347792e-03 
 2.04173794e+10 -4.23356972e-02  2.02915533e-03  9.57664303e-01  2.02915533e-03 
 2.08929613e+10 -4.23234946e-02  2.05571753e-03  9.57676505e-01  2.05571753e-03 
 2.13796209e+10 -4.23113299e-02  2.08318613e-03  9.57688670e-01  2.08318613e-03 
 2.18776162e+10 -4.22991799e-02  2.11158241e-03  9.57700820e-01  2.11158241e-03 
 2.23872114e+10 -4.22870213e-02  2.14092731e-03  9.57712979e-01  2.14092731e-03 
 2.29086765e+10 -4.22748307e-02  2.17124153e-03  9.57725169e-01  2.17124153e-03 
 2.34422882e+10 -4.22625843e-02  2.20254552e-03  9.57737416e-01  2.20254552e-03 
 2.39883292e+10 -4.22502585e-02  2.23485953e-03  9.57749742e-01  2.23485953e-03 
 2.45470892e+10 -4.22378290e-02  2.26820362e-03  9.57762171e-01  2.26820362e-03 
 2.51188643e+10 -4.22252715e-02  2.30259768e-03  9.57774728e-01  2.30259768e-03 
 2.57039578e+10 -4.22125614e-02  2.33806149e-03  9.57787439e-01  2.33806149e-03 
 2.63026799e+10 -4.21996736e-02  2.37461468e-03  9.57800326e-01  2.37461468e-03 
 2.69153480e+10 -4.21865828e-02  2.41227678e-03  9.57813417e-01  2.41227678e-03 
 2.75422870e+10 -4.21732630e-02  2.45106723e-03  9.57826737e-01  2.45106723e-03 
 2.81838293e+10 -4.21596881e-02  2.49100538e-03  9.57840312e-01  2.49100538e-03 
 2.88403150e+10 -4.21458313e-02  2.53211049e-03  9.57854169e-01  2.53211049e-03 
 2.95120923e+10 -4.21316651e-02  2.57440175e-03  9.57868335e-01  2.57440175e-03 
 3.01995172e+10 -4.21171617e-02  2.61789827e-03  9.57882838e-01  2.61789827e-03 
 3.09029543e+10 -4.21022926e-02  2.66261906e-03  9.57897707e-01  2.66261906e-03 
 3.16227766e+10 -4.20870285e-02  2.70858305e-03  9.57912972e-01  2.70858305e-03 
 3.23593657e+10 -4.20713395e-02  2.75580907e-03  9.57928661e-01  2.75580907e-03 
 3.31131121e+10 -4.20551949e-02  2.80431585e-03  9.57944805e-01  2.80431585e-03 
 3.38844156e+10 -4.20385633e-02  2.85412197e-03  9.57961437e-01  2.85412197e-03 
 3.46736850e+10 -4.20214124e-02  2.90524587e-03  9.57978588e-01  2.90524587e-03 
 3.54813389e+10 -4.20037089e-02  2.95770584e-03  9.57996291e-01  2.95770584e-03 
 3.63078055e+10 -4.19854187e-02  3.01151995e-03  9.58014581e-01  3.01151995e-03 
 3.71535229e+10 -4.19665066e-02  3.06670605e-03  9.58033493e-01  3.06670605e-03 
 3.80189396e+10 -4.19469366e-02  3.12328176e-03  9.58053063e-01  3.12328176e-03 
 3.89045145e+10 -4.19266714e-02  3.18126437e-03  9.58073329e-01  3.18126437e-03 
 3.98107171e+10 -4.19056726e-02  3.24067085e-03  9.58094327e-01  3.24067085e-03 
 4.07380278e+10 -4.18839008e-02  3.30151781e-03  9.58116099e-01  3.30151781e-03 
 4.16869383e+10 -4.18613152e-02  3.36382141e-03  9.58138685e-01  3.36382141e-03 
 4.26579519e+10 -4.18378739e-02  3.42759734e-03  9.58162126e-01  3.42759734e-03 
 4.36515832e+10 -4.18135336e-02  3.49286075e-03  9.58186466e-01  3.49286075e-03 
 4.46683592e+10 -4.17882497e-02  3.55962620e-03  9.58211750e-01  3.55962620e-03 
 4.57088190e+10 -4.17619762e-02  3.62790758e-03  9.58238024e-01  3.62790758e-03 
 4.67735141e+10 -4.17346657e-02  3.69771803e-03  9.58265334e-01  3.69771803e-03 
 4.78630092e+10 -4.17062694e-02  3.76906991e-03  9.58293731e-01  3.76906991e-03 
 4.89778819e+10 -4.16767368e-02  3.84197464e-03  9.58323263e-01  3.84197464e-03 
 5.01187234e+10 -4.16460161e-02  3.91644269e-03  9.58353984e-01  3.91644269e-03 
 5.12861384e+10 -4.16140538e-02  3.99248346e-03  9.58385946e-01  3.99248346e-03 
 5.24807460e+10 -4.15807948e-02  4.07010515e-03  9.58419205e-01  4.07010515e-03 
 5.37031796e+10 -4.15461824e-02  4.14931471e-03  9.58453818e-01  4.14931471e-03 
 5.49540874e+10 -4.15101583e-02  4.23011768e-03  9.58489842e-01  4.23011768e-03 
 5.62341325e+10 -4.14726625e-02  4.31251813e-03  9.58527337e-01  4.31251813e-03 
 5.75439937e+10 -4.14336333e-02  4.39651847e-03  9.58566367e-01  4.39651847e-03 
 5.88843655e+10 -4.13930074e-02  4.48211939e-03  9.58606993e-01  4.48211939e-03 
 6.02559586e+10 -4.13507197e-02  4.56931968e-03  9.58649280e-01  4.56931968e-03 
 6.16595002e+10 -4.13067035e-02  4.65811610e-03  9.58693297e-01  4.65811610e-03 
 6.30957344e+10 -4.12608903e-02  4.74850327e-03  9.58739110e-01  4.74850327e-03 
 6.45654229e+10 -4.12132102e-02  4.84047346e-03  9.58786790e-01  4.84047346e-03 
 6.60693448e+10 -4.11635913e-02  4.93401648e-03  9.58836409e-01  4.93401648e-03 
 6.76082975e+10 -4.11119605e-02  5.02911948e-03  9.58888039e-01  5.02911948e-03 
 6.91830971e+10 -4.10582429e-02  5.12576682e-03  9.58941757e-01  5.12576682e-03 
 7.07945784e+10 -4.10023623e-02  5.22393988e-03  9.58997638e-01  5.22393988e-03 
 7.24435960e+10 -4.09442408e-02  5.32361687e-03  9.59055759e-01  5.32361687e-03 
 7.41310241e+10 -4.08837994e-02  5.42477267e-03  9.59116201e-01  5.42477267e-03 
 7.58577575e+10 -4.08209578e-02  5.52737864e-03  9.59179042e-01  5.52737864e-03 
 7.76247117e+10 -4.07556345e-02  5.63140241e-03  9.59244366e-01  5.63140241e-03 
 7.94328235e+10 -4.06877470e-02  5.73680773e-03  9.59312253e-01  5.73680773e-03 
 8.12830516e+10 -4.06172121e-02  5.84355425e-03  9.59382788e-01  5.84355425e-03 
 8.31763771e+10 -4.05439456e-02  5.95159733e-03  9.59456054e-01  5.95159733e-03 
 8.51138038e+10 -4.04678629e-02  6.06088789e-03  9.59532137e-01  6.06088789e-03 
 8.70963590e+10 -4.03888791e-02  6.17137214e-03  9.59611121e-01  6.17137214e-03 
 8.91250938e+10 -4.03069090e-02  6.28299149e-03  9.59693091e-01  6.28299149e-03 
 9.12010839e+10 -4.02218675e-02  6.39568231e-03  9.59778132e-01  6.39568231e-03 
 9.33254301e+10 -4.01336701e-02  6.50937577e-03  9.59866330e-01  6.50937577e-03 
 9.54992586e+10 -4.00422325e-02  6.62399769e-03  9.59957768e-01  6.62399769e-03 
 9.77237221e+10 -3.99474716e-02  6.73946836e-03  9.60052528e-01  6.73946836e-03 
 1.00000000e+11 -3.98493053e-02  6.85570244e-03  9.60150695e-01  6.85570244e-03 
