 frequency       v(finalp,finaln) v(finalp,finaln)
 1.00000000e+06 -2.21875530e+03 -2.92543423e+01 
 1.02329299e+06 -2.21877302e+03 -2.85745119e+01 
 1.04712855e+06 -2.21878995e+03 -2.79098113e+01 
 1.07151931e+06 -2.21880611e+03 -2.72598895e+01 
 1.09647820e+06 -2.21882155e+03 -2.66244031e+01 
 1.12201845e+06 -2.21883629e+03 -2.60030165e+01 
 1.14815362e+06 -2.21885037e+03 -2.53954012e+01 
 1.17489755e+06 -2.21886381e+03 -2.48012363e+01 
 1.20226443e+06 -2.21887665e+03 -2.42202075e+01 
 1.23026877e+06 -2.21888891e+03 -2.36520078e+01 
 1.25892541e+06 -2.21890063e+03 -2.30963368e+01 
 1.28824955e+06 -2.21891181e+03 -2.25529005e+01 
 1.31825674e+06 -2.21892249e+03 -2.20214118e+01 
 1.34896288e+06 -2.21893269e+03 -2.15015893e+01 
 1.38038426e+06 -2.21894243e+03 -2.09931582e+01 
 1.41253754e+06 -2.21895173e+03 -2.04958495e+01 
 1.44543977e+06 -2.21896061e+03 -2.00094000e+01 
 1.47910839e+06 -2.21896910e+03 -1.95335524e+01 
 1.51356125e+06 -2.21897720e+03 -1.90680549e+01 
 1.54881662e+06 -2.21898494e+03 -1.86126611e+01 
 1.58489319e+06 -2.21899232e+03 -1.81671300e+01 
 1.62181010e+06 -2.21899938e+03 -1.77312258e+01 
 1.65958691e+06 -2.21900612e+03 -1.73047176e+01 
 1.69824365e+06 -2.21901255e+03 -1.68873798e+01 
 1.73780083e+06 -2.21901870e+03 -1.64789914e+01 
 1.77827941e+06 -2.21902457e+03 -1.60793361e+01 
 1.81970086e+06 -2.21903017e+03 -1.56882022e+01 
 1.86208714e+06 -2.21903552e+03 -1.53053828e+01 
 1.90546072e+06 -2.21904064e+03 -1.49306751e+01 
 1.94984460e+06 -2.21904552e+03 -1.45638806e+01 
 1.99526231e+06 -2.21905018e+03 -1.42048050e+01 
 2.04173794e+06 -2.21905463e+03 -1.38532582e+01 
 2.08929613e+06 -2.21905888e+03 -1.35090540e+01 
 2.13796209e+06 -2.21906294e+03 -1.31720100e+01 
 2.18776162e+06 -2.21906681e+03 -1.28419477e+01 
 2.23872114e+06 -2.21907052e+03 -1.25186923e+01 
 2.29086765e+06 -2.21907405e+03 -1.22020724e+01 
 2.34422882e+06 -2.21907743e+03 -1.18919204e+01 
 2.39883292e+06 -2.21908065e+03 -1.15880719e+01 
 2.45470892e+06 -2.21908373e+03 -1.12903660e+01 
 2.51188643e+06 -2.21908667e+03 -1.09986448e+01 
 2.57039578e+06 -2.21908947e+03 -1.07127539e+01 
 2.63026799e+06 -2.21909215e+03 -1.04325416e+01 
 2.69153480e+06 -2.21909471e+03 -1.01578597e+01 
 2.75422870e+06 -2.21909716e+03 -9.88856240e+00 
 2.81838293e+06 -2.21909949e+03 -9.62450710e+00 
 2.88403150e+06 -2.21910172e+03 -9.36555384e+00 
 2.95120923e+06 -2.21910385e+03 -9.11156539e+00 
 3.01995172e+06 -2.21910588e+03 -8.86240715e+00 
 3.09029543e+06 -2.21910782e+03 -8.61794706e+00 
 3.16227766e+06 -2.21910967e+03 -8.37805556e+00 
 3.23593657e+06 -2.21911144e+03 -8.14260550e+00 
 3.31131121e+06 -2.21911312e+03 -7.91147211e+00 
 3.38844156e+06 -2.21911474e+03 -7.68453286e+00 
 3.46736850e+06 -2.21911627e+03 -7.46166747e+00 
 3.54813389e+06 -2.21911774e+03 -7.24275783e+00 
 3.63078055e+06 -2.21911914e+03 -7.02768788e+00 
 3.71535229e+06 -2.21912048e+03 -6.81634363e+00 
 3.80189396e+06 -2.21912176e+03 -6.60861306e+00 
 3.89045145e+06 -2.21912298e+03 -6.40438606e+00 
 3.98107171e+06 -2.21912414e+03 -6.20355435e+00 
 4.07380278e+06 -2.21912525e+03 -6.00601149e+00 
 4.16869383e+06 -2.21912631e+03 -5.81165276e+00 
 4.26579519e+06 -2.21912733e+03 -5.62037513e+00 
 4.36515832e+06 -2.21912829e+03 -5.43207720e+00 
 4.46683592e+06 -2.21912921e+03 -5.24665916e+00 
 4.57088190e+06 -2.21913009e+03 -5.06402269e+00 
 4.67735141e+06 -2.21913093e+03 -4.88407100e+00 
 4.78630092e+06 -2.21913173e+03 -4.70670867e+00 
 4.89778819e+06 -2.21913249e+03 -4.53184169e+00 
 5.01187234e+06 -2.21913322e+03 -4.35937734e+00 
 5.12861384e+06 -2.21913391e+03 -4.18922420e+00 
 5.24807460e+06 -2.21913457e+03 -4.02129206e+00 
 5.37031796e+06 -2.21913520e+03 -3.85549189e+00 
 5.49540874e+06 -2.21913580e+03 -3.69173580e+00 
 5.62341325e+06 -2.21913638e+03 -3.52993695e+00 
 5.75439937e+06 -2.21913692e+03 -3.37000957e+00 
 5.88843655e+06 -2.21913744e+03 -3.21186888e+00 
 6.02559586e+06 -2.21913793e+03 -3.05543103e+00 
 6.16595002e+06 -2.21913840e+03 -2.90061307e+00 
 6.30957344e+06 -2.21913885e+03 -2.74733294e+00 
 6.45654229e+06 -2.21913928e+03 -2.59550936e+00 
 6.60693448e+06 -2.21913968e+03 -2.44506183e+00 
 6.76082975e+06 -2.21914007e+03 -2.29591060e+00 
 6.91830971e+06 -2.21914043e+03 -2.14797658e+00 
 7.07945784e+06 -2.21914078e+03 -2.00118133e+00 
 7.24435960e+06 -2.21914111e+03 -1.85544703e+00 
 7.41310241e+06 -2.21914142e+03 -1.71069641e+00 
 7.58577575e+06 -2.21914172e+03 -1.56685271e+00 
 7.76247117e+06 -2.21914200e+03 -1.42383967e+00 
 7.94328235e+06 -2.21914226e+03 -1.28158147e+00 
 8.12830516e+06 -2.21914251e+03 -1.14000267e+00 
 8.31763771e+06 -2.21914275e+03 -9.99028201e-01 
 8.51138038e+06 -2.21914297e+03 -8.58583322e-01 
 8.70963590e+06 -2.21914318e+03 -7.18593562e-01 
 8.91250938e+06 -2.21914337e+03 -5.78984692e-01 
 9.12010839e+06 -2.21914356e+03 -4.39682687e-01 
 9.33254301e+06 -2.21914373e+03 -3.00613683e-01 
 9.54992586e+06 -2.21914389e+03 -1.61703939e-01 
 9.77237221e+06 -2.21914404e+03 -2.28797965e-02 
 1.00000000e+07 -2.21914418e+03  1.15932356e-01 
 1.02329299e+07 -2.21914430e+03  2.54806126e-01 
 1.04712855e+07 -2.21914442e+03  3.93815152e-01 
 1.07151931e+07 -2.21914453e+03  5.33033149e-01 
 1.09647820e+07 -2.21914463e+03  6.72533940e-01 
 1.12201845e+07 -2.21914472e+03  8.12391501e-01 
 1.14815362e+07 -2.21914479e+03  9.52679995e-01 
 1.17489755e+07 -2.21914486e+03  1.09347382e+00 
 1.20226443e+07 -2.21914492e+03  1.23484763e+00 
 1.23026877e+07 -2.21914497e+03  1.37687641e+00 
 1.25892541e+07 -2.21914502e+03  1.51963548e+00 
 1.28824955e+07 -2.21914505e+03  1.66320053e+00 
 1.31825674e+07 -2.21914508e+03  1.80764772e+00 
 1.34896288e+07 -2.21914509e+03  1.95305365e+00 
 1.38038426e+07 -2.21914510e+03  2.09949542e+00 
 1.41253754e+07 -2.21914510e+03  2.24705072e+00 
 1.44543977e+07 -2.21914509e+03  2.39579779e+00 
 1.47910839e+07 -2.21914507e+03  2.54581554e+00 
 1.51356125e+07 -2.21914504e+03  2.69718352e+00 
 1.54881662e+07 -2.21914501e+03  2.84998203e+00 
 1.58489319e+07 -2.21914496e+03  3.00429211e+00 
 1.62181010e+07 -2.21914491e+03  3.16019561e+00 
 1.65958691e+07 -2.21914484e+03  3.31777523e+00 
 1.69824365e+07 -2.21914477e+03  3.47711455e+00 
 1.73780083e+07 -2.21914469e+03  3.63829811e+00 
 1.77827941e+07 -2.21914460e+03  3.80141140e+00 
 1.81970086e+07 -2.21914450e+03  3.96654097e+00 
 1.86208714e+07 -2.21914439e+03  4.13377440e+00 
 1.90546072e+07 -2.21914427e+03  4.30320043e+00 
 1.94984460e+07 -2.21914414e+03  4.47490894e+00 
 1.99526231e+07 -2.21914399e+03  4.64899104e+00 
 2.04173794e+07 -2.21914384e+03  4.82553910e+00 
 2.08929613e+07 -2.21914368e+03  5.00464679e+00 
 2.13796209e+07 -2.21914350e+03  5.18640915e+00 
 2.18776162e+07 -2.21914331e+03  5.37092264e+00 
 2.23872114e+07 -2.21914311e+03  5.55828518e+00 
 2.29086765e+07 -2.21914290e+03  5.74859620e+00 
 2.34422882e+07 -2.21914267e+03  5.94195671e+00 
 2.39883292e+07 -2.21914243e+03  6.13846933e+00 
 2.45470892e+07 -2.21914217e+03  6.33823838e+00 
 2.51188643e+07 -2.21914190e+03  6.54136989e+00 
 2.57039578e+07 -2.21914162e+03  6.74797170e+00 
 2.63026799e+07 -2.21914131e+03  6.95815349e+00 
 2.69153480e+07 -2.21914099e+03  7.17202686e+00 
 2.75422870e+07 -2.21914066e+03  7.38970536e+00 
 2.81838293e+07 -2.21914030e+03  7.61130459e+00 
 2.88403150e+07 -2.21913993e+03  7.83694221e+00 
 2.95120923e+07 -2.21913953e+03  8.06673807e+00 
 3.01995172e+07 -2.21913912e+03  8.30081422e+00 
 3.09029543e+07 -2.21913868e+03  8.53929499e+00 
 3.16227766e+07 -2.21913822e+03  8.78230706e+00 
 3.23593657e+07 -2.21913774e+03  9.02997956e+00 
 3.31131121e+07 -2.21913723e+03  9.28244406e+00 
 3.38844156e+07 -2.21913670e+03  9.53983474e+00 
 3.46736850e+07 -2.21913614e+03  9.80228837e+00 
 3.54813389e+07 -2.21913555e+03  1.00699445e+01 
 3.63078055e+07 -2.21913493e+03  1.03429453e+01 
 3.71535229e+07 -2.21913428e+03  1.06214360e+01 
 3.80189396e+07 -2.21913360e+03  1.09055646e+01 
 3.89045145e+07 -2.21913288e+03  1.11954822e+01 
 3.98107171e+07 -2.21913213e+03  1.14913431e+01 
 4.07380278e+07 -2.21913134e+03  1.17933046e+01 
 4.16869383e+07 -2.21913051e+03  1.21015274e+01 
 4.26579519e+07 -2.21912964e+03  1.24161754e+01 
 4.36515832e+07 -2.21912873e+03  1.27374161e+01 
 4.46683592e+07 -2.21912777e+03  1.30654205e+01 
 4.57088190e+07 -2.21912677e+03  1.34003632e+01 
 4.67735141e+07 -2.21912571e+03  1.37424226e+01 
 4.78630092e+07 -2.21912461e+03  1.40917808e+01 
 4.89778819e+07 -2.21912345e+03  1.44486239e+01 
 5.01187234e+07 -2.21912223e+03  1.48131422e+01 
 5.12861384e+07 -2.21912095e+03  1.51855297e+01 
 5.24807460e+07 -2.21911961e+03  1.55659850e+01 
 5.37031796e+07 -2.21911820e+03  1.59547111e+01 
 5.49540874e+07 -2.21911673e+03  1.63519150e+01 
 5.62341325e+07 -2.21911518e+03  1.67578089e+01 
 5.75439937e+07 -2.21911355e+03  1.71726091e+01 
 5.88843655e+07 -2.21911184e+03  1.75965372e+01 
 6.02559586e+07 -2.21911005e+03  1.80298194e+01 
 6.16595002e+07 -2.21910817e+03  1.84726872e+01 
 6.30957344e+07 -2.21910619e+03  1.89253771e+01 
 6.45654229e+07 -2.21910412e+03  1.93881310e+01 
 6.60693448e+07 -2.21910194e+03  1.98611962e+01 
 6.76082975e+07 -2.21909966e+03  2.03448258e+01 
 6.91830971e+07 -2.21909725e+03  2.08392785e+01 
 7.07945784e+07 -2.21909473e+03  2.13448188e+01 
 7.24435960e+07 -2.21909209e+03  2.18617173e+01 
 7.41310241e+07 -2.21908930e+03  2.23902509e+01 
 7.58577575e+07 -2.21908638e+03  2.29307027e+01 
 7.76247117e+07 -2.21908331e+03  2.34833623e+01 
 7.94328235e+07 -2.21908008e+03  2.40485262e+01 
 8.12830516e+07 -2.21907669e+03  2.46264974e+01 
 8.31763771e+07 -2.21907313e+03  2.52175860e+01 
 8.51138038e+07 -2.21906938e+03  2.58221096e+01 
 8.70963590e+07 -2.21906544e+03  2.64403927e+01 
 8.91250938e+07 -2.21906130e+03  2.70727676e+01 
 9.12010839e+07 -2.21905695e+03  2.77195743e+01 
 9.33254301e+07 -2.21905236e+03  2.83811607e+01 
 9.54992586e+07 -2.21904754e+03  2.90578829e+01 
 9.77237221e+07 -2.21904247e+03  2.97501052e+01 
 1.00000000e+08 -2.21903713e+03  3.04582007e+01 
 1.02329299e+08 -2.21903152e+03  3.11825508e+01 
 1.04712855e+08 -2.21902560e+03  3.19235464e+01 
 1.07151931e+08 -2.21901938e+03  3.26815871e+01 
 1.09647820e+08 -2.21901282e+03  3.34570822e+01 
 1.12201845e+08 -2.21900592e+03  3.42504507e+01 
 1.14815362e+08 -2.21899864e+03  3.50621212e+01 
 1.17489755e+08 -2.21899098e+03  3.58925326e+01 
 1.20226443e+08 -2.21898290e+03  3.67421343e+01 
 1.23026877e+08 -2.21897439e+03  3.76113860e+01 
 1.25892541e+08 -2.21896541e+03  3.85007585e+01 
 1.28824955e+08 -2.21895595e+03  3.94107337e+01 
 1.31825674e+08 -2.21894597e+03  4.03418049e+01 
 1.34896288e+08 -2.21893544e+03  4.12944770e+01 
 1.38038426e+08 -2.21892433e+03  4.22692670e+01 
 1.41253754e+08 -2.21891261e+03  4.32667039e+01 
 1.44543977e+08 -2.21890024e+03  4.42873295e+01 
 1.47910839e+08 -2.21888718e+03  4.53316981e+01 
 1.51356125e+08 -2.21887339e+03  4.64003773e+01 
 1.54881662e+08 -2.21885883e+03  4.74939481e+01 
 1.58489319e+08 -2.21884345e+03  4.86130050e+01 
 1.62181010e+08 -2.21882721e+03  4.97581567e+01 
 1.65958691e+08 -2.21881004e+03  5.09300261e+01 
 1.69824365e+08 -2.21879190e+03  5.21292507e+01 
 1.73780083e+08 -2.21877274e+03  5.33564831e+01 
 1.77827941e+08 -2.21875247e+03  5.46123911e+01 
 1.81970086e+08 -2.21873105e+03  5.58976578e+01 
 1.86208714e+08 -2.21870841e+03  5.72129826e+01 
 1.90546072e+08 -2.21868446e+03  5.85590809e+01 
 1.94984460e+08 -2.21865913e+03  5.99366847e+01 
 1.99526231e+08 -2.21863234e+03  6.13465429e+01 
 2.04173794e+08 -2.21860400e+03  6.27894218e+01 
 2.08929613e+08 -2.21857403e+03  6.42661050e+01 
 2.13796209e+08 -2.21854232e+03  6.57773942e+01 
 2.18776162e+08 -2.21850876e+03  6.73241092e+01 
 2.23872114e+08 -2.21847326e+03  6.89070886e+01 
 2.29086765e+08 -2.21843570e+03  7.05271898e+01 
 2.34422882e+08 -2.21839595e+03  7.21852895e+01 
 2.39883292e+08 -2.21835390e+03  7.38822842e+01 
 2.45470892e+08 -2.21830939e+03  7.56190901e+01 
 2.51188643e+08 -2.21826231e+03  7.73966442e+01 
 2.57039578e+08 -2.21821248e+03  7.92159039e+01 
 2.63026799e+08 -2.21815977e+03  8.10778479e+01 
 2.69153480e+08 -2.21810400e+03  8.29834761e+01 
 2.75422870e+08 -2.21804500e+03  8.49338107e+01 
 2.81838293e+08 -2.21798259e+03  8.69298956e+01 
 2.88403150e+08 -2.21791657e+03  8.89727979e+01 
 2.95120923e+08 -2.21784675e+03  9.10636072e+01 
 3.01995172e+08 -2.21777292e+03  9.32034369e+01 
 3.09029543e+08 -2.21769486e+03  9.53934242e+01 
 3.16227766e+08 -2.21761233e+03  9.76347303e+01 
 3.23593657e+08 -2.21752510e+03  9.99285415e+01 
 3.31131121e+08 -2.21743290e+03  1.02276069e+02 
 3.38844156e+08 -2.21733549e+03  1.04678550e+02 
 3.46736850e+08 -2.21723257e+03  1.07137247e+02 
 3.54813389e+08 -2.21712386e+03  1.09653450e+02 
 3.63078055e+08 -2.21700906e+03  1.12228475e+02 
 3.71535229e+08 -2.21688786e+03  1.14863667e+02 
 3.80189396e+08 -2.21675991e+03  1.17560398e+02 
 3.89045145e+08 -2.21662488e+03  1.20320069e+02 
 3.98107171e+08 -2.21648241e+03  1.23144110e+02 
 4.07380278e+08 -2.21633212e+03  1.26033981e+02 
 4.16869383e+08 -2.21617363e+03  1.28991173e+02 
 4.26579519e+08 -2.21600652e+03  1.32017207e+02 
 4.36515832e+08 -2.21583036e+03  1.35113635e+02 
 4.46683592e+08 -2.21564473e+03  1.38282044e+02 
 4.57088190e+08 -2.21544915e+03  1.41524051e+02 
 4.67735141e+08 -2.21524313e+03  1.44841307e+02 
 4.78630092e+08 -2.21502619e+03  1.48235498e+02 
 4.89778819e+08 -2.21479779e+03  1.51708344e+02 
 5.01187234e+08 -2.21455740e+03  1.55261603e+02 
 5.12861384e+08 -2.21430443e+03  1.58897065e+02 
 5.24807460e+08 -2.21403830e+03  1.62616559e+02 
 5.37031796e+08 -2.21375839e+03  1.66421954e+02 
 5.49540874e+08 -2.21346406e+03  1.70315152e+02 
 5.62341325e+08 -2.21315464e+03  1.74298099e+02 
 5.75439937e+08 -2.21282942e+03  1.78372778e+02 
 5.88843655e+08 -2.21248767e+03  1.82541212e+02 
 6.02559586e+08 -2.21212864e+03  1.86805466e+02 
 6.16595002e+08 -2.21175153e+03  1.91167647e+02 
 6.30957344e+08 -2.21135551e+03  1.95629903e+02 
 6.45654229e+08 -2.21093973e+03  2.00194426e+02 
 6.60693448e+08 -2.21050327e+03  2.04863451e+02 
 6.76082975e+08 -2.21004521e+03  2.09639258e+02 
 6.91830971e+08 -2.20956457e+03  2.14524170e+02 
 7.07945784e+08 -2.20906032e+03  2.19520556e+02 
 7.24435960e+08 -2.20853139e+03  2.24630831e+02 
 7.41310241e+08 -2.20797669e+03  2.29857457e+02 
 7.58577575e+08 -2.20739505e+03  2.35202941e+02 
 7.76247117e+08 -2.20678526e+03  2.40669837e+02 
 7.94328235e+08 -2.20614606e+03  2.46260749e+02 
 8.12830516e+08 -2.20547615e+03  2.51978325e+02 
 8.31763771e+08 -2.20477414e+03  2.57825265e+02 
 8.51138038e+08 -2.20403861e+03  2.63804314e+02 
 8.70963590e+08 -2.20326807e+03  2.69918268e+02 
 8.91250938e+08 -2.20246097e+03  2.76169968e+02 
 9.12010839e+08 -2.20161568e+03  2.82562309e+02 
 9.33254301e+08 -2.20073052e+03  2.89098229e+02 
 9.54992586e+08 -2.19980373e+03  2.95780719e+02 
 9.77237221e+08 -2.19883347e+03  3.02612816e+02 
 1.00000000e+09 -2.19781783e+03  3.09597606e+02 
 1.02329299e+09 -2.19675483e+03  3.16738223e+02 
 1.04712855e+09 -2.19564239e+03  3.24037848e+02 
 1.07151931e+09 -2.19447834e+03  3.31499711e+02 
 1.09647820e+09 -2.19326045e+03  3.39127086e+02 
 1.12201845e+09 -2.19198637e+03  3.46923296e+02 
 1.14815362e+09 -2.19065367e+03  3.54891707e+02 
 1.17489755e+09 -2.18925981e+03  3.63035731e+02 
 1.20226443e+09 -2.18780216e+03  3.71358824e+02 
 1.23026877e+09 -2.18627798e+03  3.79864484e+02 
 1.25892541e+09 -2.18468443e+03  3.88556251e+02 
 1.28824955e+09 -2.18301854e+03  3.97437707e+02 
 1.31825674e+09 -2.18127723e+03  4.06512471e+02 
 1.34896288e+09 -2.17945733e+03  4.15784203e+02 
 1.38038426e+09 -2.17755550e+03  4.25256597e+02 
 1.41253754e+09 -2.17556832e+03  4.34933386e+02 
 1.44543977e+09 -2.17349221e+03  4.44818332e+02 
 1.47910839e+09 -2.17132347e+03  4.54915235e+02 
 1.51356125e+09 -2.16905827e+03  4.65227920e+02 
 1.54881662e+09 -2.16669263e+03  4.75760245e+02 
 1.58489319e+09 -2.16422242e+03  4.86516092e+02 
 1.62181010e+09 -2.16164340e+03  4.97499371e+02 
 1.65958691e+09 -2.15895113e+03  5.08714015e+02 
 1.69824365e+09 -2.15614107e+03  5.20163978e+02 
 1.73780083e+09 -2.15320848e+03  5.31853235e+02 
 1.77827941e+09 -2.15014849e+03  5.43785778e+02 
 1.81970086e+09 -2.14695604e+03  5.55965620e+02 
 1.86208714e+09 -2.14362595e+03  5.68396785e+02 
 1.90546072e+09 -2.14015282e+03  5.81083314e+02 
 1.94984460e+09 -2.13653112e+03  5.94029261e+02 
 1.99526231e+09 -2.13275512e+03  6.07238692e+02 
 2.04173794e+09 -2.12881892e+03  6.20715687e+02 
 2.08929613e+09 -2.12471644e+03  6.34464336e+02 
 2.13796209e+09 -2.12044143e+03  6.48488742e+02 
 2.18776162e+09 -2.11598744e+03  6.62793020e+02 
 2.23872114e+09 -2.11134783e+03  6.77381301e+02 
 2.29086765e+09 -2.10651577e+03  6.92257731e+02 
 2.34422882e+09 -2.10148423e+03  7.07426475e+02 
 2.39883292e+09 -2.09624600e+03  7.22891720e+02 
 2.45470892e+09 -2.09079364e+03  7.38657678e+02 
 2.51188643e+09 -2.08511951e+03  7.54728594e+02 
 2.57039578e+09 -2.07921577e+03  7.71108748e+02 
 2.63026799e+09 -2.07307435e+03  7.87802466e+02 
 2.69153480e+09 -2.06668696e+03  8.04814125e+02 
 2.75422870e+09 -2.06004506e+03  8.22148166e+02 
 2.81838293e+09 -2.05313988e+03  8.39809101e+02 
 2.88403150e+09 -2.04596242e+03  8.57801528e+02 
 2.95120923e+09 -2.03850338e+03  8.76130144e+02 
 3.01995172e+09 -2.03075321e+03  8.94799761e+02 
 3.09029543e+09 -2.02270206e+03  9.13815323e+02 
 3.16227766e+09 -2.01433977e+03  9.33181923e+02 
 3.23593657e+09 -2.00565587e+03  9.52904828e+02 
 3.31131121e+09 -1.99663950e+03  9.72989495e+02 
 3.38844156e+09 -1.98727947e+03  9.93441601e+02 
 3.46736850e+09 -1.97756414e+03  1.01426707e+03 
 3.54813389e+09 -1.96748146e+03  1.03547208e+03 
 3.63078055e+09 -1.95701888e+03  1.05706314e+03 
 3.71535229e+09 -1.94616334e+03  1.07904707e+03 
 3.80189396e+09 -1.93490118e+03  1.10143106e+03 
 3.89045145e+09 -1.92321814e+03  1.12422269e+03 
 3.98107171e+09 -1.91109924e+03  1.14743000e+03 
 4.07380278e+09 -1.89852874e+03  1.17106148e+03 
 4.16869383e+09 -1.88549005e+03  1.19512613e+03 
 4.26579519e+09 -1.87196567e+03  1.21963350e+03 
 4.36515832e+09 -1.85793702e+03  1.24459373e+03 
 4.46683592e+09 -1.84338441e+03  1.27001757e+03 
 4.57088190e+09 -1.82828688e+03  1.29591645e+03 
 4.67735141e+09 -1.81262206e+03  1.32230246e+03 
 4.78630092e+09 -1.79636601e+03  1.34918846e+03 
 4.89778819e+09 -1.77949311e+03  1.37658802e+03 
 5.01187234e+09 -1.76197582e+03  1.40451554e+03 
 5.12861384e+09 -1.74378448e+03  1.43298618e+03 
 5.24807460e+09 -1.72488713e+03  1.46201597e+03 
 5.37031796e+09 -1.70524926e+03  1.49162174e+03 
 5.49540874e+09 -1.68483348e+03  1.52182116e+03 
 5.62341325e+09 -1.66359932e+03  1.55263272e+03 
 5.75439937e+09 -1.64150283e+03  1.58407572e+03 
 5.88843655e+09 -1.61849629e+03  1.61617021e+03 
 6.02559586e+09 -1.59452775e+03  1.64893695e+03 
 6.16595002e+09 -1.56954069e+03  1.68239734e+03 
 6.30957344e+09 -1.54347346e+03  1.71657329e+03 
 6.45654229e+09 -1.51625886e+03  1.75148714e+03 
 6.60693448e+09 -1.48782351e+03  1.78716144e+03 
 6.76082975e+09 -1.45808725e+03  1.82361880e+03 
 6.91830971e+09 -1.42696248e+03  1.86088157e+03 
 7.07945784e+09 -1.39435337e+03  1.89897161e+03 
 7.24435960e+09 -1.36015511e+03  1.93790982e+03 
 7.41310241e+09 -1.32425292e+03  1.97771577e+03 
 7.58577575e+09 -1.28652115e+03  2.01840708e+03 
 7.76247117e+09 -1.24682212e+03  2.05999876e+03 
 7.94328235e+09 -1.20500496e+03  2.10250242e+03 
 8.12830516e+09 -1.16090432e+03  2.14592526e+03 
 8.31763771e+09 -1.11433890e+03  2.19026897e+03 
 8.51138038e+09 -1.06510990e+03  2.23552823e+03 
 8.70963590e+09 -1.01299937e+03  2.28168910e+03 
 8.91250938e+09 -9.57768276e+02  2.32872697e+03 
 9.12010839e+09 -8.99154603e+02  2.37660415e+03 
 9.33254301e+09 -8.36871179e+02  2.42526696e+03 
 9.54992586e+09 -7.70603437e+02  2.47464222e+03 
 9.77237221e+09 -7.00007058e+02  2.52463311e+03 
 1.00000000e+10 -6.24705543e+02  2.57511418e+03 
 1.02329299e+10 -5.44287782e+02  2.62592528e+03 
 1.04712855e+10 -4.58305706e+02  2.67686448e+03 
 1.07151931e+10 -3.66272153e+02  2.72767944e+03 
 1.09647820e+10 -2.67659138e+02  2.77805717e+03 
 1.12201845e+10 -1.61896787e+02  2.82761188e+03 
 1.14815362e+10 -4.83733084e+01  2.87587046e+03 
 1.17489755e+10  7.35635142e+01  2.92225540e+03 
 1.20226443e+10  2.04602619e+02  2.96606463e+03 
 1.23026877e+10  3.45462854e+02  3.00644804e+03 
 1.25892541e+10  4.96881864e+02  3.04238025e+03 
 1.28824955e+10  6.59599104e+02  3.07262965e+03 
 1.31825674e+10  8.34330986e+02  3.09572354e+03 
 1.34896288e+10  1.02173561e+03  3.10991018e+03 
 1.38038426e+10  1.22236401e+03  3.11311870e+03 
 1.41253754e+10  1.43659414e+03  3.10291936e+03 
 1.44543977e+10  1.66454361e+03  3.07648782e+03 
 1.47910839e+10  1.90595679e+03  3.03057950e+03 
 1.51356125e+10  2.16006252e+03  2.96152303e+03 
 1.54881662e+10  2.42540056e+03  2.86524503e+03 
 1.58489319e+10  2.69961805e+03  2.73734325e+03 
 1.62181010e+10  2.97924406e+03  2.57322836e+03 
 1.65958691e+10  3.25945963e+03  2.36835754e+03 
 1.69824365e+10  3.53389468e+03  2.11858169e+03 
 1.73780083e+10  3.79449980e+03  1.82061964e+03 
 1.77827941e+10  4.03155736e+03  1.47265438e+03 
 1.81970086e+10  4.23390696e+03  1.07501422e+03 
 1.86208714e+10  4.38945457e+03  6.30858414e+02 
 1.90546072e+10  4.48600267e+03  1.46739213e+02 
 1.94984460e+10  4.51237463e+03 -3.67121801e+02 
 1.99526231e+10  4.45971558e+03 -8.97002382e+02 
 2.04173794e+10  4.32275941e+03 -1.42639308e+03 
 2.08929613e+10  4.10079636e+03 -1.93723770e+03 
 2.13796209e+10  3.79809674e+03 -2.41153636e+03 
 2.18776162e+10  3.42365516e+03 -2.83302629e+03 
 2.23872114e+10  2.99028751e+03 -3.18861544e+03 
 2.29086765e+10  2.51327567e+03 -3.46930850e+03 
 2.34422882e+10  2.00885037e+03 -3.67050749e+03 
 2.39883292e+10  1.49280020e+03 -3.79172994e+03 
 2.45470892e+10  9.79411385e+02 -3.83590818e+03 
 2.51188643e+10  4.80825310e+02 -3.80848104e+03 
 2.57039578e+10  6.79380809e+00 -3.71647097e+03 
 2.63026799e+10 -4.35254648e+02 -3.56768185e+03 
 2.69153480e+10 -8.39949271e+02 -3.37008588e+03 
 2.75422870e+10 -1.20361546e+03 -3.13141291e+03 
 2.81838293e+10 -1.52389706e+03 -2.85891989e+03 
 2.88403150e+10 -1.79941419e+03 -2.55930154e+03 
 2.95120923e+10 -2.02948413e+03 -2.23869950e+03 
 3.01995172e+10 -2.21391527e+03 -1.90277152e+03 
 3.09029543e+10 -2.35287240e+03 -1.55678910e+03 
 3.16227766e+10 -2.44680520e+03 -1.20573971e+03 
 3.23593657e+10 -2.49642824e+03 -8.54416105e+02 
 3.31131121e+10 -2.50273919e+03 -5.07481154e+02 
 3.38844156e+10 -2.46706145e+03 -1.69500679e+02 
 3.46736850e+10 -2.39109708e+03  1.55058737e+02 
 3.54813389e+10 -2.27697635e+03  4.61866547e+02 
 3.63078055e+10 -2.12729101e+03  7.46795420e+02 
 3.71535229e+10 -1.94509996e+03  1.00601100e+03 
 3.80189396e+10 -1.73389817e+03  1.23607301e+03 
 3.89045145e+10 -1.49754305e+03  1.43403368e+03 
 3.98107171e+10 -1.24013581e+03  1.59751699e+03 
 4.07380278e+10 -9.65859429e+02  1.72476086e+03 
 4.16869383e+10 -6.78777687e+02  1.81460225e+03 
 4.26579519e+10 -3.82602638e+02  1.86638253e+03 
 4.36515832e+10 -8.04392873e+01  1.87974286e+03 
 4.46683592e+10  2.25480955e+02  1.85426286e+03 
 4.57088190e+10  5.34057519e+02  1.78885961e+03 
 4.67735141e+10  8.45515836e+02  1.68078879e+03 
 4.78630092e+10  1.16138154e+03  1.52393783e+03 
 4.89778819e+10  1.48373856e+03  1.30581064e+03 
 5.01187234e+10  1.81221880e+03  1.00215687e+03 
 5.12861384e+10  2.13390843e+03  5.68194315e+02 
 5.24807460e+10  2.39243301e+03 -6.94191157e+01 
 5.37031796e+10  2.41117956e+03 -9.81153862e+02 
 5.49540874e+10  1.83255682e+03 -2.02053016e+03 
 5.62341325e+10  5.60879759e+02 -2.50689979e+03 
 5.75439937e+10 -5.77973930e+02 -2.03399950e+03 
 5.88843655e+10 -1.02175774e+03 -1.24551726e+03 
 6.02559586e+10 -1.02729374e+03 -6.41704182e+02 
 6.16595002e+10 -8.86864062e+02 -2.66538568e+02 
 6.30957344e+10 -7.25316644e+02 -4.60639200e+01 
 6.45654229e+10 -5.81273187e+02  8.23666893e+01 
 6.60693448e+10 -4.62791681e+02  1.58014982e+02 
 6.76082975e+10 -3.68552247e+02  2.04672013e+02 
 6.91830971e+10 -2.94927167e+02  2.37890378e+02 
 7.07945784e+10 -2.38142899e+02  2.70508796e+02 
 7.24435960e+10 -1.94363592e+02  3.20025344e+02 
 7.41310241e+10 -1.54225936e+02  4.34429005e+02 
 7.58577575e+10  5.85625582e+01  9.29502041e+02 
 7.76247117e+10  4.71218519e+02 -6.06008421e+02 
 7.94328235e+10  4.61746571e+01 -1.99474623e+02 
 8.12830516e+10  2.95612824e+00 -9.30680449e+01 
 8.31763771e+10 -6.34383550e+00 -5.00214872e+01 
 8.51138038e+10 -7.94328439e+00 -2.86952726e+01 
 8.70963590e+10 -7.32343024e+00 -1.70094529e+01 
 8.91250938e+10 -6.11325788e+00 -1.02384802e+01 
 9.12010839e+10 -4.86599013e+00 -6.18707874e+00 
 9.33254301e+10 -3.76675666e+00 -3.71918442e+00 
 9.54992586e+10 -2.86185186e+00 -2.20353119e+00 
 9.77237221e+10 -2.14438794e+00 -1.27208500e+00 
 1.00000000e+11 -1.58898412e+00 -7.03156701e-01 
