 frequency       v(finalp,finaln) v(finalp,finaln)
 1.00000000e+06 -2.85203837e+03 -1.78268734e+03 
 1.02329299e+06 -2.87928706e+03 -1.75227165e+03 
 1.04712855e+06 -2.90550000e+03 -1.72208581e+03 
 1.07151931e+06 -2.93070897e+03 -1.69215471e+03 
 1.09647820e+06 -2.95494547e+03 -1.66250119e+03 
 1.12201845e+06 -2.97824070e+03 -1.63314622e+03 
 1.14815362e+06 -3.00062544e+03 -1.60410890e+03 
 1.17489755e+06 -3.02213006e+03 -1.57540666e+03 
 1.20226443e+06 -3.04278439e+03 -1.54705527e+03 
 1.23026877e+06 -3.06261777e+03 -1.51906895e+03 
 1.25892541e+06 -3.08165894e+03 -1.49146051e+03 
 1.28824955e+06 -3.09993606e+03 -1.46424136e+03 
 1.31825674e+06 -3.11747666e+03 -1.43742164e+03 
 1.34896288e+06 -3.13430762e+03 -1.41101028e+03 
 1.38038426e+06 -3.15045516e+03 -1.38501510e+03 
 1.41253754e+06 -3.16594485e+03 -1.35944285e+03 
 1.44543977e+06 -3.18080156e+03 -1.33429930e+03 
 1.47910839e+06 -3.19504948e+03 -1.30958930e+03 
 1.51356125e+06 -3.20871214e+03 -1.28531685e+03 
 1.54881662e+06 -3.22181236e+03 -1.26148515e+03 
 1.58489319e+06 -3.23437229e+03 -1.23809667e+03 
 1.62181010e+06 -3.24641341e+03 -1.21515321e+03 
 1.65958691e+06 -3.25795651e+03 -1.19265591e+03 
 1.69824365e+06 -3.26902176e+03 -1.17060536e+03 
 1.73780083e+06 -3.27962865e+03 -1.14900161e+03 
 1.77827941e+06 -3.28979603e+03 -1.12784421e+03 
 1.81970086e+06 -3.29954216e+03 -1.10713227e+03 
 1.86208714e+06 -3.30888465e+03 -1.08686448e+03 
 1.90546072e+06 -3.31784054e+03 -1.06703919e+03 
 1.94984460e+06 -3.32642625e+03 -1.04765437e+03 
 1.99526231e+06 -3.33465768e+03 -1.02870771e+03 
 2.04173794e+06 -3.34255013e+03 -1.01019663e+03 
 2.08929613e+06 -3.35011839e+03 -9.92118280e+02 
 2.13796209e+06 -3.35737674e+03 -9.74469617e+02 
 2.18776162e+06 -3.36433891e+03 -9.57247390e+02 
 2.23872114e+06 -3.37101819e+03 -9.40448181e+02 
 2.29086765e+06 -3.37742736e+03 -9.24068420e+02 
 2.34422882e+06 -3.38357878e+03 -9.08104413e+02 
 2.39883292e+06 -3.38948432e+03 -8.92552354e+02 
 2.45470892e+06 -3.39515548e+03 -8.77408347e+02 
 2.51188643e+06 -3.40060332e+03 -8.62668418e+02 
 2.57039578e+06 -3.40583850e+03 -8.48328536e+02 
 2.63026799e+06 -3.41087134e+03 -8.34384621e+02 
 2.69153480e+06 -3.41571175e+03 -8.20832562e+02 
 2.75422870e+06 -3.42036933e+03 -8.07668226e+02 
 2.81838293e+06 -3.42485333e+03 -7.94887471e+02 
 2.88403150e+06 -3.42917269e+03 -7.82486154e+02 
 2.95120923e+06 -3.43333605e+03 -7.70460143e+02 
 3.01995172e+06 -3.43735175e+03 -7.58805323e+02 
 3.09029543e+06 -3.44122787e+03 -7.47517605e+02 
 3.16227766e+06 -3.44497220e+03 -7.36592933e+02 
 3.23593657e+06 -3.44859231e+03 -7.26027293e+02 
 3.31131121e+06 -3.45209552e+03 -7.15816712e+02 
 3.38844156e+06 -3.45548894e+03 -7.05957271e+02 
 3.46736850e+06 -3.45877944e+03 -6.96445104e+02 
 3.54813389e+06 -3.46197372e+03 -6.87276406e+02 
 3.63078055e+06 -3.46507829e+03 -6.78447434e+02 
 3.71535229e+06 -3.46809947e+03 -6.69954511e+02 
 3.80189396e+06 -3.47104342e+03 -6.61794027e+02 
 3.89045145e+06 -3.47391615e+03 -6.53962445e+02 
 3.98107171e+06 -3.47672352e+03 -6.46456300e+02 
 4.07380278e+06 -3.47947129e+03 -6.39272200e+02 
 4.16869383e+06 -3.48216504e+03 -6.32406829e+02 
 4.26579519e+06 -3.48481030e+03 -6.25856945e+02 
 4.36515832e+06 -3.48741245e+03 -6.19619383e+02 
 4.46683592e+06 -3.48997681e+03 -6.13691052e+02 
 4.57088190e+06 -3.49250860e+03 -6.08068937e+02 
 4.67735141e+06 -3.49501298e+03 -6.02750098e+02 
 4.78630092e+06 -3.49749503e+03 -5.97731666e+02 
 4.89778819e+06 -3.49995979e+03 -5.93010845e+02 
 5.01187234e+06 -3.50241224e+03 -5.88584908e+02 
 5.12861384e+06 -3.50485734e+03 -5.84451195e+02 
 5.24807460e+06 -3.50730001e+03 -5.80607112e+02 
 5.37031796e+06 -3.50974515e+03 -5.77050126e+02 
 5.49540874e+06 -3.51219765e+03 -5.73777764e+02 
 5.62341325e+06 -3.51466240e+03 -5.70787607e+02 
 5.75439937e+06 -3.51714427e+03 -5.68077290e+02 
 5.88843655e+06 -3.51964817e+03 -5.65644491e+02 
 6.02559586e+06 -3.52217902e+03 -5.63486935e+02 
 6.16595002e+06 -3.52474176e+03 -5.61602383e+02 
 6.30957344e+06 -3.52734136e+03 -5.59988627e+02 
 6.45654229e+06 -3.52998285e+03 -5.58643488e+02 
 6.60693448e+06 -3.53267127e+03 -5.57564805e+02 
 6.76082975e+06 -3.53541176e+03 -5.56750434e+02 
 6.91830971e+06 -3.53820949e+03 -5.56198236e+02 
 7.07945784e+06 -3.54106969e+03 -5.55906071e+02 
 7.24435960e+06 -3.54399769e+03 -5.55871793e+02 
 7.41310241e+06 -3.54699887e+03 -5.56093236e+02 
 7.58577575e+06 -3.55007871e+03 -5.56568213e+02 
 7.76247117e+06 -3.55324277e+03 -5.57294499e+02 
 7.94328235e+06 -3.55649670e+03 -5.58269827e+02 
 8.12830516e+06 -3.55984626e+03 -5.59491873e+02 
 8.31763771e+06 -3.56329729e+03 -5.60958249e+02 
 8.51138038e+06 -3.56685576e+03 -5.62666490e+02 
 8.70963590e+06 -3.57052773e+03 -5.64614044e+02 
 8.91250938e+06 -3.57431936e+03 -5.66798255e+02 
 9.12010839e+06 -3.57823694e+03 -5.69216356e+02 
 9.33254301e+06 -3.58228687e+03 -5.71865451e+02 
 9.54992586e+06 -3.58647566e+03 -5.74742505e+02 
 9.77237221e+06 -3.59080993e+03 -5.77844326e+02 
 1.00000000e+07 -3.59529640e+03 -5.81167550e+02 
 1.02329299e+07 -3.59994193e+03 -5.84708628e+02 
 1.04712855e+07 -3.60475346e+03 -5.88463812e+02 
 1.07151931e+07 -3.60973804e+03 -5.92429130e+02 
 1.09647820e+07 -3.61490282e+03 -5.96600379e+02 
 1.12201845e+07 -3.62025504e+03 -6.00973103e+02 
 1.14815362e+07 -3.62580203e+03 -6.05542573e+02 
 1.17489755e+07 -3.63155119e+03 -6.10303777e+02 
 1.20226443e+07 -3.63750998e+03 -6.15251394e+02 
 1.23026877e+07 -3.64368592e+03 -6.20379782e+02 
 1.25892541e+07 -3.65008658e+03 -6.25682955e+02 
 1.28824955e+07 -3.65671952e+03 -6.31154571e+02 
 1.31825674e+07 -3.66359235e+03 -6.36787907e+02 
 1.34896288e+07 -3.67071265e+03 -6.42575850e+02 
 1.38038426e+07 -3.67808798e+03 -6.48510871e+02 
 1.41253754e+07 -3.68572583e+03 -6.54585018e+02 
 1.44543977e+07 -3.69363363e+03 -6.60789892e+02 
 1.47910839e+07 -3.70181871e+03 -6.67116639e+02 
 1.51356125e+07 -3.71028825e+03 -6.73555934e+02 
 1.54881662e+07 -3.71904930e+03 -6.80097968e+02 
 1.58489319e+07 -3.72810869e+03 -6.86732439e+02 
 1.62181010e+07 -3.73747304e+03 -6.93448545e+02 
 1.65958691e+07 -3.74714870e+03 -7.00234974e+02 
 1.69824365e+07 -3.75714173e+03 -7.07079903e+02 
 1.73780083e+07 -3.76745783e+03 -7.13970994e+02 
 1.77827941e+07 -3.77810235e+03 -7.20895397e+02 
 1.81970086e+07 -3.78908019e+03 -7.27839753e+02 
 1.86208714e+07 -3.80039580e+03 -7.34790201e+02 
 1.90546072e+07 -3.81205311e+03 -7.41732391e+02 
 1.94984460e+07 -3.82405549e+03 -7.48651499e+02 
 1.99526231e+07 -3.83640573e+03 -7.55532242e+02 
 2.04173794e+07 -3.84910595e+03 -7.62358905e+02 
 2.08929613e+07 -3.86215759e+03 -7.69115367e+02 
 2.13796209e+07 -3.87556132e+03 -7.75785132e+02 
 2.18776162e+07 -3.88931708e+03 -7.82351366e+02 
 2.23872114e+07 -3.90342394e+03 -7.88796939e+02 
 2.29086765e+07 -3.91788013e+03 -7.95104467e+02 
 2.34422882e+07 -3.93268297e+03 -8.01256368e+02 
 2.39883292e+07 -3.94782883e+03 -8.07234911e+02 
 2.45470892e+07 -3.96331315e+03 -8.13022278e+02 
 2.51188643e+07 -3.97913034e+03 -8.18600624e+02 
 2.57039578e+07 -3.99527380e+03 -8.23952151e+02 
 2.63026799e+07 -4.01173592e+03 -8.29059169e+02 
 2.69153480e+07 -4.02850802e+03 -8.33904174e+02 
 2.75422870e+07 -4.04558038e+03 -8.38469924e+02 
 2.81838293e+07 -4.06294224e+03 -8.42739517e+02 
 2.88403150e+07 -4.08058179e+03 -8.46696467e+02 
 2.95120923e+07 -4.09848620e+03 -8.50324787e+02 
 3.01995172e+07 -4.11664165e+03 -8.53609065e+02 
 3.09029543e+07 -4.13503333e+03 -8.56534546e+02 
 3.16227766e+07 -4.15364550e+03 -8.59087211e+02 
 3.23593657e+07 -4.17246154e+03 -8.61253844e+02 
 3.31131121e+07 -4.19146398e+03 -8.63022112e+02 
 3.38844156e+07 -4.21063458e+03 -8.64380629e+02 
 3.46736850e+07 -4.22995438e+03 -8.65319019e+02 
 3.54813389e+07 -4.24940378e+03 -8.65827975e+02 
 3.63078055e+07 -4.26896260e+03 -8.65899310e+02 
 3.71535229e+07 -4.28861021e+03 -8.65526000e+02 
 3.80189396e+07 -4.30832556e+03 -8.64702226e+02 
 3.89045145e+07 -4.32808727e+03 -8.63423397e+02 
 3.98107171e+07 -4.34787379e+03 -8.61686181e+02 
 4.07380278e+07 -4.36766341e+03 -8.59488508e+02 
 4.16869383e+07 -4.38743441e+03 -8.56829586e+02 
 4.26579519e+07 -4.40716514e+03 -8.53709887e+02 
 4.36515832e+07 -4.42683411e+03 -8.50131143e+02 
 4.46683592e+07 -4.44642007e+03 -8.46096320e+02 
 4.57088190e+07 -4.46590215e+03 -8.41609595e+02 
 4.67735141e+07 -4.48525987e+03 -8.36676314e+02 
 4.78630092e+07 -4.50447330e+03 -8.31302954e+02 
 4.89778819e+07 -4.52352308e+03 -8.25497068e+02 
 5.01187234e+07 -4.54239051e+03 -8.19267235e+02 
 5.12861384e+07 -4.56105764e+03 -8.12622991e+02 
 5.24807460e+07 -4.57950729e+03 -8.05574768e+02 
 5.37031796e+07 -4.59772314e+03 -7.98133823e+02 
 5.49540874e+07 -4.61568975e+03 -7.90312161e+02 
 5.62341325e+07 -4.63339261e+03 -7.82122465e+02 
 5.75439937e+07 -4.65081815e+03 -7.73578012e+02 
 5.88843655e+07 -4.66795382e+03 -7.64692597e+02 
 6.02559586e+07 -4.68478804e+03 -7.55480456e+02 
 6.16595002e+07 -4.70131026e+03 -7.45956184e+02 
 6.30957344e+07 -4.71751094e+03 -7.36134660e+02 
 6.45654229e+07 -4.73338154e+03 -7.26030973e+02 
 6.60693448e+07 -4.74891454e+03 -7.15660342e+02 
 6.76082975e+07 -4.76410341e+03 -7.05038055e+02 
 6.91830971e+07 -4.77894259e+03 -6.94179394e+02 
 7.07945784e+07 -4.79342744e+03 -6.83099574e+02 
 7.24435960e+07 -4.80755427e+03 -6.71813684e+02 
 7.41310241e+07 -4.82132026e+03 -6.60336629e+02 
 7.58577575e+07 -4.83472345e+03 -6.48683080e+02 
 7.76247117e+07 -4.84776268e+03 -6.36867425e+02 
 7.94328235e+07 -4.86043758e+03 -6.24903728e+02 
 8.12830516e+07 -4.87274848e+03 -6.12805689e+02 
 8.31763771e+07 -4.88469644e+03 -6.00586613e+02 
 8.51138038e+07 -4.89628312e+03 -5.88259374e+02 
 8.70963590e+07 -4.90751080e+03 -5.75836398e+02 
 8.91250938e+07 -4.91838232e+03 -5.63329632e+02 
 9.12010839e+07 -4.92890102e+03 -5.50750537e+02 
 9.33254301e+07 -4.93907069e+03 -5.38110065e+02 
 9.54992586e+07 -4.94889557e+03 -5.25418655e+02 
 9.77237221e+07 -4.95838027e+03 -5.12686225e+02 
 1.00000000e+08 -4.96752971e+03 -4.99922164e+02 
 1.02329299e+08 -4.97634915e+03 -4.87135338e+02 
 1.04712855e+08 -4.98484409e+03 -4.74334086e+02 
 1.07151931e+08 -4.99302025e+03 -4.61526227e+02 
 1.09647820e+08 -5.00088356e+03 -4.48719066e+02 
 1.12201845e+08 -5.00844007e+03 -4.35919402e+02 
 1.14815362e+08 -5.01569599e+03 -4.23133536e+02 
 1.17489755e+08 -5.02265762e+03 -4.10367287e+02 
 1.20226443e+08 -5.02933131e+03 -3.97626000e+02 
 1.23026877e+08 -5.03572348e+03 -3.84914562e+02 
 1.25892541e+08 -5.04184056e+03 -3.72237417e+02 
 1.28824955e+08 -5.04768898e+03 -3.59598580e+02 
 1.31825674e+08 -5.05327514e+03 -3.47001655e+02 
 1.34896288e+08 -5.05860543e+03 -3.34449849e+02 
 1.38038426e+08 -5.06368618e+03 -3.21945992e+02 
 1.41253754e+08 -5.06852363e+03 -3.09492550e+02 
 1.44543977e+08 -5.07312397e+03 -2.97091644e+02 
 1.47910839e+08 -5.07749329e+03 -2.84745069e+02 
 1.51356125e+08 -5.08163757e+03 -2.72454307e+02 
 1.54881662e+08 -5.08556272e+03 -2.60220543e+02 
 1.58489319e+08 -5.08927449e+03 -2.48044687e+02 
 1.62181010e+08 -5.09277855e+03 -2.35927383e+02 
 1.65958691e+08 -5.09608042e+03 -2.23869028e+02 
 1.69824365e+08 -5.09918552e+03 -2.11869784e+02 
 1.73780083e+08 -5.10209913e+03 -1.99929596e+02 
 1.77827941e+08 -5.10482641e+03 -1.88048201e+02 
 1.81970086e+08 -5.10737237e+03 -1.76225145e+02 
 1.86208714e+08 -5.10974192e+03 -1.64459792e+02 
 1.90546072e+08 -5.11193984e+03 -1.52751336e+02 
 1.94984460e+08 -5.11397079e+03 -1.41098812e+02 
 1.99526231e+08 -5.11583928e+03 -1.29501106e+02 
 2.04173794e+08 -5.11754975e+03 -1.17956963e+02 
 2.08929613e+08 -5.11910649e+03 -1.06464997e+02 
 2.13796209e+08 -5.12051370e+03 -9.50236963e+01 
 2.18776162e+08 -5.12177548e+03 -8.36314298e+01 
 2.23872114e+08 -5.12289582e+03 -7.22864547e+01 
 2.29086765e+08 -5.12387862e+03 -6.09869199e+01 
 2.34422882e+08 -5.12472769e+03 -4.97308702e+01 
 2.39883292e+08 -5.12544675e+03 -3.85162494e+01 
 2.45470892e+08 -5.12603947e+03 -2.73409030e+01 
 2.51188643e+08 -5.12650940e+03 -1.62025793e+01 
 2.57039578e+08 -5.12686006e+03 -5.09893072e+00 
 2.63026799e+08 -5.12709488e+03  5.97248649e+00 
 2.69153480e+08 -5.12721725e+03  1.70142124e+01 
 2.75422870e+08 -5.12723049e+03  2.80288851e+01 
 2.81838293e+08 -5.12713787e+03  3.90192418e+01 
 2.88403150e+08 -5.12694260e+03  4.99881218e+01 
 2.95120923e+08 -5.12664787e+03  6.09384693e+01 
 3.01995172e+08 -5.12625678e+03  7.18733362e+01 
 3.09029543e+08 -5.12577244e+03  8.27958862e+01 
 3.16227766e+08 -5.12519787e+03  9.37093989e+01 
 3.23593657e+08 -5.12453607e+03  1.04617273e+02 
 3.31131121e+08 -5.12378999e+03  1.15523033e+02 
 3.38844156e+08 -5.12296254e+03  1.26430331e+02 
 3.46736850e+08 -5.12205657e+03  1.37342953e+02 
 3.54813389e+08 -5.12107489e+03  1.48264823e+02 
 3.63078055e+08 -5.12002027e+03  1.59200007e+02 
 3.71535229e+08 -5.11889541e+03  1.70152718e+02 
 3.80189396e+08 -5.11770294e+03  1.81127322e+02 
 3.89045145e+08 -5.11644546e+03  1.92128336e+02 
 3.98107171e+08 -5.11512545e+03  2.03160437e+02 
 4.07380278e+08 -5.11374537e+03  2.14228465e+02 
 4.16869383e+08 -5.11230756e+03  2.25337423e+02 
 4.26579519e+08 -5.11081427e+03  2.36492479e+02 
 4.36515832e+08 -5.10926769e+03  2.47698971e+02 
 4.46683592e+08 -5.10766988e+03  2.58962406e+02 
 4.57088190e+08 -5.10602280e+03  2.70288461e+02 
 4.67735141e+08 -5.10432829e+03  2.81682986e+02 
 4.78630092e+08 -5.10258806e+03  2.93151999e+02 
 4.89778819e+08 -5.10080370e+03  3.04701688e+02 
 5.01187234e+08 -5.09897667e+03  3.16338411e+02 
 5.12861384e+08 -5.09710827e+03  3.28068692e+02 
 5.24807460e+08 -5.09519964e+03  3.39899222e+02 
 5.37031796e+08 -5.09325178e+03  3.51836852e+02 
 5.49540874e+08 -5.09126552e+03  3.63888594e+02 
 5.62341325e+08 -5.08924150e+03  3.76061617e+02 
 5.75439937e+08 -5.08718020e+03  3.88363244e+02 
 5.88843655e+08 -5.08508191e+03  4.00800946e+02 
 6.02559586e+08 -5.08294673e+03  4.13382341e+02 
 6.16595002e+08 -5.08077456e+03  4.26115190e+02 
 6.30957344e+08 -5.07856510e+03  4.39007391e+02 
 6.45654229e+08 -5.07631785e+03  4.52066976e+02 
 6.60693448e+08 -5.07403210e+03  4.65302110e+02 
 6.76082975e+08 -5.07170693e+03  4.78721081e+02 
 6.91830971e+08 -5.06934118e+03  4.92332303e+02 
 7.07945784e+08 -5.06693349e+03  5.06144306e+02 
 7.24435960e+08 -5.06448227e+03  5.20165737e+02 
 7.41310241e+08 -5.06198571e+03  5.34405357e+02 
 7.58577575e+08 -5.05944174e+03  5.48872033e+02 
 7.76247117e+08 -5.05684809e+03  5.63574741e+02 
 7.94328235e+08 -5.05420222e+03  5.78522559e+02 
 8.12830516e+08 -5.05150137e+03  5.93724669e+02 
 8.31763771e+08 -5.04874252e+03  6.09190350e+02 
 8.51138038e+08 -5.04592241e+03  6.24928981e+02 
 8.70963590e+08 -5.04303753e+03  6.40950034e+02 
 8.91250938e+08 -5.04008410e+03  6.57263080e+02 
 9.12010839e+08 -5.03705809e+03  6.73877782e+02 
 9.33254301e+08 -5.03395519e+03  6.90803894e+02 
 9.54992586e+08 -5.03077084e+03  7.08051268e+02 
 9.77237221e+08 -5.02750018e+03  7.25629842e+02 
 1.00000000e+09 -5.02413809e+03  7.43549650e+02 
 1.02329299e+09 -5.02067914e+03  7.61820817e+02 
 1.04712855e+09 -5.01711763e+03  7.80453560e+02 
 1.07151931e+09 -5.01344753e+03  7.99458185e+02 
 1.09647820e+09 -5.00966251e+03  8.18845095e+02 
 1.12201845e+09 -5.00575593e+03  8.38624781e+02 
 1.14815362e+09 -5.00172081e+03  8.58807827e+02 
 1.17489755e+09 -4.99754983e+03  8.79404911e+02 
 1.20226443e+09 -4.99323533e+03  9.00426802e+02 
 1.23026877e+09 -4.98876929e+03  9.21884359e+02 
 1.25892541e+09 -4.98414329e+03  9.43788534e+02 
 1.28824955e+09 -4.97934857e+03  9.66150371e+02 
 1.31825674e+09 -4.97437592e+03  9.88981000e+02 
 1.34896288e+09 -4.96921576e+03  1.01229164e+03 
 1.38038426e+09 -4.96385806e+03  1.03609360e+03 
 1.41253754e+09 -4.95829233e+03  1.06039827e+03 
 1.44543977e+09 -4.95250764e+03  1.08521712e+03 
 1.47910839e+09 -4.94649257e+03  1.11056171e+03 
 1.51356125e+09 -4.94023519e+03  1.13644365e+03 
 1.54881662e+09 -4.93372307e+03  1.16287464e+03 
 1.58489319e+09 -4.92694322e+03  1.18986645e+03 
 1.62181010e+09 -4.91988208e+03  1.21743088e+03 
 1.65958691e+09 -4.91252552e+03  1.24557982e+03 
 1.69824365e+09 -4.90485879e+03  1.27432517e+03 
 1.73780083e+09 -4.89686651e+03  1.30367889e+03 
 1.77827941e+09 -4.88853263e+03  1.33365295e+03 
 1.81970086e+09 -4.87984040e+03  1.36425933e+03 
 1.86208714e+09 -4.87077237e+03  1.39551004e+03 
 1.90546072e+09 -4.86131032e+03  1.42741705e+03 
 1.94984460e+09 -4.85143527e+03  1.45999231e+03 
 1.99526231e+09 -4.84112741e+03  1.49324774e+03 
 2.04173794e+09 -4.83036610e+03  1.52719518e+03 
 2.08929613e+09 -4.81912981e+03  1.56184640e+03 
 2.13796209e+09 -4.80739609e+03  1.59721305e+03 
 2.18776162e+09 -4.79514155e+03  1.63330669e+03 
 2.23872114e+09 -4.78234179e+03  1.67013869e+03 
 2.29086765e+09 -4.76897140e+03  1.70772025e+03 
 2.34422882e+09 -4.75500388e+03  1.74606235e+03 
 2.39883292e+09 -4.74041163e+03  1.78517575e+03 
 2.45470892e+09 -4.72516589e+03  1.82507090e+03 
 2.51188643e+09 -4.70923669e+03  1.86575793e+03 
 2.57039578e+09 -4.69259283e+03  1.90724663e+03 
 2.63026799e+09 -4.67520179e+03  1.94954636e+03 
 2.69153480e+09 -4.65702974e+03  1.99266603e+03 
 2.75422870e+09 -4.63804145e+03  2.03661404e+03 
 2.81838293e+09 -4.61820022e+03  2.08139822e+03 
 2.88403150e+09 -4.59746790e+03  2.12702576e+03 
 2.95120923e+09 -4.57580478e+03  2.17350318e+03 
 3.01995172e+09 -4.55316953e+03  2.22083622e+03 
 3.09029543e+09 -4.52951922e+03  2.26902979e+03 
 3.16227766e+09 -4.50480916e+03  2.31808785e+03 
 3.23593657e+09 -4.47899294e+03  2.36801340e+03 
 3.31131121e+09 -4.45202231e+03  2.41880829e+03 
 3.38844156e+09 -4.42384716e+03  2.47047321e+03 
 3.46736850e+09 -4.39441545e+03  2.52300752e+03 
 3.54813389e+09 -4.36367316e+03  2.57640917e+03 
 3.63078055e+09 -4.33156423e+03  2.63067458e+03 
 3.71535229e+09 -4.29803049e+03  2.68579848e+03 
 3.80189396e+09 -4.26301164e+03  2.74177381e+03 
 3.89045145e+09 -4.22644518e+03  2.79859155e+03 
 3.98107171e+09 -4.18826635e+03  2.85624057e+03 
 4.07380278e+09 -4.14840807e+03  2.91470747e+03 
 4.16869383e+09 -4.10680093e+03  2.97397639e+03 
 4.26579519e+09 -4.06337312e+03  3.03402882e+03 
 4.36515832e+09 -4.01805038e+03  3.09484343e+03 
 4.46683592e+09 -3.97075599e+03  3.15639581e+03 
 4.57088190e+09 -3.92141069e+03  3.21865826e+03 
 4.67735141e+09 -3.86993270e+03  3.28159956e+03 
 4.78630092e+09 -3.81623768e+03  3.34518472e+03 
 4.89778819e+09 -3.76023869e+03  3.40937466e+03 
 5.01187234e+09 -3.70184621e+03  3.47412597e+03 
 5.12861384e+09 -3.64096814e+03  3.53939058e+03 
 5.24807460e+09 -3.57750979e+03  3.60511541e+03 
 5.37031796e+09 -3.51137391e+03  3.67124208e+03 
 5.49540874e+09 -3.44246073e+03  3.73770647e+03 
 5.62341325e+09 -3.37066799e+03  3.80443840e+03 
 5.75439937e+09 -3.29589105e+03  3.87136114e+03 
 5.88843655e+09 -3.21802291e+03  3.93839103e+03 
 6.02559586e+09 -3.13695434e+03  4.00543697e+03 
 6.16595002e+09 -3.05257404e+03  4.07239996e+03 
 6.30957344e+09 -2.96476874e+03  4.13917255e+03 
 6.45654229e+09 -2.87342339e+03  4.20563827e+03 
 6.60693448e+09 -2.77842142e+03  4.27167108e+03 
 6.76082975e+09 -2.67964492e+03  4.33713473e+03 
 6.91830971e+09 -2.57697497e+03  4.40188206e+03 
 7.07945784e+09 -2.47029198e+03  4.46575438e+03 
 7.24435960e+09 -2.35947606e+03  4.52858065e+03 
 7.41310241e+09 -2.24440746e+03  4.59017677e+03 
 7.58577575e+09 -2.12496709e+03  4.65034469e+03 
 7.76247117e+09 -2.00103707e+03  4.70887159e+03 
 7.94328235e+09 -1.87250145e+03  4.76552896e+03 
 8.12830516e+09 -1.73924686e+03  4.82007160e+03 
 8.31763771e+09 -1.60116346e+03  4.87223665e+03 
 8.51138038e+09 -1.45814582e+03  4.92174251e+03 
 8.70963590e+09 -1.31009404e+03  4.96828770e+03 
 8.91250938e+09 -1.15691498e+03  5.01154973e+03 
 9.12010839e+09 -9.98523629e+02  5.05118387e+03 
 9.33254301e+09 -8.34844685e+02  5.08682188e+03 
 9.54992586e+09 -6.65814304e+02  5.11807067e+03 
 9.77237221e+09 -4.91382103e+02  5.14451100e+03 
 1.00000000e+10 -3.11513404e+02  5.16569604e+03 
 1.02329299e+10 -1.26191761e+02  5.18114994e+03 
 1.04712855e+10  6.45781747e+01  5.19036643e+03 
 1.07151931e+10  2.60767439e+02  5.19280732e+03 
 1.09647820e+10  4.62319118e+02  5.18790113e+03 
 1.12201845e+10  6.69144247e+02  5.17504165e+03 
 1.14815362e+10  8.81117190e+02  5.15358667e+03 
 1.17489755e+10  1.09807042e+03  5.12285673e+03 
 1.20226443e+10  1.31978865e+03  5.08213418e+03 
 1.23026877e+10  1.54600219e+03  5.03066234e+03 
 1.25892541e+10  1.77637947e+03  4.96764510e+03 
 1.28824955e+10  2.01051866e+03  4.89224687e+03 
 1.31825674e+10  2.24793820e+03  4.80359324e+03 
 1.34896288e+10  2.48806619e+03  4.70077225e+03 
 1.38038426e+10  2.73022847e+03  4.58283676e+03 
 1.41253754e+10  2.97363543e+03  4.44880801e+03 
 1.44543977e+10  3.21736713e+03  4.29768077e+03 
 1.47910839e+10  3.46035703e+03  4.12843049e+03 
 1.51356125e+10  3.70137391e+03  3.94002291e+03 
 1.54881662e+10  3.93900229e+03  3.73142686e+03 
 1.58489319e+10  4.17162111e+03  3.50163071e+03 
 1.62181010e+10  4.39738115e+03  3.24966369e+03 
 1.65958691e+10  4.61418128e+03  2.97462279e+03 
 1.69824365e+10  4.81964434e+03  2.67570654e+03 
 1.73780083e+10  5.01109330e+03  2.35225699e+03 
 1.77827941e+10  5.18552918e+03  2.00381136e+03 
 1.81970086e+10  5.33961241e+03  1.63016479e+03 
 1.86208714e+10  5.46965017e+03  1.23144590e+03 
 1.90546072e+10  5.57159307e+03  8.08206368e+02 
 1.94984460e+10  5.64104539e+03  3.61525662e+02 
 1.99526231e+10  5.67329454e+03 -1.06868891e+02 
 2.04173794e+10  5.66336631e+03 -5.94467525e+02 
 2.08929613e+10  5.60611410e+03 -1.09783172e+03 
 2.13796209e+10  5.49635112e+03 -1.61244144e+03 
 2.18776162e+10  5.32903509e+03 -2.13254486e+03 
 2.23872114e+10  5.09951471e+03 -2.65102393e+03 
 2.29086765e+10  4.80384499e+03 -3.15929470e+03 
 2.34422882e+10  4.43917407e+03 -3.64726727e+03 
 2.39883292e+10  4.00419705e+03 -4.10339600e+03 
 2.45470892e+10  3.49966066e+03 -4.51485457e+03 
 2.51188643e+10  2.92888826e+03 -4.86787133e+03 
 2.57039578e+10  2.29827604e+03 -5.14825464e+03 
 2.63026799e+10  1.61769327e+03 -5.34212409e+03 
 2.69153480e+10  9.00703534e+02 -5.43683943e+03 
 2.75422870e+10  1.64517590e+02 -5.42208451e+03 
 2.81838293e+10 -5.70403196e+02 -5.29102256e+03 
 2.88403150e+10 -1.28114537e+03 -5.04139825e+03 
 2.95120923e+10 -1.94354668e+03 -4.67643177e+03 
 3.01995172e+10 -2.53374078e+03 -4.20534296e+03 
 3.09029543e+10 -3.02990894e+03 -3.64336733e+03 
 3.16227766e+10 -3.41404560e+03 -3.01118399e+03 
 3.23593657e+10 -3.67351485e+03 -2.33375904e+03 
 3.31131121e+10 -3.80218619e+03 -1.63870156e+03 
 3.38844156e+10 -3.80099021e+03 -9.54309945e+02 
 3.46736850e+10 -3.67781871e+03 -3.07536308e+02 
 3.54813389e+10 -3.44678908e+03  2.77894647e+02 
 3.63078055e+10 -3.12697950e+03  7.83008481e+02 
 3.71535229e+10 -2.74080307e+03  1.19460332e+03 
 3.80189396e+10 -2.31221857e+03  1.50570557e+03 
 3.89045145e+10 -1.86497228e+03  1.71546760e+03 
 3.98107171e+10 -1.42103774e+03  1.82857808e+03 
 4.07380278e+10 -9.99376260e+02  1.85429888e+03 
 4.16869383e+10 -6.15090098e+02  1.80526507e+03 
 4.26579519e+10 -2.78990117e+02  1.69618861e+03 
 4.36515832e+10  2.44480750e+00  1.54259454e+03 
 4.46683592e+10  2.26773953e+02  1.35969494e+03 
 4.57088190e+10  3.95046940e+02  1.16147576e+03 
 4.67735141e+10  5.11093263e+02  9.60037944e+02 
 4.78630092e+10  5.80739855e+02  7.65202815e+02 
 4.89778819e+10  6.11037341e+02  5.84363865e+02 
 5.01187234e+10  6.09558787e+02  4.22547373e+02 
 5.12861384e+10  5.83814556e+02  2.82631768e+02 
 5.24807460e+10  5.40806112e+02  1.65671546e+02 
 5.37031796e+10  4.86723140e+02  7.12740457e+01 
 5.49540874e+10  4.26773607e+02 -2.01507881e+00 
 5.62341325e+10  3.65126529e+02 -5.63515197e+01 
 5.75439937e+10  3.04941948e+02 -9.42795793e+01 
 5.88843655e+10  2.48461590e+02 -1.18478914e+02 
 6.02559586e+10  1.97135707e+02 -1.31573758e+02 
 6.16595002e+10  1.51765557e+02 -1.36001080e+02 
 6.30957344e+10  1.12645915e+02 -1.33929935e+02 
 6.45654229e+10  7.96968792e+01 -1.27222228e+02 
 6.60693448e+10  5.25786626e+01 -1.17424685e+02 
 6.76082975e+10  3.07865651e+01 -1.05782564e+02 
 6.91830971e+10  1.37259110e+01 -9.32670241e+01 
 7.07945784e+10  7.68436573e-01 -8.06097563e+01 
 7.24435960e+10 -8.70744711e+00 -6.83400988e+01 
 7.41310241e+10 -1.52896963e+01 -5.68213786e+01 
 7.58577575e+10 -1.95161691e+01 -4.62844195e+01 
 7.76247117e+10 -2.18660772e+01 -3.68571069e+01 
 7.94328235e+10 -2.27571449e+01 -2.85895804e+01 
 8.12830516e+10 -2.25466690e+01 -2.14750815e+01 
 8.31763771e+10 -2.15350638e+01 -1.54667714e+01 
 8.51138038e+10 -1.99708275e+01 -1.04909811e+01 
 8.70963590e+10 -1.80561634e+01 -6.45742302e+00 
 8.91250938e+10 -1.59527266e+01 -3.26689031e+00 
 9.12010839e+10 -1.37871575e+01 -8.16935852e-01 
 9.33254301e+10 -1.16562003e+01  9.94032877e-01 
 9.54992586e+10 -9.63131173e+00  2.26387143e+00 
 9.77237221e+10 -7.76273408e+00  3.08472255e+00 
 1.00000000e+11 -6.08305706e+00  3.54170415e+00 
