 frequency       v(out)          v(out)         
 1.00000000e+06  4.56534671e+01 -3.74655411e-01 
 1.00577536e+06  4.56534318e+01 -3.76818893e-01 
 1.01158408e+06  4.56533960e+01 -3.78994865e-01 
 1.01742635e+06  4.56533599e+01 -3.81183399e-01 
 1.02330236e+06  4.56533233e+01 -3.83384568e-01 
 1.02921230e+06  4.56532863e+01 -3.85598443e-01 
 1.03515638e+06  4.56532488e+01 -3.87825100e-01 
 1.04113479e+06  4.56532110e+01 -3.90064610e-01 
 1.04714772e+06  4.56531727e+01 -3.92317049e-01 
 1.05319538e+06  4.56531339e+01 -3.94582491e-01 
 1.05927797e+06  4.56530947e+01 -3.96861011e-01 
 1.06539568e+06  4.56530551e+01 -3.99152684e-01 
 1.07154873e+06  4.56530150e+01 -4.01457586e-01 
 1.07773732e+06  4.56529744e+01 -4.03775794e-01 
 1.08396164e+06  4.56529334e+01 -4.06107385e-01 
 1.09022192e+06  4.56528919e+01 -4.08452434e-01 
 1.09651835e+06  4.56528499e+01 -4.10811021e-01 
 1.10285114e+06  4.56528074e+01 -4.13183223e-01 
 1.10922051e+06  4.56527644e+01 -4.15569119e-01 
 1.11562666e+06  4.56527209e+01 -4.17968787e-01 
 1.12206981e+06  4.56526770e+01 -4.20382308e-01 
 1.12855017e+06  4.56526325e+01 -4.22809760e-01 
 1.13506796e+06  4.56525875e+01 -4.25251225e-01 
 1.14162340e+06  4.56525420e+01 -4.27706783e-01 
 1.14821669e+06  4.56524959e+01 -4.30176515e-01 
 1.15484806e+06  4.56524493e+01 -4.32660504e-01 
 1.16151773e+06  4.56524022e+01 -4.35158830e-01 
 1.16822591e+06  4.56523545e+01 -4.37671578e-01 
 1.17497285e+06  4.56523063e+01 -4.40198829e-01 
 1.18175874e+06  4.56522575e+01 -4.42740669e-01 
 1.18858383e+06  4.56522082e+01 -4.45297180e-01 
 1.19544833e+06  4.56521583e+01 -4.47868448e-01 
 1.20235249e+06  4.56521078e+01 -4.50454558e-01 
 1.20929651e+06  4.56520567e+01 -4.53055594e-01 
 1.21628064e+06  4.56520050e+01 -4.55671644e-01 
 1.22330510e+06  4.56519528e+01 -4.58302793e-01 
 1.23037014e+06  4.56518999e+01 -4.60949129e-01 
 1.23747597e+06  4.56518464e+01 -4.63610740e-01 
 1.24462285e+06  4.56517923e+01 -4.66287713e-01 
 1.25181100e+06  4.56517376e+01 -4.68980137e-01 
 1.25904066e+06  4.56516822e+01 -4.71688100e-01 
 1.26631208e+06  4.56516262e+01 -4.74411694e-01 
 1.27362550e+06  4.56515695e+01 -4.77151007e-01 
 1.28098115e+06  4.56515122e+01 -4.79906130e-01 
 1.28837928e+06  4.56514543e+01 -4.82677155e-01 
 1.29582014e+06  4.56513956e+01 -4.85464173e-01 
 1.30330398e+06  4.56513363e+01 -4.88267276e-01 
 1.31083103e+06  4.56512763e+01 -4.91086557e-01 
 1.31840156e+06  4.56512156e+01 -4.93922110e-01 
 1.32601581e+06  4.56511542e+01 -4.96774027e-01 
 1.33367403e+06  4.56510920e+01 -4.99642404e-01 
 1.34137649e+06  4.56510292e+01 -5.02527335e-01 
 1.34912343e+06  4.56509656e+01 -5.05428915e-01 
 1.35691511e+06  4.56509013e+01 -5.08347241e-01 
 1.36475179e+06  4.56508363e+01 -5.11282409e-01 
 1.37263373e+06  4.56507705e+01 -5.14234516e-01 
 1.38056119e+06  4.56507039e+01 -5.17203660e-01 
 1.38853443e+06  4.56506366e+01 -5.20189938e-01 
 1.39655372e+06  4.56505684e+01 -5.23193451e-01 
 1.40461933e+06  4.56504995e+01 -5.26214296e-01 
 1.41273152e+06  4.56504298e+01 -5.29252573e-01 
 1.42089056e+06  4.56503593e+01 -5.32308384e-01 
 1.42909672e+06  4.56502880e+01 -5.35381830e-01 
 1.43735028e+06  4.56502158e+01 -5.38473011e-01 
 1.44565150e+06  4.56501428e+01 -5.41582030e-01 
 1.45400066e+06  4.56500690e+01 -5.44708989e-01 
 1.46239805e+06  4.56499943e+01 -5.47853993e-01 
 1.47084393e+06  4.56499188e+01 -5.51017145e-01 
 1.47933859e+06  4.56498423e+01 -5.54198550e-01 
 1.48788231e+06  4.56497650e+01 -5.57398312e-01 
 1.49647537e+06  4.56496868e+01 -5.60616538e-01 
 1.50511806e+06  4.56496077e+01 -5.63853333e-01 
 1.51381067e+06  4.56495277e+01 -5.67108805e-01 
 1.52255348e+06  4.56494467e+01 -5.70383062e-01 
 1.53134678e+06  4.56493648e+01 -5.73676211e-01 
 1.54019087e+06  4.56492820e+01 -5.76988362e-01 
 1.54908603e+06  4.56491982e+01 -5.80319623e-01 
 1.55803257e+06  4.56491134e+01 -5.83670105e-01 
 1.56703077e+06  4.56490276e+01 -5.87039919e-01 
 1.57608095e+06  4.56489409e+01 -5.90429176e-01 
 1.58518339e+06  4.56488531e+01 -5.93837987e-01 
 1.59433840e+06  4.56487644e+01 -5.97266466e-01 
 1.60354629e+06  4.56486746e+01 -6.00714725e-01 
 1.61280735e+06  4.56485837e+01 -6.04182879e-01 
 1.62212191e+06  4.56484918e+01 -6.07671042e-01 
 1.63149025e+06  4.56483989e+01 -6.11179329e-01 
 1.64091270e+06  4.56483048e+01 -6.14707856e-01 
 1.65038957e+06  4.56482097e+01 -6.18256740e-01 
 1.65992117e+06  4.56481135e+01 -6.21826098e-01 
 1.66950782e+06  4.56480162e+01 -6.25416048e-01 
 1.67914984e+06  4.56479177e+01 -6.29026708e-01 
 1.68884754e+06  4.56478181e+01 -6.32658197e-01 
 1.69860125e+06  4.56477174e+01 -6.36310635e-01 
 1.70841130e+06  4.56476154e+01 -6.39984144e-01 
 1.71827799e+06  4.56475123e+01 -6.43678843e-01 
 1.72820168e+06  4.56474080e+01 -6.47394856e-01 
 1.73818267e+06  4.56473025e+01 -6.51132304e-01 
 1.74822131e+06  4.56471958e+01 -6.54891312e-01 
 1.75831793e+06  4.56470878e+01 -6.58672002e-01 
 1.76847285e+06  4.56469786e+01 -6.62474501e-01 
 1.77868643e+06  4.56468682e+01 -6.66298933e-01 
 1.78895899e+06  4.56467564e+01 -6.70145425e-01 
 1.79929088e+06  4.56466433e+01 -6.74014103e-01 
 1.80968245e+06  4.56465290e+01 -6.77905095e-01 
 1.82013402e+06  4.56464133e+01 -6.81818530e-01 
 1.83064596e+06  4.56462963e+01 -6.85754537e-01 
 1.84121861e+06  4.56461779e+01 -6.89713245e-01 
 1.85185232e+06  4.56460582e+01 -6.93694785e-01 
 1.86254744e+06  4.56459370e+01 -6.97699289e-01 
 1.87330433e+06  4.56458145e+01 -7.01726888e-01 
 1.88412335e+06  4.56456905e+01 -7.05777715e-01 
 1.89500485e+06  4.56455651e+01 -7.09851904e-01 
 1.90594919e+06  4.56454383e+01 -7.13949590e-01 
 1.91695674e+06  4.56453100e+01 -7.18070906e-01 
 1.92802787e+06  4.56451802e+01 -7.22215990e-01 
 1.93916293e+06  4.56450489e+01 -7.26384978e-01 
 1.95036230e+06  4.56449161e+01 -7.30578007e-01 
 1.96162636e+06  4.56447817e+01 -7.34795216e-01 
 1.97295547e+06  4.56446458e+01 -7.39036743e-01 
 1.98435000e+06  4.56445083e+01 -7.43302729e-01 
 1.99581035e+06  4.56443692e+01 -7.47593314e-01 
 2.00733688e+06  4.56442285e+01 -7.51908638e-01 
 2.01892998e+06  4.56440862e+01 -7.56248846e-01 
 2.03059004e+06  4.56439423e+01 -7.60614079e-01 
 2.04231744e+06  4.56437966e+01 -7.65004481e-01 
 2.05411257e+06  4.56436493e+01 -7.69420197e-01 
 2.06597582e+06  4.56435003e+01 -7.73861373e-01 
 2.07790758e+06  4.56433495e+01 -7.78328154e-01 
 2.08990826e+06  4.56431970e+01 -7.82820688e-01 
 2.10197824e+06  4.56430428e+01 -7.87339124e-01 
 2.11411793e+06  4.56428867e+01 -7.91883608e-01 
 2.12632773e+06  4.56427289e+01 -7.96454292e-01 
 2.13860805e+06  4.56425692e+01 -8.01051326e-01 
 2.15095929e+06  4.56424077e+01 -8.05674861e-01 
 2.16338187e+06  4.56422443e+01 -8.10325049e-01 
 2.17587619e+06  4.56420790e+01 -8.15002044e-01 
 2.18844266e+06  4.56419118e+01 -8.19705999e-01 
 2.20108172e+06  4.56417426e+01 -8.24437069e-01 
 2.21379377e+06  4.56415715e+01 -8.29195410e-01 
 2.22657924e+06  4.56413985e+01 -8.33981178e-01 
 2.23943854e+06  4.56412234e+01 -8.38794532e-01 
 2.25237212e+06  4.56410463e+01 -8.43635628e-01 
 2.26538039e+06  4.56408671e+01 -8.48504627e-01 
 2.27846379e+06  4.56406859e+01 -8.53401689e-01 
 2.29162275e+06  4.56405025e+01 -8.58326975e-01 
 2.30485770e+06  4.56403171e+01 -8.63280646e-01 
 2.31816910e+06  4.56401295e+01 -8.68262866e-01 
 2.33155737e+06  4.56399397e+01 -8.73273798e-01 
 2.34502296e+06  4.56397477e+01 -8.78313608e-01 
 2.35856633e+06  4.56395536e+01 -8.83382461e-01 
 2.37218791e+06  4.56393571e+01 -8.88480523e-01 
 2.38588816e+06  4.56391584e+01 -8.93607962e-01 
 2.39966753e+06  4.56389574e+01 -8.98764947e-01 
 2.41352649e+06  4.56387540e+01 -9.03951646e-01 
 2.42746548e+06  4.56385484e+01 -9.09168232e-01 
 2.44148498e+06  4.56383403e+01 -9.14414874e-01 
 2.45558545e+06  4.56381298e+01 -9.19691745e-01 
 2.46976735e+06  4.56379169e+01 -9.24999019e-01 
 2.48403116e+06  4.56377015e+01 -9.30336870e-01 
 2.49837734e+06  4.56374836e+01 -9.35705473e-01 
 2.51280638e+06  4.56372632e+01 -9.41105005e-01 
 2.52731876e+06  4.56370403e+01 -9.46535642e-01 
 2.54191495e+06  4.56368147e+01 -9.51997563e-01 
 2.55659543e+06  4.56365866e+01 -9.57490948e-01 
 2.57136070e+06  4.56363558e+01 -9.63015976e-01 
 2.58621125e+06  4.56361224e+01 -9.68572829e-01 
 2.60114756e+06  4.56358862e+01 -9.74161689e-01 
 2.61617014e+06  4.56356473e+01 -9.79782740e-01 
 2.63127948e+06  4.56354057e+01 -9.85436166e-01 
 2.64647607e+06  4.56351612e+01 -9.91122152e-01 
 2.66176044e+06  4.56349140e+01 -9.96840885e-01 
 2.67713308e+06  4.56346638e+01 -1.00259255e+00 
 2.69259450e+06  4.56344108e+01 -1.00837734e+00 
 2.70814521e+06  4.56341548e+01 -1.01419545e+00 
 2.72378574e+06  4.56338959e+01 -1.02004705e+00 
 2.73951660e+06  4.56336340e+01 -1.02593236e+00 
 2.75533830e+06  4.56333690e+01 -1.03185155e+00 
 2.77125139e+06  4.56331010e+01 -1.03780482e+00 
 2.78725637e+06  4.56328299e+01 -1.04379237e+00 
 2.80335380e+06  4.56325556e+01 -1.04981439e+00 
 2.81954419e+06  4.56322782e+01 -1.05587108e+00 
 2.83582808e+06  4.56319976e+01 -1.06196264e+00 
 2.85220603e+06  4.56317137e+01 -1.06808927e+00 
 2.86867856e+06  4.56314265e+01 -1.07425117e+00 
 2.88524622e+06  4.56311360e+01 -1.08044854e+00 
 2.90190957e+06  4.56308421e+01 -1.08668158e+00 
 2.91866916e+06  4.56305449e+01 -1.09295050e+00 
 2.93552554e+06  4.56302442e+01 -1.09925550e+00 
 2.95247927e+06  4.56299400e+01 -1.10559679e+00 
 2.96953091e+06  4.56296323e+01 -1.11197458e+00 
 2.98668104e+06  4.56293211e+01 -1.11838907e+00 
 3.00393021e+06  4.56290062e+01 -1.12484047e+00 
 3.02127900e+06  4.56286877e+01 -1.13132900e+00 
 3.03872799e+06  4.56283655e+01 -1.13785487e+00 
 3.05627775e+06  4.56280396e+01 -1.14441828e+00 
 3.07392887e+06  4.56277099e+01 -1.15101947e+00 
 3.09168193e+06  4.56273764e+01 -1.15765863e+00 
 3.10953752e+06  4.56270391e+01 -1.16433599e+00 
 3.12749624e+06  4.56266978e+01 -1.17105176e+00 
 3.14555867e+06  4.56263526e+01 -1.17780618e+00 
 3.16372542e+06  4.56260034e+01 -1.18459944e+00 
 3.18199709e+06  4.56256501e+01 -1.19143178e+00 
 3.20037428e+06  4.56252928e+01 -1.19830343e+00 
 3.21885761e+06  4.56249314e+01 -1.20521459e+00 
 3.23744768e+06  4.56245657e+01 -1.21216551e+00 
 3.25614513e+06  4.56241958e+01 -1.21915640e+00 
 3.27495055e+06  4.56238217e+01 -1.22618750e+00 
 3.29386459e+06  4.56234432e+01 -1.23325903e+00 
 3.31288786e+06  4.56230604e+01 -1.24037122e+00 
 3.33202099e+06  4.56226731e+01 -1.24752431e+00 
 3.35126463e+06  4.56222813e+01 -1.25471853e+00 
 3.37061940e+06  4.56218850e+01 -1.26195411e+00 
 3.39008596e+06  4.56214841e+01 -1.26923129e+00 
 3.40966494e+06  4.56210786e+01 -1.27655031e+00 
 3.42935700e+06  4.56206684e+01 -1.28391140e+00 
 3.44916279e+06  4.56202534e+01 -1.29131481e+00 
 3.46908296e+06  4.56198337e+01 -1.29876076e+00 
 3.48911818e+06  4.56194091e+01 -1.30624952e+00 
 3.50926911e+06  4.56189796e+01 -1.31378132e+00 
 3.52953642e+06  4.56185451e+01 -1.32135640e+00 
 3.54992078e+06  4.56181056e+01 -1.32897501e+00 
 3.57042287e+06  4.56176610e+01 -1.33663740e+00 
 3.59104337e+06  4.56172113e+01 -1.34434382e+00 
 3.61178295e+06  4.56167563e+01 -1.35209452e+00 
 3.63264232e+06  4.56162961e+01 -1.35988975e+00 
 3.65362215e+06  4.56158306e+01 -1.36772976e+00 
 3.67472315e+06  4.56153597e+01 -1.37561481e+00 
 3.69594602e+06  4.56148834e+01 -1.38354515e+00 
 3.71729145e+06  4.56144015e+01 -1.39152105e+00 
 3.73876017e+06  4.56139141e+01 -1.39954275e+00 
 3.76035287e+06  4.56134210e+01 -1.40761053e+00 
 3.78207028e+06  4.56129223e+01 -1.41572463e+00 
 3.80391312e+06  4.56124177e+01 -1.42388534e+00 
 3.82588210e+06  4.56119074e+01 -1.43209290e+00 
 3.84797797e+06  4.56113911e+01 -1.44034758e+00 
 3.87020144e+06  4.56108689e+01 -1.44864966e+00 
 3.89255327e+06  4.56103406e+01 -1.45699940e+00 
 3.91503418e+06  4.56098062e+01 -1.46539707e+00 
 3.93764494e+06  4.56092657e+01 -1.47384294e+00 
 3.96038627e+06  4.56087189e+01 -1.48233729e+00 
 3.98325895e+06  4.56081658e+01 -1.49088039e+00 
 4.00626372e+06  4.56076063e+01 -1.49947252e+00 
 4.02940135e+06  4.56070403e+01 -1.50811395e+00 
 4.05267262e+06  4.56064677e+01 -1.51680497e+00 
 4.07607828e+06  4.56058886e+01 -1.52554585e+00 
 4.09961912e+06  4.56053028e+01 -1.53433688e+00 
 4.12329591e+06  4.56047102e+01 -1.54317834e+00 
 4.14710945e+06  4.56041107e+01 -1.55207052e+00 
 4.17106052e+06  4.56035043e+01 -1.56101370e+00 
 4.19514992e+06  4.56028909e+01 -1.57000818e+00 
 4.21937844e+06  4.56022704e+01 -1.57905423e+00 
 4.24374689e+06  4.56016428e+01 -1.58815216e+00 
 4.26825608e+06  4.56010079e+01 -1.59730225e+00 
 4.29290681e+06  4.56003656e+01 -1.60650481e+00 
 4.31769992e+06  4.55997160e+01 -1.61576012e+00 
 4.34263621e+06  4.55990588e+01 -1.62506849e+00 
 4.36771652e+06  4.55983940e+01 -1.63443022e+00 
 4.39294167e+06  4.55977216e+01 -1.64384560e+00 
 4.41831251e+06  4.55970414e+01 -1.65331494e+00 
 4.44382988e+06  4.55963533e+01 -1.66283854e+00 
 4.46949462e+06  4.55956573e+01 -1.67241671e+00 
 4.49530758e+06  4.55949532e+01 -1.68204976e+00 
 4.52126962e+06  4.55942410e+01 -1.69173799e+00 
 4.54738160e+06  4.55935206e+01 -1.70148172e+00 
 4.57364439e+06  4.55927918e+01 -1.71128127e+00 
 4.60005885e+06  4.55920546e+01 -1.72113693e+00 
 4.62662587e+06  4.55913090e+01 -1.73104904e+00 
 4.65334632e+06  4.55905547e+01 -1.74101790e+00 
 4.68022110e+06  4.55897916e+01 -1.75104384e+00 
 4.70725108e+06  4.55890198e+01 -1.76112717e+00 
 4.73443717e+06  4.55882391e+01 -1.77126823e+00 
 4.76178028e+06  4.55874493e+01 -1.78146734e+00 
 4.78928129e+06  4.55866504e+01 -1.79172481e+00 
 4.81694114e+06  4.55858423e+01 -1.80204098e+00 
 4.84476073e+06  4.55850249e+01 -1.81241618e+00 
 4.87274099e+06  4.55841980e+01 -1.82285074e+00 
 4.90088285e+06  4.55833616e+01 -1.83334500e+00 
 4.92918724e+06  4.55825155e+01 -1.84389928e+00 
 4.95765509e+06  4.55816597e+01 -1.85451392e+00 
 4.98628736e+06  4.55807939e+01 -1.86518927e+00 
 5.01508499e+06  4.55799182e+01 -1.87592567e+00 
 5.04404893e+06  4.55790324e+01 -1.88672344e+00 
 5.07318015e+06  4.55781363e+01 -1.89758295e+00 
 5.10247962e+06  4.55772299e+01 -1.90850453e+00 
 5.13194830e+06  4.55763130e+01 -1.91948853e+00 
 5.16158717e+06  4.55753856e+01 -1.93053530e+00 
 5.19139722e+06  4.55744474e+01 -1.94164519e+00 
 5.22137944e+06  4.55734984e+01 -1.95281856e+00 
 5.25153481e+06  4.55725385e+01 -1.96405576e+00 
 5.28186434e+06  4.55715674e+01 -1.97535714e+00 
 5.31236903e+06  4.55705852e+01 -1.98672306e+00 
 5.34304990e+06  4.55695916e+01 -1.99815389e+00 
 5.37390796e+06  4.55685866e+01 -2.00964999e+00 
 5.40494424e+06  4.55675700e+01 -2.02121171e+00 
 5.43615976e+06  4.55665416e+01 -2.03283943e+00 
 5.46755557e+06  4.55655014e+01 -2.04453352e+00 
 5.49913270e+06  4.55644492e+01 -2.05629433e+00 
 5.53089220e+06  4.55633848e+01 -2.06812225e+00 
 5.56283512e+06  4.55623081e+01 -2.08001765e+00 
 5.59496252e+06  4.55612191e+01 -2.09198090e+00 
 5.62727547e+06  4.55601174e+01 -2.10401239e+00 
 5.65977504e+06  4.55590031e+01 -2.11611248e+00 
 5.69246230e+06  4.55578759e+01 -2.12828156e+00 
 5.72533835e+06  4.55567357e+01 -2.14052001e+00 
 5.75840427e+06  4.55555824e+01 -2.15282822e+00 
 5.79166115e+06  4.55544157e+01 -2.16520658e+00 
 5.82511011e+06  4.55532356e+01 -2.17765547e+00 
 5.85875224e+06  4.55520419e+01 -2.19017529e+00 
 5.89258867e+06  4.55508344e+01 -2.20276642e+00 
 5.92662052e+06  4.55496130e+01 -2.21542926e+00 
 5.96084892e+06  4.55483776e+01 -2.22816422e+00 
 5.99527500e+06  4.55471278e+01 -2.24097168e+00 
 6.02989990e+06  4.55458637e+01 -2.25385205e+00 
 6.06472477e+06  4.55445850e+01 -2.26680573e+00 
 6.09975077e+06  4.55432915e+01 -2.27983312e+00 
 6.13497905e+06  4.55419832e+01 -2.29293464e+00 
 6.17041079e+06  4.55406598e+01 -2.30611069e+00 
 6.20604717e+06  4.55393211e+01 -2.31936168e+00 
 6.24188935e+06  4.55379669e+01 -2.33268802e+00 
 6.27793854e+06  4.55365972e+01 -2.34609014e+00 
 6.31419593e+06  4.55352117e+01 -2.35956844e+00 
 6.35066271e+06  4.55338102e+01 -2.37312334e+00 
 6.38734010e+06  4.55323926e+01 -2.38675528e+00 
 6.42422932e+06  4.55309587e+01 -2.40046466e+00 
 6.46133159e+06  4.55295082e+01 -2.41425192e+00 
 6.49864814e+06  4.55280410e+01 -2.42811747e+00 
 6.53618020e+06  4.55265570e+01 -2.44206176e+00 
 6.57392903e+06  4.55250558e+01 -2.45608521e+00 
 6.61189587e+06  4.55235373e+01 -2.47018826e+00 
 6.65008198e+06  4.55220014e+01 -2.48437134e+00 
 6.68848863e+06  4.55204477e+01 -2.49863489e+00 
 6.72711709e+06  4.55188762e+01 -2.51297934e+00 
 6.76596864e+06  4.55172866e+01 -2.52740515e+00 
 6.80504458e+06  4.55156786e+01 -2.54191275e+00 
 6.84434619e+06  4.55140522e+01 -2.55650259e+00 
 6.88387479e+06  4.55124070e+01 -2.57117512e+00 
 6.92363168e+06  4.55107429e+01 -2.58593079e+00 
 6.96361818e+06  4.55090597e+01 -2.60077005e+00 
 7.00383561e+06  4.55073571e+01 -2.61569336e+00 
 7.04428532e+06  4.55056348e+01 -2.63070117e+00 
 7.08496864e+06  4.55038928e+01 -2.64579395e+00 
 7.12588691e+06  4.55021307e+01 -2.66097214e+00 
 7.16704151e+06  4.55003483e+01 -2.67623622e+00 
 7.20843379e+06  4.54985455e+01 -2.69158666e+00 
 7.25006512e+06  4.54967219e+01 -2.70702391e+00 
 7.29193690e+06  4.54948773e+01 -2.72254845e+00 
 7.33405049e+06  4.54930115e+01 -2.73816075e+00 
 7.37640731e+06  4.54911242e+01 -2.75386129e+00 
 7.41900875e+06  4.54892153e+01 -2.76965054e+00 
 7.46185623e+06  4.54872843e+01 -2.78552897e+00 
 7.50495118e+06  4.54853312e+01 -2.80149708e+00 
 7.54829501e+06  4.54833556e+01 -2.81755534e+00 
 7.59188916e+06  4.54813574e+01 -2.83370423e+00 
 7.63573509e+06  4.54793361e+01 -2.84994425e+00 
 7.67983425e+06  4.54772916e+01 -2.86627589e+00 
 7.72418809e+06  4.54752236e+01 -2.88269963e+00 
 7.76879810e+06  4.54731319e+01 -2.89921596e+00 
 7.81366574e+06  4.54710161e+01 -2.91582540e+00 
 7.85879251e+06  4.54688760e+01 -2.93252842e+00 
 7.90417990e+06  4.54667113e+01 -2.94932554e+00 
 7.94982943e+06  4.54645217e+01 -2.96621725e+00 
 7.99574259e+06  4.54623070e+01 -2.98320406e+00 
 8.04192092e+06  4.54600669e+01 -3.00028648e+00 
 8.08836595e+06  4.54578010e+01 -3.01746502e+00 
 8.13507921e+06  4.54555091e+01 -3.03474018e+00 
 8.18206226e+06  4.54531909e+01 -3.05211249e+00 
 8.22931666e+06  4.54508460e+01 -3.06958245e+00 
 8.27684396e+06  4.54484743e+01 -3.08715058e+00 
 8.32464576e+06  4.54460753e+01 -3.10481741e+00 
 8.37272362e+06  4.54436488e+01 -3.12258346e+00 
 8.42107915e+06  4.54411945e+01 -3.14044924e+00 
 8.46971396e+06  4.54387120e+01 -3.15841529e+00 
 8.51862965e+06  4.54362010e+01 -3.17648214e+00 
 8.56782784e+06  4.54336611e+01 -3.19465032e+00 
 8.61731017e+06  4.54310922e+01 -3.21292036e+00 
 8.66707828e+06  4.54284938e+01 -3.23129279e+00 
 8.71713382e+06  4.54258656e+01 -3.24976816e+00 
 8.76747845e+06  4.54232072e+01 -3.26834700e+00 
 8.81811383e+06  4.54205184e+01 -3.28702985e+00 
 8.86904166e+06  4.54177988e+01 -3.30581727e+00 
 8.92026361e+06  4.54150479e+01 -3.32470979e+00 
 8.97178139e+06  4.54122656e+01 -3.34370797e+00 
 9.02359670e+06  4.54094513e+01 -3.36281235e+00 
 9.07571126e+06  4.54066048e+01 -3.38202349e+00 
 9.12812680e+06  4.54037257e+01 -3.40134194e+00 
 9.18084506e+06  4.54008136e+01 -3.42076826e+00 
 9.23386779e+06  4.53978682e+01 -3.44030301e+00 
 9.28719675e+06  4.53948890e+01 -3.45994675e+00 
 9.34083370e+06  4.53918757e+01 -3.47970005e+00 
 9.39478042e+06  4.53888279e+01 -3.49956346e+00 
 9.44903870e+06  4.53857452e+01 -3.51953756e+00 
 9.50361035e+06  4.53826272e+01 -3.53962292e+00 
 9.55849717e+06  4.53794735e+01 -3.55982012e+00 
 9.61370097e+06  4.53762838e+01 -3.58012971e+00 
 9.66922360e+06  4.53730575e+01 -3.60055228e+00 
 9.72506690e+06  4.53697944e+01 -3.62108842e+00 
 9.78123271e+06  4.53664939e+01 -3.64173869e+00 
 9.83772289e+06  4.53631556e+01 -3.66250368e+00 
 9.89453933e+06  4.53597792e+01 -3.68338398e+00 
 9.95168391e+06  4.53563642e+01 -3.70438018e+00 
 1.00091585e+07  4.53529101e+01 -3.72549285e+00 
 1.00669651e+07  4.53494166e+01 -3.74672259e+00 
 1.01251054e+07  4.53458831e+01 -3.76807000e+00 
 1.01835816e+07  4.53423093e+01 -3.78953567e+00 
 1.02423955e+07  4.53386946e+01 -3.81112020e+00 
 1.03015491e+07  4.53350386e+01 -3.83282418e+00 
 1.03610443e+07  4.53313409e+01 -3.85464821e+00 
 1.04208831e+07  4.53276009e+01 -3.87659290e+00 
 1.04810675e+07  4.53238183e+01 -3.89865886e+00 
 1.05415995e+07  4.53199924e+01 -3.92084668e+00 
 1.06024811e+07  4.53161229e+01 -3.94315698e+00 
 1.06637143e+07  4.53122093e+01 -3.96559037e+00 
 1.07253011e+07  4.53082510e+01 -3.98814746e+00 
 1.07872436e+07  4.53042475e+01 -4.01082886e+00 
 1.08495439e+07  4.53001984e+01 -4.03363519e+00 
 1.09122040e+07  4.52961031e+01 -4.05656706e+00 
 1.09752259e+07  4.52919611e+01 -4.07962510e+00 
 1.10386119e+07  4.52877718e+01 -4.10280993e+00 
 1.11023639e+07  4.52835349e+01 -4.12612218e+00 
 1.11664841e+07  4.52792496e+01 -4.14956245e+00 
 1.12309746e+07  4.52749156e+01 -4.17313139e+00 
 1.12958376e+07  4.52705321e+01 -4.19682962e+00 
 1.13610752e+07  4.52660988e+01 -4.22065777e+00 
 1.14266895e+07  4.52616149e+01 -4.24461647e+00 
 1.14926828e+07  4.52570801e+01 -4.26870635e+00 
 1.15590573e+07  4.52524936e+01 -4.29292806e+00 
 1.16258150e+07  4.52478549e+01 -4.31728222e+00 
 1.16929584e+07  4.52431634e+01 -4.34176947e+00 
 1.17604895e+07  4.52384186e+01 -4.36639046e+00 
 1.18284106e+07  4.52336198e+01 -4.39114583e+00 
 1.18967240e+07  4.52287664e+01 -4.41603621e+00 
 1.19654319e+07  4.52238579e+01 -4.44106225e+00 
 1.20345366e+07  4.52188936e+01 -4.46622460e+00 
 1.21040405e+07  4.52138729e+01 -4.49152391e+00 
 1.21739457e+07  4.52087951e+01 -4.51696081e+00 
 1.22442547e+07  4.52036597e+01 -4.54253597e+00 
 1.23149697e+07  4.51984660e+01 -4.56825003e+00 
 1.23860932e+07  4.51932133e+01 -4.59410365e+00 
 1.24576274e+07  4.51879010e+01 -4.62009747e+00 
 1.25295747e+07  4.51825284e+01 -4.64623216e+00 
 1.26019376e+07  4.51770949e+01 -4.67250836e+00 
 1.26747184e+07  4.51715997e+01 -4.69892675e+00 
 1.27479195e+07  4.51660422e+01 -4.72548796e+00 
 1.28215434e+07  4.51604218e+01 -4.75219267e+00 
 1.28955925e+07  4.51547376e+01 -4.77904153e+00 
 1.29700692e+07  4.51489891e+01 -4.80603521e+00 
 1.30449761e+07  4.51431754e+01 -4.83317436e+00 
 1.31203156e+07  4.51372959e+01 -4.86045966e+00 
 1.31960902e+07  4.51313498e+01 -4.88789176e+00 
 1.32723024e+07  4.51253364e+01 -4.91547132e+00 
 1.33489548e+07  4.51192550e+01 -4.94319902e+00 
 1.34260499e+07  4.51131048e+01 -4.97107553e+00 
 1.35035902e+07  4.51068851e+01 -4.99910150e+00 
 1.35815784e+07  4.51005950e+01 -5.02727760e+00 
 1.36600170e+07  4.50942338e+01 -5.05560451e+00 
 1.37389085e+07  4.50878007e+01 -5.08408289e+00 
 1.38182558e+07  4.50812950e+01 -5.11271341e+00 
 1.38980612e+07  4.50747158e+01 -5.14149675e+00 
 1.39783276e+07  4.50680624e+01 -5.17043356e+00 
 1.40590575e+07  4.50613338e+01 -5.19952453e+00 
 1.41402537e+07  4.50545293e+01 -5.22877032e+00 
 1.42219188e+07  4.50476481e+01 -5.25817161e+00 
 1.43040556e+07  4.50406893e+01 -5.28772906e+00 
 1.43866668e+07  4.50336520e+01 -5.31744334e+00 
 1.44697550e+07  4.50265355e+01 -5.34731514e+00 
 1.45533231e+07  4.50193387e+01 -5.37734511e+00 
 1.46373739e+07  4.50120610e+01 -5.40753394e+00 
 1.47219100e+07  4.50047013e+01 -5.43788229e+00 
 1.48069344e+07  4.49972587e+01 -5.46839083e+00 
 1.48924499e+07  4.49897325e+01 -5.49906023e+00 
 1.49784592e+07  4.49821216e+01 -5.52989117e+00 
 1.50649653e+07  4.49744251e+01 -5.56088432e+00 
 1.51519710e+07  4.49666421e+01 -5.59204033e+00 
 1.52394791e+07  4.49587717e+01 -5.62335990e+00 
 1.53274927e+07  4.49508129e+01 -5.65484367e+00 
 1.54160145e+07  4.49427647e+01 -5.68649232e+00 
 1.55050476e+07  4.49346262e+01 -5.71830652e+00 
 1.55945949e+07  4.49263965e+01 -5.75028693e+00 
 1.56846594e+07  4.49180744e+01 -5.78243423e+00 
 1.57752440e+07  4.49096590e+01 -5.81474906e+00 
 1.58663518e+07  4.49011493e+01 -5.84723210e+00 
 1.59579858e+07  4.48925443e+01 -5.87988401e+00 
 1.60501490e+07  4.48838430e+01 -5.91270544e+00 
 1.61428445e+07  4.48750442e+01 -5.94569707e+00 
 1.62360753e+07  4.48661471e+01 -5.97885954e+00 
 1.63298445e+07  4.48571504e+01 -6.01219352e+00 
 1.64241553e+07  4.48480531e+01 -6.04569965e+00 
 1.65190108e+07  4.48388542e+01 -6.07937860e+00 
 1.66144141e+07  4.48295525e+01 -6.11323101e+00 
 1.67103684e+07  4.48201469e+01 -6.14725753e+00 
 1.68068769e+07  4.48106364e+01 -6.18145882e+00 
 1.69039428e+07  4.48010198e+01 -6.21583551e+00 
 1.70015692e+07  4.47912960e+01 -6.25038825e+00 
 1.70997595e+07  4.47814637e+01 -6.28511769e+00 
 1.71985168e+07  4.47715220e+01 -6.32002446e+00 
 1.72978445e+07  4.47614695e+01 -6.35510919e+00 
 1.73977459e+07  4.47513051e+01 -6.39037253e+00 
 1.74982242e+07  4.47410276e+01 -6.42581509e+00 
 1.75992828e+07  4.47306359e+01 -6.46143752e+00 
 1.77009251e+07  4.47201286e+01 -6.49724044e+00 
 1.78031544e+07  4.47095046e+01 -6.53322447e+00 
 1.79059741e+07  4.46987626e+01 -6.56939022e+00 
 1.80093877e+07  4.46879014e+01 -6.60573832e+00 
 1.81133984e+07  4.46769197e+01 -6.64226938e+00 
 1.82180099e+07  4.46658162e+01 -6.67898400e+00 
 1.83232256e+07  4.46545897e+01 -6.71588279e+00 
 1.84290489e+07  4.46432388e+01 -6.75296636e+00 
 1.85354834e+07  4.46317623e+01 -6.79023529e+00 
 1.86425326e+07  4.46201587e+01 -6.82769019e+00 
 1.87502000e+07  4.46084269e+01 -6.86533165e+00 
 1.88584892e+07  4.45965653e+01 -6.90316024e+00 
 1.89674039e+07  4.45845727e+01 -6.94117656e+00 
 1.90769476e+07  4.45724477e+01 -6.97938117e+00 
 1.91871239e+07  4.45601889e+01 -7.01777465e+00 
 1.92979365e+07  4.45477949e+01 -7.05635756e+00 
 1.94093892e+07  4.45352643e+01 -7.09513046e+00 
 1.95214855e+07  4.45225956e+01 -7.13409392e+00 
 1.96342292e+07  4.45097874e+01 -7.17324848e+00 
 1.97476240e+07  4.44968384e+01 -7.21259469e+00 
 1.98616737e+07  4.44837469e+01 -7.25213309e+00 
 1.99763821e+07  4.44705115e+01 -7.29186420e+00 
 2.00917530e+07  4.44571307e+01 -7.33178857e+00 
 2.02077902e+07  4.44436031e+01 -7.37190671e+00 
 2.03244976e+07  4.44299271e+01 -7.41221913e+00 
 2.04418790e+07  4.44161011e+01 -7.45272635e+00 
 2.05599383e+07  4.44021237e+01 -7.49342887e+00 
 2.06786794e+07  4.43879932e+01 -7.53432719e+00 
 2.07981064e+07  4.43737081e+01 -7.57542178e+00 
 2.09182230e+07  4.43592668e+01 -7.61671314e+00 
 2.10390334e+07  4.43446676e+01 -7.65820174e+00 
 2.11605415e+07  4.43299091e+01 -7.69988803e+00 
 2.12827513e+07  4.43149895e+01 -7.74177250e+00 
 2.14056670e+07  4.42999072e+01 -7.78385557e+00 
 2.15292925e+07  4.42846606e+01 -7.82613770e+00 
 2.16536320e+07  4.42692479e+01 -7.86861932e+00 
 2.17786896e+07  4.42536675e+01 -7.91130086e+00 
 2.19044695e+07  4.42379177e+01 -7.95418272e+00 
 2.20309758e+07  4.42219967e+01 -7.99726533e+00 
 2.21582127e+07  4.42059029e+01 -8.04054908e+00 
 2.22861845e+07  4.41896344e+01 -8.08403435e+00 
 2.24148953e+07  4.41731896e+01 -8.12772153e+00 
 2.25443495e+07  4.41565666e+01 -8.17161099e+00 
 2.26745514e+07  4.41397637e+01 -8.21570309e+00 
 2.28055052e+07  4.41227790e+01 -8.25999818e+00 
 2.29372153e+07  4.41056108e+01 -8.30449659e+00 
 2.30696861e+07  4.40882572e+01 -8.34919865e+00 
 2.32029219e+07  4.40707163e+01 -8.39410469e+00 
 2.33369273e+07  4.40529863e+01 -8.43921501e+00 
 2.34717066e+07  4.40350653e+01 -8.48452991e+00 
 2.36072642e+07  4.40169514e+01 -8.53004966e+00 
 2.37436048e+07  4.39986427e+01 -8.57577454e+00 
 2.38807328e+07  4.39801373e+01 -8.62170481e+00 
 2.40186527e+07  4.39614332e+01 -8.66784071e+00 
 2.41573692e+07  4.39425285e+01 -8.71418248e+00 
 2.42968868e+07  4.39234212e+01 -8.76073034e+00 
 2.44372102e+07  4.39041093e+01 -8.80748451e+00 
 2.45783440e+07  4.38845908e+01 -8.85444516e+00 
 2.47202929e+07  4.38648637e+01 -8.90161249e+00 
 2.48630616e+07  4.38449260e+01 -8.94898666e+00 
 2.50066549e+07  4.38247756e+01 -8.99656782e+00 
 2.51510774e+07  4.38044105e+01 -9.04435612e+00 
 2.52963341e+07  4.37838286e+01 -9.09235167e+00 
 2.54424296e+07  4.37630277e+01 -9.14055458e+00 
 2.55893689e+07  4.37420058e+01 -9.18896496e+00 
 2.57371569e+07  4.37207608e+01 -9.23758286e+00 
 2.58857983e+07  4.36992904e+01 -9.28640836e+00 
 2.60352983e+07  4.36775926e+01 -9.33544150e+00 
 2.61856616e+07  4.36556652e+01 -9.38468231e+00 
 2.63368934e+07  4.36335060e+01 -9.43413080e+00 
 2.64889985e+07  4.36111128e+01 -9.48378697e+00 
 2.66419822e+07  4.35884834e+01 -9.53365078e+00 
 2.67958493e+07  4.35656155e+01 -9.58372221e+00 
 2.69506051e+07  4.35425068e+01 -9.63400119e+00 
 2.71062547e+07  4.35191553e+01 -9.68448764e+00 
 2.72628032e+07  4.34955584e+01 -9.73518148e+00 
 2.74202558e+07  4.34717141e+01 -9.78608257e+00 
 2.75786178e+07  4.34476198e+01 -9.83719080e+00 
 2.77378944e+07  4.34232734e+01 -9.88850600e+00 
 2.78980909e+07  4.33986725e+01 -9.94002800e+00 
 2.80592125e+07  4.33738147e+01 -9.99175660e+00 
 2.82212647e+07  4.33486977e+01 -1.00436916e+01 
 2.83842528e+07  4.33233190e+01 -1.00958328e+01 
 2.85481822e+07  4.32976763e+01 -1.01481798e+01 
 2.87130584e+07  4.32717672e+01 -1.02007325e+01 
 2.88788868e+07  4.32455892e+01 -1.02534904e+01 
 2.90456729e+07  4.32191399e+01 -1.03064534e+01 
 2.92134222e+07  4.31924169e+01 -1.03596210e+01 
 2.93821404e+07  4.31654175e+01 -1.04129929e+01 
 2.95518330e+07  4.31381395e+01 -1.04665687e+01 
 2.97225056e+07  4.31105802e+01 -1.05203479e+01 
 2.98941639e+07  4.30827372e+01 -1.05743301e+01 
 3.00668136e+07  4.30546079e+01 -1.06285149e+01 
 3.02404604e+07  4.30261898e+01 -1.06829018e+01 
 3.04151101e+07  4.29974803e+01 -1.07374902e+01 
 3.05907685e+07  4.29684769e+01 -1.07922795e+01 
 3.07674413e+07  4.29391769e+01 -1.08472694e+01 
 3.09451345e+07  4.29095778e+01 -1.09024590e+01 
 3.11238540e+07  4.28796770e+01 -1.09578479e+01 
 3.13036056e+07  4.28494718e+01 -1.10134353e+01 
 3.14843953e+07  4.28189596e+01 -1.10692207e+01 
 3.16662292e+07  4.27881377e+01 -1.11252031e+01 
 3.18491132e+07  4.27570036e+01 -1.11813821e+01 
 3.20330535e+07  4.27255544e+01 -1.12377567e+01 
 3.22180560e+07  4.26937876e+01 -1.12943262e+01 
 3.24041271e+07  4.26617004e+01 -1.13510898e+01 
 3.25912727e+07  4.26292901e+01 -1.14080466e+01 
 3.27794992e+07  4.25965540e+01 -1.14651957e+01 
 3.29688128e+07  4.25634894e+01 -1.15225362e+01 
 3.31592197e+07  4.25300935e+01 -1.15800672e+01 
 3.33507263e+07  4.24963636e+01 -1.16377877e+01 
 3.35433389e+07  4.24622968e+01 -1.16956966e+01 
 3.37370639e+07  4.24278905e+01 -1.17537931e+01 
 3.39319078e+07  4.23931418e+01 -1.18120758e+01 
 3.41278769e+07  4.23580480e+01 -1.18705439e+01 
 3.43249778e+07  4.23226062e+01 -1.19291960e+01 
 3.45232171e+07  4.22868136e+01 -1.19880311e+01 
 3.47226013e+07  4.22506674e+01 -1.20470479e+01 
 3.49231370e+07  4.22141647e+01 -1.21062452e+01 
 3.51248308e+07  4.21773028e+01 -1.21656217e+01 
 3.53276895e+07  4.21400787e+01 -1.22251761e+01 
 3.55317198e+07  4.21024897e+01 -1.22849070e+01 
 3.57369285e+07  4.20645327e+01 -1.23448130e+01 
 3.59433223e+07  4.20262051e+01 -1.24048928e+01 
 3.61509081e+07  4.19875039e+01 -1.24651448e+01 
 3.63596928e+07  4.19484261e+01 -1.25255675e+01 
 3.65696832e+07  4.19089690e+01 -1.25861594e+01 
 3.67808865e+07  4.18691296e+01 -1.26469190e+01 
 3.69933095e+07  4.18289051e+01 -1.27078446e+01 
 3.72069594e+07  4.17882924e+01 -1.27689344e+01 
 3.74218432e+07  4.17472888e+01 -1.28301870e+01 
 3.76379680e+07  4.17058912e+01 -1.28916004e+01 
 3.78553410e+07  4.16640968e+01 -1.29531729e+01 
 3.80739694e+07  4.16219027e+01 -1.30149028e+01 
 3.82938604e+07  4.15793059e+01 -1.30767881e+01 
 3.85150214e+07  4.15363035e+01 -1.31388269e+01 
 3.87374597e+07  4.14928926e+01 -1.32010172e+01 
 3.89611827e+07  4.14490702e+01 -1.32633572e+01 
 3.91861977e+07  4.14048334e+01 -1.33258447e+01 
 3.94125123e+07  4.13601793e+01 -1.33884777e+01 
 3.96401340e+07  4.13151050e+01 -1.34512540e+01 
 3.98690702e+07  4.12696075e+01 -1.35141715e+01 
 4.00993286e+07  4.12236839e+01 -1.35772280e+01 
 4.03309169e+07  4.11773312e+01 -1.36404212e+01 
 4.05638426e+07  4.11305467e+01 -1.37037488e+01 
 4.07981136e+07  4.10833272e+01 -1.37672084e+01 
 4.10337376e+07  4.10356700e+01 -1.38307977e+01 
 4.12707224e+07  4.09875721e+01 -1.38945143e+01 
 4.15090759e+07  4.09390306e+01 -1.39583556e+01 
 4.17488059e+07  4.08900425e+01 -1.40223190e+01 
 4.19899205e+07  4.08406051e+01 -1.40864021e+01 
 4.22324276e+07  4.07907154e+01 -1.41506022e+01 
 4.24763353e+07  4.07403706e+01 -1.42149166e+01 
 4.27216516e+07  4.06895676e+01 -1.42793425e+01 
 4.29683848e+07  4.06383038e+01 -1.43438772e+01 
 4.32165429e+07  4.05865763e+01 -1.44085179e+01 
 4.34661342e+07  4.05343821e+01 -1.44732617e+01 
 4.37171669e+07  4.04817185e+01 -1.45381056e+01 
 4.39696495e+07  4.04285827e+01 -1.46030468e+01 
 4.42235903e+07  4.03749718e+01 -1.46680821e+01 
 4.44789977e+07  4.03208830e+01 -1.47332084e+01 
 4.47358801e+07  4.02663136e+01 -1.47984227e+01 
 4.49942461e+07  4.02112607e+01 -1.48637218e+01 
 4.52541043e+07  4.01557218e+01 -1.49291024e+01 
 4.55154633e+07  4.00996939e+01 -1.49945612e+01 
 4.57783317e+07  4.00431744e+01 -1.50600950e+01 
 4.60427182e+07  3.99861606e+01 -1.51257003e+01 
 4.63086317e+07  3.99286498e+01 -1.51913736e+01 
 4.65760810e+07  3.98706393e+01 -1.52571116e+01 
 4.68450748e+07  3.98121265e+01 -1.53229105e+01 
 4.71156222e+07  3.97531088e+01 -1.53887670e+01 
 4.73877321e+07  3.96935836e+01 -1.54546772e+01 
 4.76614136e+07  3.96335483e+01 -1.55206375e+01 
 4.79366756e+07  3.95730003e+01 -1.55866441e+01 
 4.82135274e+07  3.95119372e+01 -1.56526932e+01 
 4.84919781e+07  3.94503564e+01 -1.57187810e+01 
 4.87720370e+07  3.93882554e+01 -1.57849035e+01 
 4.90537133e+07  3.93256318e+01 -1.58510568e+01 
 4.93370164e+07  3.92624832e+01 -1.59172367e+01 
 4.96219556e+07  3.91988072e+01 -1.59834394e+01 
 4.99085405e+07  3.91346015e+01 -1.60496605e+01 
 5.01967806e+07  3.90698636e+01 -1.61158959e+01 
 5.04866853e+07  3.90045914e+01 -1.61821415e+01 
 5.07782643e+07  3.89387825e+01 -1.62483928e+01 
 5.10715273e+07  3.88724347e+01 -1.63146455e+01 
 5.13664840e+07  3.88055459e+01 -1.63808953e+01 
 5.16631442e+07  3.87381138e+01 -1.64471377e+01 
 5.19615177e+07  3.86701364e+01 -1.65133681e+01 
 5.22616144e+07  3.86016116e+01 -1.65795820e+01 
 5.25634443e+07  3.85325374e+01 -1.66457747e+01 
 5.28670174e+07  3.84629116e+01 -1.67119417e+01 
 5.31723437e+07  3.83927325e+01 -1.67780782e+01 
 5.34794334e+07  3.83219980e+01 -1.68441794e+01 
 5.37882966e+07  3.82507064e+01 -1.69102404e+01 
 5.40989436e+07  3.81788557e+01 -1.69762565e+01 
 5.44113848e+07  3.81064442e+01 -1.70422226e+01 
 5.47256304e+07  3.80334702e+01 -1.71081338e+01 
 5.50416909e+07  3.79599320e+01 -1.71739850e+01 
 5.53595767e+07  3.78858279e+01 -1.72397712e+01 
 5.56792984e+07  3.78111564e+01 -1.73054872e+01 
 5.60008667e+07  3.77359159e+01 -1.73711278e+01 
 5.63242921e+07  3.76601050e+01 -1.74366878e+01 
 5.66495855e+07  3.75837221e+01 -1.75021619e+01 
 5.69767575e+07  3.75067661e+01 -1.75675448e+01 
 5.73058191e+07  3.74292355e+01 -1.76328310e+01 
 5.76367811e+07  3.73511290e+01 -1.76980152e+01 
 5.79696545e+07  3.72724455e+01 -1.77630918e+01 
 5.83044504e+07  3.71931839e+01 -1.78280553e+01 
 5.86411799e+07  3.71133430e+01 -1.78929001e+01 
 5.89798541e+07  3.70329219e+01 -1.79576207e+01 
 5.93204843e+07  3.69519195e+01 -1.80222114e+01 
 5.96630817e+07  3.68703350e+01 -1.80866663e+01 
 6.00076578e+07  3.67881676e+01 -1.81509798e+01 
 6.03542239e+07  3.67054165e+01 -1.82151462e+01 
 6.07027915e+07  3.66220809e+01 -1.82791594e+01 
 6.10533723e+07  3.65381604e+01 -1.83430136e+01 
 6.14059778e+07  3.64536543e+01 -1.84067030e+01 
 6.17606197e+07  3.63685620e+01 -1.84702215e+01 
 6.21173098e+07  3.62828834e+01 -1.85335631e+01 
 6.24760599e+07  3.61966178e+01 -1.85967219e+01 
 6.28368820e+07  3.61097652e+01 -1.86596916e+01 
 6.31997879e+07  3.60223253e+01 -1.87224661e+01 
 6.35647897e+07  3.59342980e+01 -1.87850394e+01 
 6.39318996e+07  3.58456832e+01 -1.88474052e+01 
 6.43011296e+07  3.57564810e+01 -1.89095572e+01 
 6.46724921e+07  3.56666915e+01 -1.89714893e+01 
 6.50459993e+07  3.55763149e+01 -1.90331951e+01 
 6.54216637e+07  3.54853515e+01 -1.90946683e+01 
 6.57994977e+07  3.53938016e+01 -1.91559025e+01 
 6.61795138e+07  3.53016657e+01 -1.92168913e+01 
 6.65617246e+07  3.52089442e+01 -1.92776284e+01 
 6.69461429e+07  3.51156379e+01 -1.93381072e+01 
 6.73327813e+07  3.50217473e+01 -1.93983214e+01 
 6.77216526e+07  3.49272734e+01 -1.94582644e+01 
 6.81127699e+07  3.48322169e+01 -1.95179297e+01 
 6.85061460e+07  3.47365788e+01 -1.95773108e+01 
 6.89017940e+07  3.46403601e+01 -1.96364010e+01 
 6.92997270e+07  3.45435621e+01 -1.96951939e+01 
 6.96999582e+07  3.44461858e+01 -1.97536829e+01 
 7.01025008e+07  3.43482327e+01 -1.98118612e+01 
 7.05073684e+07  3.42497042e+01 -1.98697224e+01 
 7.09145741e+07  3.41506017e+01 -1.99272597e+01 
 7.13241317e+07  3.40509269e+01 -1.99844665e+01 
 7.17360545e+07  3.39506815e+01 -2.00413361e+01 
 7.21503564e+07  3.38498672e+01 -2.00978619e+01 
 7.25670511e+07  3.37484859e+01 -2.01540371e+01 
 7.29861522e+07  3.36465396e+01 -2.02098551e+01 
 7.34076739e+07  3.35440305e+01 -2.02653093e+01 
 7.38316300e+07  3.34409607e+01 -2.03203928e+01 
 7.42580346e+07  3.33373324e+01 -2.03750990e+01 
 7.46869018e+07  3.32331480e+01 -2.04294211e+01 
 7.51182459e+07  3.31284101e+01 -2.04833526e+01 
 7.55520812e+07  3.30231212e+01 -2.05368867e+01 
 7.59884220e+07  3.29172839e+01 -2.05900167e+01 
 7.64272829e+07  3.28109011e+01 -2.06427359e+01 
 7.68686783e+07  3.27039757e+01 -2.06950376e+01 
 7.73126230e+07  3.25965105e+01 -2.07469153e+01 
 7.77591316e+07  3.24885088e+01 -2.07983622e+01 
 7.82082189e+07  3.23799737e+01 -2.08493717e+01 
 7.86598999e+07  3.22709085e+01 -2.08999371e+01 
 7.91141896e+07  3.21613165e+01 -2.09500520e+01 
 7.95711029e+07  3.20512013e+01 -2.09997096e+01 
 8.00306550e+07  3.19405665e+01 -2.10489034e+01 
 8.04928612e+07  3.18294158e+01 -2.10976270e+01 
 8.09577369e+07  3.17177529e+01 -2.11458736e+01 
 8.14252973e+07  3.16055819e+01 -2.11936370e+01 
 8.18955581e+07  3.14929066e+01 -2.12409105e+01 
 8.23685349e+07  3.13797313e+01 -2.12876879e+01 
 8.28442432e+07  3.12660601e+01 -2.13339626e+01 
 8.33226989e+07  3.11518974e+01 -2.13797283e+01 
 8.38039179e+07  3.10372476e+01 -2.14249787e+01 
 8.42879161e+07  3.09221152e+01 -2.14697075e+01 
 8.47747096e+07  3.08065049e+01 -2.15139085e+01 
 8.52643144e+07  3.06904213e+01 -2.15575754e+01 
 8.57567470e+07  3.05738694e+01 -2.16007020e+01 
 8.62520235e+07  3.04568540e+01 -2.16432823e+01 
 8.67501604e+07  3.03393802e+01 -2.16853102e+01 
 8.72511742e+07  3.02214532e+01 -2.17267796e+01 
 8.77550815e+07  3.01030781e+01 -2.17676847e+01 
 8.82618991e+07  2.99842603e+01 -2.18080194e+01 
 8.87716438e+07  2.98650053e+01 -2.18477779e+01 
 8.92843324e+07  2.97453185e+01 -2.18869544e+01 
 8.97999820e+07  2.96252057e+01 -2.19255432e+01 
 9.03186097e+07  2.95046725e+01 -2.19635386e+01 
 9.08402326e+07  2.93837248e+01 -2.20009350e+01 
 9.13648681e+07  2.92623684e+01 -2.20377267e+01 
 9.18925335e+07  2.91406095e+01 -2.20739085e+01 
 9.24232464e+07  2.90184541e+01 -2.21094747e+01 
 9.29570244e+07  2.88959084e+01 -2.21444201e+01 
 9.34938851e+07  2.87729787e+01 -2.21787393e+01 
 9.40338464e+07  2.86496714e+01 -2.22124273e+01 
 9.45769262e+07  2.85259929e+01 -2.22454789e+01 
 9.51231424e+07  2.84019499e+01 -2.22778890e+01 
 9.56725133e+07  2.82775490e+01 -2.23096526e+01 
 9.62250569e+07  2.81527968e+01 -2.23407649e+01 
 9.67807917e+07  2.80277003e+01 -2.23712212e+01 
 9.73397361e+07  2.79022664e+01 -2.24010166e+01 
 9.79019086e+07  2.77765019e+01 -2.24301465e+01 
 9.84673278e+07  2.76504141e+01 -2.24586065e+01 
 9.90360126e+07  2.75240100e+01 -2.24863920e+01 
 9.96079817e+07  2.73972968e+01 -2.25134988e+01 
 1.00183254e+08  2.72702819e+01 -2.25399225e+01 
 1.00761849e+08  2.71429726e+01 -2.25656590e+01 
 1.01343785e+08  2.70153764e+01 -2.25907042e+01 
 1.01929083e+08  2.68875008e+01 -2.26150542e+01 
 1.02517760e+08  2.67593534e+01 -2.26387050e+01 
 1.03109838e+08  2.66309418e+01 -2.26616530e+01 
 1.03705335e+08  2.65022738e+01 -2.26838944e+01 
 1.04304271e+08  2.63733571e+01 -2.27054256e+01 
 1.04906666e+08  2.62441997e+01 -2.27262434e+01 
 1.05512540e+08  2.61148094e+01 -2.27463442e+01 
 1.06121914e+08  2.59851943e+01 -2.27657248e+01 
 1.06734807e+08  2.58553622e+01 -2.27843821e+01 
 1.07351239e+08  2.57253214e+01 -2.28023132e+01 
 1.07971232e+08  2.55950800e+01 -2.28195150e+01 
 1.08594805e+08  2.54646461e+01 -2.28359847e+01 
 1.09221979e+08  2.53340280e+01 -2.28517198e+01 
 1.09852776e+08  2.52032340e+01 -2.28667177e+01 
 1.10487216e+08  2.50722724e+01 -2.28809758e+01 
 1.11125320e+08  2.49411517e+01 -2.28944918e+01 
 1.11767109e+08  2.48098802e+01 -2.29072636e+01 
 1.12412605e+08  2.46784664e+01 -2.29192891e+01 
 1.13061829e+08  2.45469188e+01 -2.29305662e+01 
 1.13714802e+08  2.44152459e+01 -2.29410931e+01 
 1.14371547e+08  2.42834563e+01 -2.29508680e+01 
 1.15032084e+08  2.41515586e+01 -2.29598895e+01 
 1.15696436e+08  2.40195614e+01 -2.29681559e+01 
 1.16364625e+08  2.38874733e+01 -2.29756659e+01 
 1.17036674e+08  2.37553031e+01 -2.29824183e+01 
 1.17712603e+08  2.36230595e+01 -2.29884119e+01 
 1.18392436e+08  2.34907511e+01 -2.29936458e+01 
 1.19076196e+08  2.33583867e+01 -2.29981190e+01 
 1.19763904e+08  2.32259751e+01 -2.30018309e+01 
 1.20455585e+08  2.30935249e+01 -2.30047808e+01 
 1.21151260e+08  2.29610450e+01 -2.30069682e+01 
 1.21850952e+08  2.28285442e+01 -2.30083928e+01 
 1.22554686e+08  2.26960312e+01 -2.30090543e+01 
 1.23262484e+08  2.25635149e+01 -2.30089527e+01 
 1.23974370e+08  2.24310039e+01 -2.30080878e+01 
 1.24690367e+08  2.22985072e+01 -2.30064599e+01 
 1.25410499e+08  2.21660334e+01 -2.30040693e+01 
 1.26134791e+08  2.20335914e+01 -2.30009163e+01 
 1.26863265e+08  2.19011899e+01 -2.29970014e+01 
 1.27595947e+08  2.17688378e+01 -2.29923253e+01 
 1.28332860e+08  2.16365436e+01 -2.29868888e+01 
 1.29074029e+08  2.15043163e+01 -2.29806927e+01 
 1.29819479e+08  2.13721644e+01 -2.29737382e+01 
 1.30569233e+08  2.12400967e+01 -2.29660262e+01 
 1.31323318e+08  2.11081218e+01 -2.29575582e+01 
 1.32081758e+08  2.09762484e+01 -2.29483354e+01 
 1.32844579e+08  2.08444852e+01 -2.29383595e+01 
 1.33611805e+08  2.07128406e+01 -2.29276320e+01 
 1.34383462e+08  2.05813233e+01 -2.29161548e+01 
 1.35159575e+08  2.04499418e+01 -2.29039296e+01 
 1.35940171e+08  2.03187045e+01 -2.28909585e+01 
 1.36725275e+08  2.01876200e+01 -2.28772437e+01 
 1.37514913e+08  2.00566966e+01 -2.28627873e+01 
 1.38309112e+08  1.99259427e+01 -2.28475917e+01 
 1.39107898e+08  1.97953667e+01 -2.28316595e+01 
 1.39911297e+08  1.96649767e+01 -2.28149931e+01 
 1.40719335e+08  1.95347811e+01 -2.27975954e+01 
 1.41532041e+08  1.94047881e+01 -2.27794690e+01 
 1.42349440e+08  1.92750057e+01 -2.27606170e+01 
 1.43171560e+08  1.91454420e+01 -2.27410424e+01 
 1.43998428e+08  1.90161051e+01 -2.27207484e+01 
 1.44830071e+08  1.88870029e+01 -2.26997382e+01 
 1.45666518e+08  1.87581433e+01 -2.26780152e+01 
 1.46507795e+08  1.86295341e+01 -2.26555829e+01 
 1.47353931e+08  1.85011832e+01 -2.26324448e+01 
 1.48204954e+08  1.83730982e+01 -2.26086047e+01 
 1.49060892e+08  1.82452868e+01 -2.25840663e+01 
 1.49921773e+08  1.81177566e+01 -2.25588335e+01 
 1.50787626e+08  1.79905150e+01 -2.25329104e+01 
 1.51658479e+08  1.78635695e+01 -2.25063010e+01 
 1.52534362e+08  1.77369274e+01 -2.24790094e+01 
 1.53415304e+08  1.76105961e+01 -2.24510401e+01 
 1.54301333e+08  1.74845827e+01 -2.24223973e+01 
 1.55192480e+08  1.73588944e+01 -2.23930855e+01 
 1.56088773e+08  1.72335382e+01 -2.23631094e+01 
 1.56990242e+08  1.71085211e+01 -2.23324734e+01 
 1.57896918e+08  1.69838499e+01 -2.23011824e+01 
 1.58808831e+08  1.68595315e+01 -2.22692412e+01 
 1.59726009e+08  1.67355725e+01 -2.22366546e+01 
 1.60648485e+08  1.66119797e+01 -2.22034277e+01 
 1.61576289e+08  1.64887595e+01 -2.21695655e+01 
 1.62509451e+08  1.63659185e+01 -2.21350731e+01 
 1.63448002e+08  1.62434628e+01 -2.20999559e+01 
 1.64391974e+08  1.61213990e+01 -2.20642189e+01 
 1.65341398e+08  1.59997330e+01 -2.20278677e+01 
 1.66296305e+08  1.58784710e+01 -2.19909077e+01 
 1.67256727e+08  1.57576191e+01 -2.19533443e+01 
 1.68222695e+08  1.56371830e+01 -2.19151831e+01 
 1.69194243e+08  1.55171686e+01 -2.18764298e+01 
 1.70171401e+08  1.53975817e+01 -2.18370900e+01 
 1.71154203e+08  1.52784277e+01 -2.17971695e+01 
 1.72142681e+08  1.51597123e+01 -2.17566741e+01 
 1.73136868e+08  1.50414408e+01 -2.17156097e+01 
 1.74136796e+08  1.49236186e+01 -2.16739823e+01 
 1.75142500e+08  1.48062508e+01 -2.16317977e+01 
 1.76154012e+08  1.46893427e+01 -2.15890620e+01 
 1.77171365e+08  1.45728991e+01 -2.15457814e+01 
 1.78194595e+08  1.44569251e+01 -2.15019619e+01 
 1.79223733e+08  1.43414253e+01 -2.14576097e+01 
 1.80258816e+08  1.42264047e+01 -2.14127311e+01 
 1.81299876e+08  1.41118676e+01 -2.13673322e+01 
 1.82346949e+08  1.39978187e+01 -2.13214194e+01 
 1.83400069e+08  1.38842624e+01 -2.12749990e+01 
 1.84459272e+08  1.37712029e+01 -2.12280775e+01 
 1.85524591e+08  1.36586444e+01 -2.11806611e+01 
 1.86596063e+08  1.35465911e+01 -2.11327564e+01 
 1.87673724e+08  1.34350469e+01 -2.10843697e+01 
 1.88757608e+08  1.33240157e+01 -2.10355077e+01 
 1.89847752e+08  1.32135013e+01 -2.09861768e+01 
 1.90944192e+08  1.31035074e+01 -2.09363836e+01 
 1.92046964e+08  1.29940376e+01 -2.08861346e+01 
 1.93156106e+08  1.28850952e+01 -2.08354364e+01 
 1.94271653e+08  1.27766838e+01 -2.07842957e+01 
 1.95393642e+08  1.26688065e+01 -2.07327191e+01 
 1.96522112e+08  1.25614665e+01 -2.06807131e+01 
 1.97657099e+08  1.24546669e+01 -2.06282845e+01 
 1.98798641e+08  1.23484107e+01 -2.05754400e+01 
 1.99946775e+08  1.22427006e+01 -2.05221861e+01 
 2.01101541e+08  1.21375396e+01 -2.04685296e+01 
 2.02262976e+08  1.20329301e+01 -2.04144772e+01 
 2.03431118e+08  1.19288748e+01 -2.03600355e+01 
 2.04606007e+08  1.18253761e+01 -2.03052114e+01 
 2.05787681e+08  1.17224364e+01 -2.02500113e+01 
 2.06976180e+08  1.16200579e+01 -2.01944422e+01 
 2.08171543e+08  1.15182429e+01 -2.01385105e+01 
 2.09373810e+08  1.14169933e+01 -2.00822232e+01 
 2.10583020e+08  1.13163110e+01 -2.00255868e+01 
 2.11799214e+08  1.12161981e+01 -1.99686079e+01 
 2.13022431e+08  1.11166562e+01 -1.99112934e+01 
 2.14252714e+08  1.10176871e+01 -1.98536498e+01 
 2.15490101e+08  1.09192922e+01 -1.97956838e+01 
 2.16734635e+08  1.08214732e+01 -1.97374021e+01 
 2.17986357e+08  1.07242313e+01 -1.96788112e+01 
 2.19245308e+08  1.06275679e+01 -1.96199178e+01 
 2.20511529e+08  1.05314842e+01 -1.95607285e+01 
 2.21785064e+08  1.04359813e+01 -1.95012498e+01 
 2.23065953e+08  1.03410602e+01 -1.94414883e+01 
 2.24354241e+08  1.02467219e+01 -1.93814505e+01 
 2.25649968e+08  1.01529672e+01 -1.93211429e+01 
 2.26953179e+08  1.00597968e+01 -1.92605720e+01 
 2.28263916e+08  9.96721156e+00 -1.91997444e+01 
 2.29582224e+08  9.87521193e+00 -1.91386663e+01 
 2.30908145e+08  9.78379845e+00 -1.90773443e+01 
 2.32241724e+08  9.69297155e+00 -1.90157847e+01 
 2.33583004e+08  9.60273155e+00 -1.89539938e+01 
 2.34932031e+08  9.51307872e+00 -1.88919780e+01 
 2.36288850e+08  9.42401323e+00 -1.88297436e+01 
 2.37653504e+08  9.33553518e+00 -1.87672967e+01 
 2.39026040e+08  9.24764459e+00 -1.87046438e+01 
 2.40406502e+08  9.16034139e+00 -1.86417908e+01 
 2.41794937e+08  9.07362546e+00 -1.85787440e+01 
 2.43191391e+08  8.98749658e+00 -1.85155095e+01 
 2.44595910e+08  8.90195446e+00 -1.84520934e+01 
 2.46008541e+08  8.81699875e+00 -1.83885017e+01 
 2.47429330e+08  8.73262900e+00 -1.83247404e+01 
 2.48858325e+08  8.64884473e+00 -1.82608155e+01 
 2.50295572e+08  8.56564535e+00 -1.81967329e+01 
 2.51741121e+08  8.48303023e+00 -1.81324984e+01 
 2.53195017e+08  8.40099864e+00 -1.80681179e+01 
 2.54657311e+08  8.31954983e+00 -1.80035972e+01 
 2.56128050e+08  8.23868293e+00 -1.79389421e+01 
 2.57607283e+08  8.15839705e+00 -1.78741582e+01 
 2.59095059e+08  8.07869121e+00 -1.78092512e+01 
 2.60591427e+08  7.99956438e+00 -1.77442267e+01 
 2.62096438e+08  7.92101547e+00 -1.76790903e+01 
 2.63610140e+08  7.84304332e+00 -1.76138475e+01 
 2.65132585e+08  7.76564671e+00 -1.75485037e+01 
 2.66663822e+08  7.68882438e+00 -1.74830645e+01 
 2.68203903e+08  7.61257499e+00 -1.74175351e+01 
 2.69752879e+08  7.53689716e+00 -1.73519209e+01 
 2.71310800e+08  7.46178945e+00 -1.72862272e+01 
 2.72877719e+08  7.38725037e+00 -1.72204592e+01 
 2.74453687e+08  7.31327838e+00 -1.71546220e+01 
 2.76038757e+08  7.23987187e+00 -1.70887209e+01 
 2.77632982e+08  7.16702921e+00 -1.70227608e+01 
 2.79236414e+08  7.09474869e+00 -1.69567468e+01 
 2.80849106e+08  7.02302857e+00 -1.68906839e+01 
 2.82471112e+08  6.95186707e+00 -1.68245770e+01 
 2.84102486e+08  6.88126235e+00 -1.67584310e+01 
 2.85743281e+08  6.81121252e+00 -1.66922506e+01 
 2.87393553e+08  6.74171567e+00 -1.66260407e+01 
 2.89053355e+08  6.67276982e+00 -1.65598059e+01 
 2.90722744e+08  6.60437297e+00 -1.64935509e+01 
 2.92401774e+08  6.53652308e+00 -1.64272803e+01 
 2.94090501e+08  6.46921804e+00 -1.63609987e+01 
 2.95788981e+08  6.40245575e+00 -1.62947106e+01 
 2.97497270e+08  6.33623402e+00 -1.62284203e+01 
 2.99215425e+08  6.27055067e+00 -1.61621323e+01 
 3.00943503e+08  6.20540346e+00 -1.60958510e+01 
 3.02681562e+08  6.14079013e+00 -1.60295806e+01 
 3.04429658e+08  6.07670836e+00 -1.59633253e+01 
 3.06187851e+08  6.01315582e+00 -1.58970893e+01 
 3.07956197e+08  5.95013015e+00 -1.58308768e+01 
 3.09734757e+08  5.88762896e+00 -1.57646918e+01 
 3.11523588e+08  5.82564981e+00 -1.56985383e+01 
 3.13322750e+08  5.76419026e+00 -1.56324202e+01 
 3.15132303e+08  5.70324783e+00 -1.55663416e+01 
 3.16952307e+08  5.64282000e+00 -1.55003062e+01 
 3.18782823e+08  5.58290424e+00 -1.54343178e+01 
 3.20623910e+08  5.52349800e+00 -1.53683802e+01 
 3.22475630e+08  5.46459870e+00 -1.53024970e+01 
 3.24338044e+08  5.40620372e+00 -1.52366720e+01 
 3.26211215e+08  5.34831046e+00 -1.51709087e+01 
 3.28095203e+08  5.29091625e+00 -1.51052106e+01 
 3.29990073e+08  5.23401844e+00 -1.50395812e+01 
 3.31895886e+08  5.17761433e+00 -1.49740239e+01 
 3.33812706e+08  5.12170122e+00 -1.49085421e+01 
 3.35740596e+08  5.06627640e+00 -1.48431392e+01 
 3.37679620e+08  5.01133711e+00 -1.47778184e+01 
 3.39629843e+08  4.95688060e+00 -1.47125829e+01 
 3.41591330e+08  4.90290411e+00 -1.46474359e+01 
 3.43564144e+08  4.84940485e+00 -1.45823805e+01 
 3.45548352e+08  4.79638001e+00 -1.45174198e+01 
 3.47544020e+08  4.74382680e+00 -1.44525568e+01 
 3.49551214e+08  4.69174237e+00 -1.43877944e+01 
 3.51569999e+08  4.64012391e+00 -1.43231356e+01 
 3.53600444e+08  4.58896856e+00 -1.42585833e+01 
 3.55642616e+08  4.53827346e+00 -1.41941402e+01 
 3.57696582e+08  4.48803575e+00 -1.41298091e+01 
 3.59762410e+08  4.43825256e+00 -1.40655927e+01 
 3.61840169e+08  4.38892100e+00 -1.40014937e+01 
 3.63929928e+08  4.34003818e+00 -1.39375148e+01 
 3.66031756e+08  4.29160121e+00 -1.38736584e+01 
 3.68145723e+08  4.24360719e+00 -1.38099272e+01 
 3.70271899e+08  4.19605321e+00 -1.37463235e+01 
 3.72410354e+08  4.14893635e+00 -1.36828498e+01 
 3.74561160e+08  4.10225370e+00 -1.36195086e+01 
 3.76724387e+08  4.05600234e+00 -1.35563021e+01 
 3.78900108e+08  4.01017934e+00 -1.34932326e+01 
 3.81088394e+08  3.96478179e+00 -1.34303025e+01 
 3.83289319e+08  3.91980675e+00 -1.33675137e+01 
 3.85502955e+08  3.87525129e+00 -1.33048687e+01 
 3.87729375e+08  3.83111249e+00 -1.32423693e+01 
 3.89968653e+08  3.78738742e+00 -1.31800178e+01 
 3.92220865e+08  3.74407314e+00 -1.31178161e+01 
 3.94486083e+08  3.70116673e+00 -1.30557662e+01 
 3.96764384e+08  3.65866526e+00 -1.29938701e+01 
 3.99055843e+08  3.61656581e+00 -1.29321296e+01 
 4.01360536e+08  3.57486545e+00 -1.28705466e+01 
 4.03678540e+08  3.53356127e+00 -1.28091229e+01 
 4.06009931e+08  3.49265033e+00 -1.27478603e+01 
 4.08354786e+08  3.45212975e+00 -1.26867605e+01 
 4.10713184e+08  3.41199659e+00 -1.26258252e+01 
 4.13085202e+08  3.37224796e+00 -1.25650560e+01 
 4.15470920e+08  3.33288096e+00 -1.25044546e+01 
 4.17870416e+08  3.29389269e+00 -1.24440225e+01 
 4.20283770e+08  3.25528027e+00 -1.23837613e+01 
 4.22711063e+08  3.21704080e+00 -1.23236725e+01 
 4.25152373e+08  3.17917142e+00 -1.22637574e+01 
 4.27607783e+08  3.14166925e+00 -1.22040176e+01 
 4.30077374e+08  3.10453144e+00 -1.21444543e+01 
 4.32561228e+08  3.06775511e+00 -1.20850690e+01 
 4.35059427e+08  3.03133744e+00 -1.20258630e+01 
 4.37572054e+08  2.99527558e+00 -1.19668375e+01 
 4.40099192e+08  2.95956669e+00 -1.19079937e+01 
 4.42640925e+08  2.92420797e+00 -1.18493329e+01 
 4.45197338e+08  2.88919658e+00 -1.17908563e+01 
 4.47768515e+08  2.85452974e+00 -1.17325649e+01 
 4.50354542e+08  2.82020464e+00 -1.16744599e+01 
 4.52955503e+08  2.78621850e+00 -1.16165423e+01 
 4.55571487e+08  2.75256855e+00 -1.15588131e+01 
 4.58202578e+08  2.71925203e+00 -1.15012734e+01 
 4.60848865e+08  2.68626618e+00 -1.14439242e+01 
 4.63510435e+08  2.65360826e+00 -1.13867663e+01 
 4.66187377e+08  2.62127555e+00 -1.13298007e+01 
 4.68879780e+08  2.58926531e+00 -1.12730282e+01 
 4.71587731e+08  2.55757485e+00 -1.12164497e+01 
 4.74311322e+08  2.52620147e+00 -1.11600660e+01 
 4.77050643e+08  2.49514248e+00 -1.11038779e+01 
 4.79805785e+08  2.46439521e+00 -1.10478862e+01 
 4.82576838e+08  2.43395702e+00 -1.09920915e+01 
 4.85363896e+08  2.40382523e+00 -1.09364946e+01 
 4.88167049e+08  2.37399724e+00 -1.08810961e+01 
 4.90986392e+08  2.34447041e+00 -1.08258967e+01 
 4.93822017e+08  2.31524213e+00 -1.07708969e+01 
 4.96674020e+08  2.28630982e+00 -1.07160975e+01 
 4.99542493e+08  2.25767089e+00 -1.06614989e+01 
 5.02427534e+08  2.22932278e+00 -1.06071017e+01 
 5.05329236e+08  2.20126293e+00 -1.05529063e+01 
 5.08247697e+08  2.17348879e+00 -1.04989134e+01 
 5.11183012e+08  2.14599786e+00 -1.04451232e+01 
 5.14135281e+08  2.11878761e+00 -1.03915363e+01 
 5.17104600e+08  2.09185554e+00 -1.03381531e+01 
 5.20091067e+08  2.06519918e+00 -1.02849740e+01 
 5.23094783e+08  2.03881605e+00 -1.02319993e+01 
 5.26115846e+08  2.01270370e+00 -1.01792293e+01 
 5.29154357e+08  1.98685970e+00 -1.01266644e+01 
 5.32210416e+08  1.96128161e+00 -1.00743049e+01 
 5.35284126e+08  1.93596702e+00 -1.00221510e+01 
 5.38375587e+08  1.91091354e+00 -9.97020308e+00 
 5.41484902e+08  1.88611879e+00 -9.91846124e+00 
 5.44612175e+08  1.86158041e+00 -9.86692574e+00 
 5.47757509e+08  1.83729603e+00 -9.81559676e+00 
 5.50921009e+08  1.81326333e+00 -9.76447448e+00 
 5.54102778e+08  1.78947999e+00 -9.71355903e+00 
 5.57302924e+08  1.76594370e+00 -9.66285056e+00 
 5.60521552e+08  1.74265217e+00 -9.61234916e+00 
 5.63758768e+08  1.71960313e+00 -9.56205492e+00 
 5.67014681e+08  1.69679431e+00 -9.51196792e+00 
 5.70289397e+08  1.67422347e+00 -9.46208821e+00 
 5.73583027e+08  1.65188839e+00 -9.41241583e+00 
 5.76895678e+08  1.62978685e+00 -9.36295078e+00 
 5.80227461e+08  1.60791664e+00 -9.31369308e+00 
 5.83578486e+08  1.58627560e+00 -9.26464269e+00 
 5.86948865e+08  1.56486155e+00 -9.21579960e+00 
 5.90338709e+08  1.54367234e+00 -9.16716374e+00 
 5.93748130e+08  1.52270583e+00 -9.11873506e+00 
 5.97177242e+08  1.50195990e+00 -9.07051345e+00 
 6.00626158e+08  1.48143245e+00 -9.02249884e+00 
 6.04094994e+08  1.46112139e+00 -8.97469111e+00 
 6.07583863e+08  1.44102463e+00 -8.92709011e+00 
 6.11092881e+08  1.42114014e+00 -8.87969572e+00 
 6.14622165e+08  1.40146585e+00 -8.83250777e+00 
 6.18171832e+08  1.38199974e+00 -8.78552610e+00 
 6.21742000e+08  1.36273980e+00 -8.73875050e+00 
 6.25332787e+08  1.34368403e+00 -8.69218080e+00 
 6.28944312e+08  1.32483044e+00 -8.64581676e+00 
 6.32576695e+08  1.30617708e+00 -8.59965817e+00 
 6.36230056e+08  1.28772199e+00 -8.55370478e+00 
 6.39904517e+08  1.26946323e+00 -8.50795634e+00 
 6.43600199e+08  1.25139888e+00 -8.46241260e+00 
 6.47317225e+08  1.23352704e+00 -8.41707326e+00 
 6.51055718e+08  1.21584581e+00 -8.37193805e+00 
 6.54815802e+08  1.19835332e+00 -8.32700666e+00 
 6.58597602e+08  1.18104770e+00 -8.28227879e+00 
 6.62401244e+08  1.16392712e+00 -8.23775410e+00 
 6.66226853e+08  1.14698974e+00 -8.19343228e+00 
 6.70074556e+08  1.13023375e+00 -8.14931296e+00 
 6.73944481e+08  1.11365734e+00 -8.10539580e+00 
 6.77836756e+08  1.09725873e+00 -8.06168044e+00 
 6.81751510e+08  1.08103615e+00 -8.01816649e+00 
 6.85688874e+08  1.06498784e+00 -7.97485358e+00 
 6.89648977e+08  1.04911205e+00 -7.93174131e+00 
 6.93631952e+08  1.03340707e+00 -7.88882927e+00 
 6.97637929e+08  1.01787118e+00 -7.84611706e+00 
 7.01667043e+08  1.00250268e+00 -7.80360426e+00 
 7.05719426e+08  9.87299886e-01 -7.76129042e+00 
 7.09795213e+08  9.72261129e-01 -7.71917512e+00 
 7.13894540e+08  9.57384755e-01 -7.67725791e+00 
 7.18017541e+08  9.42669123e-01 -7.63553833e+00 
 7.22164354e+08  9.28112605e-01 -7.59401592e+00 
 7.26335117e+08  9.13713590e-01 -7.55269020e+00 
 7.30529967e+08  8.99470479e-01 -7.51156071e+00 
 7.34749044e+08  8.85381688e-01 -7.47062696e+00 
 7.38992488e+08  8.71445645e-01 -7.42988844e+00 
 7.43260439e+08  8.57660794e-01 -7.38934467e+00 
 7.47553039e+08  8.44025592e-01 -7.34899513e+00 
 7.51870431e+08  8.30538509e-01 -7.30883932e+00 
 7.56212757e+08  8.17198031e-01 -7.26887671e+00 
 7.60580161e+08  8.04002654e-01 -7.22910678e+00 
 7.64972789e+08  7.90950891e-01 -7.18952899e+00 
 7.69390786e+08  7.78041265e-01 -7.15014281e+00 
 7.73834299e+08  7.65272314e-01 -7.11094770e+00 
 7.78303474e+08  7.52642591e-01 -7.07194309e+00 
 7.82798460e+08  7.40150659e-01 -7.03312845e+00 
 7.87319407e+08  7.27795095e-01 -6.99450321e+00 
 7.91866464e+08  7.15574491e-01 -6.95606680e+00 
 7.96439782e+08  7.03487450e-01 -6.91781865e+00 
 8.01039512e+08  6.91532587e-01 -6.87975819e+00 
 8.05665807e+08  6.79708532e-01 -6.84188484e+00 
 8.10318821e+08  6.68013927e-01 -6.80419802e+00 
 8.14998708e+08  6.56447426e-01 -6.76669712e+00 
 8.19705623e+08  6.45007695e-01 -6.72938157e+00 
 8.24439722e+08  6.33693414e-01 -6.69225077e+00 
 8.29201162e+08  6.22503274e-01 -6.65530410e+00 
 8.33990101e+08  6.11435980e-01 -6.61854097e+00 
 8.38806698e+08  6.00490247e-01 -6.58196077e+00 
 8.43651113e+08  5.89664803e-01 -6.54556289e+00 
 8.48523506e+08  5.78958390e-01 -6.50934670e+00 
 8.53424039e+08  5.68369758e-01 -6.47331159e+00 
 8.58352874e+08  5.57897671e-01 -6.43745694e+00 
 8.63310175e+08  5.47540907e-01 -6.40178212e+00 
 8.68296106e+08  5.37298251e-01 -6.36628650e+00 
 8.73310833e+08  5.27168503e-01 -6.33096945e+00 
 8.78354521e+08  5.17150474e-01 -6.29583033e+00 
 8.83427339e+08  5.07242986e-01 -6.26086851e+00 
 8.88529454e+08  4.97444871e-01 -6.22608334e+00 
 8.93661036e+08  4.87754976e-01 -6.19147419e+00 
 8.98822255e+08  4.78172154e-01 -6.15704041e+00 
 9.04013281e+08  4.68695274e-01 -6.12278134e+00 
 9.09234287e+08  4.59323214e-01 -6.08869636e+00 
 9.14485447e+08  4.50054862e-01 -6.05478479e+00 
 9.19766934e+08  4.40889117e-01 -6.02104599e+00 
 9.25078924e+08  4.31824892e-01 -5.98747930e+00 
 9.30421592e+08  4.22861106e-01 -5.95408406e+00 
 9.35795116e+08  4.13996691e-01 -5.92085963e+00 
 9.41199674e+08  4.05230591e-01 -5.88780533e+00 
 9.46635446e+08  3.96561757e-01 -5.85492050e+00 
 9.52102611e+08  3.87989153e-01 -5.82220449e+00 
 9.57601351e+08  3.79511752e-01 -5.78965662e+00 
 9.63131848e+08  3.71128538e-01 -5.75727623e+00 
 9.68694286e+08  3.62838505e-01 -5.72506266e+00 
 9.74288848e+08  3.54640655e-01 -5.69301524e+00 
 9.79915722e+08  3.46534004e-01 -5.66113329e+00 
 9.85575093e+08  3.38517574e-01 -5.62941615e+00 
 9.91267148e+08  3.30590399e-01 -5.59786315e+00 
 9.96992078e+08  3.22751522e-01 -5.56647362e+00 
 1.00275007e+09  3.14999995e-01 -5.53524688e+00 
 1.00854132e+09  3.07334881e-01 -5.50418226e+00 
 1.01436601e+09  2.99755251e-01 -5.47327909e+00 
 1.02022435e+09  2.92260186e-01 -5.44253669e+00 
 1.02611651e+09  2.84848777e-01 -5.41195440e+00 
 1.03204271e+09  2.77520123e-01 -5.38153153e+00 
 1.03800313e+09  2.70273334e-01 -5.35126742e+00 
 1.04399798e+09  2.63107526e-01 -5.32116138e+00 
 1.05002745e+09  2.56021826e-01 -5.29121274e+00 
 1.05609174e+09  2.49015371e-01 -5.26142084e+00 
 1.06219106e+09  2.42087304e-01 -5.23178498e+00 
 1.06832560e+09  2.35236779e-01 -5.20230450e+00 
 1.07449557e+09  2.28462958e-01 -5.17297873e+00 
 1.08070117e+09  2.21765012e-01 -5.14380699e+00 
 1.08694261e+09  2.15142119e-01 -5.11478860e+00 
 1.09322011e+09  2.08593467e-01 -5.08592289e+00 
 1.09953385e+09  2.02118252e-01 -5.05720918e+00 
 1.10588406e+09  1.95715678e-01 -5.02864681e+00 
 1.11227094e+09  1.89384958e-01 -5.00023510e+00 
 1.11869471e+09  1.83125312e-01 -4.97197338e+00 
 1.12515558e+09  1.76935970e-01 -4.94386098e+00 
 1.13165377e+09  1.70816166e-01 -4.91589722e+00 
 1.13818948e+09  1.64765148e-01 -4.88808143e+00 
 1.14476294e+09  1.58782166e-01 -4.86041295e+00 
 1.15137436e+09  1.52866481e-01 -4.83289111e+00 
 1.15802397e+09  1.47017361e-01 -4.80551523e+00 
 1.16471198e+09  1.41234082e-01 -4.77828466e+00 
 1.17143862e+09  1.35515927e-01 -4.75119871e+00 
 1.17820410e+09  1.29862187e-01 -4.72425673e+00 
 1.18500866e+09  1.24272160e-01 -4.69745806e+00 
 1.19185252e+09  1.18745152e-01 -4.67080202e+00 
 1.19873590e+09  1.13280476e-01 -4.64428796e+00 
 1.20565904e+09  1.07877451e-01 -4.61791522e+00 
 1.21262216e+09  1.02535405e-01 -4.59168313e+00 
 1.21962550e+09  9.72536727e-02 -4.56559103e+00 
 1.22666928e+09  9.20315953e-02 -4.53963827e+00 
 1.23375374e+09  8.68685213e-02 -4.51382418e+00 
 1.24087912e+09  8.17638059e-02 -4.48814812e+00 
 1.24804565e+09  7.67168114e-02 -4.46260943e+00 
 1.25525357e+09  7.17269066e-02 -4.43720745e+00 
 1.26250311e+09  6.67934673e-02 -4.41194154e+00 
 1.26979453e+09  6.19158758e-02 -4.38681104e+00 
 1.27712806e+09  5.70935209e-02 -4.36181530e+00 
 1.28450394e+09  5.23257981e-02 -4.33695367e+00 
 1.29192242e+09  4.76121092e-02 -4.31222552e+00 
 1.29938374e+09  4.29518625e-02 -4.28763019e+00 
 1.30688815e+09  3.83444726e-02 -4.26316704e+00 
 1.31443591e+09  3.37893603e-02 -4.23883543e+00 
 1.32202726e+09  2.92859528e-02 -4.21463472e+00 
 1.32966245e+09  2.48336834e-02 -4.19056427e+00 
 1.33734173e+09  2.04319913e-02 -4.16662345e+00 
 1.34506537e+09  1.60803218e-02 -4.14281161e+00 
 1.35283361e+09  1.17781265e-02 -4.11912813e+00 
 1.36064672e+09  7.52486251e-03 -4.09557237e+00 
 1.36850495e+09  3.31999297e-03 -4.07214370e+00 
 1.37640857e+09 -8.37013171e-04 -4.04884149e+00 
 1.38435783e+09 -4.94668124e-03 -4.02566513e+00 
 1.39235300e+09 -9.00953087e-03 -4.00261397e+00 
 1.40039435e+09 -1.30260761e-02 -3.97968740e+00 
 1.40848213e+09 -1.69968252e-02 -3.95688480e+00 
 1.41661663e+09 -2.09222813e-02 -3.93420554e+00 
 1.42479811e+09 -2.48029416e-02 -3.91164902e+00 
 1.43302684e+09 -2.86392983e-02 -3.88921460e+00 
 1.44130309e+09 -3.24318379e-02 -3.86690169e+00 
 1.44962714e+09 -3.61810419e-02 -3.84470966e+00 
 1.45799927e+09 -3.98873863e-02 -3.82263791e+00 
 1.46641975e+09 -4.35513419e-02 -3.80068582e+00 
 1.47488885e+09 -4.71733746e-02 -3.77885280e+00 
 1.48340688e+09 -5.07539449e-02 -3.75713823e+00 
 1.49197409e+09 -5.42935085e-02 -3.73554152e+00 
 1.50059079e+09 -5.77925159e-02 -3.71406206e+00 
 1.50925725e+09 -6.12514127e-02 -3.69269925e+00 
 1.51797376e+09 -6.46706398e-02 -3.67145251e+00 
 1.52674061e+09 -6.80506330e-02 -3.65032122e+00 
 1.53555809e+09 -7.13918233e-02 -3.62930481e+00 
 1.54442650e+09 -7.46946372e-02 -3.60840267e+00 
 1.55334613e+09 -7.79594963e-02 -3.58761423e+00 
 1.56231727e+09 -8.11868175e-02 -3.56693889e+00 
 1.57134022e+09 -8.43770132e-02 -3.54637607e+00 
 1.58041528e+09 -8.75304911e-02 -3.52592519e+00 
 1.58954276e+09 -9.06476547e-02 -3.50558566e+00 
 1.59872295e+09 -9.37289027e-02 -3.48535692e+00 
 1.60795616e+09 -9.67746295e-02 -3.46523837e+00 
 1.61724269e+09 -9.97852250e-02 -3.44522946e+00 
 1.62658286e+09 -1.02761075e-01 -3.42532960e+00 
 1.63597696e+09 -1.05702561e-01 -3.40553822e+00 
 1.64542533e+09 -1.08610060e-01 -3.38585477e+00 
 1.65492826e+09 -1.11483944e-01 -3.36627867e+00 
 1.66448607e+09 -1.14324584e-01 -3.34680936e+00 
 1.67409909e+09 -1.17132342e-01 -3.32744627e+00 
 1.68376762e+09 -1.19907581e-01 -3.30818886e+00 
 1.69349199e+09 -1.22650656e-01 -3.28903655e+00 
 1.70327253e+09 -1.25361919e-01 -3.26998881e+00 
 1.71310955e+09 -1.28041720e-01 -3.25104507e+00 
 1.72300338e+09 -1.30690404e-01 -3.23220478e+00 
 1.73295435e+09 -1.33308310e-01 -3.21346739e+00 
 1.74296280e+09 -1.35895776e-01 -3.19483237e+00 
 1.75302904e+09 -1.38453135e-01 -3.17629915e+00 
 1.76315343e+09 -1.40980716e-01 -3.15786722e+00 
 1.77333628e+09 -1.43478846e-01 -3.13953601e+00 
 1.78357794e+09 -1.45947846e-01 -3.12130500e+00 
 1.79387876e+09 -1.48388034e-01 -3.10317365e+00 
 1.80423906e+09 -1.50799725e-01 -3.08514142e+00 
 1.81465920e+09 -1.53183231e-01 -3.06720779e+00 
 1.82513952e+09 -1.55538859e-01 -3.04937223e+00 
 1.83568037e+09 -1.57866913e-01 -3.03163420e+00 
 1.84628209e+09 -1.60167694e-01 -3.01399319e+00 
 1.85694504e+09 -1.62441499e-01 -2.99644868e+00 
 1.86766958e+09 -1.64688622e-01 -2.97900014e+00 
 1.87845605e+09 -1.66909355e-01 -2.96164705e+00 
 1.88930482e+09 -1.69103983e-01 -2.94438890e+00 
 1.90021624e+09 -1.71272791e-01 -2.92722517e+00 
 1.91119069e+09 -1.73416059e-01 -2.91015537e+00 
 1.92222851e+09 -1.75534066e-01 -2.89317896e+00 
 1.93333008e+09 -1.77627085e-01 -2.87629546e+00 
 1.94449577e+09 -1.79695388e-01 -2.85950434e+00 
 1.95572594e+09 -1.81739242e-01 -2.84280512e+00 
 1.96702097e+09 -1.83758913e-01 -2.82619729e+00 
 1.97838123e+09 -1.85754662e-01 -2.80968035e+00 
 1.98980711e+09 -1.87726749e-01 -2.79325381e+00 
 2.00129897e+09 -1.89675428e-01 -2.77691717e+00 
 2.01285720e+09 -1.91600955e-01 -2.76066994e+00 
 2.02448218e+09 -1.93503577e-01 -2.74451163e+00 
 2.03617431e+09 -1.95383543e-01 -2.72844175e+00 
 2.04793396e+09 -1.97241096e-01 -2.71245983e+00 
 2.05976152e+09 -1.99076478e-01 -2.69656537e+00 
 2.07165740e+09 -2.00889928e-01 -2.68075789e+00 
 2.08362197e+09 -2.02681681e-01 -2.66503692e+00 
 2.09565565e+09 -2.04451971e-01 -2.64940198e+00 
 2.10775883e+09 -2.06201027e-01 -2.63385259e+00 
 2.11993190e+09 -2.07929078e-01 -2.61838829e+00 
 2.13217528e+09 -2.09636349e-01 -2.60300861e+00 
 2.14448937e+09 -2.11323062e-01 -2.58771306e+00 
 2.15687458e+09 -2.12989436e-01 -2.57250120e+00 
 2.16933132e+09 -2.14635688e-01 -2.55737255e+00 
 2.18186000e+09 -2.16262035e-01 -2.54232666e+00 
 2.19446104e+09 -2.17868686e-01 -2.52736307e+00 
 2.20713485e+09 -2.19455853e-01 -2.51248131e+00 
 2.21988186e+09 -2.21023742e-01 -2.49768094e+00 
 2.23270249e+09 -2.22572557e-01 -2.48296149e+00 
 2.24559716e+09 -2.24102502e-01 -2.46832253e+00 
 2.25856630e+09 -2.25613775e-01 -2.45376360e+00 
 2.27161034e+09 -2.27106575e-01 -2.43928425e+00 
 2.28472972e+09 -2.28581096e-01 -2.42488404e+00 
 2.29792487e+09 -2.30037530e-01 -2.41056254e+00 
 2.31119622e+09 -2.31476070e-01 -2.39631929e+00 
 2.32454423e+09 -2.32896902e-01 -2.38215385e+00 
 2.33796932e+09 -2.34300213e-01 -2.36806581e+00 
 2.35147194e+09 -2.35686186e-01 -2.35405471e+00 
 2.36505255e+09 -2.37055002e-01 -2.34012013e+00 
 2.37871159e+09 -2.38406842e-01 -2.32626164e+00 
 2.39244952e+09 -2.39741882e-01 -2.31247881e+00 
 2.40626679e+09 -2.41060297e-01 -2.29877122e+00 
 2.42016386e+09 -2.42362260e-01 -2.28513844e+00 
 2.43414119e+09 -2.43647942e-01 -2.27158004e+00 
 2.44819924e+09 -2.44917511e-01 -2.25809562e+00 
 2.46233848e+09 -2.46171134e-01 -2.24468475e+00 
 2.47655939e+09 -2.47408976e-01 -2.23134702e+00 
 2.49086242e+09 -2.48631199e-01 -2.21808201e+00 
 2.50524806e+09 -2.49837963e-01 -2.20488932e+00 
 2.51971678e+09 -2.51029428e-01 -2.19176853e+00 
 2.53426906e+09 -2.52205751e-01 -2.17871924e+00 
 2.54890539e+09 -2.53367084e-01 -2.16574104e+00 
 2.56362625e+09 -2.54513583e-01 -2.15283353e+00 
 2.57843213e+09 -2.55645397e-01 -2.13999630e+00 
 2.59332351e+09 -2.56762675e-01 -2.12722897e+00 
 2.60830090e+09 -2.57865565e-01 -2.11453112e+00 
 2.62336479e+09 -2.58954213e-01 -2.10190237e+00 
 2.63851568e+09 -2.60028760e-01 -2.08934232e+00 
 2.65375407e+09 -2.61089351e-01 -2.07685058e+00 
 2.66908047e+09 -2.62136123e-01 -2.06442677e+00 
 2.68449538e+09 -2.63169216e-01 -2.05207049e+00 
 2.69999932e+09 -2.64188766e-01 -2.03978135e+00 
 2.71559280e+09 -2.65194907e-01 -2.02755899e+00 
 2.73127634e+09 -2.66187773e-01 -2.01540301e+00 
 2.74705046e+09 -2.67167496e-01 -2.00331303e+00 
 2.76291568e+09 -2.68134203e-01 -1.99128868e+00 
 2.77887252e+09 -2.69088025e-01 -1.97932958e+00 
 2.79492153e+09 -2.70029086e-01 -1.96743536e+00 
 2.81106322e+09 -2.70957513e-01 -1.95560564e+00 
 2.82729813e+09 -2.71873427e-01 -1.94384006e+00 
 2.84362681e+09 -2.72776950e-01 -1.93213825e+00 
 2.86004979e+09 -2.73668203e-01 -1.92049984e+00 
 2.87656762e+09 -2.74547303e-01 -1.90892447e+00 
 2.89318085e+09 -2.75414368e-01 -1.89741177e+00 
 2.90989003e+09 -2.76269513e-01 -1.88596139e+00 
 2.92669570e+09 -2.77112852e-01 -1.87457296e+00 
 2.94359844e+09 -2.77944497e-01 -1.86324613e+00 
 2.96059879e+09 -2.78764558e-01 -1.85198055e+00 
 2.97769733e+09 -2.79573146e-01 -1.84077586e+00 
 2.99489462e+09 -2.80370368e-01 -1.82963171e+00 
 3.01219123e+09 -2.81156330e-01 -1.81854775e+00 
 3.02958773e+09 -2.81931138e-01 -1.80752363e+00 
 3.04708471e+09 -2.82694895e-01 -1.79655902e+00 
 3.06468273e+09 -2.83447704e-01 -1.78565355e+00 
 3.08238239e+09 -2.84189665e-01 -1.77480690e+00 
 3.10018428e+09 -2.84920878e-01 -1.76401872e+00 
 3.11808897e+09 -2.85641441e-01 -1.75328868e+00 
 3.13609707e+09 -2.86351451e-01 -1.74261643e+00 
 3.15420918e+09 -2.87051003e-01 -1.73200165e+00 
 3.17242589e+09 -2.87740192e-01 -1.72144399e+00 
 3.19074780e+09 -2.88419109e-01 -1.71094313e+00 
 3.20917553e+09 -2.89087848e-01 -1.70049875e+00 
 3.22770969e+09 -2.89746497e-01 -1.69011050e+00 
 3.24635089e+09 -2.90395147e-01 -1.67977807e+00 
 3.26509976e+09 -2.91033885e-01 -1.66950113e+00 
 3.28395690e+09 -2.91662797e-01 -1.65927936e+00 
 3.30292295e+09 -2.92281969e-01 -1.64911244e+00 
 3.32199853e+09 -2.92891484e-01 -1.63900004e+00 
 3.34118429e+09 -2.93491427e-01 -1.62894186e+00 
 3.36048084e+09 -2.94081877e-01 -1.61893758e+00 
 3.37988885e+09 -2.94662917e-01 -1.60898688e+00 
 3.39940894e+09 -2.95234625e-01 -1.59908946e+00 
 3.41904176e+09 -2.95797080e-01 -1.58924499e+00 
 3.43878798e+09 -2.96350358e-01 -1.57945318e+00 
 3.45864823e+09 -2.96894535e-01 -1.56971371e+00 
 3.47862319e+09 -2.97429687e-01 -1.56002629e+00 
 3.49871351e+09 -2.97955887e-01 -1.55039060e+00 
 3.51891985e+09 -2.98473207e-01 -1.54080635e+00 
 3.53924290e+09 -2.98981720e-01 -1.53127324e+00 
 3.55968332e+09 -2.99481495e-01 -1.52179096e+00 
 3.58024179e+09 -2.99972602e-01 -1.51235923e+00 
 3.60091899e+09 -3.00455108e-01 -1.50297774e+00 
 3.62171561e+09 -3.00929083e-01 -1.49364620e+00 
 3.64263234e+09 -3.01394591e-01 -1.48436433e+00 
 3.66366987e+09 -3.01851698e-01 -1.47513182e+00 
 3.68482890e+09 -3.02300467e-01 -1.46594840e+00 
 3.70611013e+09 -3.02740963e-01 -1.45681378e+00 
 3.72751427e+09 -3.03173248e-01 -1.44772766e+00 
 3.74904202e+09 -3.03597381e-01 -1.43868978e+00 
 3.77069411e+09 -3.04013425e-01 -1.42969984e+00 
 3.79247124e+09 -3.04421437e-01 -1.42075756e+00 
 3.81437415e+09 -3.04821477e-01 -1.41186267e+00 
 3.83640355e+09 -3.05213601e-01 -1.40301489e+00 
 3.85856018e+09 -3.05597866e-01 -1.39421395e+00 
 3.88084477e+09 -3.05974328e-01 -1.38545957e+00 
 3.90325807e+09 -3.06343041e-01 -1.37675147e+00 
 3.92580081e+09 -3.06704058e-01 -1.36808939e+00 
 3.94847374e+09 -3.07057432e-01 -1.35947307e+00 
 3.97127761e+09 -3.07403216e-01 -1.35090222e+00 
 3.99421319e+09 -3.07741460e-01 -1.34237659e+00 
 4.01728123e+09 -3.08072214e-01 -1.33389591e+00 
 4.04048249e+09 -3.08395528e-01 -1.32545992e+00 
 4.06381775e+09 -3.08711450e-01 -1.31706835e+00 
 4.08728778e+09 -3.09020026e-01 -1.30872095e+00 
 4.11089336e+09 -3.09321305e-01 -1.30041747e+00 
 4.13463527e+09 -3.09615332e-01 -1.29215763e+00 
 4.15851430e+09 -3.09902151e-01 -1.28394120e+00 
 4.18253123e+09 -3.10181807e-01 -1.27576791e+00 
 4.20668688e+09 -3.10454344e-01 -1.26763751e+00 
 4.23098203e+09 -3.10719804e-01 -1.25954975e+00 
 4.25541749e+09 -3.10978228e-01 -1.25150439e+00 
 4.27999408e+09 -3.11229659e-01 -1.24350118e+00 
 4.30471261e+09 -3.11474135e-01 -1.23553986e+00 
 4.32957390e+09 -3.11711697e-01 -1.22762020e+00 
 4.35457876e+09 -3.11942384e-01 -1.21974196e+00 
 4.37972804e+09 -3.12166232e-01 -1.21190488e+00 
 4.40502257e+09 -3.12383280e-01 -1.20410874e+00 
 4.43046318e+09 -3.12593564e-01 -1.19635330e+00 
 4.45605073e+09 -3.12797119e-01 -1.18863831e+00 
 4.48178604e+09 -3.12993982e-01 -1.18096354e+00 
 4.50766999e+09 -3.13184185e-01 -1.17332877e+00 
 4.53370343e+09 -3.13367763e-01 -1.16573374e+00 
 4.55988722e+09 -3.13544749e-01 -1.15817825e+00 
 4.58622224e+09 -3.13715174e-01 -1.15066205e+00 
 4.61270934e+09 -3.13879072e-01 -1.14318491e+00 
 4.63934942e+09 -3.14036471e-01 -1.13574662e+00 
 4.66614336e+09 -3.14187403e-01 -1.12834695e+00 
 4.69309204e+09 -3.14331897e-01 -1.12098567e+00 
 4.72019635e+09 -3.14469983e-01 -1.11366255e+00 
 4.74745721e+09 -3.14601687e-01 -1.10637739e+00 
 4.77487551e+09 -3.14727039e-01 -1.09912997e+00 
 4.80245216e+09 -3.14846065e-01 -1.09192005e+00 
 4.83018807e+09 -3.14958791e-01 -1.08474743e+00 
 4.85808417e+09 -3.15065244e-01 -1.07761190e+00 
 4.88614138e+09 -3.15165447e-01 -1.07051323e+00 
 4.91436062e+09 -3.15259427e-01 -1.06345122e+00 
 4.94274285e+09 -3.15347207e-01 -1.05642566e+00 
 4.97128899e+09 -3.15428810e-01 -1.04943633e+00 
 5.00000000e+09 -3.15504260e-01 -1.04248303e+00 
