 frequency       v(vout)         v(vout)         v(vinn)         v(vinn)        
 1.00000000e+03 -9.88297658e-01  4.66766699e-06  1.17023417e-02  4.66766699e-06 
 1.02329299e+03 -9.88297658e-01  4.77639092e-06  1.17023417e-02  4.77639092e-06 
 1.04712855e+03 -9.88297658e-01  4.88764735e-06  1.17023417e-02  4.88764735e-06 
 1.07151931e+03 -9.88297658e-01  5.00149529e-06  1.17023417e-02  5.00149529e-06 
 1.09647820e+03 -9.88297658e-01  5.11799508e-06  1.17023417e-02  5.11799508e-06 
 1.12201845e+03 -9.88297658e-01  5.23720850e-06  1.17023417e-02  5.23720850e-06 
 1.14815362e+03 -9.88297658e-01  5.35919875e-06  1.17023417e-02  5.35919875e-06 
 1.17489755e+03 -9.88297658e-01  5.48403053e-06  1.17023417e-02  5.48403053e-06 
 1.20226443e+03 -9.88297658e-01  5.61177001e-06  1.17023417e-02  5.61177001e-06 
 1.23026877e+03 -9.88297658e-01  5.74248493e-06  1.17023417e-02  5.74248493e-06 
 1.25892541e+03 -9.88297658e-01  5.87624458e-06  1.17023417e-02  5.87624458e-06 
 1.28824955e+03 -9.88297658e-01  6.01311990e-06  1.17023417e-02  6.01311990e-06 
 1.31825674e+03 -9.88297658e-01  6.15318346e-06  1.17023417e-02  6.15318346e-06 
 1.34896288e+03 -9.88297658e-01  6.29650951e-06  1.17023417e-02  6.29650951e-06 
 1.38038426e+03 -9.88297658e-01  6.44317406e-06  1.17023417e-02  6.44317406e-06 
 1.41253754e+03 -9.88297658e-01  6.59325486e-06  1.17023417e-02  6.59325486e-06 
 1.44543977e+03 -9.88297658e-01  6.74683150e-06  1.17023417e-02  6.74683150e-06 
 1.47910839e+03 -9.88297658e-01  6.90398539e-06  1.17023417e-02  6.90398539e-06 
 1.51356125e+03 -9.88297658e-01  7.06479987e-06  1.17023417e-02  7.06479987e-06 
 1.54881662e+03 -9.88297658e-01  7.22936020e-06  1.17023417e-02  7.22936020e-06 
 1.58489319e+03 -9.88297658e-01  7.39775363e-06  1.17023417e-02  7.39775363e-06 
 1.62181010e+03 -9.88297658e-01  7.57006945e-06  1.17023417e-02  7.57006945e-06 
 1.65958691e+03 -9.88297658e-01  7.74639902e-06  1.17023417e-02  7.74639902e-06 
 1.69824365e+03 -9.88297658e-01  7.92683583e-06  1.17023417e-02  7.92683583e-06 
 1.73780083e+03 -9.88297658e-01  8.11147556e-06  1.17023417e-02  8.11147556e-06 
 1.77827941e+03 -9.88297658e-01  8.30041610e-06  1.17023417e-02  8.30041610e-06 
 1.81970086e+03 -9.88297658e-01  8.49375762e-06  1.17023417e-02  8.49375762e-06 
 1.86208714e+03 -9.88297658e-01  8.69160265e-06  1.17023417e-02  8.69160265e-06 
 1.90546072e+03 -9.88297658e-01  8.89405609e-06  1.17023417e-02  8.89405609e-06 
 1.94984460e+03 -9.88297658e-01  9.10122527e-06  1.17023417e-02  9.10122527e-06 
 1.99526231e+03 -9.88297658e-01  9.31322004e-06  1.17023418e-02  9.31322004e-06 
 2.04173794e+03 -9.88297658e-01  9.53015280e-06  1.17023418e-02  9.53015280e-06 
 2.08929613e+03 -9.88297658e-01  9.75213858e-06  1.17023418e-02  9.75213858e-06 
 2.13796209e+03 -9.88297658e-01  9.97929506e-06  1.17023418e-02  9.97929506e-06 
 2.18776162e+03 -9.88297658e-01  1.02117427e-05  1.17023418e-02  1.02117427e-05 
 2.23872114e+03 -9.88297658e-01  1.04496048e-05  1.17023418e-02  1.04496048e-05 
 2.29086765e+03 -9.88297658e-01  1.06930073e-05  1.17023418e-02  1.06930073e-05 
 2.34422882e+03 -9.88297658e-01  1.09420795e-05  1.17023418e-02  1.09420795e-05 
 2.39883292e+03 -9.88297658e-01  1.11969532e-05  1.17023418e-02  1.11969532e-05 
 2.45470892e+03 -9.88297658e-01  1.14577638e-05  1.17023418e-02  1.14577638e-05 
 2.51188643e+03 -9.88297658e-01  1.17246494e-05  1.17023418e-02  1.17246494e-05 
 2.57039578e+03 -9.88297658e-01  1.19977515e-05  1.17023418e-02  1.19977515e-05 
 2.63026799e+03 -9.88297658e-01  1.22772151e-05  1.17023418e-02  1.22772151e-05 
 2.69153480e+03 -9.88297658e-01  1.25631881e-05  1.17023418e-02  1.25631881e-05 
 2.75422870e+03 -9.88297658e-01  1.28558224e-05  1.17023418e-02  1.28558224e-05 
 2.81838293e+03 -9.88297658e-01  1.31552730e-05  1.17023418e-02  1.31552730e-05 
 2.88403150e+03 -9.88297658e-01  1.34616986e-05  1.17023418e-02  1.34616986e-05 
 2.95120923e+03 -9.88297658e-01  1.37752619e-05  1.17023418e-02  1.37752619e-05 
 3.01995172e+03 -9.88297658e-01  1.40961289e-05  1.17023418e-02  1.40961289e-05 
 3.09029543e+03 -9.88297658e-01  1.44244700e-05  1.17023418e-02  1.44244700e-05 
 3.16227766e+03 -9.88297658e-01  1.47604590e-05  1.17023418e-02  1.47604590e-05 
 3.23593657e+03 -9.88297658e-01  1.51042743e-05  1.17023418e-02  1.51042743e-05 
 3.31131121e+03 -9.88297658e-01  1.54560980e-05  1.17023418e-02  1.54560980e-05 
 3.38844156e+03 -9.88297658e-01  1.58161168e-05  1.17023418e-02  1.58161168e-05 
 3.46736850e+03 -9.88297658e-01  1.61845215e-05  1.17023418e-02  1.61845215e-05 
 3.54813389e+03 -9.88297658e-01  1.65615074e-05  1.17023418e-02  1.65615074e-05 
 3.63078055e+03 -9.88297658e-01  1.69472745e-05  1.17023418e-02  1.69472745e-05 
 3.71535229e+03 -9.88297658e-01  1.73420272e-05  1.17023418e-02  1.73420272e-05 
 3.80189396e+03 -9.88297658e-01  1.77459749e-05  1.17023419e-02  1.77459749e-05 
 3.89045145e+03 -9.88297658e-01  1.81593318e-05  1.17023419e-02  1.81593318e-05 
 3.98107171e+03 -9.88297658e-01  1.85823170e-05  1.17023419e-02  1.85823170e-05 
 4.07380278e+03 -9.88297658e-01  1.90151547e-05  1.17023419e-02  1.90151547e-05 
 4.16869383e+03 -9.88297658e-01  1.94580746e-05  1.17023419e-02  1.94580746e-05 
 4.26579519e+03 -9.88297658e-01  1.99113114e-05  1.17023419e-02  1.99113114e-05 
 4.36515832e+03 -9.88297658e-01  2.03751054e-05  1.17023419e-02  2.03751054e-05 
 4.46683592e+03 -9.88297658e-01  2.08497026e-05  1.17023419e-02  2.08497026e-05 
 4.57088190e+03 -9.88297658e-01  2.13353545e-05  1.17023419e-02  2.13353545e-05 
 4.67735141e+03 -9.88297658e-01  2.18323188e-05  1.17023419e-02  2.18323188e-05 
 4.78630092e+03 -9.88297658e-01  2.23408588e-05  1.17023419e-02  2.23408588e-05 
 4.89778819e+03 -9.88297658e-01  2.28612443e-05  1.17023420e-02  2.28612443e-05 
 5.01187234e+03 -9.88297658e-01  2.33937510e-05  1.17023420e-02  2.33937510e-05 
 5.12861384e+03 -9.88297658e-01  2.39386615e-05  1.17023420e-02  2.39386615e-05 
 5.24807460e+03 -9.88297658e-01  2.44962646e-05  1.17023420e-02  2.44962646e-05 
 5.37031796e+03 -9.88297658e-01  2.50668559e-05  1.17023420e-02  2.50668559e-05 
 5.49540874e+03 -9.88297658e-01  2.56507379e-05  1.17023420e-02  2.56507379e-05 
 5.62341325e+03 -9.88297658e-01  2.62482204e-05  1.17023420e-02  2.62482204e-05 
 5.75439937e+03 -9.88297658e-01  2.68596200e-05  1.17023420e-02  2.68596200e-05 
 5.88843655e+03 -9.88297658e-01  2.74852609e-05  1.17023421e-02  2.74852609e-05 
 6.02559586e+03 -9.88297658e-01  2.81254749e-05  1.17023421e-02  2.81254749e-05 
 6.16595002e+03 -9.88297658e-01  2.87806013e-05  1.17023421e-02  2.87806013e-05 
 6.30957344e+03 -9.88297658e-01  2.94509877e-05  1.17023421e-02  2.94509877e-05 
 6.45654229e+03 -9.88297658e-01  3.01369893e-05  1.17023421e-02  3.01369893e-05 
 6.60693448e+03 -9.88297658e-01  3.08389700e-05  1.17023422e-02  3.08389700e-05 
 6.76082975e+03 -9.88297658e-01  3.15573018e-05  1.17023422e-02  3.15573018e-05 
 6.91830971e+03 -9.88297658e-01  3.22923658e-05  1.17023422e-02  3.22923658e-05 
 7.07945784e+03 -9.88297658e-01  3.30445517e-05  1.17023422e-02  3.30445517e-05 
 7.24435960e+03 -9.88297658e-01  3.38142582e-05  1.17023422e-02  3.38142582e-05 
 7.41310241e+03 -9.88297658e-01  3.46018934e-05  1.17023423e-02  3.46018934e-05 
 7.58577575e+03 -9.88297658e-01  3.54078750e-05  1.17023423e-02  3.54078750e-05 
 7.76247117e+03 -9.88297658e-01  3.62326304e-05  1.17023423e-02  3.62326304e-05 
 7.94328235e+03 -9.88297658e-01  3.70765968e-05  1.17023423e-02  3.70765968e-05 
 8.12830516e+03 -9.88297658e-01  3.79402217e-05  1.17023424e-02  3.79402217e-05 
 8.31763771e+03 -9.88297658e-01  3.88239630e-05  1.17023424e-02  3.88239630e-05 
 8.51138038e+03 -9.88297658e-01  3.97282892e-05  1.17023424e-02  3.97282892e-05 
 8.70963590e+03 -9.88297658e-01  4.06536800e-05  1.17023425e-02  4.06536800e-05 
 8.91250938e+03 -9.88297657e-01  4.16006258e-05  1.17023425e-02  4.16006258e-05 
 9.12010839e+03 -9.88297657e-01  4.25696289e-05  1.17023425e-02  4.25696289e-05 
 9.33254301e+03 -9.88297657e-01  4.35612029e-05  1.17023426e-02  4.35612029e-05 
 9.54992586e+03 -9.88297657e-01  4.45758737e-05  1.17023426e-02  4.45758737e-05 
 9.77237221e+03 -9.88297657e-01  4.56141792e-05  1.17023427e-02  4.56141792e-05 
 1.00000000e+04 -9.88297657e-01  4.66766699e-05  1.17023427e-02  4.66766699e-05 
 1.02329299e+04 -9.88297657e-01  4.77639092e-05  1.17023428e-02  4.77639092e-05 
 1.04712855e+04 -9.88297657e-01  4.88764736e-05  1.17023428e-02  4.88764736e-05 
 1.07151931e+04 -9.88297657e-01  5.00149529e-05  1.17023429e-02  5.00149529e-05 
 1.09647820e+04 -9.88297657e-01  5.11799508e-05  1.17023429e-02  5.11799508e-05 
 1.12201845e+04 -9.88297657e-01  5.23720850e-05  1.17023430e-02  5.23720850e-05 
 1.14815362e+04 -9.88297657e-01  5.35919876e-05  1.17023430e-02  5.35919876e-05 
 1.17489755e+04 -9.88297657e-01  5.48403053e-05  1.17023431e-02  5.48403053e-05 
 1.20226443e+04 -9.88297657e-01  5.61177001e-05  1.17023432e-02  5.61177001e-05 
 1.23026877e+04 -9.88297657e-01  5.74248493e-05  1.17023432e-02  5.74248493e-05 
 1.25892541e+04 -9.88297657e-01  5.87624459e-05  1.17023433e-02  5.87624459e-05 
 1.28824955e+04 -9.88297657e-01  6.01311991e-05  1.17023434e-02  6.01311991e-05 
 1.31825674e+04 -9.88297657e-01  6.15318346e-05  1.17023435e-02  6.15318346e-05 
 1.34896288e+04 -9.88297656e-01  6.29650952e-05  1.17023435e-02  6.29650952e-05 
 1.38038426e+04 -9.88297656e-01  6.44317406e-05  1.17023436e-02  6.44317406e-05 
 1.41253754e+04 -9.88297656e-01  6.59325487e-05  1.17023437e-02  6.59325487e-05 
 1.44543977e+04 -9.88297656e-01  6.74683150e-05  1.17023438e-02  6.74683150e-05 
 1.47910839e+04 -9.88297656e-01  6.90398540e-05  1.17023439e-02  6.90398540e-05 
 1.51356125e+04 -9.88297656e-01  7.06479988e-05  1.17023440e-02  7.06479988e-05 
 1.54881662e+04 -9.88297656e-01  7.22936020e-05  1.17023441e-02  7.22936020e-05 
 1.58489319e+04 -9.88297656e-01  7.39775364e-05  1.17023442e-02  7.39775364e-05 
 1.62181010e+04 -9.88297656e-01  7.57006945e-05  1.17023444e-02  7.57006945e-05 
 1.65958691e+04 -9.88297656e-01  7.74639902e-05  1.17023445e-02  7.74639902e-05 
 1.69824365e+04 -9.88297655e-01  7.92683584e-05  1.17023446e-02  7.92683584e-05 
 1.73780083e+04 -9.88297655e-01  8.11147556e-05  1.17023448e-02  8.11147556e-05 
 1.77827941e+04 -9.88297655e-01  8.30041610e-05  1.17023449e-02  8.30041610e-05 
 1.81970086e+04 -9.88297655e-01  8.49375763e-05  1.17023451e-02  8.49375763e-05 
 1.86208714e+04 -9.88297655e-01  8.69160266e-05  1.17023452e-02  8.69160266e-05 
 1.90546072e+04 -9.88297655e-01  8.89405610e-05  1.17023454e-02  8.89405610e-05 
 1.94984460e+04 -9.88297654e-01  9.10122528e-05  1.17023455e-02  9.10122528e-05 
 1.99526231e+04 -9.88297654e-01  9.31322005e-05  1.17023457e-02  9.31322005e-05 
 2.04173794e+04 -9.88297654e-01  9.53015281e-05  1.17023459e-02  9.53015281e-05 
 2.08929613e+04 -9.88297654e-01  9.75213859e-05  1.17023461e-02  9.75213859e-05 
 2.13796209e+04 -9.88297654e-01  9.97929507e-05  1.17023463e-02  9.97929507e-05 
 2.18776162e+04 -9.88297653e-01  1.02117427e-04  1.17023465e-02  1.02117427e-04 
 2.23872114e+04 -9.88297653e-01  1.04496048e-04  1.17023468e-02  1.04496048e-04 
 2.29086765e+04 -9.88297653e-01  1.06930073e-04  1.17023470e-02  1.06930073e-04 
 2.34422882e+04 -9.88297653e-01  1.09420795e-04  1.17023473e-02  1.09420795e-04 
 2.39883292e+04 -9.88297652e-01  1.11969532e-04  1.17023475e-02  1.11969532e-04 
 2.45470892e+04 -9.88297652e-01  1.14577638e-04  1.17023478e-02  1.14577638e-04 
 2.51188643e+04 -9.88297652e-01  1.17246494e-04  1.17023481e-02  1.17246494e-04 
 2.57039578e+04 -9.88297652e-01  1.19977516e-04  1.17023484e-02  1.19977516e-04 
 2.63026799e+04 -9.88297651e-01  1.22772151e-04  1.17023487e-02  1.22772151e-04 
 2.69153480e+04 -9.88297651e-01  1.25631882e-04  1.17023490e-02  1.25631882e-04 
 2.75422870e+04 -9.88297651e-01  1.28558224e-04  1.17023494e-02  1.28558224e-04 
 2.81838293e+04 -9.88297650e-01  1.31552730e-04  1.17023497e-02  1.31552730e-04 
 2.88403150e+04 -9.88297650e-01  1.34616987e-04  1.17023501e-02  1.34616987e-04 
 2.95120923e+04 -9.88297650e-01  1.37752619e-04  1.17023505e-02  1.37752619e-04 
 3.01995172e+04 -9.88297649e-01  1.40961290e-04  1.17023509e-02  1.40961290e-04 
 3.09029543e+04 -9.88297649e-01  1.44244700e-04  1.17023513e-02  1.44244700e-04 
 3.16227766e+04 -9.88297648e-01  1.47604591e-04  1.17023518e-02  1.47604591e-04 
 3.23593657e+04 -9.88297648e-01  1.51042743e-04  1.17023523e-02  1.51042743e-04 
 3.31131121e+04 -9.88297647e-01  1.54560981e-04  1.17023528e-02  1.54560981e-04 
 3.38844156e+04 -9.88297647e-01  1.58161169e-04  1.17023533e-02  1.58161169e-04 
 3.46736850e+04 -9.88297646e-01  1.61845215e-04  1.17023538e-02  1.61845215e-04 
 3.54813389e+04 -9.88297646e-01  1.65615075e-04  1.17023544e-02  1.65615075e-04 
 3.63078055e+04 -9.88297645e-01  1.69472746e-04  1.17023550e-02  1.69472746e-04 
 3.71535229e+04 -9.88297644e-01  1.73420273e-04  1.17023556e-02  1.73420273e-04 
 3.80189396e+04 -9.88297644e-01  1.77459750e-04  1.17023563e-02  1.77459750e-04 
 3.89045145e+04 -9.88297643e-01  1.81593319e-04  1.17023570e-02  1.81593319e-04 
 3.98107171e+04 -9.88297642e-01  1.85823170e-04  1.17023577e-02  1.85823170e-04 
 4.07380278e+04 -9.88297642e-01  1.90151548e-04  1.17023585e-02  1.90151548e-04 
 4.16869383e+04 -9.88297641e-01  1.94580747e-04  1.17023592e-02  1.94580747e-04 
 4.26579519e+04 -9.88297640e-01  1.99113115e-04  1.17023601e-02  1.99113115e-04 
 4.36515832e+04 -9.88297639e-01  2.03751055e-04  1.17023609e-02  2.03751055e-04 
 4.46683592e+04 -9.88297638e-01  2.08497027e-04  1.17023618e-02  2.08497027e-04 
 4.57088190e+04 -9.88297637e-01  2.13353546e-04  1.17023628e-02  2.13353546e-04 
 4.67735141e+04 -9.88297636e-01  2.18323189e-04  1.17023638e-02  2.18323189e-04 
 4.78630092e+04 -9.88297635e-01  2.23408589e-04  1.17023648e-02  2.23408589e-04 
 4.89778819e+04 -9.88297634e-01  2.28612444e-04  1.17023659e-02  2.28612444e-04 
 5.01187234e+04 -9.88297633e-01  2.33937512e-04  1.17023671e-02  2.33937512e-04 
 5.12861384e+04 -9.88297632e-01  2.39386617e-04  1.17023682e-02  2.39386617e-04 
 5.24807460e+04 -9.88297631e-01  2.44962647e-04  1.17023695e-02  2.44962647e-04 
 5.37031796e+04 -9.88297629e-01  2.50668560e-04  1.17023708e-02  2.50668560e-04 
 5.49540874e+04 -9.88297628e-01  2.56507381e-04  1.17023722e-02  2.56507381e-04 
 5.62341325e+04 -9.88297626e-01  2.62482206e-04  1.17023736e-02  2.62482206e-04 
 5.75439937e+04 -9.88297625e-01  2.68596202e-04  1.17023751e-02  2.68596202e-04 
 5.88843655e+04 -9.88297623e-01  2.74852611e-04  1.17023767e-02  2.74852611e-04 
 6.02559586e+04 -9.88297622e-01  2.81254751e-04  1.17023783e-02  2.81254751e-04 
 6.16595002e+04 -9.88297620e-01  2.87806016e-04  1.17023801e-02  2.87806016e-04 
 6.30957344e+04 -9.88297618e-01  2.94509879e-04  1.17023819e-02  2.94509879e-04 
 6.45654229e+04 -9.88297616e-01  3.01369896e-04  1.17023838e-02  3.01369896e-04 
 6.60693448e+04 -9.88297614e-01  3.08389703e-04  1.17023857e-02  3.08389703e-04 
 6.76082975e+04 -9.88297612e-01  3.15573022e-04  1.17023878e-02  3.15573022e-04 
 6.91830971e+04 -9.88297610e-01  3.22923662e-04  1.17023900e-02  3.22923662e-04 
 7.07945784e+04 -9.88297608e-01  3.30445521e-04  1.17023923e-02  3.30445521e-04 
 7.24435960e+04 -9.88297605e-01  3.38142586e-04  1.17023947e-02  3.38142586e-04 
 7.41310241e+04 -9.88297603e-01  3.46018938e-04  1.17023971e-02  3.46018938e-04 
 7.58577575e+04 -9.88297600e-01  3.54078755e-04  1.17023998e-02  3.54078755e-04 
 7.76247117e+04 -9.88297598e-01  3.62326309e-04  1.17024025e-02  3.62326309e-04 
 7.94328235e+04 -9.88297595e-01  3.70765973e-04  1.17024054e-02  3.70765973e-04 
 8.12830516e+04 -9.88297592e-01  3.79402222e-04  1.17024084e-02  3.79402222e-04 
 8.31763771e+04 -9.88297588e-01  3.88239636e-04  1.17024115e-02  3.88239636e-04 
 8.51138038e+04 -9.88297585e-01  3.97282899e-04  1.17024148e-02  3.97282899e-04 
 8.70963590e+04 -9.88297582e-01  4.06536807e-04  1.17024182e-02  4.06536807e-04 
 8.91250938e+04 -9.88297578e-01  4.16006266e-04  1.17024218e-02  4.16006266e-04 
 9.12010839e+04 -9.88297574e-01  4.25696297e-04  1.17024256e-02  4.25696297e-04 
 9.33254301e+04 -9.88297570e-01  4.35612038e-04  1.17024296e-02  4.35612038e-04 
 9.54992586e+04 -9.88297566e-01  4.45758746e-04  1.17024337e-02  4.45758746e-04 
 9.77237221e+04 -9.88297562e-01  4.56141802e-04  1.17024380e-02  4.56141802e-04 
 1.00000000e+05 -9.88297557e-01  4.66766710e-04  1.17024426e-02  4.66766710e-04 
 1.02329299e+05 -9.88297553e-01  4.77639104e-04  1.17024473e-02  4.77639104e-04 
 1.04712855e+05 -9.88297548e-01  4.88764748e-04  1.17024523e-02  4.88764748e-04 
 1.07151931e+05 -9.88297542e-01  5.00149542e-04  1.17024575e-02  5.00149542e-04 
 1.09647820e+05 -9.88297537e-01  5.11799522e-04  1.17024630e-02  5.11799522e-04 
 1.12201845e+05 -9.88297531e-01  5.23720865e-04  1.17024687e-02  5.23720865e-04 
 1.14815362e+05 -9.88297525e-01  5.35919892e-04  1.17024747e-02  5.35919892e-04 
 1.17489755e+05 -9.88297519e-01  5.48403071e-04  1.17024810e-02  5.48403071e-04 
 1.20226443e+05 -9.88297512e-01  5.61177020e-04  1.17024875e-02  5.61177020e-04 
 1.23026877e+05 -9.88297506e-01  5.74248513e-04  1.17024944e-02  5.74248513e-04 
 1.25892541e+05 -9.88297498e-01  5.87624480e-04  1.17025016e-02  5.87624480e-04 
 1.28824955e+05 -9.88297491e-01  6.01312014e-04  1.17025091e-02  6.01312014e-04 
 1.31825674e+05 -9.88297483e-01  6.15318371e-04  1.17025170e-02  6.15318371e-04 
 1.34896288e+05 -9.88297475e-01  6.29650978e-04  1.17025253e-02  6.29650978e-04 
 1.38038426e+05 -9.88297466e-01  6.44317435e-04  1.17025339e-02  6.44317435e-04 
 1.41253754e+05 -9.88297457e-01  6.59325517e-04  1.17025430e-02  6.59325517e-04 
 1.44543977e+05 -9.88297448e-01  6.74683183e-04  1.17025525e-02  6.74683183e-04 
 1.47910839e+05 -9.88297438e-01  6.90398575e-04  1.17025624e-02  6.90398575e-04 
 1.51356125e+05 -9.88297427e-01  7.06480025e-04  1.17025728e-02  7.06480025e-04 
 1.54881662e+05 -9.88297416e-01  7.22936061e-04  1.17025837e-02  7.22936061e-04 
 1.58489319e+05 -9.88297405e-01  7.39775407e-04  1.17025951e-02  7.39775407e-04 
 1.62181010e+05 -9.88297393e-01  7.57006992e-04  1.17026070e-02  7.57006992e-04 
 1.65958691e+05 -9.88297380e-01  7.74639952e-04  1.17026196e-02  7.74639952e-04 
 1.69824365e+05 -9.88297367e-01  7.92683637e-04  1.17026326e-02  7.92683637e-04 
 1.73780083e+05 -9.88297354e-01  8.11147613e-04  1.17026464e-02  8.11147613e-04 
 1.77827941e+05 -9.88297339e-01  8.30041671e-04  1.17026607e-02  8.30041671e-04 
 1.81970086e+05 -9.88297324e-01  8.49375828e-04  1.17026758e-02  8.49375828e-04 
 1.86208714e+05 -9.88297309e-01  8.69160336e-04  1.17026915e-02  8.69160336e-04 
 1.90546072e+05 -9.88297292e-01  8.89405685e-04  1.17027080e-02  8.89405685e-04 
 1.94984460e+05 -9.88297275e-01  9.10122608e-04  1.17027252e-02  9.10122608e-04 
 1.99526231e+05 -9.88297257e-01  9.31322091e-04  1.17027433e-02  9.31322091e-04 
 2.04173794e+05 -9.88297238e-01  9.53015373e-04  1.17027622e-02  9.53015373e-04 
 2.08929613e+05 -9.88297218e-01  9.75213958e-04  1.17027821e-02  9.75213958e-04 
 2.13796209e+05 -9.88297197e-01  9.97929614e-04  1.17028028e-02  9.97929614e-04 
 2.18776162e+05 -9.88297175e-01  1.02117439e-03  1.17028245e-02  1.02117439e-03 
 2.23872114e+05 -9.88297153e-01  1.04496060e-03  1.17028473e-02  1.04496060e-03 
 2.29086765e+05 -9.88297129e-01  1.06930086e-03  1.17028711e-02  1.06930086e-03 
 2.34422882e+05 -9.88297104e-01  1.09420809e-03  1.17028961e-02  1.09420809e-03 
 2.39883292e+05 -9.88297078e-01  1.11969547e-03  1.17029222e-02  1.11969547e-03 
 2.45470892e+05 -9.88297050e-01  1.14577654e-03  1.17029496e-02  1.14577654e-03 
 2.51188643e+05 -9.88297022e-01  1.17246511e-03  1.17029782e-02  1.17246511e-03 
 2.57039578e+05 -9.88296992e-01  1.19977534e-03  1.17030082e-02  1.19977534e-03 
 2.63026799e+05 -9.88296960e-01  1.22772171e-03  1.17030396e-02  1.22772171e-03 
 2.69153480e+05 -9.88296927e-01  1.25631903e-03  1.17030725e-02  1.25631903e-03 
 2.75422870e+05 -9.88296893e-01  1.28558247e-03  1.17031070e-02  1.28558247e-03 
 2.81838293e+05 -9.88296857e-01  1.31552754e-03  1.17031430e-02  1.31552754e-03 
 2.88403150e+05 -9.88296819e-01  1.34617013e-03  1.17031808e-02  1.34617013e-03 
 2.95120923e+05 -9.88296780e-01  1.37752647e-03  1.17032203e-02  1.37752647e-03 
 3.01995172e+05 -9.88296738e-01  1.40961320e-03  1.17032617e-02  1.40961320e-03 
 3.09029543e+05 -9.88296695e-01  1.44244732e-03  1.17033051e-02  1.44244732e-03 
 3.16227766e+05 -9.88296649e-01  1.47604625e-03  1.17033505e-02  1.47604625e-03 
 3.23593657e+05 -9.88296602e-01  1.51042780e-03  1.17033980e-02  1.51042780e-03 
 3.31131121e+05 -9.88296552e-01  1.54561020e-03  1.17034478e-02  1.54561020e-03 
 3.38844156e+05 -9.88296500e-01  1.58161211e-03  1.17035000e-02  1.58161211e-03 
 3.46736850e+05 -9.88296445e-01  1.61845261e-03  1.17035545e-02  1.61845261e-03 
 3.54813389e+05 -9.88296388e-01  1.65615123e-03  1.17036117e-02  1.65615123e-03 
 3.63078055e+05 -9.88296328e-01  1.69472798e-03  1.17036716e-02  1.69472798e-03 
 3.71535229e+05 -9.88296266e-01  1.73420329e-03  1.17037342e-02  1.73420329e-03 
 3.80189396e+05 -9.88296200e-01  1.77459810e-03  1.17037999e-02  1.77459810e-03 
 3.89045145e+05 -9.88296131e-01  1.81593383e-03  1.17038686e-02  1.81593383e-03 
 3.98107171e+05 -9.88296059e-01  1.85823239e-03  1.17039405e-02  1.85823239e-03 
 4.07380278e+05 -9.88295984e-01  1.90151622e-03  1.17040159e-02  1.90151622e-03 
 4.16869383e+05 -9.88295905e-01  1.94580825e-03  1.17040948e-02  1.94580825e-03 
 4.26579519e+05 -9.88295823e-01  1.99113199e-03  1.17041774e-02  1.99113199e-03 
 4.36515832e+05 -9.88295736e-01  2.03751145e-03  1.17042639e-02  2.03751145e-03 
 4.46683592e+05 -9.88295645e-01  2.08497124e-03  1.17043545e-02  2.08497124e-03 
 4.57088190e+05 -9.88295551e-01  2.13353650e-03  1.17044494e-02  2.13353650e-03 
 4.67735141e+05 -9.88295451e-01  2.18323300e-03  1.17045487e-02  2.18323300e-03 
 4.78630092e+05 -9.88295347e-01  2.23408708e-03  1.17046527e-02  2.23408708e-03 
 4.89778819e+05 -9.88295238e-01  2.28612572e-03  1.17047616e-02  2.28612572e-03 
 5.01187234e+05 -9.88295124e-01  2.33937649e-03  1.17048757e-02  2.33937649e-03 
 5.12861384e+05 -9.88295005e-01  2.39386763e-03  1.17049951e-02  2.39386763e-03 
 5.24807460e+05 -9.88294880e-01  2.44962804e-03  1.17051202e-02  2.44962804e-03 
 5.37031796e+05 -9.88294749e-01  2.50668729e-03  1.17052511e-02  2.50668729e-03 
 5.49540874e+05 -9.88294612e-01  2.56507562e-03  1.17053882e-02  2.56507562e-03 
 5.62341325e+05 -9.88294468e-01  2.62482399e-03  1.17055318e-02  2.62482399e-03 
 5.75439937e+05 -9.88294318e-01  2.68596409e-03  1.17056821e-02  2.68596409e-03 
 5.88843655e+05 -9.88294160e-01  2.74852833e-03  1.17058396e-02  2.74852833e-03 
 6.02559586e+05 -9.88293996e-01  2.81254989e-03  1.17060044e-02  2.81254989e-03 
 6.16595002e+05 -9.88293823e-01  2.87806271e-03  1.17061770e-02  2.87806271e-03 
 6.30957344e+05 -9.88293642e-01  2.94510152e-03  1.17063578e-02  2.94510152e-03 
 6.45654229e+05 -9.88293453e-01  3.01370188e-03  1.17065471e-02  3.01370188e-03 
 6.60693448e+05 -9.88293255e-01  3.08390016e-03  1.17067453e-02  3.08390016e-03 
 6.76082975e+05 -9.88293047e-01  3.15573358e-03  1.17069528e-02  3.15573358e-03 
 6.91830971e+05 -9.88292830e-01  3.22924022e-03  1.17071701e-02  3.22924022e-03 
 7.07945784e+05 -9.88292602e-01  3.30445906e-03  1.17073977e-02  3.30445906e-03 
 7.24435960e+05 -9.88292364e-01  3.38142999e-03  1.17076360e-02  3.38142999e-03 
 7.41310241e+05 -9.88292115e-01  3.46019381e-03  1.17078855e-02  3.46019381e-03 
 7.58577575e+05 -9.88291853e-01  3.54079230e-03  1.17081467e-02  3.54079230e-03 
 7.76247117e+05 -9.88291580e-01  3.62326817e-03  1.17084203e-02  3.62326817e-03 
 7.94328235e+05 -9.88291293e-01  3.70766518e-03  1.17087068e-02  3.70766518e-03 
 8.12830516e+05 -9.88290993e-01  3.79402806e-03  1.17090068e-02  3.79402806e-03 
 8.31763771e+05 -9.88290679e-01  3.88240261e-03  1.17093209e-02  3.88240261e-03 
 8.51138038e+05 -9.88290350e-01  3.97283569e-03  1.17096498e-02  3.97283569e-03 
 8.70963590e+05 -9.88290006e-01  4.06537525e-03  1.17099942e-02  4.06537525e-03 
 8.91250938e+05 -9.88289645e-01  4.16007035e-03  1.17103549e-02  4.16007035e-03 
 9.12010839e+05 -9.88289267e-01  4.25697121e-03  1.17107326e-02  4.25697121e-03 
 9.33254301e+05 -9.88288872e-01  4.35612921e-03  1.17111280e-02  4.35612921e-03 
 9.54992586e+05 -9.88288458e-01  4.45759693e-03  1.17115421e-02  4.45759693e-03 
 9.77237221e+05 -9.88288024e-01  4.56142816e-03  1.17119757e-02  4.56142816e-03 
 1.00000000e+06 -9.88287570e-01  4.66767796e-03  1.17124298e-02  4.66767796e-03 
 1.02329299e+06 -9.88287095e-01  4.77640268e-03  1.17129052e-02  4.77640268e-03 
 1.04712855e+06 -9.88286597e-01  4.88765996e-03  1.17134031e-02  4.88765996e-03 
 1.07151931e+06 -9.88286076e-01  5.00150879e-03  1.17139244e-02  5.00150879e-03 
 1.09647820e+06 -9.88285530e-01  5.11800955e-03  1.17144703e-02  5.11800955e-03 
 1.12201845e+06 -9.88284958e-01  5.23722400e-03  1.17150419e-02  5.23722400e-03 
 1.14815362e+06 -9.88284360e-01  5.35921537e-03  1.17156404e-02  5.35921537e-03 
 1.17489755e+06 -9.88283733e-01  5.48404833e-03  1.17162672e-02  5.48404833e-03 
 1.20226443e+06 -9.88283077e-01  5.61178909e-03  1.17169235e-02  5.61178909e-03 
 1.23026877e+06 -9.88282389e-01  5.74250537e-03  1.17176107e-02  5.74250537e-03 
 1.25892541e+06 -9.88281670e-01  5.87626649e-03  1.17183304e-02  5.87626649e-03 
 1.28824955e+06 -9.88280916e-01  6.01314337e-03  1.17190839e-02  6.01314337e-03 
 1.31825674e+06 -9.88280127e-01  6.15320861e-03  1.17198730e-02  6.15320861e-03 
 1.34896288e+06 -9.88279301e-01  6.29653646e-03  1.17206992e-02  6.29653646e-03 
 1.38038426e+06 -9.88278436e-01  6.44320294e-03  1.17215644e-02  6.44320294e-03 
 1.41253754e+06 -9.88277530e-01  6.59328580e-03  1.17224704e-02  6.59328580e-03 
 1.44543977e+06 -9.88276581e-01  6.74686465e-03  1.17234190e-02  6.74686465e-03 
 1.47910839e+06 -9.88275588e-01  6.90402092e-03  1.17244124e-02  6.90402092e-03 
 1.51356125e+06 -9.88274547e-01  7.06483793e-03  1.17254526e-02  7.06483793e-03 
 1.54881662e+06 -9.88273458e-01  7.22940099e-03  1.17265418e-02  7.22940099e-03 
 1.58489319e+06 -9.88272318e-01  7.39779733e-03  1.17276824e-02  7.39779733e-03 
 1.62181010e+06 -9.88271123e-01  7.57011628e-03  1.17288767e-02  7.57011628e-03 
 1.65958691e+06 -9.88269873e-01  7.74644919e-03  1.17301273e-02  7.74644919e-03 
 1.69824365e+06 -9.88268563e-01  7.92688960e-03  1.17314369e-02  7.92688960e-03 
 1.73780083e+06 -9.88267192e-01  8.11153317e-03  1.17328082e-02  8.11153317e-03 
 1.77827941e+06 -9.88265756e-01  8.30047782e-03  1.17342441e-02  8.30047782e-03 
 1.81970086e+06 -9.88264252e-01  8.49382377e-03  1.17357477e-02  8.49382377e-03 
 1.86208714e+06 -9.88262678e-01  8.69167353e-03  1.17373221e-02  8.69167353e-03 
 1.90546072e+06 -9.88261029e-01  8.89413203e-03  1.17389708e-02  8.89413203e-03 
 1.94984460e+06 -9.88259303e-01  9.10130664e-03  1.17406972e-02  9.10130664e-03 
 1.99526231e+06 -9.88257495e-01  9.31330723e-03  1.17425050e-02  9.31330723e-03 
 2.04173794e+06 -9.88255602e-01  9.53024622e-03  1.17443979e-02  9.53024622e-03 
 2.08929613e+06 -9.88253620e-01  9.75223868e-03  1.17463801e-02  9.75223868e-03 
 2.13796209e+06 -9.88251544e-01  9.97940233e-03  1.17484557e-02  9.97940233e-03 
 2.18776162e+06 -9.88249371e-01  1.02118576e-02  1.17506292e-02  1.02118576e-02 
 2.23872114e+06 -9.88247095e-01  1.04497279e-02  1.17529051e-02  1.04497279e-02 
 2.29086765e+06 -9.88244712e-01  1.06931393e-02  1.17552883e-02  1.06931393e-02 
 2.34422882e+06 -9.88242216e-01  1.09422208e-02  1.17577838e-02  1.09422208e-02 
 2.39883292e+06 -9.88239603e-01  1.11971047e-02  1.17603970e-02  1.11971047e-02 
 2.45470892e+06 -9.88236867e-01  1.14579261e-02  1.17631333e-02  1.14579261e-02 
 2.51188643e+06 -9.88234001e-01  1.17248233e-02  1.17659986e-02  1.17248233e-02 
 2.57039578e+06 -9.88231001e-01  1.19979379e-02  1.17689990e-02  1.19979379e-02 
 2.63026799e+06 -9.88227859e-01  1.22774148e-02  1.17721408e-02  1.22774148e-02 
 2.69153480e+06 -9.88224569e-01  1.25634021e-02  1.17754308e-02  1.25634021e-02 
 2.75422870e+06 -9.88221124e-01  1.28560517e-02  1.17788758e-02  1.28560517e-02 
 2.81838293e+06 -9.88217517e-01  1.31555186e-02  1.17824832e-02  1.31555186e-02 
 2.88403150e+06 -9.88213739e-01  1.34619619e-02  1.17862607e-02  1.34619619e-02 
 2.95120923e+06 -9.88209784e-01  1.37755439e-02  1.17902162e-02  1.37755439e-02 
 3.01995172e+06 -9.88205642e-01  1.40964312e-02  1.17943583e-02  1.40964312e-02 
 3.09029543e+06 -9.88201304e-01  1.44247938e-02  1.17986955e-02  1.44247938e-02 
 3.16227766e+06 -9.88196763e-01  1.47608060e-02  1.18032373e-02  1.47608060e-02 
 3.23593657e+06 -9.88192007e-01  1.51046461e-02  1.18079932e-02  1.51046461e-02 
 3.31131121e+06 -9.88187027e-01  1.54564964e-02  1.18129733e-02  1.54564964e-02 
 3.38844156e+06 -9.88181812e-01  1.58165437e-02  1.18181882e-02  1.58165437e-02 
 3.46736850e+06 -9.88176351e-01  1.61849789e-02  1.18236490e-02  1.61849789e-02 
 3.54813389e+06 -9.88170633e-01  1.65619975e-02  1.18293672e-02  1.65619975e-02 
 3.63078055e+06 -9.88164645e-01  1.69477996e-02  1.18353551e-02  1.69477996e-02 
 3.71535229e+06 -9.88158375e-01  1.73425899e-02  1.18416252e-02  1.73425899e-02 
 3.80189396e+06 -9.88151809e-01  1.77465778e-02  1.18481910e-02  1.77465778e-02 
 3.89045145e+06 -9.88144934e-01  1.81599777e-02  1.18550664e-02  1.81599777e-02 
 3.98107171e+06 -9.88137734e-01  1.85830091e-02  1.18622660e-02  1.85830091e-02 
 4.07380278e+06 -9.88130195e-01  1.90158963e-02  1.18698051e-02  1.90158963e-02 
 4.16869383e+06 -9.88122300e-01  1.94588692e-02  1.18776997e-02  1.94588692e-02 
 4.26579519e+06 -9.88114033e-01  1.99121628e-02  1.18859665e-02  1.99121628e-02 
 4.36515832e+06 -9.88105377e-01  2.03760176e-02  1.18946232e-02  2.03760176e-02 
 4.46683592e+06 -9.88096312e-01  2.08506800e-02  1.19036882e-02  2.08506800e-02 
 4.57088190e+06 -9.88086819e-01  2.13364018e-02  1.19131806e-02  2.13364018e-02 
 4.67735141e+06 -9.88076879e-01  2.18334409e-02  1.19231208e-02  2.18334409e-02 
 4.78630092e+06 -9.88066470e-01  2.23420611e-02  1.19335297e-02  2.23420611e-02 
 4.89778819e+06 -9.88055570e-01  2.28625325e-02  1.19444296e-02  2.28625325e-02 
 5.01187234e+06 -9.88044156e-01  2.33951313e-02  1.19558437e-02  2.33951313e-02 
 5.12861384e+06 -9.88032204e-01  2.39401404e-02  1.19677960e-02  2.39401404e-02 
 5.24807460e+06 -9.88019688e-01  2.44978491e-02  1.19803122e-02  2.44978491e-02 
 5.37031796e+06 -9.88006581e-01  2.50685536e-02  1.19934189e-02  2.50685536e-02 
 5.49540874e+06 -9.87992856e-01  2.56525570e-02  1.20071438e-02  2.56525570e-02 
 5.62341325e+06 -9.87978484e-01  2.62501694e-02  1.20215162e-02  2.62501694e-02 
 5.75439937e+06 -9.87963433e-01  2.68617082e-02  1.20365667e-02  2.68617082e-02 
 5.88843655e+06 -9.87947673e-01  2.74874982e-02  1.20523273e-02  2.74874982e-02 
 6.02559586e+06 -9.87931168e-01  2.81278720e-02  1.20688316e-02  2.81278720e-02 
 6.16595002e+06 -9.87913885e-01  2.87831697e-02  1.20861146e-02  2.87831697e-02 
 6.30957344e+06 -9.87895787e-01  2.94537394e-02  1.21042132e-02  2.94537394e-02 
 6.45654229e+06 -9.87876834e-01  3.01399375e-02  1.21231659e-02  3.01399375e-02 
 6.60693448e+06 -9.87856987e-01  3.08421287e-02  1.21430131e-02  3.08421287e-02 
 6.76082975e+06 -9.87836203e-01  3.15606861e-02  1.21637971e-02  3.15606861e-02 
 6.91830971e+06 -9.87814438e-01  3.22959917e-02  1.21855621e-02  3.22959917e-02 
 7.07945784e+06 -9.87791645e-01  3.30484364e-02  1.22083545e-02  3.30484364e-02 
 7.24435960e+06 -9.87767777e-01  3.38184202e-02  1.22322229e-02  3.38184202e-02 
 7.41310241e+06 -9.87742782e-01  3.46063525e-02  1.22572182e-02  3.46063525e-02 
 7.58577575e+06 -9.87716606e-01  3.54126524e-02  1.22833937e-02  3.54126524e-02 
 7.76247117e+06 -9.87689195e-01  3.62377486e-02  1.23108053e-02  3.62377486e-02 
 7.94328235e+06 -9.87660489e-01  3.70820802e-02  1.23395113e-02  3.70820802e-02 
 8.12830516e+06 -9.87630427e-01  3.79460963e-02  1.23695731e-02  3.79460963e-02 
 8.31763771e+06 -9.87598945e-01  3.88302566e-02  1.24010548e-02  3.88302566e-02 
 8.51138038e+06 -9.87565976e-01  3.97350318e-02  1.24340237e-02  3.97350318e-02 
 8.70963590e+06 -9.87531450e-01  4.06609034e-02  1.24685502e-02  4.06609034e-02 
 8.91250938e+06 -9.87495292e-01  4.16083644e-02  1.25047080e-02  4.16083644e-02 
 9.12010839e+06 -9.87457425e-01  4.25779192e-02  1.25425746e-02  4.25779192e-02 
 9.33254301e+06 -9.87417769e-01  4.35700842e-02  1.25822307e-02  4.35700842e-02 
 9.54992586e+06 -9.87376239e-01  4.45853880e-02  1.26237613e-02  4.45853880e-02 
 9.77237221e+06 -9.87332745e-01  4.56243715e-02  1.26672552e-02  4.56243715e-02 
 1.00000000e+07 -9.87287194e-01  4.66875884e-02  1.27128056e-02  4.66875884e-02 
 1.02329299e+07 -9.87239490e-01  4.77756056e-02  1.27605099e-02  4.77756056e-02 
 1.04712855e+07 -9.87189530e-01  4.88890031e-02  1.28104704e-02  4.88890031e-02 
 1.07151931e+07 -9.87137206e-01  5.00283746e-02  1.28627943e-02  5.00283746e-02 
 1.09647820e+07 -9.87082406e-01  5.11943282e-02  1.29175937e-02  5.11943282e-02 
 1.12201845e+07 -9.87025014e-01  5.23874858e-02  1.29749862e-02  5.23874858e-02 
 1.14815362e+07 -9.86964905e-01  5.36084844e-02  1.30350950e-02  5.36084844e-02 
 1.17489755e+07 -9.86901951e-01  5.48579759e-02  1.30980493e-02  5.48579759e-02 
 1.20226443e+07 -9.86836016e-01  5.61366277e-02  1.31639844e-02  5.61366277e-02 
 1.23026877e+07 -9.86766958e-01  5.74451229e-02  1.32330421e-02  5.74451229e-02 
 1.25892541e+07 -9.86694629e-01  5.87841608e-02  1.33053711e-02  5.87841608e-02 
 1.28824955e+07 -9.86618873e-01  6.01544574e-02  1.33811270e-02  6.01544574e-02 
 1.31825674e+07 -9.86539527e-01  6.15567455e-02  1.34604733e-02  6.15567455e-02 
 1.34896288e+07 -9.86456419e-01  6.29917755e-02  1.35435809e-02  6.29917755e-02 
 1.38038426e+07 -9.86369371e-01  6.44603155e-02  1.36306293e-02  6.44603155e-02 
 1.41253754e+07 -9.86278193e-01  6.59631519e-02  1.37218065e-02  6.59631519e-02 
 1.44543977e+07 -9.86182690e-01  6.75010898e-02  1.38173098e-02  6.75010898e-02 
 1.47910839e+07 -9.86082654e-01  6.90749535e-02  1.39173456e-02  6.90749535e-02 
 1.51356125e+07 -9.85977869e-01  7.06855870e-02  1.40221307e-02  7.06855870e-02 
 1.54881662e+07 -9.85868108e-01  7.23338543e-02  1.41318922e-02  7.23338543e-02 
 1.58489319e+07 -9.85753132e-01  7.40206402e-02  1.42468685e-02  7.40206402e-02 
 1.62181010e+07 -9.85632691e-01  7.57468506e-02  1.43673092e-02  7.57468506e-02 
 1.65958691e+07 -9.85506524e-01  7.75134130e-02  1.44934762e-02  7.75134130e-02 
 1.69824365e+07 -9.85374356e-01  7.93212773e-02  1.46256444e-02  7.93212773e-02 
 1.73780083e+07 -9.85235898e-01  8.11714161e-02  1.47641018e-02  8.11714161e-02 
 1.77827941e+07 -9.85090849e-01  8.30648254e-02  1.49091506e-02  8.30648254e-02 
 1.81970086e+07 -9.84938892e-01  8.50025249e-02  1.50611078e-02  8.50025249e-02 
 1.86208714e+07 -9.84779694e-01  8.69855593e-02  1.52203061e-02  8.69855593e-02 
 1.90546072e+07 -9.84612906e-01  8.90149980e-02  1.53870943e-02  8.90149980e-02 
 1.94984460e+07 -9.84438162e-01  9.10919366e-02  1.55618385e-02  9.10919366e-02 
 1.99526231e+07 -9.84255077e-01  9.32174970e-02  1.57449228e-02  9.32174970e-02 
 2.04173794e+07 -9.84063250e-01  9.53928281e-02  1.59367504e-02  9.53928281e-02 
 2.08929613e+07 -9.83862256e-01  9.76191069e-02  1.61377445e-02  9.76191069e-02 
 2.13796209e+07 -9.83651651e-01  9.98975388e-02  1.63483490e-02  9.98975388e-02 
 2.18776162e+07 -9.83430970e-01  1.02229358e-01  1.65690303e-02  1.02229358e-01 
 2.23872114e+07 -9.83199722e-01  1.04615830e-01  1.68002777e-02  1.04615830e-01 
 2.29086765e+07 -9.82957395e-01  1.07058250e-01  1.70426051e-02  1.07058250e-01 
 2.34422882e+07 -9.82703448e-01  1.09557945e-01  1.72965523e-02  1.09557945e-01 
 2.39883292e+07 -9.82437314e-01  1.12116275e-01  1.75626859e-02  1.12116275e-01 
 2.45470892e+07 -9.82158399e-01  1.14734631e-01  1.78416013e-02  1.14734631e-01 
 2.51188643e+07 -9.81866076e-01  1.17414442e-01  1.81339239e-02  1.17414442e-01 
 2.57039578e+07 -9.81559689e-01  1.20157168e-01  1.84403108e-02  1.20157168e-01 
 2.63026799e+07 -9.81238548e-01  1.22964307e-01  1.87614523e-02  1.22964307e-01 
 2.69153480e+07 -9.80901926e-01  1.25837393e-01  1.90980742e-02  1.25837393e-01 
 2.75422870e+07 -9.80549061e-01  1.28777999e-01  1.94509391e-02  1.28777999e-01 
 2.81838293e+07 -9.80179151e-01  1.31787735e-01  1.98208488e-02  1.31787735e-01 
 2.88403150e+07 -9.79791353e-01  1.34868252e-01  2.02086466e-02  1.34868252e-01 
 2.95120923e+07 -9.79384781e-01  1.38021240e-01  2.06152190e-02  1.38021240e-01 
 3.01995172e+07 -9.78958501e-01  1.41248432e-01  2.10414986e-02  1.41248432e-01 
 3.09029543e+07 -9.78511533e-01  1.44551603e-01  2.14884667e-02  1.44551603e-01 
 3.16227766e+07 -9.78042845e-01  1.47932574e-01  2.19571554e-02  1.47932574e-01 
 3.23593657e+07 -9.77551349e-01  1.51393207e-01  2.24486515e-02  1.51393207e-01 
 3.31131121e+07 -9.77035902e-01  1.54935413e-01  2.29640985e-02  1.54935413e-01 
 3.38844156e+07 -9.76495299e-01  1.58561148e-01  2.35047005e-02  1.58561148e-01 
 3.46736850e+07 -9.75928274e-01  1.62272419e-01  2.40717258e-02  1.62272419e-01 
 3.54813389e+07 -9.75333490e-01  1.66071280e-01  2.46665099e-02  1.66071280e-01 
 3.63078055e+07 -9.74709540e-01  1.69959835e-01  2.52904602e-02  1.69959835e-01 
 3.71535229e+07 -9.74054940e-01  1.73940242e-01  2.59450596e-02  1.73940242e-01 
 3.80189396e+07 -9.73368129e-01  1.78014709e-01  2.66318713e-02  1.78014709e-01 
 3.89045145e+07 -9.72647457e-01  1.82185500e-01  2.73525434e-02  1.82185500e-01 
 3.98107171e+07 -9.71891186e-01  1.86454933e-01  2.81088140e-02  1.86454933e-01 
 4.07380278e+07 -9.71097483e-01  1.90825381e-01  2.89025166e-02  1.90825381e-01 
 4.16869383e+07 -9.70264414e-01  1.95299275e-01  2.97355858e-02  1.95299275e-01 
 4.26579519e+07 -9.69389937e-01  1.99879105e-01  3.06100634e-02  1.99879105e-01 
 4.36515832e+07 -9.68471895e-01  2.04567418e-01  3.15281052e-02  2.04567418e-01 
 4.46683592e+07 -9.67508012e-01  2.09366822e-01  3.24919877e-02  2.09366822e-01 
 4.57088190e+07 -9.66495884e-01  2.14279983e-01  3.35041157e-02  2.14279983e-01 
 4.67735141e+07 -9.65432970e-01  2.19309632e-01  3.45670303e-02  2.19309632e-01 
 4.78630092e+07 -9.64316583e-01  2.24458559e-01  3.56834174e-02  2.24458559e-01 
 4.89778819e+07 -9.63143883e-01  2.29729616e-01  3.68561168e-02  2.29729616e-01 
 5.01187234e+07 -9.61911868e-01  2.35125718e-01  3.80881319e-02  2.35125718e-01 
 5.12861384e+07 -9.60617360e-01  2.40649842e-01  3.93826404e-02  2.40649842e-01 
 5.24807460e+07 -9.59256995e-01  2.46305024e-01  4.07430049e-02  2.46305024e-01 
 5.37031796e+07 -9.57827215e-01  2.52094366e-01  4.21727854e-02  2.52094366e-01 
 5.49540874e+07 -9.56324248e-01  2.58021025e-01  4.36757518e-02  2.58021025e-01 
 5.62341325e+07 -9.54744103e-01  2.64088219e-01  4.52558974e-02  2.64088219e-01 
 5.75439937e+07 -9.53082546e-01  2.70299222e-01  4.69174537e-02  2.70299222e-01 
 5.88843655e+07 -9.51335094e-01  2.76657363e-01  4.86649060e-02  2.76657363e-01 
 6.02559586e+07 -9.49496990e-01  2.83166021e-01  5.05030098e-02  2.83166021e-01 
 6.16595002e+07 -9.47563191e-01  2.89828622e-01  5.24368090e-02  2.89828622e-01 
 6.30957344e+07 -9.45528345e-01  2.96648635e-01  5.44716549e-02  2.96648635e-01 
 6.45654229e+07 -9.43386774e-01  3.03629566e-01  5.66132263e-02  3.03629566e-01 
 6.60693448e+07 -9.41132448e-01  3.10774950e-01  5.88675515e-02  3.10774950e-01 
 6.76082975e+07 -9.38758969e-01  3.18088346e-01  6.12410314e-02  3.18088346e-01 
 6.91830971e+07 -9.36259536e-01  3.25573322e-01  6.37404644e-02  3.25573322e-01 
 7.07945784e+07 -9.33626928e-01  3.33233450e-01  6.63730724e-02  3.33233450e-01 
 7.24435960e+07 -9.30853471e-01  3.41072289e-01  6.91465294e-02  3.41072289e-01 
 7.41310241e+07 -9.27931009e-01  3.49093372e-01  7.20689910e-02  3.49093372e-01 
 7.58577575e+07 -9.24850874e-01  3.57300186e-01  7.51491260e-02  3.57300186e-01 
 7.76247117e+07 -9.21603850e-01  3.65696154e-01  7.83961503e-02  3.65696154e-01 
 7.94328235e+07 -9.18180138e-01  3.74284610e-01  8.18198622e-02  3.74284610e-01 
 8.12830516e+07 -9.14569320e-01  3.83068773e-01  8.54306798e-02  3.83068773e-01 
 8.31763771e+07 -9.10760319e-01  3.92051715e-01  8.92396810e-02  3.92051715e-01 
 8.51138038e+07 -9.06741356e-01  4.01236326e-01  9.32586440e-02  4.01236326e-01 
 8.70963590e+07 -9.02499908e-01  4.10625273e-01  9.75000915e-02  4.10625273e-01 
 8.91250938e+07 -8.98022665e-01  4.20220956e-01  1.01977335e-01  4.20220956e-01 
 9.12010839e+07 -8.93295476e-01  4.30025451e-01  1.06704524e-01  4.30025451e-01 
 9.33254301e+07 -8.88303312e-01  4.40040454e-01  1.11696688e-01  4.40040454e-01 
 9.54992586e+07 -8.83030206e-01  4.50267212e-01  1.16969794e-01  4.50267212e-01 
 9.77237221e+07 -8.77459210e-01  4.60706445e-01  1.22540790e-01  4.60706445e-01 
 1.00000000e+08 -8.71572342e-01  4.71358260e-01  1.28427658e-01  4.71358260e-01 
 1.02329299e+08 -8.65350538e-01  4.82222057e-01  1.34649462e-01  4.82222057e-01 
 1.04712855e+08 -8.58773602e-01  4.93296410e-01  1.41226398e-01  4.93296410e-01 
 1.07151931e+08 -8.51820163e-01  5.04578955e-01  1.48179837e-01  5.04578955e-01 
 1.09647820e+08 -8.44467632e-01  5.16066242e-01  1.55532368e-01  5.16066242e-01 
 1.12201845e+08 -8.36692165e-01  5.27753588e-01  1.63307835e-01  5.27753588e-01 
 1.14815362e+08 -8.28468636e-01  5.39634902e-01  1.71531364e-01  5.39634902e-01 
 1.17489755e+08 -8.19770617e-01  5.51702494e-01  1.80229383e-01  5.51702494e-01 
 1.20226443e+08 -8.10570369e-01  5.63946870e-01  1.89429631e-01  5.63946870e-01 
 1.23026877e+08 -8.00838857e-01  5.76356493e-01  1.99161143e-01  5.76356493e-01 
 1.25892541e+08 -7.90545771e-01  5.88917536e-01  2.09454229e-01  5.88917536e-01 
 1.28824955e+08 -7.79659585e-01  6.01613605e-01  2.20340415e-01  6.01613605e-01 
 1.31825674e+08 -7.68147635e-01  6.14425435e-01  2.31852365e-01  6.14425435e-01 
 1.34896288e+08 -7.55976236e-01  6.27330574e-01  2.44023764e-01  6.27330574e-01 
 1.38038426e+08 -7.43110842e-01  6.40303036e-01  2.56889158e-01  6.40303036e-01 
 1.41253754e+08 -7.29516248e-01  6.53312941e-01  2.70483752e-01  6.53312941e-01 
 1.44543977e+08 -7.15156858e-01  6.66326134e-01  2.84843142e-01  6.66326134e-01 
 1.47910839e+08 -6.99997010e-01  6.79303795e-01  3.00002990e-01  6.79303795e-01 
 1.51356125e+08 -6.84001378e-01  6.92202047e-01  3.15998622e-01  6.92202047e-01 
 1.54881662e+08 -6.67135460e-01  7.04971564e-01  3.32864540e-01  7.04971564e-01 
 1.58489319e+08 -6.49366152e-01  7.17557196e-01  3.50633848e-01  7.17557196e-01 
 1.62181010e+08 -6.30662432e-01  7.29897628e-01  3.69337568e-01  7.29897628e-01 
 1.65958691e+08 -6.10996142e-01  7.41925084e-01  3.89003858e-01  7.41925084e-01 
 1.69824365e+08 -5.90342893e-01  7.53565099e-01  4.09657107e-01  7.53565099e-01 
 1.73780083e+08 -5.68683079e-01  7.64736387e-01  4.31316921e-01  7.64736387e-01 
 1.77827941e+08 -5.46003007e-01  7.75350835e-01  4.53996993e-01  7.75350835e-01 
 1.81970086e+08 -5.22296140e-01  7.85313648e-01  4.77703860e-01  7.85313648e-01 
 1.86208714e+08 -4.97564417e-01  7.94523679e-01  5.02435583e-01  7.94523679e-01 
 1.90546072e+08 -4.71819664e-01  8.02873989e-01  5.28180336e-01  8.02873989e-01 
 1.94984460e+08 -4.45085025e-01  8.10252665e-01  5.54914975e-01  8.10252665e-01 
 1.99526231e+08 -4.17396399e-01  8.16543928e-01  5.82603601e-01  8.16543928e-01 
 2.04173794e+08 -3.88803814e-01  8.21629555e-01  6.11196186e-01  8.21629555e-01 
 2.08929613e+08 -3.59372671e-01  8.25390649e-01  6.40627329e-01  8.25390649e-01 
 2.13796209e+08 -3.29184797e-01  8.27709735e-01  6.70815203e-01  8.27709735e-01 
 2.18776162e+08 -2.98339200e-01  8.28473193e-01  7.01660800e-01  8.28473193e-01 
 2.23872114e+08 -2.66952451e-01  8.27573984e-01  7.33047549e-01  8.27573984e-01 
 2.29086765e+08 -2.35158602e-01  8.24914612e-01  7.64841398e-01  8.24914612e-01 
 2.34422882e+08 -2.03108559e-01  8.20410239e-01  7.96891441e-01  8.20410239e-01 
 2.39883292e+08 -1.70968833e-01  8.13991843e-01  8.29031167e-01  8.13991843e-01 
 2.45470892e+08 -1.38919650e-01  8.05609292e-01  8.61080350e-01  8.05609292e-01 
 2.51188643e+08 -1.07152375e-01  7.95234168e-01  8.92847625e-01  7.95234168e-01 
 2.57039578e+08 -7.58663176e-02  7.82862193e-01  9.24133682e-01  7.82862193e-01 
 2.63026799e+08 -4.52649540e-02  7.68515098e-01  9.54735046e-01  7.68515098e-01 
 2.69153480e+08 -1.55517065e-02  7.52241776e-01  9.84448294e-01  7.52241776e-01 
 2.75422870e+08  1.30745761e-02  7.34118615e-01  1.01307458e+00  7.34118615e-01 
 2.81838293e+08  4.04242416e-02  7.14248926e-01  1.04042424e+00  7.14248926e-01 
 2.88403150e+08  6.63213517e-02  6.92761446e-01  1.06632135e+00  6.92761446e-01 
 2.95120923e+08  9.06078765e-02  6.69807933e-01  1.09060788e+00  6.69807933e-01 
 3.01995172e+08  1.13147360e-01  6.45559961e-01  1.11314736e+00  6.45559961e-01 
 3.09029543e+08  1.33827880e-01  6.20205032e-01  1.13382788e+00  6.20205032e-01 
 3.16227766e+08  1.52564165e-01  5.93942211e-01  1.15256416e+00  5.93942211e-01 
 3.23593657e+08  1.69298793e-01  5.66977465e-01  1.16929879e+00  5.66977465e-01 
 3.31131121e+08  1.84002443e-01  5.39518963e-01  1.18400244e+00  5.39518963e-01 
 3.38844156e+08  1.96673232e-01  5.11772510e-01  1.19667323e+00  5.11772510e-01 
 3.46736850e+08  2.07335230e-01  4.83937346e-01  1.20733523e+00  4.83937346e-01 
 3.54813389e+08  2.16036277e-01  4.56202433e-01  1.21603628e+00  4.56202433e-01 
 3.63078055e+08  2.22845251e-01  4.28743366e-01  1.22284525e+00  4.28743366e-01 
 3.71535229e+08  2.27848967e-01  4.01719964e-01  1.22784897e+00  4.01719964e-01 
 3.80189396e+08  2.31148862e-01  3.75274569e-01  1.23114886e+00  3.75274569e-01 
 3.89045145e+08  2.32857633e-01  3.49531026e-01  1.23285763e+00  3.49531026e-01 
 3.98107171e+08  2.33095965e-01  3.24594306e-01  1.23309597e+00  3.24594306e-01 
 4.07380278e+08  2.31989455e-01  3.00550681e-01  1.23198946e+00  3.00550681e-01 
 4.16869383e+08  2.29665818e-01  2.77468373e-01  1.22966582e+00  2.77468373e-01 
 4.26579519e+08  2.26252432e-01  2.55398574e-01  1.22625243e+00  2.55398574e-01 
 4.36515832e+08  2.21874256e-01  2.34376739e-01  1.22187426e+00  2.34376739e-01 
 4.46683592e+08  2.16652112e-01  2.14424066e-01  1.21665211e+00  2.14424066e-01 
 4.57088190e+08  2.10701344e-01  1.95549079e-01  1.21070134e+00  1.95549079e-01 
 4.67735141e+08  2.04130811e-01  1.77749241e-01  1.20413081e+00  1.77749241e-01 
 4.78630092e+08  1.97042191e-01  1.61012550e-01  1.19704219e+00  1.61012550e-01 
 4.89778819e+08  1.89529554e-01  1.45319065e-01  1.18952955e+00  1.45319065e-01 
 5.01187234e+08  1.81679167e-01  1.30642340e-01  1.18167917e+00  1.30642340e-01 
 5.12861384e+08  1.73569489e-01  1.16950734e-01  1.17356949e+00  1.16950734e-01 
 5.24807460e+08  1.65271314e-01  1.04208599e-01  1.16527131e+00  1.04208599e-01 
 5.37031796e+08  1.56848041e-01  9.23773239e-02  1.15684804e+00  9.23773239e-02 
 5.49540874e+08  1.48356017e-01  8.14162557e-02  1.14835602e+00  8.14162557e-02 
 5.62341325e+08  1.39844958e-01  7.12834831e-02  1.13984496e+00  7.12834831e-02 
 5.75439937e+08  1.31358391e-01  6.19365038e-02  1.13135839e+00  6.19365038e-02 
 5.88843655e+08  1.22934129e-01  5.33327804e-02  1.12293413e+00  5.33327804e-02 
 6.02559586e+08  1.14604745e-01  4.54301950e-02  1.11460475e+00  4.54301950e-02 
 6.16595002e+08  1.06398040e-01  3.81874163e-02  1.10639804e+00  3.81874163e-02 
 6.30957344e+08  9.83374997e-02  3.15641869e-02  1.09833750e+00  3.15641869e-02 
 6.45654229e+08  9.04427299e-02  2.55215445e-02  1.09044273e+00  2.55215445e-02 
 6.60693448e+08  8.27298650e-02  2.00219840e-02  1.08272986e+00  2.00219840e-02 
 6.76082975e+08  7.52119517e-02  1.50295715e-02  1.07521195e+00  1.50295715e-02 
 6.91830971e+08  6.78993028e-02  1.05100169e-02  1.06789930e+00  1.05100169e-02 
 7.07945784e+08  6.07998227e-02  6.43071278e-03  1.06079982e+00  6.43071278e-03 
 7.24435960e+08  5.39193035e-02  2.76074609e-03  1.05391930e+00  2.76074609e-03 
 7.41310241e+08  4.72616945e-02 -5.29112614e-04  1.04726169e+00 -5.29112614e-04 
 7.58577575e+08  4.08293448e-02 -3.46643721e-03  1.04082934e+00 -3.46643721e-03 
 7.76247117e+08  3.46232207e-02 -6.07718759e-03  1.03462322e+00 -6.07718759e-03 
 7.94328235e+08  2.86431008e-02 -8.38576141e-03  1.02864310e+00 -8.38576141e-03 
 8.12830516e+08  2.28877488e-02 -1.04150532e-02  1.02288775e+00 -1.04150532e-02 
 8.31763771e+08  1.73550680e-02 -1.21865185e-02  1.01735507e+00 -1.21865185e-02 
 8.51138038e+08  1.20422363e-02 -1.37202414e-02  1.01204224e+00 -1.37202414e-02 
 8.70963590e+08  6.94582596e-03 -1.50350034e-02  1.00694583e+00 -1.50350034e-02 
 8.91250938e+08  2.06190892e-03 -1.61483531e-02  1.00206191e+00 -1.61483531e-02 
 9.12010839e+08 -2.61385185e-03 -1.70766750e-02  9.97386148e-01 -1.70766750e-02 
 9.33254301e+08 -7.08612221e-03 -1.78352573e-02  9.92913878e-01 -1.78352573e-02 
 9.54992586e+08 -1.13598274e-02 -1.84383575e-02  9.88640173e-01 -1.84383575e-02 
 9.77237221e+08 -1.54400921e-02 -1.88992663e-02  9.84559908e-01 -1.88992663e-02 
 1.00000000e+09 -1.93321883e-02 -1.92303678e-02  9.80667812e-01 -1.92303678e-02 
 1.02329299e+09 -2.30414912e-02 -1.94431984e-02  9.76958509e-01 -1.94431984e-02 
 1.04712855e+09 -2.65734410e-02 -1.95485013e-02  9.73426559e-01 -1.95485013e-02 
 1.07151931e+09 -2.99335107e-02 -1.95562789e-02  9.70066489e-01 -1.95562789e-02 
 1.09647820e+09 -3.31271787e-02 -1.94758418e-02  9.66872821e-01 -1.94758418e-02 
 1.12201845e+09 -3.61599059e-02 -1.93158552e-02  9.63840094e-01 -1.93158552e-02 
 1.14815362e+09 -3.90371168e-02 -1.90843817e-02  9.60962883e-01 -1.90843817e-02 
 1.17489755e+09 -4.17641831e-02 -1.87889218e-02  9.58235817e-01 -1.87889218e-02 
 1.20226443e+09 -4.43464109e-02 -1.84364516e-02  9.55653589e-01 -1.84364516e-02 
 1.23026877e+09 -4.67890303e-02 -1.80334577e-02  9.53210970e-01 -1.80334577e-02 
 1.25892541e+09 -4.90971869e-02 -1.75859697e-02  9.50902813e-01 -1.75859697e-02 
 1.28824955e+09 -5.12759347e-02 -1.70995905e-02  9.48724065e-01 -1.70995905e-02 
 1.31825674e+09 -5.33302314e-02 -1.65795236e-02  9.46669769e-01 -1.65795236e-02 
 1.34896288e+09 -5.52649342e-02 -1.60305997e-02  9.44735066e-01 -1.60305997e-02 
 1.38038426e+09 -5.70847971e-02 -1.54572999e-02  9.42915203e-01 -1.54572999e-02 
 1.41253754e+09 -5.87944686e-02 -1.48637780e-02  9.41205531e-01 -1.48637780e-02 
 1.44543977e+09 -6.03984908e-02 -1.42538807e-02  9.39601509e-01 -1.42538807e-02 
 1.47910839e+09 -6.19012984e-02 -1.36311665e-02  9.38098702e-01 -1.36311665e-02 
 1.51356125e+09 -6.33072184e-02 -1.29989227e-02  9.36692782e-01 -1.29989227e-02 
 1.54881662e+09 -6.46204704e-02 -1.23601818e-02  9.35379530e-01 -1.23601818e-02 
 1.58489319e+09 -6.58451665e-02 -1.17177359e-02  9.34154834e-01 -1.17177359e-02 
 1.62181010e+09 -6.69853123e-02 -1.10741506e-02  9.33014688e-01 -1.10741506e-02 
 1.65958691e+09 -6.80448069e-02 -1.04317776e-02  9.31955193e-01 -1.04317776e-02 
 1.69824365e+09 -6.90274443e-02 -9.79276685e-03  9.30972556e-01 -9.79276685e-03 
 1.73780083e+09 -6.99369133e-02 -9.15907690e-03  9.30063087e-01 -9.15907690e-03 
 1.77827941e+09 -7.07767988e-02 -8.53248579e-03  9.29223201e-01 -8.53248579e-03 
 1.81970086e+09 -7.15505825e-02 -7.91460046e-03  9.28449417e-01 -7.91460046e-03 
 1.86208714e+09 -7.22616431e-02 -7.30686589e-03  9.27738357e-01 -7.30686589e-03 
 1.90546072e+09 -7.29132575e-02 -6.71057374e-03  9.27086743e-01 -6.71057374e-03 
 1.94984460e+09 -7.35086009e-02 -6.12687050e-03  9.26491399e-01 -6.12687050e-03 
 1.99526231e+09 -7.40507480e-02 -5.55676532e-03  9.25949252e-01 -5.55676532e-03 
 2.04173794e+09 -7.45426730e-02 -5.00113745e-03  9.25457327e-01 -5.00113745e-03 
 2.08929613e+09 -7.49872504e-02 -4.46074345e-03  9.25012750e-01 -4.46074345e-03 
 2.13796209e+09 -7.53872556e-02 -3.93622409e-03  9.24612744e-01 -3.93622409e-03 
 2.18776162e+09 -7.57453654e-02 -3.42811107e-03  9.24254635e-01 -3.42811107e-03 
 2.23872114e+09 -7.60641587e-02 -2.93683349e-03  9.23935841e-01 -2.93683349e-03 
 2.29086765e+09 -7.63461169e-02 -2.46272422e-03  9.23653883e-01 -2.46272422e-03 
 2.34422882e+09 -7.65936251e-02 -2.00602597e-03  9.23406375e-01 -2.00602597e-03 
 2.39883292e+09 -7.68089723e-02 -1.56689737e-03  9.23191028e-01 -1.56689737e-03 
 2.45470892e+09 -7.69943530e-02 -1.14541872e-03  9.23005647e-01 -1.14541872e-03 
 2.51188643e+09 -7.71518673e-02 -7.41597778e-04  9.22848133e-01 -7.41597778e-04 
 2.57039578e+09 -7.72835229e-02 -3.55375219e-04  9.22716477e-01 -3.55375219e-04 
 2.63026799e+09 -7.73912357e-02  1.33699128e-05  9.22608764e-01  1.33699128e-05 
 2.69153480e+09 -7.74768315e-02  3.64814980e-04  9.22523168e-01  3.64814980e-04 
 2.75422870e+09 -7.75420473e-02  6.99188667e-04  9.22457953e-01  6.99188667e-04 
 2.81838293e+09 -7.75885327e-02  1.01676605e-03  9.22411467e-01  1.01676605e-03 
 2.88403150e+09 -7.76178523e-02  1.31786388e-03  9.22382148e-01  1.31786388e-03 
 2.95120923e+09 -7.76314867e-02  1.60283595e-03  9.22368513e-01  1.60283595e-03 
 3.01995172e+09 -7.76308351e-02  1.87206880e-03  9.22369165e-01  1.87206880e-03 
 3.09029543e+09 -7.76172172e-02  2.12597743e-03  9.22382783e-01  2.12597743e-03 
 3.16227766e+09 -7.75918753e-02  2.36500139e-03  9.22408125e-01  2.36500139e-03 
 3.23593657e+09 -7.75559767e-02  2.58960095e-03  9.22444023e-01  2.58960095e-03 
 3.31131121e+09 -7.75106159e-02  2.80025352e-03  9.22489384e-01  2.80025352e-03 
 3.38844156e+09 -7.74568175e-02  2.99745030e-03  9.22543182e-01  2.99745030e-03 
 3.46736850e+09 -7.73955382e-02  3.18169310e-03  9.22604462e-01  3.18169310e-03 
 3.54813389e+09 -7.73276696e-02  3.35349143e-03  9.22672330e-01  3.35349143e-03 
 3.63078055e+09 -7.72540407e-02  3.51335973e-03  9.22745959e-01  3.51335973e-03 
 3.71535229e+09 -7.71754206e-02  3.66181488e-03  9.22824579e-01  3.66181488e-03 
 3.80189396e+09 -7.70925215e-02  3.79937388e-03  9.22907479e-01  3.79937388e-03 
 3.89045145e+09 -7.70060004e-02  3.92655174e-03  9.22994000e-01  3.92655174e-03 
 3.98107171e+09 -7.69164627e-02  4.04385957e-03  9.23083537e-01  4.04385957e-03 
 4.07380278e+09 -7.68244642e-02  4.15180287e-03  9.23175536e-01  4.15180287e-03 
 4.16869383e+09 -7.67305142e-02  4.25087998e-03  9.23269486e-01  4.25087998e-03 
 4.26579519e+09 -7.66350774e-02  4.34158075e-03  9.23364923e-01  4.34158075e-03 
 4.36515832e+09 -7.65385768e-02  4.42438533e-03  9.23461423e-01  4.42438533e-03 
 4.46683592e+09 -7.64413960e-02  4.49976315e-03  9.23558604e-01  4.49976315e-03 
 4.57088190e+09 -7.63438818e-02  4.56817208e-03  9.23656118e-01  4.56817208e-03 
 4.67735141e+09 -7.62463460e-02  4.63005762e-03  9.23753654e-01  4.63005762e-03 
 4.78630092e+09 -7.61490680e-02  4.68585238e-03  9.23850932e-01  4.68585238e-03 
 4.89778819e+09 -7.60522970e-02  4.73597557e-03  9.23947703e-01  4.73597557e-03 
 5.01187234e+09 -7.59562538e-02  4.78083262e-03  9.24043746e-01  4.78083262e-03 
 5.12861384e+09 -7.58611326e-02  4.82081496e-03  9.24138867e-01  4.82081496e-03 
 5.24807460e+09 -7.57671035e-02  4.85629981e-03  9.24232896e-01  4.85629981e-03 
 5.37031796e+09 -7.56743139e-02  4.88765016e-03  9.24325686e-01  4.88765016e-03 
 5.49540874e+09 -7.55828899e-02  4.91521470e-03  9.24417110e-01  4.91521470e-03 
 5.62341325e+09 -7.54929387e-02  4.93932795e-03  9.24507061e-01  4.93932795e-03 
 5.75439937e+09 -7.54045494e-02  4.96031036e-03  9.24595451e-01  4.96031036e-03 
 5.88843655e+09 -7.53177948e-02  4.97846850e-03  9.24682205e-01  4.97846850e-03 
 6.02559586e+09 -7.52327327e-02  4.99409532e-03  9.24767267e-01  4.99409532e-03 
 6.16595002e+09 -7.51494072e-02  5.00747037e-03  9.24850593e-01  5.00747037e-03 
 6.30957344e+09 -7.50678498e-02  5.01886017e-03  9.24932150e-01  5.01886017e-03 
 6.45654229e+09 -7.49880806e-02  5.02851849e-03  9.25011919e-01  5.02851849e-03 
 6.60693448e+09 -7.49101093e-02  5.03668676e-03  9.25089891e-01  5.03668676e-03 
 6.76082975e+09 -7.48339363e-02  5.04359444e-03  9.25166064e-01  5.04359444e-03 
 6.91830971e+09 -7.47595532e-02  5.04945939e-03  9.25240447e-01  5.04945939e-03 
 7.07945784e+09 -7.46869441e-02  5.05448831e-03  9.25313056e-01  5.05448831e-03 
 7.24435960e+09 -7.46160864e-02  5.05887713e-03  9.25383914e-01  5.05887713e-03 
 7.41310241e+09 -7.45469508e-02  5.06281145e-03  9.25453049e-01  5.06281145e-03 
 7.58577575e+09 -7.44795029e-02  5.06646693e-03  9.25520497e-01  5.06646693e-03 
 7.76247117e+09 -7.44137030e-02  5.07000976e-03  9.25586297e-01  5.07000976e-03 
 7.94328235e+09 -7.43495072e-02  5.07359700e-03  9.25650493e-01  5.07359700e-03 
 8.12830516e+09 -7.42868677e-02  5.07737707e-03  9.25713132e-01  5.07737707e-03 
 8.31763771e+09 -7.42257330e-02  5.08149008e-03  9.25774267e-01  5.08149008e-03 
 8.51138038e+09 -7.41660488e-02  5.08606827e-03  9.25833951e-01  5.08606827e-03 
 8.70963590e+09 -7.41077580e-02  5.09123638e-03  9.25892242e-01  5.09123638e-03 
 8.91250938e+09 -7.40508012e-02  5.09711202e-03  9.25949199e-01  5.09711202e-03 
 9.12010839e+09 -7.39951168e-02  5.10380601e-03  9.26004883e-01  5.10380601e-03 
 9.33254301e+09 -7.39406417e-02  5.11142276e-03  9.26059358e-01  5.11142276e-03 
 9.54992586e+09 -7.38873110e-02  5.12006059e-03  9.26112689e-01  5.12006059e-03 
 9.77237221e+09 -7.38350587e-02  5.12981205e-03  9.26164941e-01  5.12981205e-03 
 1.00000000e+10 -7.37838173e-02  5.14076421e-03  9.26216183e-01  5.14076421e-03 
 1.02329299e+10 -7.37335187e-02  5.15299898e-03  9.26266481e-01  5.15299898e-03 
 1.04712855e+10 -7.36840937e-02  5.16659334e-03  9.26315906e-01  5.16659334e-03 
 1.07151931e+10 -7.36354726e-02  5.18161968e-03  9.26364527e-01  5.18161968e-03 
 1.09647820e+10 -7.35875847e-02  5.19814596e-03  9.26412415e-01  5.19814596e-03 
 1.12201845e+10 -7.35403593e-02  5.21623600e-03  9.26459641e-01  5.21623600e-03 
 1.14815362e+10 -7.34937247e-02  5.23594967e-03  9.26506275e-01  5.23594967e-03 
 1.17489755e+10 -7.34476092e-02  5.25734312e-03  9.26552391e-01  5.25734312e-03 
 1.20226443e+10 -7.34019405e-02  5.28046893e-03  9.26598060e-01  5.28046893e-03 
 1.23026877e+10 -7.33566460e-02  5.30537633e-03  9.26643354e-01  5.30537633e-03 
 1.25892541e+10 -7.33116530e-02  5.33211135e-03  9.26688347e-01  5.33211135e-03 
 1.28824955e+10 -7.32668883e-02  5.36071692e-03  9.26733112e-01  5.36071692e-03 
 1.31825674e+10 -7.32222784e-02  5.39123309e-03  9.26777722e-01  5.39123309e-03 
 1.34896288e+10 -7.31777497e-02  5.42369709e-03  9.26822250e-01  5.42369709e-03 
 1.38038426e+10 -7.31332283e-02  5.45814347e-03  9.26866772e-01  5.45814347e-03 
 1.41253754e+10 -7.30886399e-02  5.49460417e-03  9.26911360e-01  5.49460417e-03 
 1.44543977e+10 -7.30439099e-02  5.53310865e-03  9.26956090e-01  5.53310865e-03 
 1.47910839e+10 -7.29989636e-02  5.57368391e-03  9.27001036e-01  5.57368391e-03 
 1.51356125e+10 -7.29537258e-02  5.61635463e-03  9.27046274e-01  5.61635463e-03 
 1.54881662e+10 -7.29081209e-02  5.66114313e-03  9.27091879e-01  5.66114313e-03 
 1.58489319e+10 -7.28620730e-02  5.70806949e-03  9.27137927e-01  5.70806949e-03 
 1.62181010e+10 -7.28155060e-02  5.75715154e-03  9.27184494e-01  5.75715154e-03 
 1.65958691e+10 -7.27683430e-02  5.80840492e-03  9.27231657e-01  5.80840492e-03 
 1.69824365e+10 -7.27205072e-02  5.86184303e-03  9.27279493e-01  5.86184303e-03 
 1.73780083e+10 -7.26719208e-02  5.91747710e-03  9.27328079e-01  5.91747710e-03 
 1.77827941e+10 -7.26225060e-02  5.97531618e-03  9.27377494e-01  5.97531618e-03 
 1.81970086e+10 -7.25721843e-02  6.03536708e-03  9.27427816e-01  6.03536708e-03 
 1.86208714e+10 -7.25208768e-02  6.09763439e-03  9.27479123e-01  6.09763439e-03 
 1.90546072e+10 -7.24685042e-02  6.16212045e-03  9.27531496e-01  6.16212045e-03 
 1.94984460e+10 -7.24149865e-02  6.22882531e-03  9.27585014e-01  6.22882531e-03 
 1.99526231e+10 -7.23602434e-02  6.29774671e-03  9.27639757e-01  6.29774671e-03 
 2.04173794e+10 -7.23041942e-02  6.36887999e-03  9.27695806e-01  6.36887999e-03 
 2.08929613e+10 -7.22467577e-02  6.44221810e-03  9.27753242e-01  6.44221810e-03 
 2.13796209e+10 -7.21878522e-02  6.51775150e-03  9.27812148e-01  6.51775150e-03 
 2.18776162e+10 -7.21273958e-02  6.59546813e-03  9.27872604e-01  6.59546813e-03 
 2.23872114e+10 -7.20653059e-02  6.67535333e-03  9.27934694e-01  6.67535333e-03 
 2.29086765e+10 -7.20015001e-02  6.75738979e-03  9.27998500e-01  6.75738979e-03 
 2.34422882e+10 -7.19358953e-02  6.84155749e-03  9.28064105e-01  6.84155749e-03 
 2.39883292e+10 -7.18684084e-02  6.92783361e-03  9.28131592e-01  6.92783361e-03 
 2.45470892e+10 -7.17989562e-02  7.01619248e-03  9.28201044e-01  7.01619248e-03 
 2.51188643e+10 -7.17274553e-02  7.10660552e-03  9.28272545e-01  7.10660552e-03 
 2.57039578e+10 -7.16538224e-02  7.19904116e-03  9.28346178e-01  7.19904116e-03 
 2.63026799e+10 -7.15779744e-02  7.29346479e-03  9.28422026e-01  7.29346479e-03 
 2.69153480e+10 -7.14998282e-02  7.38983869e-03  9.28500172e-01  7.38983869e-03 
 2.75422870e+10 -7.14193011e-02  7.48812196e-03  9.28580699e-01  7.48812196e-03 
 2.81838293e+10 -7.13363110e-02  7.58827049e-03  9.28663689e-01  7.58827049e-03 
 2.88403150e+10 -7.12507760e-02  7.69023691e-03  9.28749224e-01  7.69023691e-03 
 2.95120923e+10 -7.11626150e-02  7.79397052e-03  9.28837385e-01  7.79397052e-03 
 3.01995172e+10 -7.10717479e-02  7.89941727e-03  9.28928252e-01  7.89941727e-03 
 3.09029543e+10 -7.09780951e-02  8.00651972e-03  9.29021905e-01  8.00651972e-03 
 3.16227766e+10 -7.08815785e-02  8.11521706e-03  9.29118422e-01  8.11521706e-03 
 3.23593657e+10 -7.07821208e-02  8.22544500e-03  9.29217879e-01  8.22544500e-03 
 3.31131121e+10 -7.06796464e-02  8.33713585e-03  9.29320354e-01  8.33713585e-03 
 3.38844156e+10 -7.05740810e-02  8.45021847e-03  9.29425919e-01  8.45021847e-03 
 3.46736850e+10 -7.04653519e-02  8.56461831e-03  9.29534648e-01  8.56461831e-03 
 3.54813389e+10 -7.03533883e-02  8.68025739e-03  9.29646612e-01  8.68025739e-03 
 3.63078055e+10 -7.02381215e-02  8.79705434e-03  9.29761878e-01  8.79705434e-03 
 3.71535229e+10 -7.01194846e-02  8.91492445e-03  9.29880515e-01  8.91492445e-03 
 3.80189396e+10 -6.99974132e-02  9.03377968e-03  9.30002587e-01  9.03377968e-03 
 3.89045145e+10 -6.98718451e-02  9.15352872e-03  9.30128155e-01  9.15352872e-03 
 3.98107171e+10 -6.97427208e-02  9.27407708e-03  9.30257279e-01  9.27407708e-03 
 4.07380278e+10 -6.96099834e-02  9.39532707e-03  9.30390017e-01  9.39532707e-03 
 4.16869383e+10 -6.94735789e-02  9.51717798e-03  9.30526421e-01  9.51717798e-03 
 4.26579519e+10 -6.93334563e-02  9.63952604e-03  9.30666544e-01  9.63952604e-03 
 4.36515832e+10 -6.91895674e-02  9.76226458e-03  9.30810433e-01  9.76226458e-03 
 4.46683592e+10 -6.90418676e-02  9.88528408e-03  9.30958132e-01  9.88528408e-03 
 4.57088190e+10 -6.88903154e-02  1.00084723e-02  9.31109685e-01  1.00084723e-02 
 4.67735141e+10 -6.87348727e-02  1.01317141e-02  9.31265127e-01  1.01317141e-02 
 4.78630092e+10 -6.85755052e-02  1.02548922e-02  9.31424495e-01  1.02548922e-02 
 4.89778819e+10 -6.84121819e-02  1.03778863e-02  9.31587818e-01  1.03778863e-02 
 5.01187234e+10 -6.82448759e-02  1.05005741e-02  9.31755124e-01  1.05005741e-02 
 5.12861384e+10 -6.80735640e-02  1.06228308e-02  9.31926436e-01  1.06228308e-02 
 5.24807460e+10 -6.78982269e-02  1.07445293e-02  9.32101773e-01  1.07445293e-02 
 5.37031796e+10 -6.77188495e-02  1.08655404e-02  9.32281151e-01  1.08655404e-02 
 5.49540874e+10 -6.75354207e-02  1.09857328e-02  9.32464579e-01  1.09857328e-02 
 5.62341325e+10 -6.73479340e-02  1.11049733e-02  9.32652066e-01  1.11049733e-02 
 5.75439937e+10 -6.71563868e-02  1.12231266e-02  9.32843613e-01  1.12231266e-02 
 5.88843655e+10 -6.69607813e-02  1.13400557e-02  9.33039219e-01  1.13400557e-02 
 6.02559586e+10 -6.67611244e-02  1.14556217e-02  9.33238876e-01  1.14556217e-02 
 6.16595002e+10 -6.65574274e-02  1.15696842e-02  9.33442573e-01  1.15696842e-02 
 6.30957344e+10 -6.63497067e-02  1.16821009e-02  9.33650293e-01  1.16821009e-02 
 6.45654229e+10 -6.61379838e-02  1.17927283e-02  9.33862016e-01  1.17927283e-02 
 6.60693448e+10 -6.59222852e-02  1.19014212e-02  9.34077715e-01  1.19014212e-02 
 6.76082975e+10 -6.57026429e-02  1.20080331e-02  9.34297357e-01  1.20080331e-02 
 6.91830971e+10 -6.54790944e-02  1.21124165e-02  9.34520906e-01  1.21124165e-02 
 7.07945784e+10 -6.52516830e-02  1.22144227e-02  9.34748317e-01  1.22144227e-02 
 7.24435960e+10 -6.50204578e-02  1.23139019e-02  9.34979542e-01  1.23139019e-02 
 7.41310241e+10 -6.47854743e-02  1.24107039e-02  9.35214526e-01  1.24107039e-02 
 7.58577575e+10 -6.45467943e-02  1.25046777e-02  9.35453206e-01  1.25046777e-02 
 7.76247117e+10 -6.43044862e-02  1.25956720e-02  9.35695514e-01  1.25956720e-02 
 7.94328235e+10 -6.40586251e-02  1.26835355e-02  9.35941375e-01  1.26835355e-02 
 8.12830516e+10 -6.38092935e-02  1.27681170e-02  9.36190706e-01  1.27681170e-02 
 8.31763771e+10 -6.35565811e-02  1.28492659e-02  9.36443419e-01  1.28492659e-02 
 8.51138038e+10 -6.33005849e-02  1.29268326e-02  9.36699415e-01  1.29268326e-02 
 8.70963590e+10 -6.30414099e-02  1.30006685e-02  9.36958590e-01  1.30006685e-02 
 8.91250938e+10 -6.27791689e-02  1.30706269e-02  9.37220831e-01  1.30706269e-02 
 9.12010839e+10 -6.25139829e-02  1.31365633e-02  9.37486017e-01  1.31365633e-02 
 9.33254301e+10 -6.22459810e-02  1.31983357e-02  9.37754019e-01  1.31983357e-02 
 9.54992586e+10 -6.19753005e-02  1.32558055e-02  9.38024699e-01  1.32558055e-02 
 9.77237221e+10 -6.17020873e-02  1.33088378e-02  9.38297913e-01  1.33088378e-02 
 1.00000000e+11 -6.14264954e-02  1.33573021e-02  9.38573505e-01  1.33573021e-02 
