 frequency       v(vout)         v(vout)         v(vinn)         v(vinn)        
 1.00000000e+03 -9.86093920e-01  4.14233835e-06  1.39060796e-02  4.14233835e-06 
 1.02329299e+03 -9.86093920e-01  4.23882580e-06  1.39060796e-02  4.23882580e-06 
 1.04712855e+03 -9.86093920e-01  4.33756074e-06  1.39060796e-02  4.33756074e-06 
 1.07151931e+03 -9.86093920e-01  4.43859551e-06  1.39060796e-02  4.43859551e-06 
 1.09647820e+03 -9.86093920e-01  4.54198368e-06  1.39060796e-02  4.54198368e-06 
 1.12201845e+03 -9.86093920e-01  4.64778007e-06  1.39060796e-02  4.64778007e-06 
 1.14815362e+03 -9.86093920e-01  4.75604077e-06  1.39060796e-02  4.75604077e-06 
 1.17489755e+03 -9.86093920e-01  4.86682319e-06  1.39060796e-02  4.86682319e-06 
 1.20226443e+03 -9.86093920e-01  4.98018607e-06  1.39060796e-02  4.98018607e-06 
 1.23026877e+03 -9.86093920e-01  5.09618951e-06  1.39060796e-02  5.09618951e-06 
 1.25892541e+03 -9.86093920e-01  5.21489501e-06  1.39060796e-02  5.21489501e-06 
 1.28824955e+03 -9.86093920e-01  5.33636552e-06  1.39060796e-02  5.33636552e-06 
 1.31825674e+03 -9.86093920e-01  5.46066544e-06  1.39060796e-02  5.46066544e-06 
 1.34896288e+03 -9.86093920e-01  5.58786068e-06  1.39060796e-02  5.58786068e-06 
 1.38038426e+03 -9.86093920e-01  5.71801867e-06  1.39060796e-02  5.71801867e-06 
 1.41253754e+03 -9.86093920e-01  5.85120844e-06  1.39060796e-02  5.85120844e-06 
 1.44543977e+03 -9.86093920e-01  5.98750059e-06  1.39060796e-02  5.98750059e-06 
 1.47910839e+03 -9.86093920e-01  6.12696739e-06  1.39060796e-02  6.12696739e-06 
 1.51356125e+03 -9.86093920e-01  6.26968280e-06  1.39060796e-02  6.26968280e-06 
 1.54881662e+03 -9.86093920e-01  6.41572247e-06  1.39060796e-02  6.41572247e-06 
 1.58489319e+03 -9.86093920e-01  6.56516385e-06  1.39060796e-02  6.56516385e-06 
 1.62181010e+03 -9.86093920e-01  6.71808616e-06  1.39060796e-02  6.71808616e-06 
 1.65958691e+03 -9.86093920e-01  6.87457048e-06  1.39060796e-02  6.87457048e-06 
 1.69824365e+03 -9.86093920e-01  7.03469980e-06  1.39060796e-02  7.03469980e-06 
 1.73780083e+03 -9.86093920e-01  7.19855901e-06  1.39060796e-02  7.19855901e-06 
 1.77827941e+03 -9.86093920e-01  7.36623499e-06  1.39060796e-02  7.36623499e-06 
 1.81970086e+03 -9.86093920e-01  7.53781664e-06  1.39060796e-02  7.53781664e-06 
 1.86208714e+03 -9.86093920e-01  7.71339495e-06  1.39060796e-02  7.71339495e-06 
 1.90546072e+03 -9.86093920e-01  7.89306300e-06  1.39060796e-02  7.89306300e-06 
 1.94984460e+03 -9.86093920e-01  8.07691605e-06  1.39060796e-02  8.07691605e-06 
 1.99526231e+03 -9.86093920e-01  8.26505160e-06  1.39060796e-02  8.26505160e-06 
 2.04173794e+03 -9.86093920e-01  8.45756938e-06  1.39060796e-02  8.45756938e-06 
 2.08929613e+03 -9.86093920e-01  8.65457148e-06  1.39060796e-02  8.65457148e-06 
 2.13796209e+03 -9.86093920e-01  8.85616235e-06  1.39060796e-02  8.85616235e-06 
 2.18776162e+03 -9.86093920e-01  9.06244887e-06  1.39060796e-02  9.06244887e-06 
 2.23872114e+03 -9.86093920e-01  9.27354042e-06  1.39060796e-02  9.27354042e-06 
 2.29086765e+03 -9.86093920e-01  9.48954892e-06  1.39060796e-02  9.48954892e-06 
 2.34422882e+03 -9.86093920e-01  9.71058891e-06  1.39060796e-02  9.71058891e-06 
 2.39883292e+03 -9.86093920e-01  9.93677759e-06  1.39060796e-02  9.93677759e-06 
 2.45470892e+03 -9.86093920e-01  1.01682349e-05  1.39060796e-02  1.01682349e-05 
 2.51188643e+03 -9.86093920e-01  1.04050835e-05  1.39060796e-02  1.04050835e-05 
 2.57039578e+03 -9.86093920e-01  1.06474490e-05  1.39060796e-02  1.06474490e-05 
 2.63026799e+03 -9.86093920e-01  1.08954600e-05  1.39060796e-02  1.08954600e-05 
 2.69153480e+03 -9.86093920e-01  1.11492478e-05  1.39060796e-02  1.11492478e-05 
 2.75422870e+03 -9.86093920e-01  1.14089472e-05  1.39060796e-02  1.14089472e-05 
 2.81838293e+03 -9.86093920e-01  1.16746957e-05  1.39060796e-02  1.16746957e-05 
 2.88403150e+03 -9.86093920e-01  1.19466343e-05  1.39060796e-02  1.19466343e-05 
 2.95120923e+03 -9.86093920e-01  1.22249071e-05  1.39060796e-02  1.22249071e-05 
 3.01995172e+03 -9.86093920e-01  1.25096618e-05  1.39060797e-02  1.25096618e-05 
 3.09029543e+03 -9.86093920e-01  1.28010493e-05  1.39060797e-02  1.28010493e-05 
 3.16227766e+03 -9.86093920e-01  1.30992240e-05  1.39060797e-02  1.30992240e-05 
 3.23593657e+03 -9.86093920e-01  1.34043441e-05  1.39060797e-02  1.34043441e-05 
 3.31131121e+03 -9.86093920e-01  1.37165714e-05  1.39060797e-02  1.37165714e-05 
 3.38844156e+03 -9.86093920e-01  1.40360714e-05  1.39060797e-02  1.40360714e-05 
 3.46736850e+03 -9.86093920e-01  1.43630135e-05  1.39060797e-02  1.43630135e-05 
 3.54813389e+03 -9.86093920e-01  1.46975711e-05  1.39060797e-02  1.46975711e-05 
 3.63078055e+03 -9.86093920e-01  1.50399215e-05  1.39060797e-02  1.50399215e-05 
 3.71535229e+03 -9.86093920e-01  1.53902463e-05  1.39060797e-02  1.53902463e-05 
 3.80189396e+03 -9.86093920e-01  1.57487312e-05  1.39060797e-02  1.57487312e-05 
 3.89045145e+03 -9.86093920e-01  1.61155662e-05  1.39060797e-02  1.61155662e-05 
 3.98107171e+03 -9.86093920e-01  1.64909460e-05  1.39060797e-02  1.64909460e-05 
 4.07380278e+03 -9.86093920e-01  1.68750695e-05  1.39060797e-02  1.68750695e-05 
 4.16869383e+03 -9.86093920e-01  1.72681403e-05  1.39060797e-02  1.72681403e-05 
 4.26579519e+03 -9.86093920e-01  1.76703670e-05  1.39060798e-02  1.76703670e-05 
 4.36515832e+03 -9.86093920e-01  1.80819627e-05  1.39060798e-02  1.80819627e-05 
 4.46683592e+03 -9.86093920e-01  1.85031457e-05  1.39060798e-02  1.85031457e-05 
 4.57088190e+03 -9.86093920e-01  1.89341394e-05  1.39060798e-02  1.89341394e-05 
 4.67735141e+03 -9.86093920e-01  1.93751721e-05  1.39060798e-02  1.93751721e-05 
 4.78630092e+03 -9.86093920e-01  1.98264778e-05  1.39060798e-02  1.98264778e-05 
 4.89778819e+03 -9.86093920e-01  2.02882958e-05  1.39060798e-02  2.02882958e-05 
 5.01187234e+03 -9.86093920e-01  2.07608710e-05  1.39060798e-02  2.07608710e-05 
 5.12861384e+03 -9.86093920e-01  2.12444538e-05  1.39060798e-02  2.12444538e-05 
 5.24807460e+03 -9.86093920e-01  2.17393007e-05  1.39060799e-02  2.17393007e-05 
 5.37031796e+03 -9.86093920e-01  2.22456740e-05  1.39060799e-02  2.22456740e-05 
 5.49540874e+03 -9.86093920e-01  2.27638423e-05  1.39060799e-02  2.27638423e-05 
 5.62341325e+03 -9.86093920e-01  2.32940803e-05  1.39060799e-02  2.32940803e-05 
 5.75439937e+03 -9.86093920e-01  2.38366692e-05  1.39060799e-02  2.38366692e-05 
 5.88843655e+03 -9.86093920e-01  2.43918965e-05  1.39060799e-02  2.43918965e-05 
 6.02559586e+03 -9.86093920e-01  2.49600568e-05  1.39060800e-02  2.49600568e-05 
 6.16595002e+03 -9.86093920e-01  2.55414512e-05  1.39060800e-02  2.55414512e-05 
 6.30957344e+03 -9.86093920e-01  2.61363880e-05  1.39060800e-02  2.61363880e-05 
 6.45654229e+03 -9.86093920e-01  2.67451827e-05  1.39060800e-02  2.67451827e-05 
 6.60693448e+03 -9.86093920e-01  2.73681580e-05  1.39060800e-02  2.73681580e-05 
 6.76082975e+03 -9.86093920e-01  2.80056443e-05  1.39060801e-02  2.80056443e-05 
 6.91830971e+03 -9.86093920e-01  2.86579796e-05  1.39060801e-02  2.86579796e-05 
 7.07945784e+03 -9.86093920e-01  2.93255097e-05  1.39060801e-02  2.93255097e-05 
 7.24435960e+03 -9.86093920e-01  3.00085886e-05  1.39060801e-02  3.00085886e-05 
 7.41310241e+03 -9.86093920e-01  3.07075784e-05  1.39060802e-02  3.07075784e-05 
 7.58577575e+03 -9.86093920e-01  3.14228498e-05  1.39060802e-02  3.14228498e-05 
 7.76247117e+03 -9.86093920e-01  3.21547820e-05  1.39060802e-02  3.21547820e-05 
 7.94328235e+03 -9.86093920e-01  3.29037631e-05  1.39060803e-02  3.29037631e-05 
 8.12830516e+03 -9.86093920e-01  3.36701902e-05  1.39060803e-02  3.36701902e-05 
 8.31763771e+03 -9.86093920e-01  3.44544696e-05  1.39060803e-02  3.44544696e-05 
 8.51138038e+03 -9.86093920e-01  3.52570173e-05  1.39060804e-02  3.52570173e-05 
 8.70963590e+03 -9.86093920e-01  3.60782588e-05  1.39060804e-02  3.60782588e-05 
 8.91250938e+03 -9.86093920e-01  3.69186294e-05  1.39060804e-02  3.69186294e-05 
 9.12010839e+03 -9.86093920e-01  3.77785747e-05  1.39060805e-02  3.77785747e-05 
 9.33254301e+03 -9.86093919e-01  3.86585508e-05  1.39060805e-02  3.86585508e-05 
 9.54992586e+03 -9.86093919e-01  3.95590241e-05  1.39060806e-02  3.95590241e-05 
 9.77237221e+03 -9.86093919e-01  4.04804721e-05  1.39060806e-02  4.04804721e-05 
 1.00000000e+04 -9.86093919e-01  4.14233834e-05  1.39060807e-02  4.14233834e-05 
 1.02329299e+04 -9.86093919e-01  4.23882580e-05  1.39060807e-02  4.23882580e-05 
 1.04712855e+04 -9.86093919e-01  4.33756074e-05  1.39060808e-02  4.33756074e-05 
 1.07151931e+04 -9.86093919e-01  4.43859550e-05  1.39060808e-02  4.43859550e-05 
 1.09647820e+04 -9.86093919e-01  4.54198368e-05  1.39060809e-02  4.54198368e-05 
 1.12201845e+04 -9.86093919e-01  4.64778007e-05  1.39060810e-02  4.64778007e-05 
 1.14815362e+04 -9.86093919e-01  4.75604077e-05  1.39060810e-02  4.75604077e-05 
 1.17489755e+04 -9.86093919e-01  4.86682319e-05  1.39060811e-02  4.86682319e-05 
 1.20226443e+04 -9.86093919e-01  4.98018607e-05  1.39060812e-02  4.98018607e-05 
 1.23026877e+04 -9.86093919e-01  5.09618950e-05  1.39060812e-02  5.09618950e-05 
 1.25892541e+04 -9.86093919e-01  5.21489501e-05  1.39060813e-02  5.21489501e-05 
 1.28824955e+04 -9.86093919e-01  5.33636551e-05  1.39060814e-02  5.33636551e-05 
 1.31825674e+04 -9.86093919e-01  5.46066543e-05  1.39060815e-02  5.46066543e-05 
 1.34896288e+04 -9.86093918e-01  5.58786067e-05  1.39060816e-02  5.58786067e-05 
 1.38038426e+04 -9.86093918e-01  5.71801867e-05  1.39060817e-02  5.71801867e-05 
 1.41253754e+04 -9.86093918e-01  5.85120843e-05  1.39060818e-02  5.85120843e-05 
 1.44543977e+04 -9.86093918e-01  5.98750058e-05  1.39060819e-02  5.98750058e-05 
 1.47910839e+04 -9.86093918e-01  6.12696739e-05  1.39060820e-02  6.12696739e-05 
 1.51356125e+04 -9.86093918e-01  6.26968279e-05  1.39060821e-02  6.26968279e-05 
 1.54881662e+04 -9.86093918e-01  6.41572247e-05  1.39060822e-02  6.41572247e-05 
 1.58489319e+04 -9.86093918e-01  6.56516384e-05  1.39060824e-02  6.56516384e-05 
 1.62181010e+04 -9.86093918e-01  6.71808615e-05  1.39060825e-02  6.71808615e-05 
 1.65958691e+04 -9.86093917e-01  6.87457048e-05  1.39060826e-02  6.87457048e-05 
 1.69824365e+04 -9.86093917e-01  7.03469980e-05  1.39060828e-02  7.03469980e-05 
 1.73780083e+04 -9.86093917e-01  7.19855900e-05  1.39060829e-02  7.19855900e-05 
 1.77827941e+04 -9.86093917e-01  7.36623498e-05  1.39060831e-02  7.36623498e-05 
 1.81970086e+04 -9.86093917e-01  7.53781664e-05  1.39060833e-02  7.53781664e-05 
 1.86208714e+04 -9.86093917e-01  7.71339494e-05  1.39060834e-02  7.71339494e-05 
 1.90546072e+04 -9.86093916e-01  7.89306299e-05  1.39060836e-02  7.89306299e-05 
 1.94984460e+04 -9.86093916e-01  8.07691604e-05  1.39060838e-02  8.07691604e-05 
 1.99526231e+04 -9.86093916e-01  8.26505159e-05  1.39060840e-02  8.26505159e-05 
 2.04173794e+04 -9.86093916e-01  8.45756937e-05  1.39060842e-02  8.45756937e-05 
 2.08929613e+04 -9.86093916e-01  8.65457147e-05  1.39060844e-02  8.65457147e-05 
 2.13796209e+04 -9.86093915e-01  8.85616233e-05  1.39060847e-02  8.85616233e-05 
 2.18776162e+04 -9.86093915e-01  9.06244885e-05  1.39060849e-02  9.06244885e-05 
 2.23872114e+04 -9.86093915e-01  9.27354040e-05  1.39060852e-02  9.27354040e-05 
 2.29086765e+04 -9.86093915e-01  9.48954891e-05  1.39060854e-02  9.48954891e-05 
 2.34422882e+04 -9.86093914e-01  9.71058889e-05  1.39060857e-02  9.71058889e-05 
 2.39883292e+04 -9.86093914e-01  9.93677757e-05  1.39060860e-02  9.93677757e-05 
 2.45470892e+04 -9.86093914e-01  1.01682348e-04  1.39060863e-02  1.01682348e-04 
 2.51188643e+04 -9.86093913e-01  1.04050835e-04  1.39060866e-02  1.04050835e-04 
 2.57039578e+04 -9.86093913e-01  1.06474490e-04  1.39060870e-02  1.06474490e-04 
 2.63026799e+04 -9.86093913e-01  1.08954599e-04  1.39060873e-02  1.08954599e-04 
 2.69153480e+04 -9.86093912e-01  1.11492478e-04  1.39060877e-02  1.11492478e-04 
 2.75422870e+04 -9.86093912e-01  1.14089471e-04  1.39060880e-02  1.14089471e-04 
 2.81838293e+04 -9.86093912e-01  1.16746957e-04  1.39060884e-02  1.16746957e-04 
 2.88403150e+04 -9.86093911e-01  1.19466343e-04  1.39060889e-02  1.19466343e-04 
 2.95120923e+04 -9.86093911e-01  1.22249071e-04  1.39060893e-02  1.22249071e-04 
 3.01995172e+04 -9.86093910e-01  1.25096618e-04  1.39060898e-02  1.25096618e-04 
 3.09029543e+04 -9.86093910e-01  1.28010492e-04  1.39060902e-02  1.28010492e-04 
 3.16227766e+04 -9.86093909e-01  1.30992240e-04  1.39060908e-02  1.30992240e-04 
 3.23593657e+04 -9.86093909e-01  1.34043441e-04  1.39060913e-02  1.34043441e-04 
 3.31131121e+04 -9.86093908e-01  1.37165714e-04  1.39060918e-02  1.37165714e-04 
 3.38844156e+04 -9.86093908e-01  1.40360714e-04  1.39060924e-02  1.40360714e-04 
 3.46736850e+04 -9.86093907e-01  1.43630135e-04  1.39060930e-02  1.43630135e-04 
 3.54813389e+04 -9.86093906e-01  1.46975710e-04  1.39060937e-02  1.46975710e-04 
 3.63078055e+04 -9.86093906e-01  1.50399214e-04  1.39060943e-02  1.50399214e-04 
 3.71535229e+04 -9.86093905e-01  1.53902462e-04  1.39060950e-02  1.53902462e-04 
 3.80189396e+04 -9.86093904e-01  1.57487311e-04  1.39060957e-02  1.57487311e-04 
 3.89045145e+04 -9.86093903e-01  1.61155661e-04  1.39060965e-02  1.61155661e-04 
 3.98107171e+04 -9.86093903e-01  1.64909459e-04  1.39060973e-02  1.64909459e-04 
 4.07380278e+04 -9.86093902e-01  1.68750694e-04  1.39060981e-02  1.68750694e-04 
 4.16869383e+04 -9.86093901e-01  1.72681402e-04  1.39060990e-02  1.72681402e-04 
 4.26579519e+04 -9.86093900e-01  1.76703669e-04  1.39060999e-02  1.76703669e-04 
 4.36515832e+04 -9.86093899e-01  1.80819626e-04  1.39061009e-02  1.80819626e-04 
 4.46683592e+04 -9.86093898e-01  1.85031456e-04  1.39061019e-02  1.85031456e-04 
 4.57088190e+04 -9.86093897e-01  1.89341392e-04  1.39061030e-02  1.89341392e-04 
 4.67735141e+04 -9.86093896e-01  1.93751720e-04  1.39061041e-02  1.93751720e-04 
 4.78630092e+04 -9.86093895e-01  1.98264777e-04  1.39061052e-02  1.98264777e-04 
 4.89778819e+04 -9.86093894e-01  2.02882957e-04  1.39061064e-02  2.02882957e-04 
 5.01187234e+04 -9.86093892e-01  2.07608708e-04  1.39061077e-02  2.07608708e-04 
 5.12861384e+04 -9.86093891e-01  2.12444536e-04  1.39061090e-02  2.12444536e-04 
 5.24807460e+04 -9.86093890e-01  2.17393005e-04  1.39061104e-02  2.17393005e-04 
 5.37031796e+04 -9.86093888e-01  2.22456738e-04  1.39061119e-02  2.22456738e-04 
 5.49540874e+04 -9.86093887e-01  2.27638421e-04  1.39061134e-02  2.27638421e-04 
 5.62341325e+04 -9.86093885e-01  2.32940801e-04  1.39061150e-02  2.32940801e-04 
 5.75439937e+04 -9.86093883e-01  2.38366689e-04  1.39061166e-02  2.38366689e-04 
 5.88843655e+04 -9.86093882e-01  2.43918962e-04  1.39061184e-02  2.43918962e-04 
 6.02559586e+04 -9.86093880e-01  2.49600565e-04  1.39061202e-02  2.49600565e-04 
 6.16595002e+04 -9.86093878e-01  2.55414509e-04  1.39061221e-02  2.55414509e-04 
 6.30957344e+04 -9.86093876e-01  2.61363877e-04  1.39061241e-02  2.61363877e-04 
 6.45654229e+04 -9.86093874e-01  2.67451823e-04  1.39061262e-02  2.67451823e-04 
 6.60693448e+04 -9.86093872e-01  2.73681576e-04  1.39061284e-02  2.73681576e-04 
 6.76082975e+04 -9.86093869e-01  2.80056439e-04  1.39061307e-02  2.80056439e-04 
 6.91830971e+04 -9.86093867e-01  2.86579791e-04  1.39061332e-02  2.86579791e-04 
 7.07945784e+04 -9.86093864e-01  2.93255092e-04  1.39061357e-02  2.93255092e-04 
 7.24435960e+04 -9.86093862e-01  3.00085880e-04  1.39061383e-02  3.00085880e-04 
 7.41310241e+04 -9.86093859e-01  3.07075778e-04  1.39061411e-02  3.07075778e-04 
 7.58577575e+04 -9.86093856e-01  3.14228491e-04  1.39061440e-02  3.14228491e-04 
 7.76247117e+04 -9.86093853e-01  3.21547813e-04  1.39061470e-02  3.21547813e-04 
 7.94328235e+04 -9.86093850e-01  3.29037623e-04  1.39061502e-02  3.29037623e-04 
 8.12830516e+04 -9.86093846e-01  3.36701894e-04  1.39061536e-02  3.36701894e-04 
 8.31763771e+04 -9.86093843e-01  3.44544688e-04  1.39061570e-02  3.44544688e-04 
 8.51138038e+04 -9.86093839e-01  3.52570164e-04  1.39061607e-02  3.52570164e-04 
 8.70963590e+04 -9.86093835e-01  3.60782578e-04  1.39061645e-02  3.60782578e-04 
 8.91250938e+04 -9.86093831e-01  3.69186283e-04  1.39061685e-02  3.69186283e-04 
 9.12010839e+04 -9.86093827e-01  3.77785736e-04  1.39061727e-02  3.77785736e-04 
 9.33254301e+04 -9.86093823e-01  3.86585496e-04  1.39061771e-02  3.86585496e-04 
 9.54992586e+04 -9.86093818e-01  3.95590228e-04  1.39061817e-02  3.95590228e-04 
 9.77237221e+04 -9.86093813e-01  4.04804708e-04  1.39061865e-02  4.04804708e-04 
 1.00000000e+05 -9.86093808e-01  4.14233820e-04  1.39061916e-02  4.14233820e-04 
 1.02329299e+05 -9.86093803e-01  4.23882564e-04  1.39061968e-02  4.23882564e-04 
 1.04712855e+05 -9.86093798e-01  4.33756057e-04  1.39062024e-02  4.33756057e-04 
 1.07151931e+05 -9.86093792e-01  4.43859533e-04  1.39062081e-02  4.43859533e-04 
 1.09647820e+05 -9.86093786e-01  4.54198348e-04  1.39062142e-02  4.54198348e-04 
 1.12201845e+05 -9.86093779e-01  4.64777986e-04  1.39062206e-02  4.64777986e-04 
 1.14815362e+05 -9.86093773e-01  4.75604055e-04  1.39062272e-02  4.75604055e-04 
 1.17489755e+05 -9.86093766e-01  4.86682296e-04  1.39062342e-02  4.86682296e-04 
 1.20226443e+05 -9.86093759e-01  4.98018582e-04  1.39062414e-02  4.98018582e-04 
 1.23026877e+05 -9.86093751e-01  5.09618923e-04  1.39062491e-02  5.09618923e-04 
 1.25892541e+05 -9.86093743e-01  5.21489472e-04  1.39062571e-02  5.21489472e-04 
 1.28824955e+05 -9.86093735e-01  5.33636520e-04  1.39062654e-02  5.33636520e-04 
 1.31825674e+05 -9.86093726e-01  5.46066510e-04  1.39062742e-02  5.46066510e-04 
 1.34896288e+05 -9.86093717e-01  5.58786032e-04  1.39062834e-02  5.58786032e-04 
 1.38038426e+05 -9.86093707e-01  5.71801829e-04  1.39062930e-02  5.71801829e-04 
 1.41253754e+05 -9.86093697e-01  5.85120802e-04  1.39063030e-02  5.85120802e-04 
 1.44543977e+05 -9.86093686e-01  5.98750015e-04  1.39063136e-02  5.98750015e-04 
 1.47910839e+05 -9.86093675e-01  6.12696692e-04  1.39063246e-02  6.12696692e-04 
 1.51356125e+05 -9.86093664e-01  6.26968229e-04  1.39063361e-02  6.26968229e-04 
 1.54881662e+05 -9.86093652e-01  6.41572193e-04  1.39063482e-02  6.41572193e-04 
 1.58489319e+05 -9.86093639e-01  6.56516326e-04  1.39063609e-02  6.56516326e-04 
 1.62181010e+05 -9.86093626e-01  6.71808553e-04  1.39063741e-02  6.71808553e-04 
 1.65958691e+05 -9.86093612e-01  6.87456982e-04  1.39063880e-02  6.87456982e-04 
 1.69824365e+05 -9.86093597e-01  7.03469909e-04  1.39064026e-02  7.03469909e-04 
 1.73780083e+05 -9.86093582e-01  7.19855824e-04  1.39064178e-02  7.19855824e-04 
 1.77827941e+05 -9.86093566e-01  7.36623417e-04  1.39064337e-02  7.36623417e-04 
 1.81970086e+05 -9.86093550e-01  7.53781576e-04  1.39064504e-02  7.53781576e-04 
 1.86208714e+05 -9.86093532e-01  7.71339401e-04  1.39064679e-02  7.71339401e-04 
 1.90546072e+05 -9.86093514e-01  7.89306199e-04  1.39064862e-02  7.89306199e-04 
 1.94984460e+05 -9.86093495e-01  8.07691497e-04  1.39065054e-02  8.07691497e-04 
 1.99526231e+05 -9.86093475e-01  8.26505044e-04  1.39065254e-02  8.26505044e-04 
 2.04173794e+05 -9.86093454e-01  8.45756814e-04  1.39065465e-02  8.45756814e-04 
 2.08929613e+05 -9.86093432e-01  8.65457015e-04  1.39065685e-02  8.65457015e-04 
 2.13796209e+05 -9.86093408e-01  8.85616092e-04  1.39065915e-02  8.85616092e-04 
 2.18776162e+05 -9.86093384e-01  9.06244734e-04  1.39066156e-02  9.06244734e-04 
 2.23872114e+05 -9.86093359e-01  9.27353878e-04  1.39066409e-02  9.27353878e-04 
 2.29086765e+05 -9.86093333e-01  9.48954717e-04  1.39066673e-02  9.48954717e-04 
 2.34422882e+05 -9.86093305e-01  9.71058703e-04  1.39066950e-02  9.71058703e-04 
 2.39883292e+05 -9.86093276e-01  9.93677557e-04  1.39067241e-02  9.93677557e-04 
 2.45470892e+05 -9.86093246e-01  1.01682327e-03  1.39067544e-02  1.01682327e-03 
 2.51188643e+05 -9.86093214e-01  1.04050812e-03  1.39067862e-02  1.04050812e-03 
 2.57039578e+05 -9.86093180e-01  1.06474465e-03  1.39068195e-02  1.06474465e-03 
 2.63026799e+05 -9.86093146e-01  1.08954573e-03  1.39068544e-02  1.08954573e-03 
 2.69153480e+05 -9.86093109e-01  1.11492450e-03  1.39068909e-02  1.11492450e-03 
 2.75422870e+05 -9.86093071e-01  1.14089441e-03  1.39069292e-02  1.14089441e-03 
 2.81838293e+05 -9.86093031e-01  1.16746924e-03  1.39069692e-02  1.16746924e-03 
 2.88403150e+05 -9.86092989e-01  1.19466308e-03  1.39070111e-02  1.19466308e-03 
 2.95120923e+05 -9.86092945e-01  1.22249034e-03  1.39070550e-02  1.22249034e-03 
 3.01995172e+05 -9.86092899e-01  1.25096578e-03  1.39071010e-02  1.25096578e-03 
 3.09029543e+05 -9.86092851e-01  1.28010450e-03  1.39071492e-02  1.28010450e-03 
 3.16227766e+05 -9.86092800e-01  1.30992194e-03  1.39071996e-02  1.30992194e-03 
 3.23593657e+05 -9.86092748e-01  1.34043392e-03  1.39072524e-02  1.34043392e-03 
 3.31131121e+05 -9.86092692e-01  1.37165661e-03  1.39073076e-02  1.37165661e-03 
 3.38844156e+05 -9.86092634e-01  1.40360657e-03  1.39073655e-02  1.40360657e-03 
 3.46736850e+05 -9.86092574e-01  1.43630074e-03  1.39074261e-02  1.43630074e-03 
 3.54813389e+05 -9.86092510e-01  1.46975646e-03  1.39074896e-02  1.46975646e-03 
 3.63078055e+05 -9.86092444e-01  1.50399145e-03  1.39075560e-02  1.50399145e-03 
 3.71535229e+05 -9.86092374e-01  1.53902388e-03  1.39076256e-02  1.53902388e-03 
 3.80189396e+05 -9.86092302e-01  1.57487231e-03  1.39076985e-02  1.57487231e-03 
 3.89045145e+05 -9.86092225e-01  1.61155576e-03  1.39077748e-02  1.61155576e-03 
 3.98107171e+05 -9.86092145e-01  1.64909368e-03  1.39078547e-02  1.64909368e-03 
 4.07380278e+05 -9.86092062e-01  1.68750596e-03  1.39079383e-02  1.68750596e-03 
 4.16869383e+05 -9.86091974e-01  1.72681297e-03  1.39080259e-02  1.72681297e-03 
 4.26579519e+05 -9.86091882e-01  1.76703556e-03  1.39081177e-02  1.76703556e-03 
 4.36515832e+05 -9.86091786e-01  1.80819506e-03  1.39082137e-02  1.80819506e-03 
 4.46683592e+05 -9.86091686e-01  1.85031327e-03  1.39083143e-02  1.85031327e-03 
 4.57088190e+05 -9.86091580e-01  1.89341254e-03  1.39084196e-02  1.89341254e-03 
 4.67735141e+05 -9.86091470e-01  1.93751572e-03  1.39085299e-02  1.93751572e-03 
 4.78630092e+05 -9.86091355e-01  1.98264618e-03  1.39086454e-02  1.98264618e-03 
 4.89778819e+05 -9.86091234e-01  2.02882787e-03  1.39087663e-02  2.02882787e-03 
 5.01187234e+05 -9.86091107e-01  2.07608526e-03  1.39088929e-02  2.07608526e-03 
 5.12861384e+05 -9.86090974e-01  2.12444341e-03  1.39090255e-02  2.12444341e-03 
 5.24807460e+05 -9.86090836e-01  2.17392795e-03  1.39091643e-02  2.17392795e-03 
 5.37031796e+05 -9.86090690e-01  2.22456514e-03  1.39093097e-02  2.22456514e-03 
 5.49540874e+05 -9.86090538e-01  2.27638181e-03  1.39094620e-02  2.27638181e-03 
 5.62341325e+05 -9.86090379e-01  2.32940544e-03  1.39096214e-02  2.32940544e-03 
 5.75439937e+05 -9.86090212e-01  2.38366413e-03  1.39097883e-02  2.38366413e-03 
 5.88843655e+05 -9.86090037e-01  2.43918667e-03  1.39099631e-02  2.43918667e-03 
 6.02559586e+05 -9.86089854e-01  2.49600248e-03  1.39101461e-02  2.49600248e-03 
 6.16595002e+05 -9.86089662e-01  2.55414169e-03  1.39103378e-02  2.55414169e-03 
 6.30957344e+05 -9.86089462e-01  2.61363513e-03  1.39105384e-02  2.61363513e-03 
 6.45654229e+05 -9.86089251e-01  2.67451434e-03  1.39107486e-02  2.67451434e-03 
 6.60693448e+05 -9.86089031e-01  2.73681159e-03  1.39109686e-02  2.73681159e-03 
 6.76082975e+05 -9.86088801e-01  2.80055992e-03  1.39111990e-02  2.80055992e-03 
 6.91830971e+05 -9.86088560e-01  2.86579312e-03  1.39114403e-02  2.86579312e-03 
 7.07945784e+05 -9.86088307e-01  2.93254578e-03  1.39116930e-02  2.93254578e-03 
 7.24435960e+05 -9.86088042e-01  3.00085330e-03  1.39119575e-02  3.00085330e-03 
 7.41310241e+05 -9.86087765e-01  3.07075189e-03  1.39122345e-02  3.07075189e-03 
 7.58577575e+05 -9.86087475e-01  3.14227860e-03  1.39125246e-02  3.14227860e-03 
 7.76247117e+05 -9.86087172e-01  3.21547136e-03  1.39128284e-02  3.21547136e-03 
 7.94328235e+05 -9.86086854e-01  3.29036898e-03  1.39131464e-02  3.29036898e-03 
 8.12830516e+05 -9.86086521e-01  3.36701117e-03  1.39134795e-02  3.36701117e-03 
 8.31763771e+05 -9.86086172e-01  3.44543855e-03  1.39138282e-02  3.44543855e-03 
 8.51138038e+05 -9.86085807e-01  3.52569272e-03  1.39141934e-02  3.52569272e-03 
 8.70963590e+05 -9.86085424e-01  3.60781622e-03  1.39145758e-02  3.60781622e-03 
 8.91250938e+05 -9.86085024e-01  3.69185259e-03  1.39149762e-02  3.69185259e-03 
 9.12010839e+05 -9.86084605e-01  3.77784639e-03  1.39153955e-02  3.77784639e-03 
 9.33254301e+05 -9.86084165e-01  3.86584320e-03  1.39158345e-02  3.86584320e-03 
 9.54992586e+05 -9.86083706e-01  3.95588968e-03  1.39162943e-02  3.95588968e-03 
 9.77237221e+05 -9.86083224e-01  4.04803358e-03  1.39167757e-02  4.04803358e-03 
 1.00000000e+06 -9.86082720e-01  4.14232373e-03  1.39172798e-02  4.14232373e-03 
 1.02329299e+06 -9.86082192e-01  4.23881014e-03  1.39178076e-02  4.23881014e-03 
 1.04712855e+06 -9.86081640e-01  4.33754396e-03  1.39183604e-02  4.33754396e-03 
 1.07151931e+06 -9.86081061e-01  4.43857753e-03  1.39189392e-02  4.43857753e-03 
 1.09647820e+06 -9.86080455e-01  4.54196441e-03  1.39195452e-02  4.54196441e-03 
 1.12201845e+06 -9.86079820e-01  4.64775943e-03  1.39201798e-02  4.64775943e-03 
 1.14815362e+06 -9.86079156e-01  4.75601866e-03  1.39208444e-02  4.75601866e-03 
 1.17489755e+06 -9.86078460e-01  4.86679949e-03  1.39215402e-02  4.86679949e-03 
 1.20226443e+06 -9.86077731e-01  4.98016067e-03  1.39222688e-02  4.98016067e-03 
 1.23026877e+06 -9.86076968e-01  5.09616229e-03  1.39230318e-02  5.09616229e-03 
 1.25892541e+06 -9.86076169e-01  5.21486585e-03  1.39238308e-02  5.21486585e-03 
 1.28824955e+06 -9.86075333e-01  5.33633427e-03  1.39246674e-02  5.33633427e-03 
 1.31825674e+06 -9.86074457e-01  5.46063196e-03  1.39255434e-02  5.46063196e-03 
 1.34896288e+06 -9.86073539e-01  5.58782480e-03  1.39264607e-02  5.58782480e-03 
 1.38038426e+06 -9.86072579e-01  5.71798023e-03  1.39274212e-02  5.71798023e-03 
 1.41253754e+06 -9.86071573e-01  5.85116725e-03  1.39284270e-02  5.85116725e-03 
 1.44543977e+06 -9.86070520e-01  5.98745646e-03  1.39294802e-02  5.98745646e-03 
 1.47910839e+06 -9.86069417e-01  6.12692011e-03  1.39305831e-02  6.12692011e-03 
 1.51356125e+06 -9.86068262e-01  6.26963213e-03  1.39317379e-02  6.26963213e-03 
 1.54881662e+06 -9.86067053e-01  6.41566818e-03  1.39329472e-02  6.41566818e-03 
 1.58489319e+06 -9.86065787e-01  6.56510567e-03  1.39342134e-02  6.56510567e-03 
 1.62181010e+06 -9.86064461e-01  6.71802382e-03  1.39355393e-02  6.71802382e-03 
 1.65958691e+06 -9.86063072e-01  6.87450369e-03  1.39369277e-02  6.87450369e-03 
 1.69824365e+06 -9.86061618e-01  7.03462823e-03  1.39383816e-02  7.03462823e-03 
 1.73780083e+06 -9.86060096e-01  7.19848232e-03  1.39399040e-02  7.19848232e-03 
 1.77827941e+06 -9.86058502e-01  7.36615281e-03  1.39414981e-02  7.36615281e-03 
 1.81970086e+06 -9.86056833e-01  7.53772859e-03  1.39431673e-02  7.53772859e-03 
 1.86208714e+06 -9.86055085e-01  7.71330059e-03  1.39449152e-02  7.71330059e-03 
 1.90546072e+06 -9.86053254e-01  7.89296189e-03  1.39467455e-02  7.89296189e-03 
 1.94984460e+06 -9.86051338e-01  8.07680772e-03  1.39486621e-02  8.07680772e-03 
 1.99526231e+06 -9.86049331e-01  8.26493551e-03  1.39506689e-02  8.26493551e-03 
 2.04173794e+06 -9.86047230e-01  8.45744499e-03  1.39527704e-02  8.45744499e-03 
 2.08929613e+06 -9.86045029e-01  8.65443819e-03  1.39549709e-02  8.65443819e-03 
 2.13796209e+06 -9.86042725e-01  8.85601953e-03  1.39572751e-02  8.85601953e-03 
 2.18776162e+06 -9.86040312e-01  9.06229583e-03  1.39596879e-02  9.06229583e-03 
 2.23872114e+06 -9.86037786e-01  9.27337644e-03  1.39622145e-02  9.27337644e-03 
 2.29086765e+06 -9.86035140e-01  9.48937322e-03  1.39648601e-02  9.48937322e-03 
 2.34422882e+06 -9.86032370e-01  9.71040064e-03  1.39676303e-02  9.71040064e-03 
 2.39883292e+06 -9.86029469e-01  9.93657585e-03  1.39705312e-02  9.93657585e-03 
 2.45470892e+06 -9.86026431e-01  1.01680187e-02  1.39735688e-02  1.01680187e-02 
 2.51188643e+06 -9.86023250e-01  1.04048519e-02  1.39767495e-02  1.04048519e-02 
 2.57039578e+06 -9.86019920e-01  1.06472008e-02  1.39800801e-02  1.06472008e-02 
 2.63026799e+06 -9.86016432e-01  1.08951940e-02  1.39835678e-02  1.08951940e-02 
 2.69153480e+06 -9.86012780e-01  1.11489629e-02  1.39872198e-02  1.11489629e-02 
 2.75422870e+06 -9.86008956e-01  1.14086418e-02  1.39910439e-02  1.14086418e-02 
 2.81838293e+06 -9.86004952e-01  1.16743685e-02  1.39950482e-02  1.16743685e-02 
 2.88403150e+06 -9.86000759e-01  1.19462837e-02  1.39992413e-02  1.19462837e-02 
 2.95120923e+06 -9.85996368e-01  1.22245315e-02  1.40036320e-02  1.22245315e-02 
 3.01995172e+06 -9.85991770e-01  1.25092593e-02  1.40082296e-02  1.25092593e-02 
 3.09029543e+06 -9.85986956e-01  1.28006179e-02  1.40130440e-02  1.28006179e-02 
 3.16227766e+06 -9.85981915e-01  1.30987618e-02  1.40180852e-02  1.30987618e-02 
 3.23593657e+06 -9.85976636e-01  1.34038489e-02  1.40233641e-02  1.34038489e-02 
 3.31131121e+06 -9.85971108e-01  1.37160407e-02  1.40288917e-02  1.37160407e-02 
 3.38844156e+06 -9.85965320e-01  1.40355028e-02  1.40346799e-02  1.40355028e-02 
 3.46736850e+06 -9.85959259e-01  1.43624042e-02  1.40407409e-02  1.43624042e-02 
 3.54813389e+06 -9.85952912e-01  1.46969182e-02  1.40470875e-02  1.46969182e-02 
 3.63078055e+06 -9.85946267e-01  1.50392219e-02  1.40537333e-02  1.50392219e-02 
 3.71535229e+06 -9.85939308e-01  1.53894966e-02  1.40606923e-02  1.53894966e-02 
 3.80189396e+06 -9.85932021e-01  1.57479279e-02  1.40679794e-02  1.57479279e-02 
 3.89045145e+06 -9.85924390e-01  1.61147055e-02  1.40756098e-02  1.61147055e-02 
 3.98107171e+06 -9.85916400e-01  1.64900237e-02  1.40836000e-02  1.64900237e-02 
 4.07380278e+06 -9.85908033e-01  1.68740812e-02  1.40919667e-02  1.68740812e-02 
 4.16869383e+06 -9.85899272e-01  1.72670813e-02  1.41007278e-02  1.72670813e-02 
 4.26579519e+06 -9.85890098e-01  1.76692322e-02  1.41099018e-02  1.76692322e-02 
 4.36515832e+06 -9.85880492e-01  1.80807468e-02  1.41195083e-02  1.80807468e-02 
 4.46683592e+06 -9.85870432e-01  1.85018428e-02  1.41295675e-02  1.85018428e-02 
 4.57088190e+06 -9.85859899e-01  1.89327432e-02  1.41401009e-02  1.89327432e-02 
 4.67735141e+06 -9.85848869e-01  1.93736761e-02  1.41511308e-02  1.93736761e-02 
 4.78630092e+06 -9.85837319e-01  1.98248748e-02  1.41626805e-02  1.98248748e-02 
 4.89778819e+06 -9.85825225e-01  2.02865781e-02  1.41747747e-02  2.02865781e-02 
 5.01187234e+06 -9.85812561e-01  2.07590303e-02  1.41874390e-02  2.07590303e-02 
 5.12861384e+06 -9.85799300e-01  2.12424814e-02  1.42007002e-02  2.12424814e-02 
 5.24807460e+06 -9.85785414e-01  2.17371872e-02  1.42145865e-02  2.17371872e-02 
 5.37031796e+06 -9.85770873e-01  2.22434093e-02  1.42291273e-02  2.22434093e-02 
 5.49540874e+06 -9.85755646e-01  2.27614156e-02  1.42443536e-02  2.27614156e-02 
 5.62341325e+06 -9.85739702e-01  2.32914800e-02  1.42602976e-02  2.32914800e-02 
 5.75439937e+06 -9.85723007e-01  2.38338827e-02  1.42769932e-02  2.38338827e-02 
 5.88843655e+06 -9.85705524e-01  2.43889107e-02  1.42944758e-02  2.43889107e-02 
 6.02559586e+06 -9.85687217e-01  2.49568573e-02  1.43127825e-02  2.49568573e-02 
 6.16595002e+06 -9.85668048e-01  2.55380228e-02  1.43319522e-02  2.55380228e-02 
 6.30957344e+06 -9.85647974e-01  2.61327143e-02  1.43520256e-02  2.61327143e-02 
 6.45654229e+06 -9.85626955e-01  2.67412460e-02  1.43730452e-02  2.67412460e-02 
 6.60693448e+06 -9.85604944e-01  2.73639396e-02  1.43950558e-02  2.73639396e-02 
 6.76082975e+06 -9.85581896e-01  2.80011240e-02  1.44181039e-02  2.80011240e-02 
 6.91830971e+06 -9.85557761e-01  2.86531358e-02  1.44422387e-02  2.86531358e-02 
 7.07945784e+06 -9.85532489e-01  2.93203192e-02  1.44675112e-02  2.93203192e-02 
 7.24435960e+06 -9.85506025e-01  3.00030266e-02  1.44939752e-02  3.00030266e-02 
 7.41310241e+06 -9.85478313e-01  3.07016183e-02  1.45216868e-02  3.07016183e-02 
 7.58577575e+06 -9.85449295e-01  3.14164630e-02  1.45507049e-02  3.14164630e-02 
 7.76247117e+06 -9.85418909e-01  3.21479380e-02  1.45810911e-02  3.21479380e-02 
 7.94328235e+06 -9.85387090e-01  3.28964292e-02  1.46129100e-02  3.28964292e-02 
 8.12830516e+06 -9.85353771e-01  3.36623313e-02  1.46462290e-02  3.36623313e-02 
 8.31763771e+06 -9.85318881e-01  3.44460481e-02  1.46811191e-02  3.44460481e-02 
 8.51138038e+06 -9.85282346e-01  3.52479929e-02  1.47176542e-02  3.52479929e-02 
 8.70963590e+06 -9.85244088e-01  3.60685882e-02  1.47559119e-02  3.60685882e-02 
 8.91250938e+06 -9.85204026e-01  3.69082663e-02  1.47959736e-02  3.69082663e-02 
 9.12010839e+06 -9.85162076e-01  3.77674696e-02  1.48379244e-02  3.77674696e-02 
 9.33254301e+06 -9.85118147e-01  3.86466504e-02  1.48818533e-02  3.86466504e-02 
 9.54992586e+06 -9.85072146e-01  3.95462715e-02  1.49278538e-02  3.95462715e-02 
 9.77237221e+06 -9.85023977e-01  4.04668062e-02  1.49760234e-02  4.04668062e-02 
 1.00000000e+07 -9.84973535e-01  4.14087388e-02  1.50264647e-02  4.14087388e-02 
 1.02329299e+07 -9.84920715e-01  4.23725643e-02  1.50792848e-02  4.23725643e-02 
 1.04712855e+07 -9.84865404e-01  4.33587895e-02  1.51345959e-02  4.33587895e-02 
 1.07151931e+07 -9.84807484e-01  4.43679324e-02  1.51925157e-02  4.43679324e-02 
 1.09647820e+07 -9.84746833e-01  4.54005228e-02  1.52531672e-02  4.54005228e-02 
 1.12201845e+07 -9.84683321e-01  4.64571029e-02  1.53166794e-02  4.64571029e-02 
 1.14815362e+07 -9.84616813e-01  4.75382268e-02  1.53831873e-02  4.75382268e-02 
 1.17489755e+07 -9.84547168e-01  4.86444614e-02  1.54528324e-02  4.86444614e-02 
 1.20226443e+07 -9.84474237e-01  4.97763866e-02  1.55257628e-02  4.97763866e-02 
 1.23026877e+07 -9.84397867e-01  5.09345950e-02  1.56021335e-02  5.09345950e-02 
 1.25892541e+07 -9.84317893e-01  5.21196930e-02  1.56821070e-02  5.21196930e-02 
 1.28824955e+07 -9.84234146e-01  5.33323006e-02  1.57658535e-02  5.33323006e-02 
 1.31825674e+07 -9.84146449e-01  5.45730517e-02  1.58535512e-02  5.45730517e-02 
 1.34896288e+07 -9.84054613e-01  5.58425944e-02  1.59453867e-02  5.58425944e-02 
 1.38038426e+07 -9.83958445e-01  5.71415916e-02  1.60415554e-02  5.71415916e-02 
 1.41253754e+07 -9.83857738e-01  5.84707210e-02  1.61422620e-02  5.84707210e-02 
 1.44543977e+07 -9.83752279e-01  5.98306752e-02  1.62477211e-02  5.98306752e-02 
 1.47910839e+07 -9.83641843e-01  6.12221627e-02  1.63581570e-02  6.12221627e-02 
 1.51356125e+07 -9.83526195e-01  6.26459074e-02  1.64738051e-02  6.26459074e-02 
 1.54881662e+07 -9.83405088e-01  6.41026496e-02  1.65949117e-02  6.41026496e-02 
 1.58489319e+07 -9.83278265e-01  6.55931459e-02  1.67217348e-02  6.55931459e-02 
 1.62181010e+07 -9.83145455e-01  6.71181697e-02  1.68545447e-02  6.71181697e-02 
 1.65958691e+07 -9.83006376e-01  6.86785113e-02  1.69936244e-02  6.86785113e-02 
 1.69824365e+07 -9.82860730e-01  7.02749787e-02  1.71392705e-02  7.02749787e-02 
 1.73780083e+07 -9.82708207e-01  7.19083974e-02  1.72917935e-02  7.19083974e-02 
 1.77827941e+07 -9.82548481e-01  7.35796111e-02  1.74515188e-02  7.35796111e-02 
 1.81970086e+07 -9.82381213e-01  7.52894818e-02  1.76187871e-02  7.52894818e-02 
 1.86208714e+07 -9.82206045e-01  7.70388903e-02  1.77939554e-02  7.70388903e-02 
 1.90546072e+07 -9.82022602e-01  7.88287365e-02  1.79773976e-02  7.88287365e-02 
 1.94984460e+07 -9.81830495e-01  8.06599396e-02  1.81695054e-02  8.06599396e-02 
 1.99526231e+07 -9.81629311e-01  8.25334386e-02  1.83706891e-02  8.25334386e-02 
 2.04173794e+07 -9.81418621e-01  8.44501927e-02  1.85813785e-02  8.44501927e-02 
 2.08929613e+07 -9.81197976e-01  8.64111813e-02  1.88020239e-02  8.64111813e-02 
 2.13796209e+07 -9.80966903e-01  8.84174047e-02  1.90330970e-02  8.84174047e-02 
 2.18776162e+07 -9.80724908e-01  9.04698843e-02  1.92750920e-02  9.04698843e-02 
 2.23872114e+07 -9.80471473e-01  9.25696628e-02  1.95285266e-02  9.25696628e-02 
 2.29086765e+07 -9.80206057e-01  9.47178045e-02  1.97939432e-02  9.47178045e-02 
 2.34422882e+07 -9.79928090e-01  9.69153961e-02  2.00719100e-02  9.69153961e-02 
 2.39883292e+07 -9.79636978e-01  9.91635462e-02  2.03630224e-02  9.91635462e-02 
 2.45470892e+07 -9.79332096e-01  1.01463386e-01  2.06679043e-02  1.01463386e-01 
 2.51188643e+07 -9.79012791e-01  1.03816071e-01  2.09872091e-02  1.03816071e-01 
 2.57039578e+07 -9.78678378e-01  1.06222777e-01  2.13216217e-02  1.06222777e-01 
 2.63026799e+07 -9.78328140e-01  1.08684706e-01  2.16718597e-02  1.08684706e-01 
 2.69153480e+07 -9.77961325e-01  1.11203082e-01  2.20386748e-02  1.11203082e-01 
 2.75422870e+07 -9.77577145e-01  1.13779154e-01  2.24228549e-02  1.13779154e-01 
 2.81838293e+07 -9.77174774e-01  1.16414194e-01  2.28252256e-02  1.16414194e-01 
 2.88403150e+07 -9.76753348e-01  1.19109499e-01  2.32466520e-02  1.19109499e-01 
 2.95120923e+07 -9.76311959e-01  1.21866391e-01  2.36880407e-02  1.21866391e-01 
 3.01995172e+07 -9.75849658e-01  1.24686214e-01  2.41503418e-02  1.24686214e-01 
 3.09029543e+07 -9.75365449e-01  1.27570340e-01  2.46345510e-02  1.27570340e-01 
 3.16227766e+07 -9.74858288e-01  1.30520162e-01  2.51417118e-02  1.30520162e-01 
 3.23593657e+07 -9.74327082e-01  1.33537102e-01  2.56729178e-02  1.33537102e-01 
 3.31131121e+07 -9.73770685e-01  1.36622602e-01  2.62293154e-02  1.36622602e-01 
 3.38844156e+07 -9.73187894e-01  1.39778131e-01  2.68121059e-02  1.39778131e-01 
 3.46736850e+07 -9.72577451e-01  1.43005183e-01  2.74225487e-02  1.43005183e-01 
 3.54813389e+07 -9.71938036e-01  1.46305274e-01  2.80619636e-02  1.46305274e-01 
 3.63078055e+07 -9.71268266e-01  1.49679946e-01  2.87317344e-02  1.49679946e-01 
 3.71535229e+07 -9.70566689e-01  1.53130761e-01  2.94333114e-02  1.53130761e-01 
 3.80189396e+07 -9.69831785e-01  1.56659309e-01  3.01682149e-02  1.56659309e-01 
 3.89045145e+07 -9.69061961e-01  1.60267198e-01  3.09380388e-02  1.60267198e-01 
 3.98107171e+07 -9.68255546e-01  1.63956059e-01  3.17444541e-02  1.63956059e-01 
 4.07380278e+07 -9.67410788e-01  1.67727546e-01  3.25892123e-02  1.67727546e-01 
 4.16869383e+07 -9.66525850e-01  1.71583330e-01  3.34741501e-02  1.71583330e-01 
 4.26579519e+07 -9.65598807e-01  1.75525102e-01  3.44011927e-02  1.75525102e-01 
 4.36515832e+07 -9.64627641e-01  1.79554573e-01  3.53723589e-02  1.79554573e-01 
 4.46683592e+07 -9.63610235e-01  1.83673467e-01  3.63897652e-02  1.83673467e-01 
 4.57088190e+07 -9.62544369e-01  1.87883525e-01  3.74556307e-02  1.87883525e-01 
 4.67735141e+07 -9.61427718e-01  1.92186501e-01  3.85722822e-02  1.92186501e-01 
 4.78630092e+07 -9.60257841e-01  1.96584158e-01  3.97421594e-02  1.96584158e-01 
 4.89778819e+07 -9.59032180e-01  2.01078270e-01  4.09678202e-02  2.01078270e-01 
 5.01187234e+07 -9.57748053e-01  2.05670617e-01  4.22519467e-02  2.05670617e-01 
 5.12861384e+07 -9.56402649e-01  2.10362982e-01  4.35973513e-02  2.10362982e-01 
 5.24807460e+07 -9.54993017e-01  2.15157147e-01  4.50069826e-02  2.15157147e-01 
 5.37031796e+07 -9.53516068e-01  2.20054894e-01  4.64839323e-02  2.20054894e-01 
 5.49540874e+07 -9.51968558e-01  2.25057993e-01  4.80314421e-02  2.25057993e-01 
 5.62341325e+07 -9.50347090e-01  2.30168208e-01  4.96529104e-02  2.30168208e-01 
 5.75439937e+07 -9.48648100e-01  2.35387282e-01  5.13519003e-02  2.35387282e-01 
 5.88843655e+07 -9.46867853e-01  2.40716939e-01  5.31321471e-02  2.40716939e-01 
 6.02559586e+07 -9.45002433e-01  2.46158873e-01  5.49975665e-02  2.46158873e-01 
 6.16595002e+07 -9.43047737e-01  2.51714746e-01  5.69522628e-02  2.51714746e-01 
 6.30957344e+07 -9.40999462e-01  2.57386177e-01  5.90005377e-02  2.57386177e-01 
 6.45654229e+07 -9.38853101e-01  2.63174737e-01  6.11468994e-02  2.63174737e-01 
 6.60693448e+07 -9.36603928e-01  2.69081935e-01  6.33960718e-02  2.69081935e-01 
 6.76082975e+07 -9.34246996e-01  2.75109217e-01  6.57530040e-02  2.75109217e-01 
 6.91830971e+07 -9.31777120e-01  2.81257946e-01  6.82228804e-02  2.81257946e-01 
 7.07945784e+07 -9.29188869e-01  2.87529396e-01  7.08111307e-02  2.87529396e-01 
 7.24435960e+07 -9.26476560e-01  2.93924738e-01  7.35234401e-02  2.93924738e-01 
 7.41310241e+07 -9.23634240e-01  3.00445025e-01  7.63657599e-02  3.00445025e-01 
 7.58577575e+07 -9.20655682e-01  3.07091177e-01  7.93443182e-02  3.07091177e-01 
 7.76247117e+07 -9.17534369e-01  3.13863962e-01  8.24656307e-02  3.13863962e-01 
 7.94328235e+07 -9.14263489e-01  3.20763982e-01  8.57365110e-02  3.20763982e-01 
 8.12830516e+07 -9.10835918e-01  3.27791648e-01  8.91640821e-02  3.27791648e-01 
 8.31763771e+07 -9.07244214e-01  3.34947159e-01  9.27557861e-02  3.34947159e-01 
 8.51138038e+07 -9.03480605e-01  3.42230479e-01  9.65193947e-02  3.42230479e-01 
 8.70963590e+07 -8.99536981e-01  3.49641311e-01  1.00463019e-01  3.49641311e-01 
 8.91250938e+07 -8.95404880e-01  3.57179063e-01  1.04595120e-01  3.57179063e-01 
 9.12010839e+07 -8.91075486e-01  3.64842825e-01  1.08924514e-01  3.64842825e-01 
 9.33254301e+07 -8.86539616e-01  3.72631328e-01  1.13460384e-01  3.72631328e-01 
 9.54992586e+07 -8.81787719e-01  3.80542911e-01  1.18212281e-01  3.80542911e-01 
 9.77237221e+07 -8.76809864e-01  3.88575478e-01  1.23190136e-01  3.88575478e-01 
 1.00000000e+08 -8.71595746e-01  3.96726459e-01  1.28404254e-01  3.96726459e-01 
 1.02329299e+08 -8.66134675e-01  4.04992761e-01  1.33865325e-01  4.04992761e-01 
 1.04712855e+08 -8.60415590e-01  4.13370718e-01  1.39584410e-01  4.13370718e-01 
 1.07151931e+08 -8.54427051e-01  4.21856039e-01  1.45572949e-01  4.21856039e-01 
 1.09647820e+08 -8.48157259e-01  4.30443751e-01  1.51842741e-01  4.30443751e-01 
 1.12201845e+08 -8.41594060e-01  4.39128137e-01  1.58405940e-01  4.39128137e-01 
 1.14815362e+08 -8.34724971e-01  4.47902671e-01  1.65275029e-01  4.47902671e-01 
 1.17489755e+08 -8.27537194e-01  4.56759954e-01  1.72462806e-01  4.56759954e-01 
 1.20226443e+08 -8.20017655e-01  4.65691636e-01  1.79982345e-01  4.65691636e-01 
 1.23026877e+08 -8.12153033e-01  4.74688345e-01  1.87846967e-01  4.74688345e-01 
 1.25892541e+08 -8.03929811e-01  4.83739609e-01  1.96070189e-01  4.83739609e-01 
 1.28824955e+08 -7.95334329e-01  4.92833773e-01  2.04665671e-01  4.92833773e-01 
 1.31825674e+08 -7.86352845e-01  5.01957918e-01  2.13647155e-01  5.01957918e-01 
 1.34896288e+08 -7.76971617e-01  5.11097774e-01  2.23028383e-01  5.11097774e-01 
 1.38038426e+08 -7.67176986e-01  5.20237642e-01  2.32823014e-01  5.20237642e-01 
 1.41253754e+08 -7.56955484e-01  5.29360301e-01  2.43044516e-01  5.29360301e-01 
 1.44543977e+08 -7.46293944e-01  5.38446937e-01  2.53706056e-01  5.38446937e-01 
 1.47910839e+08 -7.35179638e-01  5.47477056e-01  2.64820362e-01  5.47477056e-01 
 1.51356125e+08 -7.23600427e-01  5.56428423e-01  2.76399573e-01  5.56428423e-01 
 1.54881662e+08 -7.11544925e-01  5.65276988e-01  2.88455075e-01  5.65276988e-01 
 1.58489319e+08 -6.99002686e-01  5.73996844e-01  3.00997314e-01  5.73996844e-01 
 1.62181010e+08 -6.85964410e-01  5.82560181e-01  3.14035590e-01  5.82560181e-01 
 1.65958691e+08 -6.72422164e-01  5.90937273e-01  3.27577836e-01  5.90937273e-01 
 1.69824365e+08 -6.58369623e-01  5.99096472e-01  3.41630377e-01  5.99096472e-01 
 1.73780083e+08 -6.43802331e-01  6.07004236e-01  3.56197669e-01  6.07004236e-01 
 1.77827941e+08 -6.28717973e-01  6.14625185e-01  3.71282027e-01  6.14625185e-01 
 1.81970086e+08 -6.13116660e-01  6.21922186e-01  3.86883340e-01  6.21922186e-01 
 1.86208714e+08 -5.97001228e-01  6.28856481e-01  4.02998772e-01  6.28856481e-01 
 1.90546072e+08 -5.80377541e-01  6.35387855e-01  4.19622459e-01  6.35387855e-01 
 1.94984460e+08 -5.63254790e-01  6.41474848e-01  4.36745210e-01  6.41474848e-01 
 1.99526231e+08 -5.45645790e-01  6.47075021e-01  4.54354210e-01  6.47075021e-01 
 2.04173794e+08 -5.27567264e-01  6.52145270e-01  4.72432736e-01  6.52145270e-01 
 2.08929613e+08 -5.09040099e-01  6.56642197e-01  4.90959901e-01  6.56642197e-01 
 2.13796209e+08 -4.90089578e-01  6.60522529e-01  5.09910422e-01  6.60522529e-01 
 2.18776162e+08 -4.70745565e-01  6.63743601e-01  5.29254435e-01  6.63743601e-01 
 2.23872114e+08 -4.51042638e-01  6.66263880e-01  5.48957362e-01  6.66263880e-01 
 2.29086765e+08 -4.31020158e-01  6.68043532e-01  5.68979842e-01  6.68043532e-01 
 2.34422882e+08 -4.10722269e-01  6.69045035e-01  5.89277731e-01  6.69045035e-01 
 2.39883292e+08 -3.90197806e-01  6.69233811e-01  6.09802194e-01  6.69233811e-01 
 2.45470892e+08 -3.69500116e-01  6.68578877e-01  6.30499884e-01  6.68578877e-01 
 2.51188643e+08 -3.48686776e-01  6.67053489e-01  6.51313224e-01  6.67053489e-01 
 2.57039578e+08 -3.27819212e-01  6.64635783e-01  6.72180788e-01  6.64635783e-01 
 2.63026799e+08 -3.06962210e-01  6.61309363e-01  6.93037790e-01  6.61309363e-01 
 2.69153480e+08 -2.86183324e-01  6.57063850e-01  7.13816676e-01  6.57063850e-01 
 2.75422870e+08 -2.65552193e-01  6.51895348e-01  7.34447807e-01  6.51895348e-01 
 2.81838293e+08 -2.45139764e-01  6.45806821e-01  7.54860236e-01  6.45806821e-01 
 2.88403150e+08 -2.25017455e-01  6.38808361e-01  7.74982545e-01  6.38808361e-01 
 2.95120923e+08 -2.05256256e-01  6.30917328e-01  7.94743744e-01  6.30917328e-01 
 3.01995172e+08 -1.85925804e-01  6.22158364e-01  8.14074196e-01  6.22158364e-01 
 3.09029543e+08 -1.67093445e-01  6.12563254e-01  8.32906555e-01  6.12563254e-01 
 3.16227766e+08 -1.48823320e-01  6.02170651e-01  8.51176680e-01  6.02170651e-01 
 3.23593657e+08 -1.31175489e-01  5.91025659e-01  8.68824511e-01  5.91025659e-01 
 3.31131121e+08 -1.14205128e-01  5.79179281e-01  8.85794872e-01  5.79179281e-01 
 3.38844156e+08 -9.79618106e-02  5.66687755e-01  9.02038189e-01  5.66687755e-01 
 3.46736850e+08 -8.24889086e-02  5.53611782e-01  9.17511091e-01  5.53611782e-01 
 3.54813389e+08 -6.78231114e-02  5.40015682e-01  9.32176889e-01  5.40015682e-01 
 3.63078055e+08 -5.39940873e-02  5.25966488e-01  9.46005913e-01  5.25966488e-01 
 3.71535229e+08 -4.10242877e-02  5.11533019e-01  9.58975712e-01  5.11533019e-01 
 3.80189396e+08 -2.89288931e-02  4.96784941e-01  9.71071107e-01  4.96784941e-01 
 3.89045145e+08 -1.77159008e-02  4.81791855e-01  9.82284099e-01  4.81791855e-01 
 3.98107171e+08 -7.38634055e-03  4.66622426e-01  9.92613659e-01  4.66622426e-01 
 4.07380278e+08  2.06539110e-03  4.51343578e-01  1.00206539e+00  4.51343578e-01 
 4.16869383e+08  1.06510965e-02  4.36019770e-01  1.01065110e+00  4.36019770e-01 
 4.26579519e+08  1.83882598e-02  4.20712358e-01  1.01838826e+00  4.20712358e-01 
 4.36515832e+08  2.52994660e-02  4.05479068e-01  1.02529947e+00  4.05479068e-01 
 4.46683592e+08  3.14117773e-02  3.90373568e-01  1.03141178e+00  3.90373568e-01 
 4.57088190e+08  3.67560841e-02  3.75445145e-01  1.03675608e+00  3.75445145e-01 
 4.67735141e+08  4.13664493e-02  3.60738488e-01  1.04136645e+00  3.60738488e-01 
 4.78630092e+08  4.52794622e-02  3.46293568e-01  1.04527946e+00  3.46293568e-01 
 4.89778819e+08  4.85336140e-02  3.32145603e-01  1.04853361e+00  3.32145603e-01 
 5.01187234e+08  5.11687087e-02  3.18325106e-01  1.05116871e+00  3.18325106e-01 
 5.12861384e+08  5.32253152e-02  3.04858002e-01  1.05322532e+00  3.04858002e-01 
 5.24807460e+08  5.47442701e-02  2.91765802e-01  1.05474427e+00  2.91765802e-01 
 5.37031796e+08  5.57662325e-02  2.79065820e-01  1.05576623e+00  2.79065820e-01 
 5.49540874e+08  5.63312942e-02  2.66771431e-01  1.05633129e+00  2.66771431e-01 
 5.62341325e+08  5.64786460e-02  2.54892356e-01  1.05647865e+00  2.54892356e-01 
 5.75439937e+08  5.62462972e-02  2.43434955e-01  1.05624630e+00  2.43434955e-01 
 5.88843655e+08  5.56708478e-02  2.32402537e-01  1.05567085e+00  2.32402537e-01 
 6.02559586e+08  5.47873083e-02  2.21795670e-01  1.05478731e+00  2.21795670e-01 
 6.16595002e+08  5.36289647e-02  2.11612483e-01  1.05362896e+00  2.11612483e-01 
 6.30957344e+08  5.22272835e-02  2.01848964e-01  1.05222728e+00  2.01848964e-01 
 6.45654229e+08  5.06118522e-02  1.92499241e-01  1.05061185e+00  1.92499241e-01 
 6.60693448e+08  4.88103513e-02  1.83555848e-01  1.04881035e+00  1.83555848e-01 
 6.76082975e+08  4.68485529e-02  1.75009978e-01  1.04684855e+00  1.75009978e-01 
 6.91830971e+08  4.47503420e-02  1.66851709e-01  1.04475034e+00  1.66851709e-01 
 7.07945784e+08  4.25377560e-02  1.59070220e-01  1.04253776e+00  1.59070220e-01 
 7.24435960e+08  4.02310402e-02  1.51653979e-01  1.04023104e+00  1.51653979e-01 
 7.41310241e+08  3.78487137e-02  1.44590917e-01  1.03784871e+00  1.44590917e-01 
 7.58577575e+08  3.54076458e-02  1.37868579e-01  1.03540765e+00  1.37868579e-01 
 7.76247117e+08  3.29231374e-02  1.31474265e-01  1.03292314e+00  1.31474265e-01 
 7.94328235e+08  3.04090074e-02  1.25395143e-01  1.03040901e+00  1.25395143e-01 
 8.12830516e+08  2.78776812e-02  1.19618355e-01  1.02787768e+00  1.19618355e-01 
 8.31763771e+08  2.53402801e-02  1.14131106e-01  1.02534028e+00  1.14131106e-01 
 8.51138038e+08  2.28067103e-02  1.08920740e-01  1.02280671e+00  1.08920740e-01 
 8.70963590e+08  2.02857497e-02  1.03974799e-01  1.02028575e+00  1.03974799e-01 
 8.91250938e+08  1.77851338e-02  9.92810828e-02  1.01778513e+00  9.92810828e-02 
 9.12010839e+08  1.53116368e-02  9.48276841e-02  1.01531164e+00  9.48276841e-02 
 9.33254301e+08  1.28711508e-02  9.06030283e-02  1.01287115e+00  9.06030283e-02 
 9.54992586e+08  1.04687602e-02  8.65958975e-02  1.01046876e+00  8.65958975e-02 
 9.77237221e+08  8.10881280e-03  8.27954512e-02  1.00810881e+00  8.27954512e-02 
 1.00000000e+09  5.79498624e-03  7.91912397e-02  1.00579499e+00  7.91912397e-02 
 1.02329299e+09  3.53035054e-03  7.57732140e-02  1.00353035e+00  7.57732140e-02 
 1.04712855e+09  1.31742644e-03  7.25317295e-02  1.00131743e+00  7.25317295e-02 
 1.07151931e+09 -8.41760304e-04  6.94575481e-02  9.99158240e-01  6.94575481e-02 
 1.09647820e+09 -2.94562865e-03  6.65418353e-02  9.97054371e-01  6.65418353e-02 
 1.12201845e+09 -4.99299577e-03  6.37761559e-02  9.95007004e-01  6.37761559e-02 
 1.14815362e+09 -6.98303420e-03  6.11524673e-02  9.93016966e-01  6.11524673e-02 
 1.17489755e+09 -8.91523250e-03  5.86631108e-02  9.91084768e-01  5.86631108e-02 
 1.20226443e+09 -1.07893592e-02  5.63008018e-02  9.89210641e-01  5.63008018e-02 
 1.23026877e+09 -1.26054298e-02  5.40586187e-02  9.87394570e-01  5.40586187e-02 
 1.25892541e+09 -1.43636766e-02  5.19299911e-02  9.85636323e-01  5.19299911e-02 
 1.28824955e+09 -1.60645218e-02  4.99086875e-02  9.83935478e-01  4.99086875e-02 
 1.31825674e+09 -1.77085518e-02  4.79888023e-02  9.82291448e-01  4.79888023e-02 
 1.34896288e+09 -1.92964957e-02  4.61647428e-02  9.80703504e-01  4.61647428e-02 
 1.38038426e+09 -2.08292042e-02  4.44312162e-02  9.79170796e-01  4.44312162e-02 
 1.41253754e+09 -2.23076316e-02  4.27832161e-02  9.77692368e-01  4.27832161e-02 
 1.44543977e+09 -2.37328193e-02  4.12160097e-02  9.76267181e-01  4.12160097e-02 
 1.47910839e+09 -2.51058810e-02  3.97251248e-02  9.74894119e-01  3.97251248e-02 
 1.51356125e+09 -2.64279891e-02  3.83063376e-02  9.73572011e-01  3.83063376e-02 
 1.54881662e+09 -2.77003635e-02  3.69556599e-02  9.72299637e-01  3.69556599e-02 
 1.58489319e+09 -2.89242605e-02  3.56693274e-02  9.71075739e-01  3.56693274e-02 
 1.62181010e+09 -3.01009637e-02  3.44437884e-02  9.69899036e-01  3.44437884e-02 
 1.65958691e+09 -3.12317755e-02  3.32756922e-02  9.68768224e-01  3.32756922e-02 
 1.69824365e+09 -3.23180101e-02  3.21618789e-02  9.67681990e-01  3.21618789e-02 
 1.73780083e+09 -3.33609867e-02  3.10993685e-02  9.66639013e-01  3.10993685e-02 
 1.77827941e+09 -3.43620241e-02  3.00853517e-02  9.65637976e-01  3.00853517e-02 
 1.81970086e+09 -3.53224356e-02  2.91171802e-02  9.64677564e-01  2.91171802e-02 
 1.86208714e+09 -3.62435249e-02  2.81923576e-02  9.63756475e-01  2.81923576e-02 
 1.90546072e+09 -3.71265824e-02  2.73085312e-02  9.62873418e-01  2.73085312e-02 
 1.94984460e+09 -3.79728819e-02  2.64634834e-02  9.62027118e-01  2.64634834e-02 
 1.99526231e+09 -3.87836780e-02  2.56551247e-02  9.61216322e-01  2.56551247e-02 
 2.04173794e+09 -3.95602039e-02  2.48814855e-02  9.60439796e-01  2.48814855e-02 
 2.08929613e+09 -4.03036693e-02  2.41407100e-02  9.59696331e-01  2.41407100e-02 
 2.13796209e+09 -4.10152594e-02  2.34310492e-02  9.58984741e-01  2.34310492e-02 
 2.18776162e+09 -4.16961327e-02  2.27508547e-02  9.58303867e-01  2.27508547e-02 
 2.23872114e+09 -4.23474211e-02  2.20985733e-02  9.57652579e-01  2.20985733e-02 
 2.29086765e+09 -4.29702282e-02  2.14727408e-02  9.57029772e-01  2.14727408e-02 
 2.34422882e+09 -4.35656295e-02  2.08719773e-02  9.56434371e-01  2.08719773e-02 
 2.39883292e+09 -4.41346714e-02  2.02949824e-02  9.55865329e-01  2.02949824e-02 
 2.45470892e+09 -4.46783715e-02  1.97405301e-02  9.55321629e-01  1.97405301e-02 
 2.51188643e+09 -4.51977182e-02  1.92074648e-02  9.54802282e-01  1.92074648e-02 
 2.57039578e+09 -4.56936711e-02  1.86946972e-02  9.54306329e-01  1.86946972e-02 
 2.63026799e+09 -4.61671604e-02  1.82012005e-02  9.53832840e-01  1.82012005e-02 
 2.69153480e+09 -4.66190881e-02  1.77260065e-02  9.53380912e-01  1.77260065e-02 
 2.75422870e+09 -4.70503277e-02  1.72682027e-02  9.52949672e-01  1.72682027e-02 
 2.81838293e+09 -4.74617245e-02  1.68269284e-02  9.52538275e-01  1.68269284e-02 
 2.88403150e+09 -4.78540965e-02  1.64013726e-02  9.52145904e-01  1.64013726e-02 
 2.95120923e+09 -4.82282342e-02  1.59907705e-02  9.51771766e-01  1.59907705e-02 
 3.01995172e+09 -4.85849019e-02  1.55944011e-02  9.51415098e-01  1.55944011e-02 
 3.09029543e+09 -4.89248374e-02  1.52115845e-02  9.51075163e-01  1.52115845e-02 
 3.16227766e+09 -4.92487530e-02  1.48416801e-02  9.50751247e-01  1.48416801e-02 
 3.23593657e+09 -4.95573361e-02  1.44840837e-02  9.50442664e-01  1.44840837e-02 
 3.31131121e+09 -4.98512494e-02  1.41382258e-02  9.50148751e-01  1.41382258e-02 
 3.38844156e+09 -5.01311318e-02  1.38035697e-02  9.49868868e-01  1.38035697e-02 
 3.46736850e+09 -5.03975989e-02  1.34796096e-02  9.49602401e-01  1.34796096e-02 
 3.54813389e+09 -5.06512435e-02  1.31658684e-02  9.49348757e-01  1.31658684e-02 
 3.63078055e+09 -5.08926361e-02  1.28618970e-02  9.49107364e-01  1.28618970e-02 
 3.71535229e+09 -5.11223259e-02  1.25672717e-02  9.48877674e-01  1.25672717e-02 
 3.80189396e+09 -5.13408406e-02  1.22815935e-02  9.48659159e-01  1.22815935e-02 
 3.89045145e+09 -5.15486880e-02  1.20044865e-02  9.48451312e-01  1.20044865e-02 
 3.98107171e+09 -5.17463554e-02  1.17355962e-02  9.48253645e-01  1.17355962e-02 
 4.07380278e+09 -5.19343112e-02  1.14745889e-02  9.48065689e-01  1.14745889e-02 
 4.16869383e+09 -5.21130048e-02  1.12211500e-02  9.47886995e-01  1.12211500e-02 
 4.26579519e+09 -5.22828673e-02  1.09749832e-02  9.47717133e-01  1.09749832e-02 
 4.36515832e+09 -5.24443122e-02  1.07358093e-02  9.47555688e-01  1.07358093e-02 
 4.46683592e+09 -5.25977357e-02  1.05033650e-02  9.47402264e-01  1.05033650e-02 
 4.57088190e+09 -5.27435174e-02  1.02774025e-02  9.47256483e-01  1.02774025e-02 
 4.67735141e+09 -5.28820207e-02  1.00576880e-02  9.47117979e-01  1.00576880e-02 
 4.78630092e+09 -5.30135934e-02  9.84400127e-03  9.46986407e-01  9.84400127e-03 
 4.89778819e+09 -5.31385681e-02  9.63613447e-03  9.46861432e-01  9.63613447e-03 
 5.01187234e+09 -5.32572628e-02  9.43389172e-03  9.46742737e-01  9.43389172e-03 
 5.12861384e+09 -5.33699814e-02  9.23708818e-03  9.46630019e-01  9.23708818e-03 
 5.24807460e+09 -5.34770139e-02  9.04554943e-03  9.46522986e-01  9.04554943e-03 
 5.37031796e+09 -5.35786373e-02  8.85911076e-03  9.46421363e-01  8.85911076e-03 
 5.49540874e+09 -5.36751158e-02  8.67761661e-03  9.46324884e-01  8.67761661e-03 
 5.62341325e+09 -5.37667013e-02  8.50091996e-03  9.46233299e-01  8.50091996e-03 
 5.75439937e+09 -5.38536339e-02  8.32888178e-03  9.46146366e-01  8.32888178e-03 
 5.88843655e+09 -5.39361424e-02  8.16137054e-03  9.46063858e-01  8.16137054e-03 
 6.02559586e+09 -5.40144443e-02  7.99826167e-03  9.45985556e-01  7.99826167e-03 
 6.16595002e+09 -5.40887471e-02  7.83943717e-03  9.45911253e-01  7.83943717e-03 
 6.30957344e+09 -5.41592477e-02  7.68478513e-03  9.45840752e-01  7.68478513e-03 
 6.45654229e+09 -5.42261335e-02  7.53419936e-03  9.45773867e-01  7.53419936e-03 
 6.60693448e+09 -5.42895825e-02  7.38757898e-03  9.45710418e-01  7.38757898e-03 
 6.76082975e+09 -5.43497639e-02  7.24482809e-03  9.45650236e-01  7.24482809e-03 
 6.91830971e+09 -5.44068382e-02  7.10585546e-03  9.45593162e-01  7.10585546e-03 
 7.07945784e+09 -5.44609578e-02  6.97057418e-03  9.45539042e-01  6.97057418e-03 
 7.24435960e+09 -5.45122671e-02  6.83890141e-03  9.45487733e-01  6.83890141e-03 
 7.41310241e+09 -5.45609032e-02  6.71075808e-03  9.45439097e-01  6.71075808e-03 
 7.58577575e+09 -5.46069958e-02  6.58606871e-03  9.45393004e-01  6.58606871e-03 
 7.76247117e+09 -5.46506679e-02  6.46476108e-03  9.45349332e-01  6.46476108e-03 
 7.94328235e+09 -5.46920360e-02  6.34676613e-03  9.45307964e-01  6.34676613e-03 
 8.12830516e+09 -5.47312102e-02  6.23201767e-03  9.45268790e-01  6.23201767e-03 
 8.31763771e+09 -5.47682946e-02  6.12045227e-03  9.45231705e-01  6.12045227e-03 
 8.51138038e+09 -5.48033879e-02  6.01200903e-03  9.45196612e-01  6.01200903e-03 
 8.70963590e+09 -5.48365830e-02  5.90662950e-03  9.45163417e-01  5.90662950e-03 
 8.91250938e+09 -5.48679678e-02  5.80425747e-03  9.45132032e-01  5.80425747e-03 
 9.12010839e+09 -5.48976253e-02  5.70483886e-03  9.45102375e-01  5.70483886e-03 
 9.33254301e+09 -5.49256339e-02  5.60832163e-03  9.45074366e-01  5.60832163e-03 
 9.54992586e+09 -5.49520671e-02  5.51465563e-03  9.45047933e-01  5.51465563e-03 
 9.77237221e+09 -5.49769945e-02  5.42379253e-03  9.45023005e-01  5.42379253e-03 
 1.00000000e+10 -5.50004816e-02  5.33568570e-03  9.44999518e-01  5.33568570e-03 
 1.02329299e+10 -5.50225897e-02  5.25029014e-03  9.44977410e-01  5.25029014e-03 
 1.04712855e+10 -5.50433769e-02  5.16756240e-03  9.44956623e-01  5.16756240e-03 
 1.07151931e+10 -5.50628972e-02  5.08746049e-03  9.44937103e-01  5.08746049e-03 
 1.09647820e+10 -5.50812017e-02  5.00994384e-03  9.44918798e-01  5.00994384e-03 
 1.12201845e+10 -5.50983380e-02  4.93497323e-03  9.44901662e-01  4.93497323e-03 
 1.14815362e+10 -5.51143507e-02  4.86251072e-03  9.44885649e-01  4.86251072e-03 
 1.17489755e+10 -5.51292814e-02  4.79251960e-03  9.44870719e-01  4.79251960e-03 
 1.20226443e+10 -5.51431690e-02  4.72496436e-03  9.44856831e-01  4.72496436e-03 
 1.23026877e+10 -5.51560497e-02  4.65981062e-03  9.44843950e-01  4.65981062e-03 
 1.25892541e+10 -5.51679569e-02  4.59702510e-03  9.44832043e-01  4.59702510e-03 
 1.28824955e+10 -5.51789218e-02  4.53657556e-03  9.44821078e-01  4.53657556e-03 
 1.31825674e+10 -5.51889731e-02  4.47843082e-03  9.44811027e-01  4.47843082e-03 
 1.34896288e+10 -5.51981372e-02  4.42256064e-03  9.44801863e-01  4.42256064e-03 
 1.38038426e+10 -5.52064383e-02  4.36893575e-03  9.44793562e-01  4.36893575e-03 
 1.41253754e+10 -5.52138985e-02  4.31752778e-03  9.44786102e-01  4.31752778e-03 
 1.44543977e+10 -5.52205379e-02  4.26830926e-03  9.44779462e-01  4.26830926e-03 
 1.47910839e+10 -5.52263747e-02  4.22125355e-03  9.44773625e-01  4.22125355e-03 
 1.51356125e+10 -5.52314249e-02  4.17633484e-03  9.44768575e-01  4.17633484e-03 
 1.54881662e+10 -5.52357029e-02  4.13352812e-03  9.44764297e-01  4.13352812e-03 
 1.58489319e+10 -5.52392214e-02  4.09280913e-03  9.44760779e-01  4.09280913e-03 
 1.62181010e+10 -5.52419910e-02  4.05415433e-03  9.44758009e-01  4.05415433e-03 
 1.65958691e+10 -5.52440209e-02  4.01754090e-03  9.44755979e-01  4.01754090e-03 
 1.69824365e+10 -5.52453186e-02  3.98294668e-03  9.44754681e-01  3.98294668e-03 
 1.73780083e+10 -5.52458898e-02  3.95035015e-03  9.44754110e-01  3.95035015e-03 
 1.77827941e+10 -5.52457389e-02  3.91973040e-03  9.44754261e-01  3.91973040e-03 
 1.81970086e+10 -5.52448686e-02  3.89106709e-03  9.44755131e-01  3.89106709e-03 
 1.86208714e+10 -5.52432801e-02  3.86434043e-03  9.44756720e-01  3.86434043e-03 
 1.90546072e+10 -5.52409730e-02  3.83953114e-03  9.44759027e-01  3.83953114e-03 
 1.94984460e+10 -5.52379456e-02  3.81662040e-03  9.44762054e-01  3.81662040e-03 
 1.99526231e+10 -5.52341947e-02  3.79558985e-03  9.44765805e-01  3.79558985e-03 
 2.04173794e+10 -5.52297155e-02  3.77642150e-03  9.44770285e-01  3.77642150e-03 
 2.08929613e+10 -5.52245020e-02  3.75909773e-03  9.44775498e-01  3.75909773e-03 
 2.13796209e+10 -5.52185467e-02  3.74360126e-03  9.44781453e-01  3.74360126e-03 
 2.18776162e+10 -5.52118407e-02  3.72991505e-03  9.44788159e-01  3.72991505e-03 
 2.23872114e+10 -5.52043738e-02  3.71802231e-03  9.44795626e-01  3.71802231e-03 
 2.29086765e+10 -5.51961341e-02  3.70790641e-03  9.44803866e-01  3.70790641e-03 
 2.34422882e+10 -5.51871089e-02  3.69955088e-03  9.44812891e-01  3.69955088e-03 
 2.39883292e+10 -5.51772835e-02  3.69293931e-03  9.44822717e-01  3.69293931e-03 
 2.45470892e+10 -5.51666423e-02  3.68805530e-03  9.44833358e-01  3.68805530e-03 
 2.51188643e+10 -5.51551681e-02  3.68488246e-03  9.44844832e-01  3.68488246e-03 
 2.57039578e+10 -5.51428425e-02  3.68340427e-03  9.44857157e-01  3.68340427e-03 
 2.63026799e+10 -5.51296457e-02  3.68360405e-03  9.44870354e-01  3.68360405e-03 
 2.69153480e+10 -5.51155565e-02  3.68546493e-03  9.44884443e-01  3.68546493e-03 
 2.75422870e+10 -5.51005524e-02  3.68896972e-03  9.44899448e-01  3.68896972e-03 
 2.81838293e+10 -5.50846096e-02  3.69410088e-03  9.44915390e-01  3.69410088e-03 
 2.88403150e+10 -5.50677029e-02  3.70084041e-03  9.44932297e-01  3.70084041e-03 
 2.95120923e+10 -5.50498059e-02  3.70916982e-03  9.44950194e-01  3.70916982e-03 
 3.01995172e+10 -5.50308907e-02  3.71907001e-03  9.44969109e-01  3.71907001e-03 
 3.09029543e+10 -5.50109284e-02  3.73052116e-03  9.44989072e-01  3.73052116e-03 
 3.16227766e+10 -5.49898885e-02  3.74350272e-03  9.45010112e-01  3.74350272e-03 
 3.23593657e+10 -5.49677394e-02  3.75799324e-03  9.45032261e-01  3.75799324e-03 
 3.31131121e+10 -5.49444484e-02  3.77397031e-03  9.45055552e-01  3.77397031e-03 
 3.38844156e+10 -5.49199813e-02  3.79141046e-03  9.45080019e-01  3.79141046e-03 
 3.46736850e+10 -5.48943029e-02  3.81028903e-03  9.45105697e-01  3.81028903e-03 
 3.54813389e+10 -5.48673768e-02  3.83058009e-03  9.45132623e-01  3.83058009e-03 
 3.63078055e+10 -5.48391655e-02  3.85225634e-03  9.45160834e-01  3.85225634e-03 
 3.71535229e+10 -5.48096305e-02  3.87528895e-03  9.45190370e-01  3.87528895e-03 
 3.80189396e+10 -5.47787321e-02  3.89964748e-03  9.45221268e-01  3.89964748e-03 
 3.89045145e+10 -5.47464299e-02  3.92529976e-03  9.45253570e-01  3.92529976e-03 
 3.98107171e+10 -5.47126825e-02  3.95221176e-03  9.45287318e-01  3.95221176e-03 
 4.07380278e+10 -5.46774476e-02  3.98034744e-03  9.45322552e-01  3.98034744e-03 
 4.16869383e+10 -5.46406823e-02  4.00966869e-03  9.45359318e-01  4.00966869e-03 
 4.26579519e+10 -5.46023430e-02  4.04013513e-03  9.45397657e-01  4.04013513e-03 
 4.36515832e+10 -5.45623857e-02  4.07170406e-03  9.45437614e-01  4.07170406e-03 
 4.46683592e+10 -5.45207659e-02  4.10433025e-03  9.45479234e-01  4.10433025e-03 
 4.57088190e+10 -5.44774388e-02  4.13796588e-03  9.45522561e-01  4.13796588e-03 
 4.67735141e+10 -5.44323595e-02  4.17256040e-03  9.45567640e-01  4.17256040e-03 
 4.78630092e+10 -5.43854831e-02  4.20806037e-03  9.45614517e-01  4.20806037e-03 
 4.89778819e+10 -5.43367647e-02  4.24440941e-03  9.45663235e-01  4.24440941e-03 
 5.01187234e+10 -5.42861601e-02  4.28154802e-03  9.45713840e-01  4.28154802e-03 
 5.12861384e+10 -5.42336254e-02  4.31941352e-03  9.45766375e-01  4.31941352e-03 
 5.24807460e+10 -5.41791174e-02  4.35793993e-03  9.45820883e-01  4.35793993e-03 
 5.37031796e+10 -5.41225940e-02  4.39705788e-03  9.45877406e-01  4.39705788e-03 
 5.49540874e+10 -5.40640142e-02  4.43669453e-03  9.45935986e-01  4.43669453e-03 
 5.62341325e+10 -5.40033385e-02  4.47677349e-03  9.45996662e-01  4.47677349e-03 
 5.75439937e+10 -5.39405290e-02  4.51721477e-03  9.46059471e-01  4.51721477e-03 
 5.88843655e+10 -5.38755500e-02  4.55793477e-03  9.46124450e-01  4.55793477e-03 
 6.02559586e+10 -5.38083677e-02  4.59884617e-03  9.46191632e-01  4.59884617e-03 
 6.16595002e+10 -5.37389513e-02  4.63985804e-03  9.46261049e-01  4.63985804e-03 
 6.30957344e+10 -5.36672727e-02  4.68087573e-03  9.46332727e-01  4.68087573e-03 
 6.45654229e+10 -5.35933067e-02  4.72180100e-03  9.46406693e-01  4.72180100e-03 
 6.60693448e+10 -5.35170323e-02  4.76253205e-03  9.46482968e-01  4.76253205e-03 
 6.76082975e+10 -5.34384317e-02  4.80296358e-03  9.46561568e-01  4.80296358e-03 
 6.91830971e+10 -5.33574919e-02  4.84298695e-03  9.46642508e-01  4.84298695e-03 
 7.07945784e+10 -5.32742042e-02  4.88249028e-03  9.46725796e-01  4.88249028e-03 
 7.24435960e+10 -5.31885649e-02  4.92135868e-03  9.46811435e-01  4.92135868e-03 
 7.41310241e+10 -5.31005756e-02  4.95947440e-03  9.46899424e-01  4.95947440e-03 
 7.58577575e+10 -5.30102436e-02  4.99671710e-03  9.46989756e-01  4.99671710e-03 
 7.76247117e+10 -5.29175821e-02  5.03296415e-03  9.47082418e-01  5.03296415e-03 
 7.94328235e+10 -5.28226110e-02  5.06809092e-03  9.47177389e-01  5.06809092e-03 
 8.12830516e+10 -5.27253563e-02  5.10197112e-03  9.47274644e-01  5.10197112e-03 
 8.31763771e+10 -5.26258514e-02  5.13447723e-03  9.47374149e-01  5.13447723e-03 
 8.51138038e+10 -5.25241369e-02  5.16548090e-03  9.47475863e-01  5.16548090e-03 
 8.70963590e+10 -5.24202607e-02  5.19485340e-03  9.47579739e-01  5.19485340e-03 
 8.91250938e+10 -5.23142787e-02  5.22246616e-03  9.47685721e-01  5.22246616e-03 
 9.12010839e+10 -5.22062545e-02  5.24819126e-03  9.47793745e-01  5.24819126e-03 
 9.33254301e+10 -5.20962601e-02  5.27190200e-03  9.47903740e-01  5.27190200e-03 
 9.54992586e+10 -5.19843754e-02  5.29347354e-03  9.48015625e-01  5.29347354e-03 
 9.77237221e+10 -5.18706888e-02  5.31278345e-03  9.48129311e-01  5.31278345e-03 
 1.00000000e+11 -5.17552969e-02  5.32971238e-03  9.48244703e-01  5.32971238e-03 
