 time            v(bufinp)       v(bufinn)       v(outp)         v(outn)        
 0.00000000e+00  2.23500000e+00  2.23500000e+00  2.70519415e+00  2.70519415e+00 
 2.00000000e-14  2.23502309e+00  2.23497691e+00  2.70521217e+00  2.70517613e+00 
 4.00000000e-14  2.23504618e+00  2.23495382e+00  2.70522729e+00  2.70516101e+00 
 8.00000000e-14  2.23509236e+00  2.23490764e+00  2.70525345e+00  2.70513485e+00 
 1.60000000e-13  2.23518473e+00  2.23481527e+00  2.70529490e+00  2.70509341e+00 
 3.20000000e-13  2.23536945e+00  2.23463055e+00  2.70534809e+00  2.70504021e+00 
 6.40000000e-13  2.23573890e+00  2.23426110e+00  2.70534494e+00  2.70504335e+00 
 1.28000000e-12  2.23647779e+00  2.23352221e+00  2.70498098e+00  2.70540707e+00 
 2.56000000e-12  2.23795548e+00  2.23204452e+00  2.70348475e+00  2.70690165e+00 
 4.56000000e-12  2.24026396e+00  2.22973604e+00  2.70046399e+00  2.70991669e+00 
 6.56000000e-12  2.24257161e+00  2.22742839e+00  2.69727121e+00  2.71310010e+00 
 8.56000000e-12  2.24487806e+00  2.22512194e+00  2.69409876e+00  2.71625961e+00 
 1.05600000e-11  2.24718295e+00  2.22281705e+00  2.69095818e+00  2.71938367e+00 
 1.25600000e-11  2.24948592e+00  2.22051408e+00  2.68783134e+00  2.72249048e+00 
 1.45600000e-11  2.25178660e+00  2.21821340e+00  2.68470815e+00  2.72559009e+00 
 1.65600000e-11  2.25408463e+00  2.21591537e+00  2.68158629e+00  2.72868483e+00 
 1.85600000e-11  2.25637964e+00  2.21362036e+00  2.67846630e+00  2.73177415e+00 
 2.05600000e-11  2.25867128e+00  2.21132872e+00  2.67534914e+00  2.73485710e+00 
 2.25600000e-11  2.26095918e+00  2.20904082e+00  2.67223564e+00  2.73793283e+00 
 2.45600000e-11  2.26324298e+00  2.20675702e+00  2.66912649e+00  2.74100064e+00 
 2.65600000e-11  2.26552232e+00  2.20447768e+00  2.66602279e+00  2.74405955e+00 
 2.85600000e-11  2.26779685e+00  2.20220315e+00  2.66292470e+00  2.74710927e+00 
 3.05600000e-11  2.27006619e+00  2.19993381e+00  2.65983218e+00  2.75014974e+00 
 3.25600000e-11  2.27233000e+00  2.19767000e+00  2.65674709e+00  2.75317936e+00 
 3.45600000e-11  2.27458791e+00  2.19541209e+00  2.65366912e+00  2.75619817e+00 
 3.65600000e-11  2.27683957e+00  2.19316043e+00  2.65059927e+00  2.75920531e+00 
 3.85600000e-11  2.27908462e+00  2.19091538e+00  2.64753842e+00  2.76219995e+00 
 4.05600000e-11  2.28132271e+00  2.18867729e+00  2.64448780e+00  2.76518103e+00 
 4.25600000e-11  2.28355349e+00  2.18644651e+00  2.64144641e+00  2.76814909e+00 
 4.45600000e-11  2.28577660e+00  2.18422340e+00  2.63841540e+00  2.77110320e+00 
 4.65600000e-11  2.28799169e+00  2.18200831e+00  2.63539665e+00  2.77404184e+00 
 4.85600000e-11  2.29019841e+00  2.17980159e+00  2.63238979e+00  2.77696506e+00 
 5.05600000e-11  2.29239642e+00  2.17760358e+00  2.62939499e+00  2.77987260e+00 
 5.25600000e-11  2.29458536e+00  2.17541464e+00  2.62641302e+00  2.78276376e+00 
 5.45600000e-11  2.29676489e+00  2.17323511e+00  2.62344461e+00  2.78563784e+00 
 5.65600000e-11  2.29893467e+00  2.17106533e+00  2.62049041e+00  2.78849422e+00 
 5.85600000e-11  2.30109436e+00  2.16890564e+00  2.61755100e+00  2.79133233e+00 
 6.05600000e-11  2.30324360e+00  2.16675640e+00  2.61462695e+00  2.79415160e+00 
 6.25600000e-11  2.30538207e+00  2.16461793e+00  2.61171884e+00  2.79695149e+00 
 6.45600000e-11  2.30750943e+00  2.16249057e+00  2.60882722e+00  2.79973144e+00 
 6.65600000e-11  2.30962534e+00  2.16037466e+00  2.60595265e+00  2.80249091e+00 
 6.85600000e-11  2.31172946e+00  2.15827054e+00  2.60309570e+00  2.80522935e+00 
 7.05600000e-11  2.31382147e+00  2.15617853e+00  2.60025691e+00  2.80794623e+00 
 7.25600000e-11  2.31590102e+00  2.15409898e+00  2.59743683e+00  2.81064102e+00 
 7.45600000e-11  2.31796781e+00  2.15203219e+00  2.59463600e+00  2.81331320e+00 
 7.65600000e-11  2.32002149e+00  2.14997851e+00  2.59185495e+00  2.81596225e+00 
 7.85600000e-11  2.32206175e+00  2.14793825e+00  2.58909423e+00  2.81858767e+00 
 8.05600000e-11  2.32408826e+00  2.14591174e+00  2.58635434e+00  2.82118895e+00 
 8.25600000e-11  2.32610070e+00  2.14389930e+00  2.58363581e+00  2.82376560e+00 
 8.45600000e-11  2.32809875e+00  2.14190125e+00  2.58093916e+00  2.82631713e+00 
 8.65600000e-11  2.33008210e+00  2.13991790e+00  2.57826489e+00  2.82884308e+00 
 8.85600000e-11  2.33205044e+00  2.13794956e+00  2.57561349e+00  2.83134296e+00 
 9.05600000e-11  2.33400345e+00  2.13599655e+00  2.57298547e+00  2.83381632e+00 
 9.25600000e-11  2.33594083e+00  2.13405917e+00  2.57038133e+00  2.83626270e+00 
 9.45600000e-11  2.33786227e+00  2.13213773e+00  2.56780151e+00  2.83868166e+00 
 9.65600000e-11  2.33976747e+00  2.13023253e+00  2.56524649e+00  2.84107278e+00 
 9.85600000e-11  2.34165612e+00  2.12834388e+00  2.56271675e+00  2.84343561e+00 
 1.00560000e-10  2.34352793e+00  2.12647207e+00  2.56021275e+00  2.84576976e+00 
 1.02560000e-10  2.34538260e+00  2.12461740e+00  2.55773494e+00  2.84807481e+00 
 1.04560000e-10  2.34721985e+00  2.12278015e+00  2.55528376e+00  2.85035039e+00 
 1.06560000e-10  2.34903937e+00  2.12096063e+00  2.55285966e+00  2.85259609e+00 
 1.08560000e-10  2.35084088e+00  2.11915912e+00  2.55046304e+00  2.85481157e+00 
 1.10560000e-10  2.35262410e+00  2.11737590e+00  2.54809429e+00  2.85699645e+00 
 1.12560000e-10  2.35438875e+00  2.11561125e+00  2.54575385e+00  2.85915039e+00 
 1.14560000e-10  2.35613454e+00  2.11386546e+00  2.54344213e+00  2.86127307e+00 
 1.16560000e-10  2.35786120e+00  2.11213880e+00  2.54115952e+00  2.86336415e+00 
 1.18560000e-10  2.35956847e+00  2.11043153e+00  2.53890639e+00  2.86542335e+00 
 1.20560000e-10  2.36125606e+00  2.10874394e+00  2.53668309e+00  2.86745036e+00 
 1.22560000e-10  2.36292371e+00  2.10707629e+00  2.53448999e+00  2.86944490e+00 
 1.24560000e-10  2.36457117e+00  2.10542883e+00  2.53232741e+00  2.87140671e+00 
 1.26560000e-10  2.36619816e+00  2.10380184e+00  2.53019572e+00  2.87333555e+00 
 1.28560000e-10  2.36780444e+00  2.10219556e+00  2.52809527e+00  2.87523118e+00 
 1.30560000e-10  2.36938974e+00  2.10061026e+00  2.52602636e+00  2.87709339e+00 
 1.32560000e-10  2.37095383e+00  2.09904617e+00  2.52398926e+00  2.87892198e+00 
 1.34560000e-10  2.37249644e+00  2.09750356e+00  2.52198428e+00  2.88071676e+00 
 1.36560000e-10  2.37401734e+00  2.09598266e+00  2.52001169e+00  2.88247756e+00 
 1.38560000e-10  2.37551629e+00  2.09448371e+00  2.51807178e+00  2.88420424e+00 
 1.40560000e-10  2.37699305e+00  2.09300695e+00  2.51616478e+00  2.88589666e+00 
 1.42560000e-10  2.37844739e+00  2.09155261e+00  2.51429095e+00  2.88755471e+00 
 1.44560000e-10  2.37987908e+00  2.09012092e+00  2.51245052e+00  2.88917830e+00 
 1.46560000e-10  2.38128788e+00  2.08871212e+00  2.51064369e+00  2.89076735e+00 
 1.48560000e-10  2.38267359e+00  2.08732641e+00  2.50887068e+00  2.89232179e+00 
 1.50560000e-10  2.38403598e+00  2.08596402e+00  2.50713167e+00  2.89384160e+00 
 1.52560000e-10  2.38537483e+00  2.08462517e+00  2.50542684e+00  2.89532674e+00 
 1.54560000e-10  2.38668994e+00  2.08331006e+00  2.50375636e+00  2.89677722e+00 
 1.56560000e-10  2.38798109e+00  2.08201891e+00  2.50212037e+00  2.89819305e+00 
 1.58560000e-10  2.38924809e+00  2.08075191e+00  2.50051901e+00  2.89957427e+00 
 1.60560000e-10  2.39049073e+00  2.07950927e+00  2.49895240e+00  2.90092094e+00 
 1.62560000e-10  2.39170881e+00  2.07829119e+00  2.49742065e+00  2.90223313e+00 
 1.64560000e-10  2.39290215e+00  2.07709785e+00  2.49592387e+00  2.90351093e+00 
 1.66560000e-10  2.39407056e+00  2.07592944e+00  2.49446212e+00  2.90475446e+00 
 1.68560000e-10  2.39521384e+00  2.07478616e+00  2.49303548e+00  2.90596384e+00 
 1.70560000e-10  2.39633183e+00  2.07366817e+00  2.49164401e+00  2.90713923e+00 
 1.72560000e-10  2.39742434e+00  2.07257566e+00  2.49028775e+00  2.90828078e+00 
 1.74560000e-10  2.39849120e+00  2.07150880e+00  2.48896672e+00  2.90938869e+00 
 1.76560000e-10  2.39953224e+00  2.07046776e+00  2.48768095e+00  2.91046315e+00 
 1.78560000e-10  2.40054730e+00  2.06945270e+00  2.48643045e+00  2.91150437e+00 
 1.80560000e-10  2.40153622e+00  2.06846378e+00  2.48521520e+00  2.91251258e+00 
 1.82560000e-10  2.40249885e+00  2.06750115e+00  2.48403520e+00  2.91348804e+00 
 1.84560000e-10  2.40343502e+00  2.06656498e+00  2.48289040e+00  2.91443099e+00 
 1.86560000e-10  2.40434459e+00  2.06565541e+00  2.48178078e+00  2.91534171e+00 
 1.88560000e-10  2.40522743e+00  2.06477257e+00  2.48070629e+00  2.91622048e+00 
 1.90560000e-10  2.40608338e+00  2.06391662e+00  2.47966686e+00  2.91706758e+00 
 1.92560000e-10  2.40691231e+00  2.06308769e+00  2.47866244e+00  2.91788333e+00 
 1.94560000e-10  2.40771410e+00  2.06228590e+00  2.47769294e+00  2.91866803e+00 
 1.96560000e-10  2.40848862e+00  2.06151138e+00  2.47675828e+00  2.91942200e+00 
 1.98560000e-10  2.40923574e+00  2.06076426e+00  2.47585838e+00  2.92014556e+00 
 2.00560000e-10  2.40995534e+00  2.06004466e+00  2.47499314e+00  2.92083904e+00 
 2.02560000e-10  2.41064732e+00  2.05935268e+00  2.47416246e+00  2.92150277e+00 
 2.04560000e-10  2.41131156e+00  2.05868844e+00  2.47336623e+00  2.92213708e+00 
 2.06560000e-10  2.41194796e+00  2.05805204e+00  2.47260434e+00  2.92274230e+00 
 2.08560000e-10  2.41255642e+00  2.05744358e+00  2.47187669e+00  2.92331876e+00 
 2.10560000e-10  2.41313684e+00  2.05686316e+00  2.47118315e+00  2.92386680e+00 
 2.12560000e-10  2.41368913e+00  2.05631087e+00  2.47052361e+00  2.92438675e+00 
 2.14560000e-10  2.41421320e+00  2.05578680e+00  2.46989794e+00  2.92487891e+00 
 2.16560000e-10  2.41470898e+00  2.05529102e+00  2.46930604e+00  2.92534360e+00 
 2.18560000e-10  2.41517637e+00  2.05482363e+00  2.46874779e+00  2.92578114e+00 
 2.20560000e-10  2.41561531e+00  2.05438469e+00  2.46822306e+00  2.92619181e+00 
 2.22560000e-10  2.41602574e+00  2.05397426e+00  2.46773175e+00  2.92657591e+00 
 2.24560000e-10  2.41640757e+00  2.05359243e+00  2.46727374e+00  2.92693371e+00 
 2.26560000e-10  2.41676076e+00  2.05323924e+00  2.46684892e+00  2.92726546e+00 
 2.28560000e-10  2.41708525e+00  2.05291475e+00  2.46645719e+00  2.92757143e+00 
 2.30560000e-10  2.41738098e+00  2.05261902e+00  2.46609846e+00  2.92785184e+00 
 2.32560000e-10  2.41764791e+00  2.05235209e+00  2.46577262e+00  2.92810690e+00 
 2.34560000e-10  2.41788601e+00  2.05211399e+00  2.46547960e+00  2.92833682e+00 
 2.36560000e-10  2.41809522e+00  2.05190478e+00  2.46521930e+00  2.92854177e+00 
 2.38560000e-10  2.41827552e+00  2.05172448e+00  2.46499165e+00  2.92872193e+00 
 2.40560000e-10  2.41842687e+00  2.05157313e+00  2.46479659e+00  2.92887743e+00 
 2.42560000e-10  2.41854926e+00  2.05145074e+00  2.46463405e+00  2.92900839e+00 
 2.44560000e-10  2.41864267e+00  2.05135733e+00  2.46450399e+00  2.92911492e+00 
 2.46560000e-10  2.41870708e+00  2.05129292e+00  2.46440636e+00  2.92919711e+00 
 2.48560000e-10  2.41874248e+00  2.05125752e+00  2.46434113e+00  2.92925499e+00 
 2.50560000e-10  2.41874886e+00  2.05125114e+00  2.46430827e+00  2.92928863e+00 
 2.52560000e-10  2.41872623e+00  2.05127377e+00  2.46430776e+00  2.92929802e+00 
 2.54560000e-10  2.41867459e+00  2.05132541e+00  2.46433960e+00  2.92928317e+00 
 2.56560000e-10  2.41859394e+00  2.05140606e+00  2.46440378e+00  2.92924404e+00 
 2.58560000e-10  2.41848429e+00  2.05151571e+00  2.46450033e+00  2.92918058e+00 
 2.60560000e-10  2.41834568e+00  2.05165432e+00  2.46462924e+00  2.92909273e+00 
 2.62560000e-10  2.41817811e+00  2.05182189e+00  2.46479056e+00  2.92898038e+00 
 2.64560000e-10  2.41798162e+00  2.05201838e+00  2.46498433e+00  2.92884342e+00 
 2.66560000e-10  2.41775623e+00  2.05224377e+00  2.46521057e+00  2.92868171e+00 
 2.68560000e-10  2.41750198e+00  2.05249802e+00  2.46546936e+00  2.92849510e+00 
 2.70560000e-10  2.41721892e+00  2.05278108e+00  2.46576075e+00  2.92828342e+00 
 2.72560000e-10  2.41690707e+00  2.05309293e+00  2.46608480e+00  2.92804647e+00 
 2.74560000e-10  2.41656651e+00  2.05343349e+00  2.46644161e+00  2.92778403e+00 
 2.76560000e-10  2.41619727e+00  2.05380273e+00  2.46683124e+00  2.92749587e+00 
 2.78560000e-10  2.41579942e+00  2.05420058e+00  2.46725378e+00  2.92718176e+00 
 2.80560000e-10  2.41537302e+00  2.05462698e+00  2.46770933e+00  2.92684143e+00 
 2.82560000e-10  2.41491813e+00  2.05508187e+00  2.46819799e+00  2.92647460e+00 
 2.84560000e-10  2.41443484e+00  2.05556516e+00  2.46871987e+00  2.92608100e+00 
 2.86560000e-10  2.41392320e+00  2.05607680e+00  2.46927507e+00  2.92566032e+00 
 2.88560000e-10  2.41338332e+00  2.05661668e+00  2.46986370e+00  2.92521226e+00 
 2.90560000e-10  2.41281527e+00  2.05718473e+00  2.47048587e+00  2.92473649e+00 
 2.92560000e-10  2.41221913e+00  2.05778087e+00  2.47114170e+00  2.92423269e+00 
 2.94560000e-10  2.41159502e+00  2.05840498e+00  2.47183130e+00  2.92370054e+00 
 2.96560000e-10  2.41094301e+00  2.05905699e+00  2.47255479e+00  2.92313969e+00 
 2.98560000e-10  2.41026323e+00  2.05973677e+00  2.47331228e+00  2.92254981e+00 
 3.00560000e-10  2.40955576e+00  2.06044424e+00  2.47410389e+00  2.92193056e+00 
 3.02560000e-10  2.40882073e+00  2.06117927e+00  2.47492973e+00  2.92128160e+00 
 3.04560000e-10  2.40805826e+00  2.06194174e+00  2.47578990e+00  2.92060259e+00 
 3.06560000e-10  2.40726845e+00  2.06273155e+00  2.47668451e+00  2.91989318e+00 
 3.08560000e-10  2.40645145e+00  2.06354855e+00  2.47761365e+00  2.91915305e+00 
 3.10560000e-10  2.40560737e+00  2.06439263e+00  2.47857743e+00  2.91838187e+00 
 3.12560000e-10  2.40473634e+00  2.06526366e+00  2.47957593e+00  2.91757932e+00 
 3.14560000e-10  2.40383852e+00  2.06616148e+00  2.48060922e+00  2.91674507e+00 
 3.16560000e-10  2.40291403e+00  2.06708597e+00  2.48167740e+00  2.91587883e+00 
 3.18560000e-10  2.40196303e+00  2.06803697e+00  2.48278051e+00  2.91498031e+00 
 3.20560000e-10  2.40098566e+00  2.06901434e+00  2.48391862e+00  2.91404920e+00 
 3.22560000e-10  2.39998208e+00  2.07001792e+00  2.48509177e+00  2.91308525e+00 
 3.24560000e-10  2.39895245e+00  2.07104755e+00  2.48630000e+00  2.91208820e+00 
 3.26560000e-10  2.39789693e+00  2.07210307e+00  2.48754334e+00  2.91105780e+00 
 3.28560000e-10  2.39681568e+00  2.07318432e+00  2.48882181e+00  2.90999382e+00 
 3.30560000e-10  2.39570888e+00  2.07429112e+00  2.49013540e+00  2.90889604e+00 
 3.32560000e-10  2.39457671e+00  2.07542329e+00  2.49148412e+00  2.90776427e+00 
 3.34560000e-10  2.39341933e+00  2.07658067e+00  2.49286793e+00  2.90659833e+00 
 3.36560000e-10  2.39223694e+00  2.07776306e+00  2.49428682e+00  2.90539805e+00 
 3.38560000e-10  2.39102972e+00  2.07897028e+00  2.49574073e+00  2.90416330e+00 
 3.40560000e-10  2.38979786e+00  2.08020214e+00  2.49722960e+00  2.90289393e+00 
 3.42560000e-10  2.38854156e+00  2.08145844e+00  2.49875337e+00  2.90158985e+00 
 3.44560000e-10  2.38726101e+00  2.08273899e+00  2.50031195e+00  2.90025096e+00 
 3.46560000e-10  2.38595642e+00  2.08404358e+00  2.50190524e+00  2.89887720e+00 
 3.48560000e-10  2.38462799e+00  2.08537201e+00  2.50353313e+00  2.89746852e+00 
 3.50560000e-10  2.38327593e+00  2.08672407e+00  2.50519549e+00  2.89602487e+00 
 3.52560000e-10  2.38190045e+00  2.08809955e+00  2.50689218e+00  2.89454626e+00 
 3.54560000e-10  2.38050178e+00  2.08949822e+00  2.50862305e+00  2.89303269e+00 
 3.56560000e-10  2.37908014e+00  2.09091986e+00  2.51038794e+00  2.89148419e+00 
 3.58560000e-10  2.37763574e+00  2.09236426e+00  2.51218665e+00  2.88990079e+00 
 3.60560000e-10  2.37616881e+00  2.09383119e+00  2.51401900e+00  2.88828258e+00 
 3.62560000e-10  2.37467960e+00  2.09532040e+00  2.51588478e+00  2.88662963e+00 
 3.64560000e-10  2.37316833e+00  2.09683167e+00  2.51778377e+00  2.88494204e+00 
 3.66560000e-10  2.37163523e+00  2.09836477e+00  2.51971573e+00  2.88321993e+00 
 3.68560000e-10  2.37008057e+00  2.09991943e+00  2.52168042e+00  2.88146345e+00 
 3.70560000e-10  2.36850457e+00  2.10149543e+00  2.52367757e+00  2.87967275e+00 
 3.72560000e-10  2.36690749e+00  2.10309251e+00  2.52570692e+00  2.87784801e+00 
 3.74560000e-10  2.36528958e+00  2.10471042e+00  2.52776817e+00  2.87598940e+00 
 3.76560000e-10  2.36365110e+00  2.10634890e+00  2.52986104e+00  2.87409715e+00 
 3.78560000e-10  2.36199230e+00  2.10800770e+00  2.53198520e+00  2.87217148e+00 
 3.80560000e-10  2.36031345e+00  2.10968655e+00  2.53414035e+00  2.87021262e+00 
 3.82560000e-10  2.35861480e+00  2.11138520e+00  2.53632614e+00  2.86822083e+00 
 3.84560000e-10  2.35689664e+00  2.11310336e+00  2.53854224e+00  2.86619638e+00 
 3.86560000e-10  2.35515923e+00  2.11484077e+00  2.54078829e+00  2.86413955e+00 
 3.88560000e-10  2.35340285e+00  2.11659715e+00  2.54306392e+00  2.86205064e+00 
 3.90560000e-10  2.35162777e+00  2.11837223e+00  2.54536876e+00  2.85992996e+00 
 3.92560000e-10  2.34983427e+00  2.12016573e+00  2.54770243e+00  2.85777784e+00 
 3.94560000e-10  2.34802264e+00  2.12197736e+00  2.55006453e+00  2.85559462e+00 
 3.96560000e-10  2.34619316e+00  2.12380684e+00  2.55245466e+00  2.85338065e+00 
 3.98560000e-10  2.34434612e+00  2.12565388e+00  2.55487239e+00  2.85113629e+00 
 4.00560000e-10  2.34248181e+00  2.12751819e+00  2.55731732e+00  2.84886192e+00 
 4.02560000e-10  2.34060053e+00  2.12939947e+00  2.55978900e+00  2.84655791e+00 
 4.04560000e-10  2.33870258e+00  2.13129742e+00  2.56228699e+00  2.84422468e+00 
 4.06560000e-10  2.33678825e+00  2.13321175e+00  2.56481085e+00  2.84186262e+00 
 4.08560000e-10  2.33485785e+00  2.13514215e+00  2.56736013e+00  2.83947215e+00 
 4.10560000e-10  2.33291167e+00  2.13708833e+00  2.56993435e+00  2.83705371e+00 
 4.12560000e-10  2.33095004e+00  2.13904996e+00  2.57253304e+00  2.83460772e+00 
 4.14560000e-10  2.32897326e+00  2.14102674e+00  2.57515573e+00  2.83213465e+00 
 4.16560000e-10  2.32698163e+00  2.14301837e+00  2.57780193e+00  2.82963493e+00 
 4.18560000e-10  2.32497548e+00  2.14502452e+00  2.58047114e+00  2.82710904e+00 
 4.20560000e-10  2.32295512e+00  2.14704488e+00  2.58316287e+00  2.82455744e+00 
 4.22560000e-10  2.32092088e+00  2.14907912e+00  2.58587660e+00  2.82198063e+00 
 4.24560000e-10  2.31887306e+00  2.15112694e+00  2.58861184e+00  2.81937908e+00 
 4.26560000e-10  2.31681200e+00  2.15318800e+00  2.59136805e+00  2.81675329e+00 
 4.28560000e-10  2.31473802e+00  2.15526198e+00  2.59414472e+00  2.81410376e+00 
 4.30560000e-10  2.31265146e+00  2.15734854e+00  2.59694131e+00  2.81143101e+00 
 4.32560000e-10  2.31055262e+00  2.15944738e+00  2.59975730e+00  2.80873554e+00 
 4.34560000e-10  2.30844186e+00  2.16155814e+00  2.60259213e+00  2.80601789e+00 
 4.36560000e-10  2.30631950e+00  2.16368050e+00  2.60544527e+00  2.80327857e+00 
 4.38560000e-10  2.30418588e+00  2.16581412e+00  2.60831616e+00  2.80051813e+00 
 4.40560000e-10  2.30204133e+00  2.16795867e+00  2.61120425e+00  2.79773710e+00 
 4.42560000e-10  2.29988620e+00  2.17011380e+00  2.61410898e+00  2.79493603e+00 
 4.44560000e-10  2.29772082e+00  2.17227918e+00  2.61702979e+00  2.79211547e+00 
 4.46560000e-10  2.29554553e+00  2.17445447e+00  2.61996611e+00  2.78927597e+00 
 4.48560000e-10  2.29336069e+00  2.17663931e+00  2.62291737e+00  2.78641809e+00 
 4.50560000e-10  2.29116663e+00  2.17883337e+00  2.62588299e+00  2.78354241e+00 
 4.52560000e-10  2.28896370e+00  2.18103630e+00  2.62886240e+00  2.78064947e+00 
 4.54560000e-10  2.28675224e+00  2.18324776e+00  2.63185500e+00  2.77773987e+00 
 4.56560000e-10  2.28453262e+00  2.18546738e+00  2.63486023e+00  2.77481418e+00 
 4.58560000e-10  2.28230517e+00  2.18769483e+00  2.63787748e+00  2.77187298e+00 
 4.60560000e-10  2.28007026e+00  2.18992974e+00  2.64090617e+00  2.76891684e+00 
 4.62560000e-10  2.27782822e+00  2.19217178e+00  2.64394569e+00  2.76594637e+00 
 4.64560000e-10  2.27557943e+00  2.19442057e+00  2.64699546e+00  2.76296214e+00 
 4.66560000e-10  2.27332422e+00  2.19667578e+00  2.65005488e+00  2.75996476e+00 
 4.68560000e-10  2.27106297e+00  2.19893703e+00  2.65312335e+00  2.75695482e+00 
 4.70560000e-10  2.26879602e+00  2.20120398e+00  2.65620026e+00  2.75393292e+00 
 4.72560000e-10  2.26652373e+00  2.20347627e+00  2.65928499e+00  2.75089966e+00 
 4.74560000e-10  2.26424646e+00  2.20575354e+00  2.66237693e+00  2.74785566e+00 
 4.76560000e-10  2.26196458e+00  2.20803542e+00  2.66547549e+00  2.74480150e+00 
 4.78560000e-10  2.25967844e+00  2.21032156e+00  2.66858004e+00  2.74173781e+00 
 4.80560000e-10  2.25738840e+00  2.21261160e+00  2.67168998e+00  2.73866519e+00 
 4.82560000e-10  2.25509482e+00  2.21490518e+00  2.67480468e+00  2.73558425e+00 
 4.84560000e-10  2.25279808e+00  2.21720192e+00  2.67792354e+00  2.73249561e+00 
 4.86560000e-10  2.25049852e+00  2.21950148e+00  2.68104593e+00  2.72939989e+00 
 4.88560000e-10  2.24819651e+00  2.22180349e+00  2.68417124e+00  2.72629770e+00 
 4.90560000e-10  2.24589242e+00  2.22410758e+00  2.68729885e+00  2.72318965e+00 
 4.92560000e-10  2.24358661e+00  2.22641339e+00  2.69042813e+00  2.72007637e+00 
 4.94560000e-10  2.24127945e+00  2.22872055e+00  2.69355846e+00  2.71695848e+00 
 4.96560000e-10  2.23897129e+00  2.23102871e+00  2.69668922e+00  2.71383659e+00 
 4.98560000e-10  2.23666251e+00  2.23333749e+00  2.69981980e+00  2.71071133e+00 
 5.00560000e-10  2.23435346e+00  2.23564654e+00  2.70294956e+00  2.70758332e+00 
 5.02560000e-10  2.23204452e+00  2.23795548e+00  2.70607789e+00  2.70445317e+00 
 5.04560000e-10  2.22973604e+00  2.24026396e+00  2.70920417e+00  2.70132152e+00 
 5.06560000e-10  2.22742839e+00  2.24257161e+00  2.71232776e+00  2.69818898e+00 
 5.08560000e-10  2.22512194e+00  2.24487806e+00  2.71544805e+00  2.69505617e+00 
 5.10560000e-10  2.22281705e+00  2.24718295e+00  2.71856443e+00  2.69192371e+00 
 5.12560000e-10  2.22051408e+00  2.24948592e+00  2.72167626e+00  2.68879223e+00 
 5.14560000e-10  2.21821340e+00  2.25178660e+00  2.72478293e+00  2.68566235e+00 
 5.16560000e-10  2.21591537e+00  2.25408463e+00  2.72788382e+00  2.68253467e+00 
 5.18560000e-10  2.21362036e+00  2.25637964e+00  2.73097831e+00  2.67940983e+00 
 5.20560000e-10  2.21132872e+00  2.25867128e+00  2.73406578e+00  2.67628844e+00 
 5.22560000e-10  2.20904082e+00  2.26095918e+00  2.73714563e+00  2.67317111e+00 
 5.24560000e-10  2.20675702e+00  2.26324298e+00  2.74021723e+00  2.67005847e+00 
 5.26560000e-10  2.20447768e+00  2.26552232e+00  2.74327997e+00  2.66695112e+00 
 5.28560000e-10  2.20220315e+00  2.26779685e+00  2.74633325e+00  2.66384967e+00 
 5.30560000e-10  2.19993381e+00  2.27006619e+00  2.74937646e+00  2.66075475e+00 
 5.32560000e-10  2.19767000e+00  2.27233000e+00  2.75240899e+00  2.65766695e+00 
 5.34560000e-10  2.19541209e+00  2.27458791e+00  2.75543023e+00  2.65458688e+00 
 5.36560000e-10  2.19316043e+00  2.27683957e+00  2.75843959e+00  2.65151515e+00 
 5.38560000e-10  2.19091538e+00  2.27908462e+00  2.76143646e+00  2.64845235e+00 
 5.40560000e-10  2.18867729e+00  2.28132271e+00  2.76442026e+00  2.64539910e+00 
 5.42560000e-10  2.18644651e+00  2.28355349e+00  2.76739038e+00  2.64235599e+00 
 5.44560000e-10  2.18422340e+00  2.28577660e+00  2.77034625e+00  2.63932361e+00 
 5.46560000e-10  2.18200831e+00  2.28799169e+00  2.77328727e+00  2.63630255e+00 
 5.48560000e-10  2.17980159e+00  2.29019841e+00  2.77621285e+00  2.63329342e+00 
 5.50560000e-10  2.17760358e+00  2.29239642e+00  2.77912243e+00  2.63029678e+00 
 5.52560000e-10  2.17541464e+00  2.29458536e+00  2.78201543e+00  2.62731323e+00 
 5.54560000e-10  2.17323511e+00  2.29676489e+00  2.78489127e+00  2.62434334e+00 
 5.56560000e-10  2.17106533e+00  2.29893467e+00  2.78774939e+00  2.62138771e+00 
 5.58560000e-10  2.16890564e+00  2.30109436e+00  2.79058922e+00  2.61844690e+00 
 5.60560000e-10  2.16675640e+00  2.30324360e+00  2.79341022e+00  2.61552146e+00 
 5.62560000e-10  2.16461793e+00  2.30538207e+00  2.79621182e+00  2.61261196e+00 
 5.64560000e-10  2.16249057e+00  2.30750943e+00  2.79899348e+00  2.60971898e+00 
 5.66560000e-10  2.16037466e+00  2.30962534e+00  2.80175466e+00  2.60684306e+00 
 5.68560000e-10  2.15827054e+00  2.31172946e+00  2.80449482e+00  2.60398476e+00 
 5.70560000e-10  2.15617853e+00  2.31382147e+00  2.80721342e+00  2.60114463e+00 
 5.72560000e-10  2.15409898e+00  2.31590102e+00  2.80990995e+00  2.59832321e+00 
 5.74560000e-10  2.15203219e+00  2.31796781e+00  2.81258389e+00  2.59552105e+00 
 5.76560000e-10  2.14997851e+00  2.32002149e+00  2.81523472e+00  2.59273866e+00 
 5.78560000e-10  2.14793825e+00  2.32206175e+00  2.81786194e+00  2.58997659e+00 
 5.80560000e-10  2.14591174e+00  2.32408826e+00  2.82046505e+00  2.58723534e+00 
 5.82560000e-10  2.14389930e+00  2.32610070e+00  2.82304356e+00  2.58451545e+00 
 5.84560000e-10  2.14190125e+00  2.32809875e+00  2.82559698e+00  2.58181742e+00 
 5.86560000e-10  2.13991790e+00  2.33008210e+00  2.82812485e+00  2.57914176e+00 
 5.88560000e-10  2.13794956e+00  2.33205044e+00  2.83062669e+00  2.57648896e+00 
 5.90560000e-10  2.13599655e+00  2.33400345e+00  2.83310204e+00  2.57385952e+00 
 5.92560000e-10  2.13405917e+00  2.33594083e+00  2.83555045e+00  2.57125392e+00 
 5.94560000e-10  2.13213773e+00  2.33786227e+00  2.83797149e+00  2.56867264e+00 
 5.96560000e-10  2.13023253e+00  2.33976747e+00  2.84036471e+00  2.56611615e+00 
 5.98560000e-10  2.12834388e+00  2.34165612e+00  2.84272971e+00  2.56358492e+00 
 6.00560000e-10  2.12647207e+00  2.34352793e+00  2.84506606e+00  2.56107940e+00 
 6.02560000e-10  2.12461740e+00  2.34538260e+00  2.84737337e+00  2.55860005e+00 
 6.04560000e-10  2.12278015e+00  2.34721985e+00  2.84965123e+00  2.55614730e+00 
 6.06560000e-10  2.12096063e+00  2.34903937e+00  2.85189929e+00  2.55372159e+00 
 6.08560000e-10  2.11915912e+00  2.35084088e+00  2.85411715e+00  2.55132334e+00 
 6.10560000e-10  2.11737590e+00  2.35262410e+00  2.85630448e+00  2.54895297e+00 
 6.12560000e-10  2.11561125e+00  2.35438875e+00  2.85846092e+00  2.54661088e+00 
 6.14560000e-10  2.11386546e+00  2.35613454e+00  2.86058614e+00  2.54429746e+00 
 6.16560000e-10  2.11213880e+00  2.35786120e+00  2.86267983e+00  2.54201312e+00 
 6.18560000e-10  2.11043153e+00  2.35956847e+00  2.86474168e+00  2.53975823e+00 
 6.20560000e-10  2.10874394e+00  2.36125606e+00  2.86677139e+00  2.53753315e+00 
 6.22560000e-10  2.10707629e+00  2.36292371e+00  2.86876870e+00  2.53533824e+00 
 6.24560000e-10  2.10542883e+00  2.36457117e+00  2.87073333e+00  2.53317385e+00 
 6.26560000e-10  2.10380184e+00  2.36619816e+00  2.87266504e+00  2.53104032e+00 
 6.28560000e-10  2.10219556e+00  2.36780444e+00  2.87456360e+00  2.52893798e+00 
 6.30560000e-10  2.10061026e+00  2.36938974e+00  2.87642879e+00  2.52686713e+00 
 6.32560000e-10  2.09904617e+00  2.37095383e+00  2.87826041e+00  2.52482808e+00 
 6.34560000e-10  2.09750356e+00  2.37249644e+00  2.88005828e+00  2.52282113e+00 
 6.36560000e-10  2.09598266e+00  2.37401734e+00  2.88182222e+00  2.52084655e+00 
 6.38560000e-10  2.09448371e+00  2.37551629e+00  2.88355210e+00  2.51890460e+00 
 6.40560000e-10  2.09300695e+00  2.37699305e+00  2.88524777e+00  2.51699556e+00 
 6.42560000e-10  2.09155261e+00  2.37844739e+00  2.88690912e+00  2.51511965e+00 
 6.44560000e-10  2.09012092e+00  2.37987908e+00  2.88853606e+00  2.51327711e+00 
 6.46560000e-10  2.08871212e+00  2.38128788e+00  2.89012850e+00  2.51146815e+00 
 6.48560000e-10  2.08732641e+00  2.38267359e+00  2.89168639e+00  2.50969299e+00 
 6.50560000e-10  2.08596402e+00  2.38403598e+00  2.89320968e+00  2.50795180e+00 
 6.52560000e-10  2.08462517e+00  2.38537483e+00  2.89469835e+00  2.50624478e+00 
 6.54560000e-10  2.08331006e+00  2.38668994e+00  2.89615240e+00  2.50457207e+00 
 6.56560000e-10  2.08201891e+00  2.38798109e+00  2.89757185e+00  2.50293384e+00 
 6.58560000e-10  2.08075191e+00  2.38924809e+00  2.89895672e+00  2.50133023e+00 
 6.60560000e-10  2.07950927e+00  2.39049073e+00  2.90030706e+00  2.49976134e+00 
 6.62560000e-10  2.07829119e+00  2.39170881e+00  2.90162296e+00  2.49822731e+00 
 6.64560000e-10  2.07709785e+00  2.39290215e+00  2.90290450e+00  2.49672822e+00 
 6.66560000e-10  2.07592944e+00  2.39407056e+00  2.90415179e+00  2.49526415e+00 
 6.68560000e-10  2.07478616e+00  2.39521384e+00  2.90536495e+00  2.49383519e+00 
 6.70560000e-10  2.07366817e+00  2.39633183e+00  2.90654413e+00  2.49244139e+00 
 6.72560000e-10  2.07257566e+00  2.39742434e+00  2.90768949e+00  2.49108279e+00 
 6.74560000e-10  2.07150880e+00  2.39849120e+00  2.90880121e+00  2.48975942e+00 
 6.76560000e-10  2.07046776e+00  2.39953224e+00  2.90987948e+00  2.48847131e+00 
 6.78560000e-10  2.06945270e+00  2.40054730e+00  2.91092451e+00  2.48721847e+00 
 6.80560000e-10  2.06846378e+00  2.40153622e+00  2.91193654e+00  2.48600088e+00 
 6.82560000e-10  2.06750115e+00  2.40249885e+00  2.91291578e+00  2.48481855e+00 
 6.84560000e-10  2.06656498e+00  2.40343502e+00  2.91386251e+00  2.48367144e+00 
 6.86560000e-10  2.06565541e+00  2.40434459e+00  2.91477698e+00  2.48255951e+00 
 6.88560000e-10  2.06477257e+00  2.40522743e+00  2.91565947e+00  2.48148273e+00 
 6.90560000e-10  2.06391662e+00  2.40608338e+00  2.91651027e+00  2.48044103e+00 
 6.92560000e-10  2.06308769e+00  2.40691231e+00  2.91732967e+00  2.47943435e+00 
 6.94560000e-10  2.06228590e+00  2.40771410e+00  2.91811797e+00  2.47846263e+00 
 6.96560000e-10  2.06151138e+00  2.40848862e+00  2.91887549e+00  2.47752578e+00 
 6.98560000e-10  2.06076426e+00  2.40923574e+00  2.91960255e+00  2.47662372e+00 
 7.00560000e-10  2.06004466e+00  2.40995534e+00  2.92029946e+00  2.47575635e+00 
 7.02560000e-10  2.05935268e+00  2.41064732e+00  2.92096655e+00  2.47492358e+00 
 7.04560000e-10  2.05868844e+00  2.41131156e+00  2.92160415e+00  2.47412530e+00 
 7.06560000e-10  2.05805204e+00  2.41194796e+00  2.92221258e+00  2.47336141e+00 
 7.08560000e-10  2.05744358e+00  2.41255642e+00  2.92279217e+00  2.47263180e+00 
 7.10560000e-10  2.05686316e+00  2.41313684e+00  2.92334324e+00  2.47193635e+00 
 7.12560000e-10  2.05631087e+00  2.41368913e+00  2.92386611e+00  2.47127496e+00 
 7.14560000e-10  2.05578680e+00  2.41421320e+00  2.92436110e+00  2.47064750e+00 
 7.16560000e-10  2.05529102e+00  2.41470898e+00  2.92482852e+00  2.47005387e+00 
 7.18560000e-10  2.05482363e+00  2.41517637e+00  2.92526867e+00  2.46949394e+00 
 7.20560000e-10  2.05438469e+00  2.41561531e+00  2.92568183e+00  2.46896761e+00 
 7.22560000e-10  2.05397426e+00  2.41602574e+00  2.92606829e+00  2.46847476e+00 
 7.24560000e-10  2.05359243e+00  2.41640757e+00  2.92642833e+00  2.46801528e+00 
 7.26560000e-10  2.05323924e+00  2.41676076e+00  2.92676220e+00  2.46758907e+00 
 7.28560000e-10  2.05291475e+00  2.41708525e+00  2.92707013e+00  2.46719603e+00 
 7.30560000e-10  2.05261902e+00  2.41738098e+00  2.92735237e+00  2.46683605e+00 
 7.32560000e-10  2.05235209e+00  2.41764791e+00  2.92760913e+00  2.46650906e+00 
 7.34560000e-10  2.05211399e+00  2.41788601e+00  2.92784059e+00  2.46621495e+00 
 7.36560000e-10  2.05190478e+00  2.41809522e+00  2.92804694e+00  2.46595366e+00 
 7.38560000e-10  2.05172448e+00  2.41827552e+00  2.92822835e+00  2.46572510e+00 
 7.40560000e-10  2.05157313e+00  2.41842687e+00  2.92838494e+00  2.46552921e+00 
 7.42560000e-10  2.05145074e+00  2.41854926e+00  2.92851684e+00  2.46536594e+00 
 7.44560000e-10  2.05135733e+00  2.41864267e+00  2.92862415e+00  2.46523523e+00 
 7.46560000e-10  2.05129292e+00  2.41870708e+00  2.92870696e+00  2.46513704e+00 
 7.48560000e-10  2.05125752e+00  2.41874248e+00  2.92876531e+00  2.46507134e+00 
 7.50560000e-10  2.05125114e+00  2.41874886e+00  2.92879925e+00  2.46503810e+00 
 7.52560000e-10  2.05127377e+00  2.41872623e+00  2.92880879e+00  2.46503730e+00 
 7.54560000e-10  2.05132541e+00  2.41867459e+00  2.92879392e+00  2.46506894e+00 
 7.56560000e-10  2.05140606e+00  2.41859394e+00  2.92875462e+00  2.46513301e+00 
 7.58560000e-10  2.05151571e+00  2.41848429e+00  2.92869083e+00  2.46522954e+00 
 7.60560000e-10  2.05165432e+00  2.41834568e+00  2.92860249e+00  2.46535852e+00 
 7.62560000e-10  2.05182189e+00  2.41817811e+00  2.92848950e+00  2.46552000e+00 
 7.64560000e-10  2.05201838e+00  2.41798162e+00  2.92835175e+00  2.46571401e+00 
 7.66560000e-10  2.05224377e+00  2.41775623e+00  2.92818910e+00  2.46594060e+00 
 7.68560000e-10  2.05249802e+00  2.41750198e+00  2.92800140e+00  2.46619980e+00 
 7.70560000e-10  2.05278108e+00  2.41721892e+00  2.92778848e+00  2.46649169e+00 
 7.72560000e-10  2.05309293e+00  2.41690707e+00  2.92755014e+00  2.46681633e+00 
 7.74560000e-10  2.05343349e+00  2.41656651e+00  2.92728619e+00  2.46717380e+00 
 7.76560000e-10  2.05380273e+00  2.41619727e+00  2.92699638e+00  2.46756417e+00 
 7.78560000e-10  2.05420058e+00  2.41579942e+00  2.92668048e+00  2.46798754e+00 
 7.80560000e-10  2.05462698e+00  2.41537302e+00  2.92633824e+00  2.46844399e+00 
 7.82560000e-10  2.05508187e+00  2.41491813e+00  2.92596938e+00  2.46893362e+00 
 7.84560000e-10  2.05556516e+00  2.41443484e+00  2.92557363e+00  2.46945654e+00 
 7.86560000e-10  2.05607680e+00  2.41392320e+00  2.92515068e+00  2.47001284e+00 
 7.88560000e-10  2.05661668e+00  2.41338332e+00  2.92470024e+00  2.47060264e+00 
 7.90560000e-10  2.05718473e+00  2.41281527e+00  2.92422200e+00  2.47122604e+00 
 7.92560000e-10  2.05778087e+00  2.41221913e+00  2.92371564e+00  2.47188316e+00 
 7.94560000e-10  2.05840498e+00  2.41159502e+00  2.92318082e+00  2.47257411e+00 
 7.96560000e-10  2.05905699e+00  2.41094301e+00  2.92261723e+00  2.47329899e+00 
 7.98560000e-10  2.05973677e+00  2.41026323e+00  2.92202453e+00  2.47405793e+00 
 8.00560000e-10  2.06044424e+00  2.40955576e+00  2.92140238e+00  2.47485103e+00 
 8.02560000e-10  2.06117927e+00  2.40882073e+00  2.92075045e+00  2.47567840e+00 
 8.04560000e-10  2.06194174e+00  2.40805826e+00  2.92006841e+00  2.47654014e+00 
 8.06560000e-10  2.06273155e+00  2.40726845e+00  2.91935592e+00  2.47743636e+00 
 8.08560000e-10  2.06354855e+00  2.40645145e+00  2.91861266e+00  2.47836714e+00 
 8.10560000e-10  2.06439263e+00  2.40560737e+00  2.91783830e+00  2.47933259e+00 
 8.12560000e-10  2.06526366e+00  2.40473634e+00  2.91703254e+00  2.48033279e+00 
 8.14560000e-10  2.06616148e+00  2.40383852e+00  2.91619505e+00  2.48136780e+00 
 8.16560000e-10  2.06708597e+00  2.40291403e+00  2.91532554e+00  2.48243771e+00 
 8.18560000e-10  2.06803697e+00  2.40196303e+00  2.91442372e+00  2.48354258e+00 
 8.20560000e-10  2.06901434e+00  2.40098566e+00  2.91348931e+00  2.48468245e+00 
 8.22560000e-10  2.07001792e+00  2.39998208e+00  2.91252204e+00  2.48585739e+00 
 8.24560000e-10  2.07104755e+00  2.39895245e+00  2.91152166e+00  2.48706740e+00 
 8.26560000e-10  2.07210307e+00  2.39789693e+00  2.91048794e+00  2.48831253e+00 
 8.28560000e-10  2.07318432e+00  2.39681568e+00  2.90942064e+00  2.48959279e+00 
 8.30560000e-10  2.07429112e+00  2.39570888e+00  2.90831955e+00  2.49090818e+00 
 8.32560000e-10  2.07542329e+00  2.39457671e+00  2.90718449e+00  2.49225868e+00 
 8.34560000e-10  2.07658067e+00  2.39341933e+00  2.90601528e+00  2.49364427e+00 
 8.36560000e-10  2.07776306e+00  2.39223694e+00  2.90481175e+00  2.49506493e+00 
 8.38560000e-10  2.07897028e+00  2.39102972e+00  2.90357376e+00  2.49652060e+00 
 8.40560000e-10  2.08020214e+00  2.38979786e+00  2.90230120e+00  2.49801122e+00 
 8.42560000e-10  2.08145844e+00  2.38854156e+00  2.90099395e+00  2.49953672e+00 
 8.44560000e-10  2.08273899e+00  2.38726101e+00  2.89965194e+00  2.50109702e+00 
 8.46560000e-10  2.08404358e+00  2.38595642e+00  2.89827509e+00  2.50269200e+00 
 8.48560000e-10  2.08537201e+00  2.38462799e+00  2.89686335e+00  2.50432157e+00 
 8.50560000e-10  2.08672407e+00  2.38327593e+00  2.89541671e+00  2.50598558e+00 
 8.52560000e-10  2.08809955e+00  2.38190045e+00  2.89393514e+00  2.50768391e+00 
 8.54560000e-10  2.08949822e+00  2.38050178e+00  2.89241865e+00  2.50941639e+00 
 8.56560000e-10  2.09091986e+00  2.37908014e+00  2.89086729e+00  2.51118286e+00 
 8.58560000e-10  2.09236426e+00  2.37763574e+00  2.88928108e+00  2.51298313e+00 
 8.60560000e-10  2.09383119e+00  2.37616881e+00  2.88766011e+00  2.51481702e+00 
 8.62560000e-10  2.09532040e+00  2.37467960e+00  2.88600445e+00  2.51668430e+00 
 8.64560000e-10  2.09683167e+00  2.37316833e+00  2.88431421e+00  2.51858476e+00 
 8.66560000e-10  2.09836477e+00  2.37163523e+00  2.88258952e+00  2.52051817e+00 
 8.68560000e-10  2.09991943e+00  2.37008057e+00  2.88083050e+00  2.52248427e+00 
 8.70560000e-10  2.10149543e+00  2.36850457e+00  2.87903732e+00  2.52448281e+00 
 8.72560000e-10  2.10309251e+00  2.36690749e+00  2.87721015e+00  2.52651351e+00 
 8.74560000e-10  2.10471042e+00  2.36528958e+00  2.87534918e+00  2.52857608e+00 
 8.76560000e-10  2.10634890e+00  2.36365110e+00  2.87345462e+00  2.53067024e+00 
 8.78560000e-10  2.10800770e+00  2.36199230e+00  2.87152669e+00  2.53279566e+00 
 8.80560000e-10  2.10968655e+00  2.36031345e+00  2.86956564e+00  2.53495204e+00 
 8.82560000e-10  2.11138520e+00  2.35861480e+00  2.86757171e+00  2.53713903e+00 
 8.84560000e-10  2.11310336e+00  2.35689664e+00  2.86554517e+00  2.53935629e+00 
 8.86560000e-10  2.11484077e+00  2.35515923e+00  2.86348632e+00  2.54160348e+00 
 8.88560000e-10  2.11659715e+00  2.35340285e+00  2.86139544e+00  2.54388022e+00 
 8.90560000e-10  2.11837223e+00  2.35162777e+00  2.85927285e+00  2.54618614e+00 
 8.92560000e-10  2.12016573e+00  2.34983427e+00  2.85711888e+00  2.54852085e+00 
 8.94560000e-10  2.12197736e+00  2.34802264e+00  2.85493386e+00  2.55088396e+00 
 8.96560000e-10  2.12380684e+00  2.34619316e+00  2.85271813e+00  2.55327507e+00 
 8.98560000e-10  2.12565388e+00  2.34434612e+00  2.85047208e+00  2.55569376e+00 
 9.00560000e-10  2.12751819e+00  2.34248181e+00  2.84819605e+00  2.55813961e+00 
 9.02560000e-10  2.12939947e+00  2.34060053e+00  2.84589045e+00  2.56061218e+00 
 9.04560000e-10  2.13129742e+00  2.33870258e+00  2.84355567e+00  2.56311105e+00 
 9.06560000e-10  2.13321175e+00  2.33678825e+00  2.84119212e+00  2.56563575e+00 
 9.08560000e-10  2.13514215e+00  2.33485785e+00  2.83880021e+00  2.56818583e+00 
 9.10560000e-10  2.13708833e+00  2.33291167e+00  2.83638037e+00  2.57076083e+00 
 9.12560000e-10  2.13904996e+00  2.33095004e+00  2.83393303e+00  2.57336028e+00 
 9.14560000e-10  2.14102674e+00  2.32897326e+00  2.83145864e+00  2.57598370e+00 
 9.16560000e-10  2.14301837e+00  2.32698163e+00  2.82895766e+00  2.57863061e+00 
 9.18560000e-10  2.14502452e+00  2.32497548e+00  2.82643055e+00  2.58130050e+00 
 9.20560000e-10  2.14704488e+00  2.32295512e+00  2.82387778e+00  2.58399288e+00 
 9.22560000e-10  2.14907912e+00  2.32092088e+00  2.82129983e+00  2.58670724e+00 
 9.24560000e-10  2.15112694e+00  2.31887306e+00  2.81869719e+00  2.58944308e+00 
 9.26560000e-10  2.15318800e+00  2.31681200e+00  2.81607035e+00  2.59219988e+00 
 9.28560000e-10  2.15526198e+00  2.31473802e+00  2.81341981e+00  2.59497710e+00 
 9.30560000e-10  2.15734854e+00  2.31265146e+00  2.81074608e+00  2.59777423e+00 
 9.32560000e-10  2.15944738e+00  2.31055262e+00  2.80804967e+00  2.60059073e+00 
 9.34560000e-10  2.16155814e+00  2.30844186e+00  2.80533112e+00  2.60342605e+00 
 9.36560000e-10  2.16368050e+00  2.30631950e+00  2.80259094e+00  2.60627965e+00 
 9.38560000e-10  2.16581412e+00  2.30418588e+00  2.79982966e+00  2.60915099e+00 
 9.40560000e-10  2.16795867e+00  2.30204133e+00  2.79704784e+00  2.61203951e+00 
 9.42560000e-10  2.17011380e+00  2.29988620e+00  2.79424600e+00  2.61494465e+00 
 9.44560000e-10  2.17227918e+00  2.29772082e+00  2.79142471e+00  2.61786584e+00 
 9.46560000e-10  2.17445447e+00  2.29554553e+00  2.78858451e+00  2.62080252e+00 
 9.48560000e-10  2.17663931e+00  2.29336069e+00  2.78572596e+00  2.62375413e+00 
 9.50560000e-10  2.17883337e+00  2.29116663e+00  2.78284963e+00  2.62672007e+00 
 9.52560000e-10  2.18103630e+00  2.28896370e+00  2.77995609e+00  2.62969978e+00 
 9.54560000e-10  2.18324776e+00  2.28675224e+00  2.77704591e+00  2.63269268e+00 
 9.56560000e-10  2.18546738e+00  2.28453262e+00  2.77411966e+00  2.63569817e+00 
 9.58560000e-10  2.18769483e+00  2.28230517e+00  2.77117793e+00  2.63871567e+00 
 9.60560000e-10  2.18992974e+00  2.28007026e+00  2.76822130e+00  2.64174459e+00 
 9.62560000e-10  2.19217178e+00  2.27782822e+00  2.76525035e+00  2.64478433e+00 
 9.64560000e-10  2.19442057e+00  2.27557943e+00  2.76226567e+00  2.64783431e+00 
 9.66560000e-10  2.19667578e+00  2.27332422e+00  2.75926787e+00  2.65089392e+00 
 9.68560000e-10  2.19893703e+00  2.27106297e+00  2.75625753e+00  2.65396254e+00 
 9.70560000e-10  2.20120398e+00  2.26879602e+00  2.75323526e+00  2.65703957e+00 
 9.72560000e-10  2.20347627e+00  2.26652373e+00  2.75020165e+00  2.66012442e+00 
 9.74560000e-10  2.20575354e+00  2.26424646e+00  2.74715731e+00  2.66321647e+00 
 9.76560000e-10  2.20803542e+00  2.26196458e+00  2.74410285e+00  2.66631512e+00 
 9.78560000e-10  2.21032156e+00  2.25967844e+00  2.74103887e+00  2.66941974e+00 
 9.80560000e-10  2.21261160e+00  2.25738840e+00  2.73796599e+00  2.67252974e+00 
 9.82560000e-10  2.21490518e+00  2.25509482e+00  2.73488481e+00  2.67564448e+00 
 9.84560000e-10  2.21720192e+00  2.25279808e+00  2.73179595e+00  2.67876336e+00 
 9.86560000e-10  2.21950148e+00  2.25049852e+00  2.72870003e+00  2.68188576e+00 
 9.88560000e-10  2.22180349e+00  2.24819651e+00  2.72559766e+00  2.68501106e+00 
 9.90560000e-10  2.22410758e+00  2.24589242e+00  2.72248945e+00  2.68813863e+00 
 9.92560000e-10  2.22641339e+00  2.24358661e+00  2.71937603e+00  2.69126787e+00 
 9.94560000e-10  2.22872055e+00  2.24127945e+00  2.71625802e+00  2.69439814e+00 
 9.96560000e-10  2.23102871e+00  2.23897129e+00  2.71313603e+00  2.69752882e+00 
 9.98560000e-10  2.23333749e+00  2.23666251e+00  2.71001069e+00  2.70065930e+00 
 1.00056000e-09  2.23564654e+00  2.23435346e+00  2.70688261e+00  2.70378894e+00 
 1.00256000e-09  2.23795548e+00  2.23204452e+00  2.70375242e+00  2.70691714e+00 
 1.00456000e-09  2.24026396e+00  2.22973604e+00  2.70062074e+00  2.71004326e+00 
 1.00656000e-09  2.24257161e+00  2.22742839e+00  2.69748819e+00  2.71316668e+00 
 1.00856000e-09  2.24487806e+00  2.22512194e+00  2.69435538e+00  2.71628678e+00 
 1.01056000e-09  2.24718295e+00  2.22281705e+00  2.69122296e+00  2.71940295e+00 
 1.01256000e-09  2.24948592e+00  2.22051408e+00  2.68809152e+00  2.72251455e+00 
 1.01456000e-09  2.25178660e+00  2.21821340e+00  2.68496169e+00  2.72562097e+00 
 1.01656000e-09  2.25408463e+00  2.21591537e+00  2.68183410e+00  2.72872159e+00 
 1.01856000e-09  2.25637964e+00  2.21362036e+00  2.67870936e+00  2.73181580e+00 
 1.02056000e-09  2.25867128e+00  2.21132872e+00  2.67558808e+00  2.73490296e+00 
 1.02256000e-09  2.26095918e+00  2.20904082e+00  2.67247088e+00  2.73798248e+00 
 1.02456000e-09  2.26324298e+00  2.20675702e+00  2.66935839e+00  2.74105373e+00 
 1.02656000e-09  2.26552232e+00  2.20447768e+00  2.66625120e+00  2.74411611e+00 
 1.02856000e-09  2.26779685e+00  2.20220315e+00  2.66314994e+00  2.74716899e+00 
 1.03056000e-09  2.27006619e+00  2.19993381e+00  2.66005522e+00  2.75021179e+00 
 1.03256000e-09  2.27233000e+00  2.19767000e+00  2.65696764e+00  2.75324387e+00 
 1.03456000e-09  2.27458791e+00  2.19541209e+00  2.65388781e+00  2.75626465e+00 
 1.03656000e-09  2.27683957e+00  2.19316043e+00  2.65081633e+00  2.75927353e+00 
 1.03856000e-09  2.27908462e+00  2.19091538e+00  2.64775381e+00  2.76226989e+00 
 1.04056000e-09  2.28132271e+00  2.18867729e+00  2.64470085e+00  2.76525315e+00 
 1.04256000e-09  2.28355349e+00  2.18644651e+00  2.64165805e+00  2.76822272e+00 
 1.04456000e-09  2.28577660e+00  2.18422340e+00  2.63862600e+00  2.77117799e+00 
 1.04656000e-09  2.28799169e+00  2.18200831e+00  2.63560529e+00  2.77411840e+00 
 1.04856000e-09  2.29019841e+00  2.17980159e+00  2.63259652e+00  2.77704334e+00 
 1.05056000e-09  2.29239642e+00  2.17760358e+00  2.62960027e+00  2.77995225e+00 
 1.05256000e-09  2.29458536e+00  2.17541464e+00  2.62661712e+00  2.78284454e+00 
 1.05456000e-09  2.29676489e+00  2.17323511e+00  2.62364766e+00  2.78571966e+00 
 1.05656000e-09  2.29893467e+00  2.17106533e+00  2.62069246e+00  2.78857701e+00 
 1.05856000e-09  2.30109436e+00  2.16890564e+00  2.61775210e+00  2.79141606e+00 
 1.06056000e-09  2.30324360e+00  2.16675640e+00  2.61482714e+00  2.79423623e+00 
 1.06256000e-09  2.30538207e+00  2.16461793e+00  2.61191815e+00  2.79703697e+00 
 1.06456000e-09  2.30750943e+00  2.16249057e+00  2.60902571e+00  2.79981774e+00 
 1.06656000e-09  2.30962534e+00  2.16037466e+00  2.60615036e+00  2.80257799e+00 
 1.06856000e-09  2.31172946e+00  2.15827054e+00  2.60329264e+00  2.80531719e+00 
 1.07056000e-09  2.31382147e+00  2.15617853e+00  2.60045311e+00  2.80803479e+00 
 1.07256000e-09  2.31590102e+00  2.15409898e+00  2.59763231e+00  2.81073029e+00 
 1.07456000e-09  2.31796781e+00  2.15203219e+00  2.59483078e+00  2.81340315e+00 
 1.07656000e-09  2.32002149e+00  2.14997851e+00  2.59204907e+00  2.81605287e+00 
 1.07856000e-09  2.32206175e+00  2.14793825e+00  2.58928768e+00  2.81867893e+00 
 1.08056000e-09  2.32408826e+00  2.14591174e+00  2.58654716e+00  2.82128084e+00 
 1.08256000e-09  2.32610070e+00  2.14389930e+00  2.58382801e+00  2.82385811e+00 
 1.08456000e-09  2.32809875e+00  2.14190125e+00  2.58113074e+00  2.82641025e+00 
 1.08656000e-09  2.33008210e+00  2.13991790e+00  2.57845587e+00  2.82893679e+00 
 1.08856000e-09  2.33205044e+00  2.13794956e+00  2.57580389e+00  2.83143725e+00 
 1.09056000e-09  2.33400345e+00  2.13599655e+00  2.57317530e+00  2.83391118e+00 
 1.09256000e-09  2.33594083e+00  2.13405917e+00  2.57057057e+00  2.83635813e+00 
 1.09456000e-09  2.33786227e+00  2.13213773e+00  2.56799020e+00  2.83877765e+00 
 1.09656000e-09  2.33976747e+00  2.13023253e+00  2.56543464e+00  2.84116931e+00 
 1.09856000e-09  2.34165612e+00  2.12834388e+00  2.56290438e+00  2.84353268e+00 
 1.10056000e-09  2.34352793e+00  2.12647207e+00  2.56039985e+00  2.84586736e+00 
 1.10256000e-09  2.34538260e+00  2.12461740e+00  2.55792152e+00  2.84817294e+00 
 1.10456000e-09  2.34721985e+00  2.12278015e+00  2.55546983e+00  2.85044903e+00 
 1.10656000e-09  2.34903937e+00  2.12096063e+00  2.55304520e+00  2.85269525e+00 
 1.10856000e-09  2.35084088e+00  2.11915912e+00  2.55064806e+00  2.85491123e+00 
 1.11056000e-09  2.35262410e+00  2.11737590e+00  2.54827884e+00  2.85709661e+00 
 1.11256000e-09  2.35438875e+00  2.11561125e+00  2.54593793e+00  2.85925105e+00 
 1.11456000e-09  2.35613454e+00  2.11386546e+00  2.54362573e+00  2.86137421e+00 
 1.11656000e-09  2.35786120e+00  2.11213880e+00  2.54134263e+00  2.86346578e+00 
 1.11856000e-09  2.35956847e+00  2.11043153e+00  2.53908902e+00  2.86552544e+00 
 1.12056000e-09  2.36125606e+00  2.10874394e+00  2.53686525e+00  2.86755291e+00 
 1.12256000e-09  2.36292371e+00  2.10707629e+00  2.53467169e+00  2.86954792e+00 
 1.12456000e-09  2.36457117e+00  2.10542883e+00  2.53250869e+00  2.87151019e+00 
 1.12656000e-09  2.36619816e+00  2.10380184e+00  2.53037658e+00  2.87343947e+00 
 1.12856000e-09  2.36780444e+00  2.10219556e+00  2.52827568e+00  2.87533554e+00 
 1.13056000e-09  2.36938974e+00  2.10061026e+00  2.52620632e+00  2.87719819e+00 
 1.13256000e-09  2.37095383e+00  2.09904617e+00  2.52416879e+00  2.87902720e+00 
 1.13456000e-09  2.37249644e+00  2.09750356e+00  2.52216339e+00  2.88082239e+00 
 1.13656000e-09  2.37401734e+00  2.09598266e+00  2.52019040e+00  2.88258360e+00 
 1.13856000e-09  2.37551629e+00  2.09448371e+00  2.51825008e+00  2.88431068e+00 
 1.14056000e-09  2.37699305e+00  2.09300695e+00  2.51634269e+00  2.88600350e+00 
 1.14256000e-09  2.37844739e+00  2.09155261e+00  2.51446847e+00  2.88766194e+00 
 1.14456000e-09  2.37987908e+00  2.09012092e+00  2.51262766e+00  2.88928590e+00 
 1.14656000e-09  2.38128788e+00  2.08871212e+00  2.51082045e+00  2.89087532e+00 
 1.14856000e-09  2.38267359e+00  2.08732641e+00  2.50904708e+00  2.89243012e+00 
 1.15056000e-09  2.38403598e+00  2.08596402e+00  2.50730771e+00  2.89395027e+00 
 1.15256000e-09  2.38537483e+00  2.08462517e+00  2.50560253e+00  2.89543576e+00 
 1.15456000e-09  2.38668994e+00  2.08331006e+00  2.50393170e+00  2.89688656e+00 
 1.15656000e-09  2.38798109e+00  2.08201891e+00  2.50229537e+00  2.89830272e+00 
 1.15856000e-09  2.38924809e+00  2.08075191e+00  2.50069368e+00  2.89968425e+00 
 1.16056000e-09  2.39049073e+00  2.07950927e+00  2.49912675e+00  2.90103122e+00 
 1.16256000e-09  2.39170881e+00  2.07829119e+00  2.49759469e+00  2.90234369e+00 
 1.16456000e-09  2.39290215e+00  2.07709785e+00  2.49609759e+00  2.90362178e+00 
 1.16656000e-09  2.39407056e+00  2.07592944e+00  2.49463555e+00  2.90486557e+00 
 1.16856000e-09  2.39521384e+00  2.07478616e+00  2.49320862e+00  2.90607521e+00 
 1.17056000e-09  2.39633183e+00  2.07366817e+00  2.49181686e+00  2.90725085e+00 
 1.17256000e-09  2.39742434e+00  2.07257566e+00  2.49046032e+00  2.90839264e+00 
 1.17456000e-09  2.39849120e+00  2.07150880e+00  2.48913903e+00  2.90950077e+00 
 1.17656000e-09  2.39953224e+00  2.07046776e+00  2.48785301e+00  2.91057544e+00 
 1.17856000e-09  2.40054730e+00  2.06945270e+00  2.48660225e+00  2.91161687e+00 
 1.18056000e-09  2.40153622e+00  2.06846378e+00  2.48538676e+00  2.91262527e+00 
 1.18256000e-09  2.40249885e+00  2.06750115e+00  2.48420652e+00  2.91360091e+00 
 1.18456000e-09  2.40343502e+00  2.06656498e+00  2.48306150e+00  2.91454404e+00 
 1.18656000e-09  2.40434459e+00  2.06565541e+00  2.48195165e+00  2.91545491e+00 
 1.18856000e-09  2.40522743e+00  2.06477257e+00  2.48087695e+00  2.91633383e+00 
 1.19056000e-09  2.40608338e+00  2.06391662e+00  2.47983732e+00  2.91718108e+00 
 1.19256000e-09  2.40691231e+00  2.06308769e+00  2.47883269e+00  2.91799696e+00 
 1.19456000e-09  2.40771410e+00  2.06228590e+00  2.47786300e+00  2.91878178e+00 
 1.19656000e-09  2.40848862e+00  2.06151138e+00  2.47692816e+00  2.91953586e+00 
 1.19856000e-09  2.40923574e+00  2.06076426e+00  2.47602809e+00  2.92025952e+00 
 1.20056000e-09  2.40995534e+00  2.06004466e+00  2.47516268e+00  2.92095309e+00 
 1.20256000e-09  2.41064732e+00  2.05935268e+00  2.47433183e+00  2.92161690e+00 
 1.20456000e-09  2.41131156e+00  2.05868844e+00  2.47353545e+00  2.92225129e+00 
 1.20656000e-09  2.41194796e+00  2.05805204e+00  2.47277341e+00  2.92285657e+00 
 1.20856000e-09  2.41255642e+00  2.05744358e+00  2.47204561e+00  2.92343310e+00 
 1.21056000e-09  2.41313684e+00  2.05686316e+00  2.47135194e+00  2.92398119e+00 
 1.21256000e-09  2.41368913e+00  2.05631087e+00  2.47069226e+00  2.92450118e+00 
 1.21456000e-09  2.41421320e+00  2.05578680e+00  2.47006647e+00  2.92499338e+00 
 1.21656000e-09  2.41470898e+00  2.05529102e+00  2.46947445e+00  2.92545810e+00 
 1.21856000e-09  2.41517637e+00  2.05482363e+00  2.46891608e+00  2.92589566e+00 
 1.22056000e-09  2.41561531e+00  2.05438469e+00  2.46839125e+00  2.92630636e+00 
 1.22256000e-09  2.41602574e+00  2.05397426e+00  2.46789983e+00  2.92669047e+00 
 1.22456000e-09  2.41640757e+00  2.05359243e+00  2.46744171e+00  2.92704827e+00 
 1.22656000e-09  2.41676076e+00  2.05323924e+00  2.46701680e+00  2.92738003e+00 
 1.22856000e-09  2.41708525e+00  2.05291475e+00  2.46662498e+00  2.92768599e+00 
 1.23056000e-09  2.41738098e+00  2.05261902e+00  2.46626616e+00  2.92796639e+00 
 1.23256000e-09  2.41764791e+00  2.05235209e+00  2.46594024e+00  2.92822144e+00 
 1.23456000e-09  2.41788601e+00  2.05211399e+00  2.46564713e+00  2.92845135e+00 
 1.23656000e-09  2.41809522e+00  2.05190478e+00  2.46538676e+00  2.92865629e+00 
 1.23856000e-09  2.41827552e+00  2.05172448e+00  2.46515904e+00  2.92883642e+00 
 1.24056000e-09  2.41842687e+00  2.05157313e+00  2.46496391e+00  2.92899189e+00 
 1.24256000e-09  2.41854926e+00  2.05145074e+00  2.46480130e+00  2.92912283e+00 
 1.24456000e-09  2.41864267e+00  2.05135733e+00  2.46467118e+00  2.92922933e+00 
 1.24656000e-09  2.41870708e+00  2.05129292e+00  2.46457349e+00  2.92931148e+00 
 1.24856000e-09  2.41874248e+00  2.05125752e+00  2.46450820e+00  2.92936933e+00 
 1.25056000e-09  2.41874886e+00  2.05125114e+00  2.46447528e+00  2.92940292e+00 
 1.25256000e-09  2.41872623e+00  2.05127377e+00  2.46447472e+00  2.92941227e+00 
 1.25456000e-09  2.41867459e+00  2.05132541e+00  2.46450651e+00  2.92939737e+00 
 1.25656000e-09  2.41859394e+00  2.05140606e+00  2.46457065e+00  2.92935819e+00 
 1.25856000e-09  2.41848429e+00  2.05151571e+00  2.46466715e+00  2.92929468e+00 
 1.26056000e-09  2.41834568e+00  2.05165432e+00  2.46479603e+00  2.92920677e+00 
 1.26256000e-09  2.41817811e+00  2.05182189e+00  2.46495731e+00  2.92909437e+00 
 1.26456000e-09  2.41798162e+00  2.05201838e+00  2.46515104e+00  2.92895735e+00 
 1.26656000e-09  2.41775623e+00  2.05224377e+00  2.46537726e+00  2.92879558e+00 
 1.26856000e-09  2.41750198e+00  2.05249802e+00  2.46563602e+00  2.92860890e+00 
 1.27056000e-09  2.41721892e+00  2.05278108e+00  2.46592738e+00  2.92839715e+00 
 1.27256000e-09  2.41690707e+00  2.05309293e+00  2.46625142e+00  2.92816011e+00 
 1.27456000e-09  2.41656651e+00  2.05343349e+00  2.46660820e+00  2.92789759e+00 
 1.27656000e-09  2.41619727e+00  2.05380273e+00  2.46699782e+00  2.92760936e+00 
 1.27856000e-09  2.41579942e+00  2.05420058e+00  2.46742035e+00  2.92729515e+00 
 1.28056000e-09  2.41537302e+00  2.05462698e+00  2.46787590e+00  2.92695473e+00 
 1.28256000e-09  2.41491813e+00  2.05508187e+00  2.46836456e+00  2.92658780e+00 
 1.28456000e-09  2.41443484e+00  2.05556516e+00  2.46888645e+00  2.92619409e+00 
 1.28656000e-09  2.41392320e+00  2.05607680e+00  2.46944165e+00  2.92577330e+00 
 1.28856000e-09  2.41338332e+00  2.05661668e+00  2.47003029e+00  2.92532511e+00 
 1.29056000e-09  2.41281527e+00  2.05718473e+00  2.47065248e+00  2.92484922e+00 
 1.29256000e-09  2.41221913e+00  2.05778087e+00  2.47130834e+00  2.92434529e+00 
 1.29456000e-09  2.41159502e+00  2.05840498e+00  2.47199797e+00  2.92381300e+00 
 1.29656000e-09  2.41094301e+00  2.05905699e+00  2.47272149e+00  2.92325200e+00 
 1.29856000e-09  2.41026323e+00  2.05973677e+00  2.47347903e+00  2.92266197e+00 
 1.30056000e-09  2.40955576e+00  2.06044424e+00  2.47427068e+00  2.92204256e+00 
 1.30256000e-09  2.40882073e+00  2.06117927e+00  2.47509657e+00  2.92139342e+00 
 1.30456000e-09  2.40805826e+00  2.06194174e+00  2.47595680e+00  2.92071422e+00 
 1.30656000e-09  2.40726845e+00  2.06273155e+00  2.47685147e+00  2.92000463e+00 
 1.30856000e-09  2.40645145e+00  2.06354855e+00  2.47778069e+00  2.91926430e+00 
 1.31056000e-09  2.40560737e+00  2.06439263e+00  2.47874454e+00  2.91849291e+00 
 1.31256000e-09  2.40473634e+00  2.06526366e+00  2.47974312e+00  2.91769013e+00 
 1.31456000e-09  2.40383852e+00  2.06616148e+00  2.48077651e+00  2.91685566e+00 
 1.31656000e-09  2.40291403e+00  2.06708597e+00  2.48184478e+00  2.91598918e+00 
 1.31856000e-09  2.40196303e+00  2.06803697e+00  2.48294800e+00  2.91509040e+00 
 1.32056000e-09  2.40098566e+00  2.06901434e+00  2.48408622e+00  2.91415904e+00 
 1.32256000e-09  2.39998208e+00  2.07001792e+00  2.48525949e+00  2.91319482e+00 
 1.32456000e-09  2.39895245e+00  2.07104755e+00  2.48646785e+00  2.91219749e+00 
 1.32656000e-09  2.39789693e+00  2.07210307e+00  2.48771132e+00  2.91116680e+00 
 1.32856000e-09  2.39681568e+00  2.07318432e+00  2.48898993e+00  2.91010251e+00 
 1.33056000e-09  2.39570888e+00  2.07429112e+00  2.49030367e+00  2.90900442e+00 
 1.33256000e-09  2.39457671e+00  2.07542329e+00  2.49165254e+00  2.90787233e+00 
 1.33456000e-09  2.39341933e+00  2.07658067e+00  2.49303652e+00  2.90670606e+00 
 1.33656000e-09  2.39223694e+00  2.07776306e+00  2.49445558e+00  2.90550544e+00 
 1.33856000e-09  2.39102972e+00  2.07897028e+00  2.49590966e+00  2.90427033e+00 
 1.34056000e-09  2.38979786e+00  2.08020214e+00  2.49739872e+00  2.90300060e+00 
 1.34256000e-09  2.38854156e+00  2.08145844e+00  2.49892268e+00  2.90169615e+00 
 1.34456000e-09  2.38726101e+00  2.08273899e+00  2.50048146e+00  2.90035688e+00 
 1.34656000e-09  2.38595642e+00  2.08404358e+00  2.50207495e+00  2.89898273e+00 
 1.34856000e-09  2.38462799e+00  2.08537201e+00  2.50370305e+00  2.89757364e+00 
 1.35056000e-09  2.38327593e+00  2.08672407e+00  2.50536563e+00  2.89612959e+00 
 1.35256000e-09  2.38190045e+00  2.08809955e+00  2.50706254e+00  2.89465056e+00 
 1.35456000e-09  2.38050178e+00  2.08949822e+00  2.50879365e+00  2.89313656e+00 
 1.35656000e-09  2.37908014e+00  2.09091986e+00  2.51055877e+00  2.89158762e+00 
 1.35856000e-09  2.37763574e+00  2.09236426e+00  2.51235773e+00  2.89000378e+00 
 1.36056000e-09  2.37616881e+00  2.09383119e+00  2.51419033e+00  2.88838512e+00 
 1.36256000e-09  2.37467960e+00  2.09532040e+00  2.51605636e+00  2.88673171e+00 
 1.36456000e-09  2.37316833e+00  2.09683167e+00  2.51795561e+00  2.88504365e+00 
 1.36656000e-09  2.37163523e+00  2.09836477e+00  2.51988784e+00  2.88332108e+00 
 1.36856000e-09  2.37008057e+00  2.09991943e+00  2.52185280e+00  2.88156412e+00 
 1.37056000e-09  2.36850457e+00  2.10149543e+00  2.52385023e+00  2.87977294e+00 
 1.37256000e-09  2.36690749e+00  2.10309251e+00  2.52587985e+00  2.87794770e+00 
 1.37456000e-09  2.36528958e+00  2.10471042e+00  2.52794139e+00  2.87608860e+00 
 1.37656000e-09  2.36365110e+00  2.10634890e+00  2.53003455e+00  2.87419585e+00 
 1.37856000e-09  2.36199230e+00  2.10800770e+00  2.53215901e+00  2.87226967e+00 
 1.38056000e-09  2.36031345e+00  2.10968655e+00  2.53431445e+00  2.87031030e+00 
 1.38256000e-09  2.35861480e+00  2.11138520e+00  2.53650055e+00  2.86831799e+00 
 1.38456000e-09  2.35689664e+00  2.11310336e+00  2.53871695e+00  2.86629302e+00 
 1.38656000e-09  2.35515923e+00  2.11484077e+00  2.54096331e+00  2.86423567e+00 
 1.38856000e-09  2.35340285e+00  2.11659715e+00  2.54323926e+00  2.86214623e+00 
 1.39056000e-09  2.35162777e+00  2.11837223e+00  2.54554443e+00  2.86002503e+00 
 1.39256000e-09  2.34983427e+00  2.12016573e+00  2.54787842e+00  2.85787238e+00 
 1.39456000e-09  2.34802264e+00  2.12197736e+00  2.55024084e+00  2.85568862e+00 
 1.39656000e-09  2.34619316e+00  2.12380684e+00  2.55263130e+00  2.85347411e+00 
 1.39856000e-09  2.34434612e+00  2.12565388e+00  2.55504936e+00  2.85122921e+00 
 1.40056000e-09  2.34248181e+00  2.12751819e+00  2.55749462e+00  2.84895429e+00 
 1.40256000e-09  2.34060053e+00  2.12939947e+00  2.55996664e+00  2.84664974e+00 
 1.40456000e-09  2.33870258e+00  2.13129742e+00  2.56246497e+00  2.84431596e+00 
 1.40656000e-09  2.33678825e+00  2.13321175e+00  2.56498918e+00  2.84195336e+00 
 1.40856000e-09  2.33485785e+00  2.13514215e+00  2.56753879e+00  2.83956234e+00 
 1.41056000e-09  2.33291167e+00  2.13708833e+00  2.57011336e+00  2.83714335e+00 
 1.41256000e-09  2.33095004e+00  2.13904996e+00  2.57271240e+00  2.83469682e+00 
 1.41456000e-09  2.32897326e+00  2.14102674e+00  2.57533544e+00  2.83222319e+00 
 1.41656000e-09  2.32698163e+00  2.14301837e+00  2.57798199e+00  2.82972292e+00 
 1.41856000e-09  2.32497548e+00  2.14502452e+00  2.58065156e+00  2.82719648e+00 
 1.42056000e-09  2.32295512e+00  2.14704488e+00  2.58334364e+00  2.82464433e+00 
 1.42256000e-09  2.32092088e+00  2.14907912e+00  2.58605774e+00  2.82206697e+00 
 1.42456000e-09  2.31887306e+00  2.15112694e+00  2.58879333e+00  2.81946486e+00 
 1.42656000e-09  2.31681200e+00  2.15318800e+00  2.59154990e+00  2.81683853e+00 
 1.42856000e-09  2.31473802e+00  2.15526198e+00  2.59432693e+00  2.81418845e+00 
 1.43056000e-09  2.31265146e+00  2.15734854e+00  2.59712389e+00  2.81151515e+00 
 1.43256000e-09  2.31055262e+00  2.15944738e+00  2.59994024e+00  2.80881914e+00 
 1.43456000e-09  2.30844186e+00  2.16155814e+00  2.60277543e+00  2.80610093e+00 
 1.43656000e-09  2.30631950e+00  2.16368050e+00  2.60562894e+00  2.80336107e+00 
 1.43856000e-09  2.30418588e+00  2.16581412e+00  2.60850020e+00  2.80060009e+00 
 1.44056000e-09  2.30204133e+00  2.16795867e+00  2.61138866e+00  2.79781851e+00 
 1.44256000e-09  2.29988620e+00  2.17011380e+00  2.61429376e+00  2.79501690e+00 
 1.44456000e-09  2.29772082e+00  2.17227918e+00  2.61721494e+00  2.79219580e+00 
 1.44656000e-09  2.29554553e+00  2.17445447e+00  2.62015163e+00  2.78935576e+00 
 1.44856000e-09  2.29336069e+00  2.17663931e+00  2.62310325e+00  2.78649735e+00 
 1.45056000e-09  2.29116663e+00  2.17883337e+00  2.62606925e+00  2.78362113e+00 
 1.45256000e-09  2.28896370e+00  2.18103630e+00  2.62904902e+00  2.78072766e+00 
 1.45456000e-09  2.28675224e+00  2.18324776e+00  2.63204200e+00  2.77781753e+00 
 1.45656000e-09  2.28453262e+00  2.18546738e+00  2.63504760e+00  2.77489131e+00 
 1.45856000e-09  2.28230517e+00  2.18769483e+00  2.63806522e+00  2.77194957e+00 
 1.46056000e-09  2.28007026e+00  2.18992974e+00  2.64109428e+00  2.76899291e+00 
 1.46256000e-09  2.27782822e+00  2.19217178e+00  2.64413420e+00  2.76602191e+00 
 1.46456000e-09  2.27557943e+00  2.19442057e+00  2.64718435e+00  2.76303716e+00 
 1.46656000e-09  2.27332422e+00  2.19667578e+00  2.65024415e+00  2.76003927e+00 
 1.46856000e-09  2.27106297e+00  2.19893703e+00  2.65331297e+00  2.75702881e+00 
 1.47056000e-09  2.26879602e+00  2.20120398e+00  2.65639024e+00  2.75400640e+00 
 1.47256000e-09  2.26652373e+00  2.20347627e+00  2.65947533e+00  2.75097263e+00 
 1.47456000e-09  2.26424646e+00  2.20575354e+00  2.66256765e+00  2.74792811e+00 
 1.47656000e-09  2.26196458e+00  2.20803542e+00  2.66566658e+00  2.74487345e+00 
 1.47856000e-09  2.25967844e+00  2.21032156e+00  2.66877150e+00  2.74180925e+00 
 1.48056000e-09  2.25738840e+00  2.21261160e+00  2.67188181e+00  2.73873612e+00 
 1.48256000e-09  2.25509482e+00  2.21490518e+00  2.67499689e+00  2.73565469e+00 
 1.48456000e-09  2.25279808e+00  2.21720192e+00  2.67811612e+00  2.73256555e+00 
 1.48656000e-09  2.25049852e+00  2.21950148e+00  2.68123888e+00  2.72946933e+00 
 1.48856000e-09  2.24819651e+00  2.22180349e+00  2.68436456e+00  2.72636665e+00 
 1.49056000e-09  2.24589242e+00  2.22410758e+00  2.68749253e+00  2.72325811e+00 
 1.49256000e-09  2.24358661e+00  2.22641339e+00  2.69062218e+00  2.72014434e+00 
 1.49456000e-09  2.24127945e+00  2.22872055e+00  2.69375288e+00  2.71702597e+00 
 1.49656000e-09  2.23897129e+00  2.23102871e+00  2.69688401e+00  2.71390360e+00 
 1.49856000e-09  2.23666251e+00  2.23333749e+00  2.70001495e+00  2.71077786e+00 
 1.50056000e-09  2.23435346e+00  2.23564654e+00  2.70314508e+00  2.70764937e+00 
 1.50256000e-09  2.23204452e+00  2.23795548e+00  2.70627377e+00  2.70451875e+00 
 1.50456000e-09  2.22973604e+00  2.24026396e+00  2.70940041e+00  2.70138663e+00 
 1.50656000e-09  2.22742839e+00  2.24257161e+00  2.71252436e+00  2.69825362e+00 
 1.50856000e-09  2.22512194e+00  2.24487806e+00  2.71564502e+00  2.69512034e+00 
 1.51056000e-09  2.22281705e+00  2.24718295e+00  2.71876175e+00  2.69198743e+00 
 1.51256000e-09  2.22051408e+00  2.24948592e+00  2.72187394e+00  2.68885549e+00 
 1.51456000e-09  2.21821340e+00  2.25178660e+00  2.72498096e+00  2.68572514e+00 
 1.51656000e-09  2.21591537e+00  2.25408463e+00  2.72808221e+00  2.68259702e+00 
 1.51856000e-09  2.21362036e+00  2.25637964e+00  2.73117705e+00  2.67947173e+00 
 1.52056000e-09  2.21132872e+00  2.25867128e+00  2.73426488e+00  2.67634989e+00 
 1.52256000e-09  2.20904082e+00  2.26095918e+00  2.73734507e+00  2.67323212e+00 
 1.52456000e-09  2.20675702e+00  2.26324298e+00  2.74041702e+00  2.67011903e+00 
 1.52656000e-09  2.20447768e+00  2.26552232e+00  2.74348011e+00  2.66701125e+00 
 1.52856000e-09  2.20220315e+00  2.26779685e+00  2.74653373e+00  2.66390937e+00 
 1.53056000e-09  2.19993381e+00  2.27006619e+00  2.74957728e+00  2.66081401e+00 
 1.53256000e-09  2.19767000e+00  2.27233000e+00  2.75261015e+00  2.65772578e+00 
 1.53456000e-09  2.19541209e+00  2.27458791e+00  2.75563173e+00  2.65464529e+00 
 1.53656000e-09  2.19316043e+00  2.27683957e+00  2.75864142e+00  2.65157314e+00 
 1.53856000e-09  2.19091538e+00  2.27908462e+00  2.76163862e+00  2.64850993e+00 
 1.54056000e-09  2.18867729e+00  2.28132271e+00  2.76462275e+00  2.64545627e+00 
 1.54256000e-09  2.18644651e+00  2.28355349e+00  2.76759320e+00  2.64241275e+00 
 1.54456000e-09  2.18422340e+00  2.28577660e+00  2.77054939e+00  2.63937997e+00 
 1.54656000e-09  2.18200831e+00  2.28799169e+00  2.77349072e+00  2.63635851e+00 
 1.54856000e-09  2.17980159e+00  2.29019841e+00  2.77641662e+00  2.63334898e+00 
 1.55056000e-09  2.17760358e+00  2.29239642e+00  2.77932651e+00  2.63035195e+00 
 1.55256000e-09  2.17541464e+00  2.29458536e+00  2.78221982e+00  2.62736801e+00 
 1.55456000e-09  2.17323511e+00  2.29676489e+00  2.78509596e+00  2.62439774e+00 
 1.55656000e-09  2.17106533e+00  2.29893467e+00  2.78795438e+00  2.62144172e+00 
 1.55856000e-09  2.16890564e+00  2.30109436e+00  2.79079451e+00  2.61850051e+00 
 1.56056000e-09  2.16675640e+00  2.30324360e+00  2.79361580e+00  2.61557470e+00 
 1.56256000e-09  2.16461793e+00  2.30538207e+00  2.79641768e+00  2.61266485e+00 
 1.56456000e-09  2.16249057e+00  2.30750943e+00  2.79919962e+00  2.60977152e+00 
 1.56656000e-09  2.16037466e+00  2.30962534e+00  2.80196108e+00  2.60689525e+00 
 1.56856000e-09  2.15827054e+00  2.31172946e+00  2.80470150e+00  2.60403661e+00 
 1.57056000e-09  2.15617853e+00  2.31382147e+00  2.80742037e+00  2.60119613e+00 
 1.57256000e-09  2.15409898e+00  2.31590102e+00  2.81011716e+00  2.59837438e+00 
 1.57456000e-09  2.15203219e+00  2.31796781e+00  2.81279135e+00  2.59557187e+00 
 1.57656000e-09  2.14997851e+00  2.32002149e+00  2.81544243e+00  2.59278916e+00 
 1.57856000e-09  2.14793825e+00  2.32206175e+00  2.81806989e+00  2.59002676e+00 
 1.58056000e-09  2.14591174e+00  2.32408826e+00  2.82067323e+00  2.58728521e+00 
 1.58256000e-09  2.14389930e+00  2.32610070e+00  2.82325196e+00  2.58456500e+00 
 1.58456000e-09  2.14190125e+00  2.32809875e+00  2.82580560e+00  2.58186667e+00 
 1.58656000e-09  2.13991790e+00  2.33008210e+00  2.82833367e+00  2.57919071e+00 
 1.58856000e-09  2.13794956e+00  2.33205044e+00  2.83083571e+00  2.57653762e+00 
 1.59056000e-09  2.13599655e+00  2.33400345e+00  2.83331125e+00  2.57390789e+00 
 1.59256000e-09  2.13405917e+00  2.33594083e+00  2.83575985e+00  2.57130201e+00 
 1.59456000e-09  2.13213773e+00  2.33786227e+00  2.83818106e+00  2.56872046e+00 
 1.59656000e-09  2.13023253e+00  2.33976747e+00  2.84057445e+00  2.56616371e+00 
 1.59856000e-09  2.12834388e+00  2.34165612e+00  2.84293960e+00  2.56363223e+00 
 1.60056000e-09  2.12647207e+00  2.34352793e+00  2.84527609e+00  2.56112646e+00 
 1.60256000e-09  2.12461740e+00  2.34538260e+00  2.84758353e+00  2.55864687e+00 
 1.60456000e-09  2.12278015e+00  2.34721985e+00  2.84986152e+00  2.55619389e+00 
 1.60656000e-09  2.12096063e+00  2.34903937e+00  2.85210968e+00  2.55376795e+00 
 1.60856000e-09  2.11915912e+00  2.35084088e+00  2.85432764e+00  2.55136948e+00 
 1.61056000e-09  2.11737590e+00  2.35262410e+00  2.85651506e+00  2.54899890e+00 
 1.61256000e-09  2.11561125e+00  2.35438875e+00  2.85867157e+00  2.54665661e+00 
 1.61456000e-09  2.11386546e+00  2.35613454e+00  2.86079686e+00  2.54434301e+00 
 1.61656000e-09  2.11213880e+00  2.35786120e+00  2.86289059e+00  2.54205849e+00 
 1.61856000e-09  2.11043153e+00  2.35956847e+00  2.86495247e+00  2.53980342e+00 
 1.62056000e-09  2.10874394e+00  2.36125606e+00  2.86698221e+00  2.53757818e+00 
 1.62256000e-09  2.10707629e+00  2.36292371e+00  2.86897952e+00  2.53538311e+00 
 1.62456000e-09  2.10542883e+00  2.36457117e+00  2.87094415e+00  2.53321858e+00 
 1.62656000e-09  2.10380184e+00  2.36619816e+00  2.87287584e+00  2.53108492e+00 
 1.62856000e-09  2.10219556e+00  2.36780444e+00  2.87477436e+00  2.52898245e+00 
 1.63056000e-09  2.10061026e+00  2.36938974e+00  2.87663950e+00  2.52691149e+00 
 1.63256000e-09  2.09904617e+00  2.37095383e+00  2.87847105e+00  2.52487234e+00 
 1.63456000e-09  2.09750356e+00  2.37249644e+00  2.88026883e+00  2.52286529e+00 
 1.63656000e-09  2.09598266e+00  2.37401734e+00  2.88203268e+00  2.52089063e+00 
 1.63856000e-09  2.09448371e+00  2.37551629e+00  2.88376244e+00  2.51894861e+00 
 1.64056000e-09  2.09300695e+00  2.37699305e+00  2.88545798e+00  2.51703950e+00 
 1.64256000e-09  2.09155261e+00  2.37844739e+00  2.88711919e+00  2.51516354e+00 
 1.64456000e-09  2.09012092e+00  2.37987908e+00  2.88874597e+00  2.51332096e+00 
 1.64656000e-09  2.08871212e+00  2.38128788e+00  2.89033823e+00  2.51151198e+00 
 1.64856000e-09  2.08732641e+00  2.38267359e+00  2.89189592e+00  2.50973679e+00 
 1.65056000e-09  2.08596402e+00  2.38403598e+00  2.89341901e+00  2.50799560e+00 
 1.65256000e-09  2.08462517e+00  2.38537483e+00  2.89490745e+00  2.50628857e+00 
 1.65456000e-09  2.08331006e+00  2.38668994e+00  2.89636126e+00  2.50461588e+00 
 1.65656000e-09  2.08201891e+00  2.38798109e+00  2.89778045e+00  2.50297767e+00 
 1.65856000e-09  2.08075191e+00  2.38924809e+00  2.89916504e+00  2.50137409e+00 
 1.66056000e-09  2.07950927e+00  2.39049073e+00  2.90051510e+00  2.49980525e+00 
 1.66256000e-09  2.07829119e+00  2.39170881e+00  2.90183070e+00  2.49827127e+00 
 1.66456000e-09  2.07709785e+00  2.39290215e+00  2.90311192e+00  2.49677224e+00 
 1.66656000e-09  2.07592944e+00  2.39407056e+00  2.90435887e+00  2.49530825e+00 
 1.66856000e-09  2.07478616e+00  2.39521384e+00  2.90557169e+00  2.49387937e+00 
 1.67056000e-09  2.07366817e+00  2.39633183e+00  2.90675051e+00  2.49248565e+00 
 1.67256000e-09  2.07257566e+00  2.39742434e+00  2.90789550e+00  2.49112715e+00 
 1.67456000e-09  2.07150880e+00  2.39849120e+00  2.90900684e+00  2.48980389e+00 
 1.67656000e-09  2.07046776e+00  2.39953224e+00  2.91008471e+00  2.48851590e+00 
 1.67856000e-09  2.06945270e+00  2.40054730e+00  2.91112934e+00  2.48726317e+00 
 1.68056000e-09  2.06846378e+00  2.40153622e+00  2.91214095e+00  2.48604572e+00 
 1.68256000e-09  2.06750115e+00  2.40249885e+00  2.91311978e+00  2.48486352e+00 
 1.68456000e-09  2.06656498e+00  2.40343502e+00  2.91406608e+00  2.48371655e+00 
 1.68656000e-09  2.06565541e+00  2.40434459e+00  2.91498011e+00  2.48260477e+00 
 1.68856000e-09  2.06477257e+00  2.40522743e+00  2.91586216e+00  2.48152814e+00 
 1.69056000e-09  2.06391662e+00  2.40608338e+00  2.91671251e+00  2.48048660e+00 
 1.69256000e-09  2.06308769e+00  2.40691231e+00  2.91753146e+00  2.47948009e+00 
 1.69456000e-09  2.06228590e+00  2.40771410e+00  2.91831931e+00  2.47850853e+00 
 1.69656000e-09  2.06151138e+00  2.40848862e+00  2.91907638e+00  2.47757185e+00 
 1.69856000e-09  2.06076426e+00  2.40923574e+00  2.91980298e+00  2.47666995e+00 
 1.70056000e-09  2.06004466e+00  2.40995534e+00  2.92049944e+00  2.47580275e+00 
 1.70256000e-09  2.05935268e+00  2.41064732e+00  2.92116608e+00  2.47497015e+00 
 1.70456000e-09  2.05868844e+00  2.41131156e+00  2.92180323e+00  2.47417205e+00 
 1.70656000e-09  2.05805204e+00  2.41194796e+00  2.92241122e+00  2.47340833e+00 
 1.70856000e-09  2.05744358e+00  2.41255642e+00  2.92299037e+00  2.47267888e+00 
 1.71056000e-09  2.05686316e+00  2.41313684e+00  2.92354101e+00  2.47198360e+00 
 1.71256000e-09  2.05631087e+00  2.41368913e+00  2.92406346e+00  2.47132237e+00 
 1.71456000e-09  2.05578680e+00  2.41421320e+00  2.92455804e+00  2.47069508e+00 
 1.71656000e-09  2.05529102e+00  2.41470898e+00  2.92502506e+00  2.47010160e+00 
 1.71856000e-09  2.05482363e+00  2.41517637e+00  2.92546481e+00  2.46954182e+00 
 1.72056000e-09  2.05438469e+00  2.41561531e+00  2.92587760e+00  2.46901563e+00 
 1.72256000e-09  2.05397426e+00  2.41602574e+00  2.92626370e+00  2.46852292e+00 
 1.72456000e-09  2.05359243e+00  2.41640757e+00  2.92662339e+00  2.46806358e+00 
 1.72656000e-09  2.05323924e+00  2.41676076e+00  2.92695692e+00  2.46763749e+00 
 1.72856000e-09  2.05291475e+00  2.41708525e+00  2.92726455e+00  2.46724457e+00 
 1.73056000e-09  2.05261902e+00  2.41738098e+00  2.92754649e+00  2.46688470e+00 
 1.73256000e-09  2.05235209e+00  2.41764791e+00  2.92780296e+00  2.46655780e+00 
 1.73456000e-09  2.05211399e+00  2.41788601e+00  2.92803417e+00  2.46626379e+00 
 1.73656000e-09  2.05190478e+00  2.41809522e+00  2.92824028e+00  2.46600258e+00 
 1.73856000e-09  2.05172448e+00  2.41827552e+00  2.92842146e+00  2.46577409e+00 
 1.74056000e-09  2.05157313e+00  2.41842687e+00  2.92857786e+00  2.46557827e+00 
 1.74256000e-09  2.05145074e+00  2.41854926e+00  2.92870958e+00  2.46541505e+00 
 1.74456000e-09  2.05135733e+00  2.41864267e+00  2.92881674e+00  2.46528437e+00 
 1.74656000e-09  2.05129292e+00  2.41870708e+00  2.92889941e+00  2.46518621e+00 
 1.74856000e-09  2.05125752e+00  2.41874248e+00  2.92895765e+00  2.46512053e+00 
 1.75056000e-09  2.05125114e+00  2.41874886e+00  2.92899150e+00  2.46508729e+00 
 1.75256000e-09  2.05127377e+00  2.41872623e+00  2.92900097e+00  2.46508649e+00 
 1.75456000e-09  2.05132541e+00  2.41867459e+00  2.92898606e+00  2.46511811e+00 
 1.75656000e-09  2.05140606e+00  2.41859394e+00  2.92894674e+00  2.46518216e+00 
 1.75856000e-09  2.05151571e+00  2.41848429e+00  2.92888295e+00  2.46527865e+00 
 1.76056000e-09  2.05165432e+00  2.41834568e+00  2.92879463e+00  2.46540758e+00 
 1.76256000e-09  2.05182189e+00  2.41817811e+00  2.92868169e+00  2.46556900e+00 
 1.76456000e-09  2.05201838e+00  2.41798162e+00  2.92854400e+00  2.46576294e+00 
 1.76656000e-09  2.05224377e+00  2.41775623e+00  2.92838143e+00  2.46598944e+00 
 1.76856000e-09  2.05249802e+00  2.41750198e+00  2.92819384e+00  2.46624855e+00 
 1.77056000e-09  2.05278108e+00  2.41721892e+00  2.92798104e+00  2.46654034e+00 
 1.77256000e-09  2.05309293e+00  2.41690707e+00  2.92774285e+00  2.46686487e+00 
 1.77456000e-09  2.05343349e+00  2.41656651e+00  2.92747905e+00  2.46722222e+00 
 1.77656000e-09  2.05380273e+00  2.41619727e+00  2.92718942e+00  2.46761246e+00 
 1.77856000e-09  2.05420058e+00  2.41579942e+00  2.92687372e+00  2.46803569e+00 
 1.78056000e-09  2.05462698e+00  2.41537302e+00  2.92653168e+00  2.46849199e+00 
 1.78256000e-09  2.05508187e+00  2.41491813e+00  2.92616304e+00  2.46898147e+00 
 1.78456000e-09  2.05556516e+00  2.41443484e+00  2.92576752e+00  2.46950422e+00 
 1.78656000e-09  2.05607680e+00  2.41392320e+00  2.92534483e+00  2.47006036e+00 
 1.78856000e-09  2.05661668e+00  2.41338332e+00  2.92489465e+00  2.47064999e+00 
 1.79056000e-09  2.05718473e+00  2.41281527e+00  2.92441667e+00  2.47127321e+00 
 1.79256000e-09  2.05778087e+00  2.41221913e+00  2.92391058e+00  2.47193015e+00 
 1.79456000e-09  2.05840498e+00  2.41159502e+00  2.92337605e+00  2.47262091e+00 
 1.79656000e-09  2.05905699e+00  2.41094301e+00  2.92281275e+00  2.47334561e+00 
 1.79856000e-09  2.05973677e+00  2.41026323e+00  2.92222033e+00  2.47410436e+00 
 1.80056000e-09  2.06044424e+00  2.40955576e+00  2.92159848e+00  2.47489727e+00 
 1.80256000e-09  2.06117927e+00  2.40882073e+00  2.92094685e+00  2.47572445e+00 
 1.80456000e-09  2.06194174e+00  2.40805826e+00  2.92026511e+00  2.47658600e+00 
 1.80656000e-09  2.06273155e+00  2.40726845e+00  2.91955292e+00  2.47748203e+00 
 1.80856000e-09  2.06354855e+00  2.40645145e+00  2.91880996e+00  2.47841262e+00 
 1.81056000e-09  2.06439263e+00  2.40560737e+00  2.91803589e+00  2.47937788e+00 
 1.81256000e-09  2.06526366e+00  2.40473634e+00  2.91723042e+00  2.48037789e+00 
 1.81456000e-09  2.06616148e+00  2.40383852e+00  2.91639321e+00  2.48141273e+00 
 1.81656000e-09  2.06708597e+00  2.40291403e+00  2.91552398e+00  2.48248246e+00 
 1.81856000e-09  2.06803697e+00  2.40196303e+00  2.91462244e+00  2.48358715e+00 
 1.82056000e-09  2.06901434e+00  2.40098566e+00  2.91368829e+00  2.48472686e+00 
 1.82256000e-09  2.07001792e+00  2.39998208e+00  2.91272128e+00  2.48590162e+00 
 1.82456000e-09  2.07104755e+00  2.39895245e+00  2.91172116e+00  2.48711148e+00 
 1.82656000e-09  2.07210307e+00  2.39789693e+00  2.91068767e+00  2.48835646e+00 
 1.82856000e-09  2.07318432e+00  2.39681568e+00  2.90962060e+00  2.48963658e+00 
 1.83056000e-09  2.07429112e+00  2.39570888e+00  2.90851973e+00  2.49095182e+00 
 1.83256000e-09  2.07542329e+00  2.39457671e+00  2.90738487e+00  2.49230220e+00 
 1.83456000e-09  2.07658067e+00  2.39341933e+00  2.90621584e+00  2.49368767e+00 
 1.83656000e-09  2.07776306e+00  2.39223694e+00  2.90501249e+00  2.49510821e+00 
 1.83856000e-09  2.07897028e+00  2.39102972e+00  2.90377467e+00  2.49656378e+00 
 1.84056000e-09  2.08020214e+00  2.38979786e+00  2.90250225e+00  2.49805431e+00 
 1.84256000e-09  2.08145844e+00  2.38854156e+00  2.90119514e+00  2.49957972e+00 
 1.84456000e-09  2.08273899e+00  2.38726101e+00  2.89985324e+00  2.50113994e+00 
 1.84656000e-09  2.08404358e+00  2.38595642e+00  2.89847649e+00  2.50273486e+00 
 1.84856000e-09  2.08537201e+00  2.38462799e+00  2.89706484e+00  2.50436437e+00 
 1.85056000e-09  2.08672407e+00  2.38327593e+00  2.89561827e+00  2.50602834e+00 
 1.85256000e-09  2.08809955e+00  2.38190045e+00  2.89413675e+00  2.50772663e+00 
 1.85456000e-09  2.08949822e+00  2.38050178e+00  2.89262031e+00  2.50945908e+00 
 1.85656000e-09  2.09091986e+00  2.37908014e+00  2.89106896e+00  2.51122553e+00 
 1.85856000e-09  2.09236426e+00  2.37763574e+00  2.88948277e+00  2.51302580e+00 
 1.86056000e-09  2.09383119e+00  2.37616881e+00  2.88786179e+00  2.51485969e+00 
 1.86256000e-09  2.09532040e+00  2.37467960e+00  2.88620611e+00  2.51672698e+00 
 1.86456000e-09  2.09683167e+00  2.37316833e+00  2.88451583e+00  2.51862747e+00 
 1.86656000e-09  2.09836477e+00  2.37163523e+00  2.88279107e+00  2.52056091e+00 
 1.86856000e-09  2.09991943e+00  2.37008057e+00  2.88103198e+00  2.52252706e+00 
 1.87056000e-09  2.10149543e+00  2.36850457e+00  2.87923872e+00  2.52452565e+00 
 1.87256000e-09  2.10309251e+00  2.36690749e+00  2.87741144e+00  2.52655641e+00 
 1.87456000e-09  2.10471042e+00  2.36528958e+00  2.87555036e+00  2.52861906e+00 
 1.87656000e-09  2.10634890e+00  2.36365110e+00  2.87365567e+00  2.53071330e+00 
 1.87856000e-09  2.10800770e+00  2.36199230e+00  2.87172760e+00  2.53283882e+00 
 1.88056000e-09  2.10968655e+00  2.36031345e+00  2.86976639e+00  2.53499529e+00 
 1.88256000e-09  2.11138520e+00  2.35861480e+00  2.86777229e+00  2.53718239e+00 
 1.88456000e-09  2.11310336e+00  2.35689664e+00  2.86574557e+00  2.53939978e+00 
 1.88656000e-09  2.11484077e+00  2.35515923e+00  2.86368652e+00  2.54164709e+00 
 1.88856000e-09  2.11659715e+00  2.35340285e+00  2.86159543e+00  2.54392397e+00 
 1.89056000e-09  2.11837223e+00  2.35162777e+00  2.85947263e+00  2.54623003e+00 
 1.89256000e-09  2.12016573e+00  2.34983427e+00  2.85731842e+00  2.54856490e+00 
 1.89456000e-09  2.12197736e+00  2.34802264e+00  2.85513315e+00  2.55092817e+00 
 1.89656000e-09  2.12380684e+00  2.34619316e+00  2.85291717e+00  2.55331945e+00 
 1.89856000e-09  2.12565388e+00  2.34434612e+00  2.85067085e+00  2.55573832e+00 
 1.90056000e-09  2.12751819e+00  2.34248181e+00  2.84839455e+00  2.55818435e+00 
 1.90256000e-09  2.12939947e+00  2.34060053e+00  2.84608866e+00  2.56065712e+00 
 1.90456000e-09  2.13129742e+00  2.33870258e+00  2.84375359e+00  2.56315618e+00 
 1.90656000e-09  2.13321175e+00  2.33678825e+00  2.84138973e+00  2.56568109e+00 
 1.90856000e-09  2.13514215e+00  2.33485785e+00  2.83899750e+00  2.56823138e+00 
 1.91056000e-09  2.13708833e+00  2.33291167e+00  2.83657734e+00  2.57080660e+00 
 1.91256000e-09  2.13904996e+00  2.33095004e+00  2.83412967e+00  2.57340628e+00 
 1.91456000e-09  2.14102674e+00  2.32897326e+00  2.83165495e+00  2.57602993e+00 
 1.91656000e-09  2.14301837e+00  2.32698163e+00  2.82915363e+00  2.57867707e+00 
 1.91856000e-09  2.14502452e+00  2.32497548e+00  2.82662616e+00  2.58134721e+00 
 1.92056000e-09  2.14704488e+00  2.32295512e+00  2.82407303e+00  2.58403984e+00 
 1.92256000e-09  2.14907912e+00  2.32092088e+00  2.82149472e+00  2.58675446e+00 
 1.92456000e-09  2.15112694e+00  2.31887306e+00  2.81889170e+00  2.58949056e+00 
 1.92656000e-09  2.15318800e+00  2.31681200e+00  2.81626448e+00  2.59224762e+00 
 1.92856000e-09  2.15526198e+00  2.31473802e+00  2.81361356e+00  2.59502511e+00 
 1.93056000e-09  2.15734854e+00  2.31265146e+00  2.81093944e+00  2.59782252e+00 
 1.93256000e-09  2.15944738e+00  2.31055262e+00  2.80824264e+00  2.60063929e+00 
 1.93456000e-09  2.16155814e+00  2.30844186e+00  2.80552369e+00  2.60347490e+00 
 1.93656000e-09  2.16368050e+00  2.30631950e+00  2.80278310e+00  2.60632879e+00 
 1.93856000e-09  2.16581412e+00  2.30418588e+00  2.80002142e+00  2.60920042e+00 
 1.94056000e-09  2.16795867e+00  2.30204133e+00  2.79723918e+00  2.61208924e+00 
 1.94256000e-09  2.17011380e+00  2.29988620e+00  2.79443693e+00  2.61499468e+00 
 1.94456000e-09  2.17227918e+00  2.29772082e+00  2.79161521e+00  2.61791618e+00 
 1.94656000e-09  2.17445447e+00  2.29554553e+00  2.78877459e+00  2.62085317e+00 
 1.94856000e-09  2.17663931e+00  2.29336069e+00  2.78591562e+00  2.62380508e+00 
 1.95056000e-09  2.17883337e+00  2.29116663e+00  2.78303886e+00  2.62677135e+00 
 1.95256000e-09  2.18103630e+00  2.28896370e+00  2.78014489e+00  2.62975138e+00 
 1.95456000e-09  2.18324776e+00  2.28675224e+00  2.77723427e+00  2.63274460e+00 
 1.95656000e-09  2.18546738e+00  2.28453262e+00  2.77430758e+00  2.63575041e+00 
 1.95856000e-09  2.18769483e+00  2.28230517e+00  2.77136541e+00  2.63876824e+00 
 1.96056000e-09  2.18992974e+00  2.28007026e+00  2.76840833e+00  2.64179750e+00 
 1.96256000e-09  2.19217178e+00  2.27782822e+00  2.76543694e+00  2.64483759e+00 
 1.96456000e-09  2.19442057e+00  2.27557943e+00  2.76245182e+00  2.64788791e+00 
 1.96656000e-09  2.19667578e+00  2.27332422e+00  2.75945357e+00  2.65094785e+00 
 1.96856000e-09  2.19893703e+00  2.27106297e+00  2.75644278e+00  2.65401681e+00 
 1.97056000e-09  2.20120398e+00  2.26879602e+00  2.75342005e+00  2.65709419e+00 
 1.97256000e-09  2.20347627e+00  2.26652373e+00  2.75038599e+00  2.66017939e+00 
 1.97456000e-09  2.20575354e+00  2.26424646e+00  2.74734120e+00  2.66327179e+00 
 1.97656000e-09  2.20803542e+00  2.26196458e+00  2.74428628e+00  2.66637079e+00 
 1.97856000e-09  2.21032156e+00  2.25967844e+00  2.74122185e+00  2.66947578e+00 
 1.98056000e-09  2.21261160e+00  2.25738840e+00  2.73814851e+00  2.67258613e+00 
 1.98256000e-09  2.21490518e+00  2.25509482e+00  2.73506687e+00  2.67570124e+00 
 1.98456000e-09  2.21720192e+00  2.25279808e+00  2.73197755e+00  2.67882049e+00 
 1.98656000e-09  2.21950148e+00  2.25049852e+00  2.72888117e+00  2.68194325e+00 
 1.98856000e-09  2.22180349e+00  2.24819651e+00  2.72577833e+00  2.68506892e+00 
 1.99056000e-09  2.22410758e+00  2.24589242e+00  2.72266967e+00  2.68819686e+00 
 1.99256000e-09  2.22641339e+00  2.24358661e+00  2.71955579e+00  2.69132647e+00 
 1.99456000e-09  2.22872055e+00  2.24127945e+00  2.71643731e+00  2.69445711e+00 
 1.99656000e-09  2.23102871e+00  2.23897129e+00  2.71331486e+00  2.69758818e+00 
 1.99828000e-09  2.23301424e+00  2.23698576e+00  2.71062683e+00  2.70028076e+00 
 2.00000000e-09  2.23500000e+00  2.23500000e+00  2.70793672e+00  2.70297280e+00 
