 time            v(detp)         v(detn)        
 0.00000000e+00  2.81974012e+00  2.81974028e+00 
 1.00000000e-14  2.81981535e+00  2.81970837e+00 
 2.00000000e-14  2.81986434e+00  2.81967965e+00 
 4.00000000e-14  2.81993422e+00  2.81961760e+00 
 8.00000000e-14  2.82002221e+00  2.81947135e+00 
 1.60000000e-13  2.82019032e+00  2.81915916e+00 
 3.20000000e-13  2.82050143e+00  2.81866862e+00 
 6.40000000e-13  2.82044613e+00  2.81843609e+00 
 1.28000000e-12  2.81652707e+00  2.82090115e+00 
 1.88020729e-12  2.80793042e+00  2.82629816e+00 
 2.62626551e-12  2.79046232e+00  2.83591830e+00 
 3.52715234e-12  2.76005562e+00  2.84938625e+00 
 4.52715234e-12  2.71579455e+00  2.86392975e+00 
 5.52715234e-12  2.66422921e+00  2.87668255e+00 
 6.52715234e-12  2.61211156e+00  2.88749084e+00 
 7.52715234e-12  2.56573015e+00  2.89677919e+00 
 8.52715234e-12  2.52949765e+00  2.90501343e+00 
 9.52715234e-12  2.50560982e+00  2.91244999e+00 
 1.05271523e-11  2.49442732e+00  2.91919087e+00 
 1.15271523e-11  2.49494924e+00  2.92527328e+00 
 1.25271523e-11  2.50529909e+00  2.93071782e+00 
 1.35271523e-11  2.52324469e+00  2.93559060e+00 
 1.44139423e-11  2.54389880e+00  2.93960092e+00 
 1.53768015e-11  2.57010932e+00  2.94414729e+00 
 1.63768015e-11  2.60053823e+00  2.94827698e+00 
 1.73768015e-11  2.63378366e+00  2.94723719e+00 
 1.83768015e-11  2.67041980e+00  2.93577593e+00 
 1.93768015e-11  2.71071925e+00  2.91546889e+00 
 2.03768015e-11  2.75288917e+00  2.89151811e+00 
 2.13768015e-11  2.79168773e+00  2.86835759e+00 
 2.23768015e-11  2.81909383e+00  2.84876298e+00 
 2.33768015e-11  2.83380261e+00  2.83238165e+00 
 2.43768015e-11  2.84064914e+00  2.81653099e+00 
 2.53768015e-11  2.84290712e+00  2.79836573e+00 
 2.63768015e-11  2.84149801e+00  2.77726465e+00 
 2.73768015e-11  2.83925088e+00  2.75849791e+00 
 2.83768015e-11  2.83771940e+00  2.74705487e+00 
 2.93768015e-11  2.83555554e+00  2.74366946e+00 
 3.03768015e-11  2.83037270e+00  2.74701881e+00 
 3.13768015e-11  2.82067412e+00  2.75572247e+00 
 3.23768015e-11  2.80560475e+00  2.76889525e+00 
 3.33768015e-11  2.78372053e+00  2.78550352e+00 
 3.43768015e-11  2.75523729e+00  2.80404334e+00 
 3.53768015e-11  2.72204919e+00  2.82298458e+00 
 3.63768015e-11  2.68549236e+00  2.84061855e+00 
 3.73768015e-11  2.64886137e+00  2.85580315e+00 
 3.83768015e-11  2.61692908e+00  2.86846687e+00 
 3.93768015e-11  2.59347583e+00  2.87911026e+00 
 4.03768015e-11  2.58029132e+00  2.88820068e+00 
 4.13768015e-11  2.57744189e+00  2.89602613e+00 
 4.23768015e-11  2.58378672e+00  2.90273376e+00 
 4.33768015e-11  2.59754843e+00  2.90835854e+00 
 4.43768015e-11  2.61684322e+00  2.91279093e+00 
 4.53768015e-11  2.64018328e+00  2.91570764e+00 
 4.63768015e-11  2.66706227e+00  2.91618915e+00 
 4.73768015e-11  2.69787904e+00  2.91139564e+00 
 4.83768015e-11  2.73264447e+00  2.89854501e+00 
 4.93768015e-11  2.76897614e+00  2.87893979e+00 
 5.03768015e-11  2.79996049e+00  2.85706045e+00 
 5.13768015e-11  2.81933188e+00  2.83658416e+00 
 5.23768015e-11  2.82872343e+00  2.81769732e+00 
 5.33768015e-11  2.83267588e+00  2.79834197e+00 
 5.43768015e-11  2.83325928e+00  2.77539530e+00 
 5.53768015e-11  2.83051200e+00  2.74776200e+00 
 5.63768015e-11  2.82837693e+00  2.72276708e+00 
 5.73768015e-11  2.82887184e+00  2.70657940e+00 
 5.83768015e-11  2.83128749e+00  2.69991922e+00 
 5.93768015e-11  2.83383870e+00  2.70120835e+00 
 6.03768015e-11  2.83398521e+00  2.70836792e+00 
 6.13768015e-11  2.82905819e+00  2.71966376e+00 
 6.23768015e-11  2.81505576e+00  2.73463100e+00 
 6.33768015e-11  2.78906659e+00  2.75256583e+00 
 6.43768015e-11  2.75498928e+00  2.77233047e+00 
 6.53768015e-11  2.72002812e+00  2.79357736e+00 
 6.63768015e-11  2.68677954e+00  2.81527529e+00 
 6.73768015e-11  2.65546954e+00  2.83524158e+00 
 6.83768015e-11  2.62922723e+00  2.85204779e+00 
 6.93768015e-11  2.61106782e+00  2.86566787e+00 
 7.03768015e-11  2.60228919e+00  2.87671648e+00 
 7.13768015e-11  2.60286998e+00  2.88580567e+00 
 7.23768015e-11  2.61173832e+00  2.89332212e+00 
 7.33768015e-11  2.62722453e+00  2.89942681e+00 
 7.43768015e-11  2.64760174e+00  2.90404593e+00 
 7.53768015e-11  2.67155930e+00  2.90681579e+00 
 7.63768015e-11  2.69872715e+00  2.90677135e+00 
 7.73768015e-11  2.72938626e+00  2.90129671e+00 
 7.83768015e-11  2.76263817e+00  2.88820998e+00 
 7.93768015e-11  2.79384353e+00  2.86943244e+00 
 8.03768015e-11  2.81618683e+00  2.84918168e+00 
 8.13768015e-11  2.82831526e+00  2.82974712e+00 
 8.23768015e-11  2.83379452e+00  2.81077781e+00 
 8.33768015e-11  2.83604203e+00  2.79030976e+00 
 8.43768015e-11  2.83561429e+00  2.76529653e+00 
 8.53768015e-11  2.83303861e+00  2.73685272e+00 
 8.63768015e-11  2.83214638e+00  2.71336098e+00 
 8.73768015e-11  2.83410771e+00  2.69943756e+00 
 8.83768015e-11  2.83805780e+00  2.69462428e+00 
 8.93768015e-11  2.84221645e+00  2.69635774e+00 
 9.03768015e-11  2.84297687e+00  2.70309936e+00 
 9.13768015e-11  2.83699010e+00  2.71454046e+00 
 9.23768015e-11  2.82103031e+00  2.73025038e+00 
 9.33768015e-11  2.79366301e+00  2.74889988e+00 
 9.43768015e-11  2.76052969e+00  2.76920460e+00 
 9.53768015e-11  2.72885262e+00  2.79118906e+00 
 9.63768015e-11  2.69894641e+00  2.81367986e+00 
 9.73768015e-11  2.66991443e+00  2.83376472e+00 
 9.83768015e-11  2.64493377e+00  2.85052918e+00 
 9.93768015e-11  2.62803799e+00  2.86409875e+00 
 1.00376801e-10  2.62061262e+00  2.87506148e+00 
 1.01376801e-10  2.62228026e+00  2.88402114e+00 
 1.02376801e-10  2.63186940e+00  2.89139055e+00 
 1.03376801e-10  2.64772567e+00  2.89733323e+00 
 1.04376801e-10  2.66817567e+00  2.90174477e+00 
 1.05376801e-10  2.69201198e+00  2.90421314e+00 
 1.06376801e-10  2.71895123e+00  2.90360956e+00 
 1.07376801e-10  2.74898279e+00  2.89719319e+00 
 1.08376801e-10  2.78009932e+00  2.88340997e+00 
 1.09376801e-10  2.80664361e+00  2.86481840e+00 
 1.10376801e-10  2.82383693e+00  2.84515496e+00 
 1.11376801e-10  2.83253810e+00  2.82603599e+00 
 1.12376801e-10  2.83635397e+00  2.80695132e+00 
 1.13376801e-10  2.83789352e+00  2.78585938e+00 
 1.14376801e-10  2.83695227e+00  2.75981549e+00 
 1.15376801e-10  2.83464170e+00  2.73153505e+00 
 1.16376801e-10  2.83469546e+00  2.70949222e+00 
 1.17376801e-10  2.83776206e+00  2.69706708e+00 
 1.18376801e-10  2.84298439e+00  2.69269555e+00 
 1.19376801e-10  2.84734337e+00  2.69458257e+00 
 1.20376801e-10  2.84726116e+00  2.70193728e+00 
 1.21376801e-10  2.84005068e+00  2.71422178e+00 
 1.22376801e-10  2.82229529e+00  2.73062337e+00 
 1.23376801e-10  2.79349071e+00  2.74962080e+00 
 1.24376801e-10  2.76072584e+00  2.77009290e+00 
 1.25376801e-10  2.73107781e+00  2.79226702e+00 
 1.26376801e-10  2.70334419e+00  2.81480422e+00 
 1.27376801e-10  2.67587378e+00  2.83459802e+00 
 1.28376801e-10  2.65201647e+00  2.85098611e+00 
 1.29376801e-10  2.63621440e+00  2.86427884e+00 
 1.30376801e-10  2.62996177e+00  2.87502211e+00 
 1.31376801e-10  2.63267863e+00  2.88378717e+00 
 1.32376801e-10  2.64303586e+00  2.89097000e+00 
 1.33376801e-10  2.65937074e+00  2.89671992e+00 
 1.34376801e-10  2.68005016e+00  2.90089835e+00 
 1.35376801e-10  2.70396573e+00  2.90304142e+00 
 1.36376801e-10  2.73089658e+00  2.90182103e+00 
 1.37376801e-10  2.76050016e+00  2.89441839e+00 
 1.38376801e-10  2.78990395e+00  2.87991545e+00 
 1.39376801e-10  2.81335574e+00  2.86126525e+00 
 1.40376801e-10  2.82765020e+00  2.84181509e+00 
 1.41376801e-10  2.83457264e+00  2.82280346e+00 
 1.42376801e-10  2.83757467e+00  2.80354862e+00 
 1.43376801e-10  2.83870205e+00  2.78182111e+00 
 1.44376801e-10  2.83730726e+00  2.75490416e+00 
 1.45376801e-10  2.83535779e+00  2.72708705e+00 
 1.46376801e-10  2.83617655e+00  2.70647857e+00 
 1.47376801e-10  2.84014460e+00  2.69517263e+00 
 1.48376801e-10  2.84580696e+00  2.69142526e+00 
 1.49376801e-10  2.84962588e+00  2.69407246e+00 
 1.50376801e-10  2.84865266e+00  2.70226762e+00 
 1.51376801e-10  2.84016122e+00  2.71533739e+00 
 1.52376801e-10  2.82060078e+00  2.73229398e+00 
 1.53376801e-10  2.79060001e+00  2.75155559e+00 
 1.54376801e-10  2.75829356e+00  2.77221686e+00 
 1.55376801e-10  2.73004292e+00  2.79458054e+00 
 1.56376801e-10  2.70345844e+00  2.81697388e+00 
 1.57376801e-10  2.67693591e+00  2.83635426e+00 
 1.58376801e-10  2.65414976e+00  2.85231850e+00 
 1.59376801e-10  2.63958637e+00  2.86526773e+00 
 1.60376801e-10  2.63459389e+00  2.87573538e+00 
 1.61376801e-10  2.63841942e+00  2.88427091e+00 
 1.62376801e-10  2.64962883e+00  2.89124728e+00 
 1.63376801e-10  2.66654434e+00  2.89678607e+00 
 1.64376801e-10  2.68757779e+00  2.90070892e+00 
 1.65376801e-10  2.71172948e+00  2.90249024e+00 
 1.66376801e-10  2.73882730e+00  2.90057117e+00 
 1.67376801e-10  2.76819016e+00  2.89213489e+00 
 1.68376801e-10  2.79628141e+00  2.87690209e+00 
 1.69376801e-10  2.81754950e+00  2.85809900e+00 
 1.70376801e-10  2.82992578e+00  2.83875374e+00 
 1.71376801e-10  2.83572376e+00  2.81979744e+00 
 1.72376801e-10  2.83823594e+00  2.80034421e+00 
 1.73376801e-10  2.83902942e+00  2.77795237e+00 
 1.74376801e-10  2.83728810e+00  2.75035097e+00 
 1.75376801e-10  2.83574025e+00  2.72322652e+00 
 1.76376801e-10  2.83721772e+00  2.70402213e+00 
 1.77376801e-10  2.84185302e+00  2.69376014e+00 
 1.78376801e-10  2.84749874e+00  2.69089002e+00 
 1.79376801e-10  2.85072551e+00  2.69441531e+00 
 1.80376801e-10  2.84884654e+00  2.70342355e+00 
 1.81376801e-10  2.83895746e+00  2.71719690e+00 
 1.82376801e-10  2.81759223e+00  2.73462254e+00 
 1.83376801e-10  2.78664781e+00  2.75410568e+00 
 1.84376801e-10  2.75493266e+00  2.77498259e+00 
 1.85376801e-10  2.72771268e+00  2.79751287e+00 
 1.86376801e-10  2.70166545e+00  2.81963887e+00 
 1.87376801e-10  2.67572509e+00  2.83851260e+00 
 1.88376801e-10  2.65396170e+00  2.85401258e+00 
 1.89376801e-10  2.64071859e+00  2.86657964e+00 
 1.90376801e-10  2.63703453e+00  2.87674790e+00 
 1.91376801e-10  2.64198951e+00  2.88504359e+00 
 1.92376801e-10  2.65407902e+00  2.89180949e+00 
 1.93376801e-10  2.67161381e+00  2.89712995e+00 
 1.94376801e-10  2.69305802e+00  2.90078428e+00 
 1.95376801e-10  2.71753276e+00  2.90216895e+00 
 1.96376801e-10  2.74489252e+00  2.89947097e+00 
 1.97376801e-10  2.77409653e+00  2.88997386e+00 
 1.98376801e-10  2.80106738e+00  2.87404340e+00 
 1.99376801e-10  2.82058446e+00  2.85507761e+00 
 2.00376801e-10  2.83149254e+00  2.83580486e+00 
 2.01376801e-10  2.83646806e+00  2.81687244e+00 
 2.02376801e-10  2.83863290e+00  2.79717403e+00 
 2.03376801e-10  2.83909439e+00  2.77406106e+00 
 2.04376801e-10  2.83711051e+00  2.74594985e+00 
 2.05376801e-10  2.83598846e+00  2.71969158e+00 
 2.06376801e-10  2.83806873e+00  2.70186627e+00 
 2.07376801e-10  2.84317332e+00  2.69267906e+00 
 2.08376801e-10  2.84863846e+00  2.69077577e+00 
 2.09376801e-10  2.85122739e+00  2.69518268e+00 
 2.10376801e-10  2.84837312e+00  2.70497190e+00 
 2.11376801e-10  2.83697688e+00  2.71939692e+00 
 2.12376801e-10  2.81384863e+00  2.73723622e+00 
 2.13376801e-10  2.78218266e+00  2.75692093e+00 
 2.14376801e-10  2.75112961e+00  2.77803506e+00 
 2.15376801e-10  2.72464181e+00  2.80069070e+00 
 2.16376801e-10  2.69875826e+00  2.82247283e+00 
 2.17376801e-10  2.67326217e+00  2.84081436e+00 
 2.18376801e-10  2.65256206e+00  2.85585050e+00 
 2.19376801e-10  2.64070477e+00  2.86803199e+00 
 2.20376801e-10  2.63835586e+00  2.87789876e+00 
 2.21376801e-10  2.64444488e+00  2.88595405e+00 
 2.22376801e-10  2.65741908e+00  2.89250798e+00 
 2.23376801e-10  2.67558435e+00  2.89760389e+00 
 2.24376801e-10  2.69746889e+00  2.90097549e+00 
 2.25376801e-10  2.72232208e+00  2.90192121e+00 
 2.26376801e-10  2.74999452e+00  2.89836571e+00 
 2.27376801e-10  2.77906158e+00  2.88779936e+00 
 2.28376801e-10  2.80498879e+00  2.87121274e+00 
 2.29376801e-10  2.82297780e+00  2.85210510e+00 
 2.30376801e-10  2.83266603e+00  2.83290026e+00 
 2.31376801e-10  2.83699266e+00  2.81396562e+00 
 2.32376801e-10  2.83888041e+00  2.79397043e+00 
 2.33376801e-10  2.83898465e+00  2.77008229e+00 
 2.34376801e-10  2.83686129e+00  2.74164935e+00 
 2.35376801e-10  2.83618938e+00  2.71640468e+00 
 2.36376801e-10  2.83883528e+00  2.69994037e+00 
 2.37376801e-10  2.84426204e+00  2.69185739e+00 
 2.38376801e-10  2.84946451e+00  2.69094371e+00 
 2.39376801e-10  2.85137176e+00  2.69621538e+00 
 2.40376801e-10  2.84748213e+00  2.70675757e+00 
 2.41376801e-10  2.83446916e+00  2.72179852e+00 
 2.42376801e-10  2.80963107e+00  2.74000621e+00 
 2.43376801e-10  2.77747862e+00  2.75988269e+00 
 2.44376801e-10  2.74716403e+00  2.78125400e+00 
 2.45376801e-10  2.72118337e+00  2.80398334e+00 
 2.46376801e-10  2.69529363e+00  2.82534884e+00 
 2.47376801e-10  2.67023166e+00  2.84315573e+00 
 2.48376801e-10  2.65066807e+00  2.85773270e+00 
 2.49376801e-10  2.64023214e+00  2.86953296e+00 
 2.50376801e-10  2.63921653e+00  2.87910261e+00 
 2.51376801e-10  2.64642332e+00  2.88692038e+00 
 2.52376801e-10  2.66026469e+00  2.89326155e+00 
 2.53376801e-10  2.67904985e+00  2.89812549e+00 
 2.54376801e-10  2.70138249e+00  2.90119886e+00 
 2.55376801e-10  2.72664326e+00  2.90165714e+00 
 2.56376801e-10  2.75464001e+00  2.89717224e+00 
 2.57376801e-10  2.78352942e+00  2.88555138e+00 
 2.58376801e-10  2.80840693e+00  2.86837380e+00 
 2.59376801e-10  2.82498234e+00  2.84915883e+00 
 2.60376801e-10  2.83360367e+00  2.83001961e+00 
 2.61376801e-10  2.83739629e+00  2.81104565e+00 
 2.62376801e-10  2.83904819e+00  2.79066640e+00 
 2.63376801e-10  2.83875898e+00  2.76592815e+00 
 2.64376801e-10  2.83659612e+00  2.73736520e+00 
 2.65376801e-10  2.83639392e+00  2.71325607e+00 
 2.66376801e-10  2.83957349e+00  2.69813440e+00 
 2.67376801e-10  2.84520874e+00  2.69116963e+00 
 2.68376801e-10  2.85008639e+00  2.69124563e+00 
 2.69376801e-10  2.85128390e+00  2.69736340e+00 
 2.70376801e-10  2.84628854e+00  2.70864188e+00 
 2.71376801e-10  2.83157821e+00  2.72426478e+00 
 2.72376801e-10  2.80513821e+00  2.74280484e+00 
 2.73376801e-10  2.77272473e+00  2.76287375e+00 
 2.74376801e-10  2.74318612e+00  2.78451300e+00 
 2.75376801e-10  2.71754861e+00  2.80725549e+00 
 2.76376801e-10  2.69164400e+00  2.82815605e+00 
 2.77376801e-10  2.66710292e+00  2.84545071e+00 
 2.78376801e-10  2.64876070e+00  2.85958604e+00 
 2.79376801e-10  2.63975877e+00  2.87102164e+00 
 2.80376801e-10  2.64005618e+00  2.88030689e+00 
 2.81376801e-10  2.64835128e+00  2.88789460e+00 
 2.82376801e-10  2.66302785e+00  2.89402397e+00 
 2.83376801e-10  2.68240798e+00  2.89864943e+00 
 2.84376801e-10  2.70518267e+00  2.90140887e+00 
 2.85376801e-10  2.73086016e+00  2.90132462e+00 
 2.86376801e-10  2.75915676e+00  2.89584962e+00 
 2.87376801e-10  2.78777338e+00  2.88321137e+00 
 2.88376801e-10  2.81153246e+00  2.86552630e+00 
 2.89376801e-10  2.82675000e+00  2.84624947e+00 
 2.90376801e-10  2.83440972e+00  2.82717706e+00 
 2.91376801e-10  2.83774378e+00  2.80813607e+00 
 2.92376801e-10  2.83916785e+00  2.78732685e+00 
 2.93376801e-10  2.83847714e+00  2.76176914e+00 
 2.94376801e-10  2.83639273e+00  2.73332911e+00 
 2.95376801e-10  2.83668027e+00  2.71045891e+00 
 2.96376801e-10  2.84036662e+00  2.69663974e+00 
 2.97376801e-10  2.84611404e+00  2.69077343e+00 
 2.98376801e-10  2.85060362e+00  2.69181291e+00 
 2.99376801e-10  2.85104926e+00  2.69874698e+00 
 3.00376801e-10  2.84486723e+00  2.71073647e+00 
 3.01376801e-10  2.82839816e+00  2.72689986e+00 
 3.02376801e-10  2.80050280e+00  2.74573118e+00 
 3.03376801e-10  2.76806515e+00  2.76599334e+00 
 3.04376801e-10  2.73932629e+00  2.78789277e+00 
 3.05376801e-10  2.71387518e+00  2.81056624e+00 
 3.06376801e-10  2.68795777e+00  2.83094164e+00 
 3.07376801e-10  2.66402050e+00  2.84772499e+00 
 3.08376801e-10  2.64696176e+00  2.86141923e+00 
 3.09376801e-10  2.63938875e+00  2.87249590e+00 
 3.10376801e-10  2.64096860e+00  2.88150213e+00 
 3.11376801e-10  2.65031678e+00  2.88886228e+00 
 3.12376801e-10  2.66579210e+00  2.89477712e+00 
 3.13376801e-10  2.68573968e+00  2.89915515e+00 
 3.14376801e-10  2.70894955e+00  2.90158174e+00 
 3.15376801e-10  2.73504643e+00  2.90089302e+00 
 3.16376801e-10  2.76360174e+00  2.89437841e+00 
 3.17376801e-10  2.79183408e+00  2.88077179e+00 
 3.18376801e-10  2.81440817e+00  2.86265181e+00 
 3.19376801e-10  2.82831525e+00  2.84334633e+00 
 3.20376801e-10  2.83510278e+00  2.82433370e+00 
 3.21376801e-10  2.83804150e+00  2.80518385e+00 
 3.22376801e-10  2.83923580e+00  2.78386010e+00 
 3.23376801e-10  2.83814372e+00  2.75749198e+00 
 3.24376801e-10  2.83623460e+00  2.72938519e+00 
 3.25376801e-10  2.83702621e+00  2.70782661e+00 
 3.26376801e-10  2.84118808e+00  2.69527792e+00 
 3.27376801e-10  2.84696097e+00  2.69049860e+00 
 3.28376801e-10  2.85100438e+00  2.69248371e+00 
 3.29376801e-10  2.85063894e+00  2.70021889e+00 
 3.30376801e-10  2.84318037e+00  2.71290254e+00 
 3.31376801e-10  2.82490942e+00  2.72957219e+00 
 3.32376801e-10  2.79572268e+00  2.74866494e+00 
 3.33376801e-10  2.76345901e+00  2.76913232e+00 
 3.34376801e-10  2.73548697e+00  2.79127823e+00 
 3.35376801e-10  2.71008880e+00  2.81381302e+00 
 3.36376801e-10  2.68422519e+00  2.83364218e+00 
 3.37376801e-10  2.66101539e+00  2.84993243e+00 
 3.38376801e-10  2.64530318e+00  2.86320024e+00 
 3.39376801e-10  2.63915477e+00  2.87393331e+00 
 3.40376801e-10  2.64198936e+00  2.88267159e+00 
 3.41376801e-10  2.65235795e+00  2.88980985e+00 
 3.42376801e-10  2.66859776e+00  2.89550878e+00 
 3.43376801e-10  2.68908810e+00  2.89963078e+00 
 3.44376801e-10  2.71272951e+00  2.90170217e+00 
 3.45376801e-10  2.73924442e+00  2.90034105e+00 
 3.46376801e-10  2.76799966e+00  2.89275412e+00 
 3.47376801e-10  2.79572254e+00  2.87825350e+00 
 3.48376801e-10  2.81705525e+00  2.85978044e+00 
 3.49376801e-10  2.82970714e+00  2.84047542e+00 
 3.50376801e-10  2.83570868e+00  2.82151040e+00 
 3.51376801e-10  2.83830634e+00  2.80220762e+00 
 3.52376801e-10  2.83925386e+00  2.78029679e+00 
 3.53376801e-10  2.83778937e+00  2.75319129e+00 
 3.54376801e-10  2.83613975e+00  2.72562271e+00 
 3.55376801e-10  2.83744459e+00  2.70541964e+00 
 3.56376801e-10  2.84203966e+00  2.69410473e+00 
 3.57376801e-10  2.84775527e+00  2.69039323e+00 
 3.58376801e-10  2.85129426e+00  2.69330010e+00 
 3.59376801e-10  2.85006315e+00  2.70181806e+00 
 3.60376801e-10  2.84123401e+00  2.71517436e+00 
 3.61376801e-10  2.82114625e+00  2.73231206e+00 
 3.62376801e-10  2.79087066e+00  2.75163811e+00 
 3.63376801e-10  2.75897337e+00  2.77232640e+00 
 3.64376801e-10  2.73171381e+00  2.79468981e+00 
 3.65376801e-10  2.70626954e+00  2.81700835e+00 
 3.66376801e-10  2.68052041e+00  2.83627799e+00 
 3.67376801e-10  2.65814629e+00  2.85209568e+00 
 3.68376801e-10  2.64382463e+00  2.86495043e+00 
 3.69376801e-10  2.63908605e+00  2.87534983e+00 
 3.70376801e-10  2.64314213e+00  2.88382571e+00 
 3.71376801e-10  2.65449418e+00  2.89074331e+00 
 3.72376801e-10  2.67146256e+00  2.89622166e+00 
 3.73376801e-10  2.69247166e+00  2.90007619e+00 
 3.74376801e-10  2.71654235e+00  2.90176400e+00 
 3.75376801e-10  2.74346653e+00  2.89965866e+00 
 3.76376801e-10  2.77235555e+00  2.89098096e+00 
 3.77376801e-10  2.79944097e+00  2.87565360e+00 
 3.78376801e-10  2.81948768e+00  2.85690224e+00 
 3.79376801e-10  2.83094356e+00  2.83762661e+00 
 3.80376801e-10  2.83624020e+00  2.81869804e+00 
 3.81376801e-10  2.83854196e+00  2.79919713e+00 
 3.82376801e-10  2.83921511e+00  2.77663086e+00 
 3.83376801e-10  2.83744432e+00  2.74891508e+00 
 3.84376801e-10  2.83612584e+00  2.72207809e+00 
 3.85376801e-10  2.83794847e+00  2.70325114e+00 
 3.86376801e-10  2.84292201e+00  2.69313576e+00 
 3.87376801e-10  2.84850230e+00  2.69047041e+00 
 3.88376801e-10  2.85148008e+00  2.69427348e+00 
 3.89376801e-10  2.84931950e+00  2.70355697e+00 
 3.90376801e-10  2.83902813e+00  2.71755895e+00 
 3.91376801e-10  2.81714564e+00  2.73512469e+00 
 3.92376801e-10  2.78599255e+00  2.75466284e+00 
 3.93376801e-10  2.75460854e+00  2.77558618e+00 
 3.94376801e-10  2.72796519e+00  2.79812110e+00 
 3.95376801e-10  2.70241388e+00  2.82013484e+00 
 3.96376801e-10  2.67684941e+00  2.83884008e+00 
 3.97376801e-10  2.65541702e+00  2.85418250e+00 
 3.98376801e-10  2.64250902e+00  2.86663481e+00 
 3.99376801e-10  2.63916256e+00  2.87671661e+00 
 4.00376801e-10  2.64440882e+00  2.88494171e+00 
 4.01376801e-10  2.65670827e+00  2.89164337e+00 
 4.02376801e-10  2.67437080e+00  2.89689814e+00 
 4.03376801e-10  2.69587710e+00  2.90047546e+00 
 4.04376801e-10  2.72037733e+00  2.90174706e+00 
 4.05376801e-10  2.74770198e+00  2.89882323e+00 
 4.06376801e-10  2.77664492e+00  2.88904455e+00 
 4.07376801e-10  2.80297125e+00  2.87296786e+00 
 4.08376801e-10  2.82170484e+00  2.85400306e+00 
 4.09376801e-10  2.83203017e+00  2.83477528e+00 
 4.10376801e-10  2.83669900e+00  2.81586208e+00 
 4.11376801e-10  2.83874006e+00  2.79610447e+00 
 4.12376801e-10  2.83910034e+00  2.77280616e+00 
 4.13376801e-10  2.83710799e+00  2.74463255e+00 
 4.14376801e-10  2.83617670e+00  2.71869387e+00 
 4.15376801e-10  2.83851842e+00  2.70124611e+00 
 4.16376801e-10  2.84380580e+00  2.69230608e+00 
 4.17376801e-10  2.84917977e+00  2.69066923e+00 
 4.18376801e-10  2.85154263e+00  2.69534723e+00 
 4.19376801e-10  2.84839572e+00  2.70538185e+00 
 4.20376801e-10  2.83653992e+00  2.72000876e+00 
 4.21376801e-10  2.81289546e+00  2.73796486e+00 
 4.22376801e-10  2.78108376e+00  2.75770236e+00 
 4.23376801e-10  2.75033286e+00  2.77887788e+00 
 4.24376801e-10  2.72418420e+00  2.80153454e+00 
 4.25376801e-10  2.69848611e+00  2.82317690e+00 
 4.26376801e-10  2.67320490e+00  2.84133233e+00 
 4.27376801e-10  2.65283034e+00  2.85620969e+00 
 4.28376801e-10  2.64136048e+00  2.86826833e+00 
 4.29376801e-10  2.63938561e+00  2.87804174e+00 
 4.30376801e-10  2.64579010e+00  2.88602277e+00 
 4.31376801e-10  2.65900147e+00  2.89251053e+00 
 4.32376801e-10  2.67732637e+00  2.89753720e+00 
 4.33376801e-10  2.69931333e+00  2.90082487e+00 
 4.34376801e-10  2.72424569e+00  2.90163947e+00 
 4.35376801e-10  2.75195045e+00  2.89782698e+00 
 4.36376801e-10  2.78085363e+00  2.88696387e+00 
 4.37376801e-10  2.80630609e+00  2.87021970e+00 
 4.38376801e-10  2.82371779e+00  2.85109666e+00 
 4.39376801e-10  2.83298450e+00  2.83192483e+00 
 4.40376801e-10  2.83710194e+00  2.81299263e+00 
 4.41376801e-10  2.83890609e+00  2.79290319e+00 
 4.42376801e-10  2.83890175e+00  2.76878717e+00 
 4.43376801e-10  2.83678149e+00  2.74032125e+00 
 4.44376801e-10  2.83628091e+00  2.71542043e+00 
 4.45376801e-10  2.83913989e+00  2.69934150e+00 
 4.46376801e-10  2.84467002e+00  2.69155921e+00 
 4.47376801e-10  2.84977140e+00  2.69093556e+00 
 4.48376801e-10  2.85146639e+00  2.69647141e+00 
 4.49376801e-10  2.84726272e+00  2.70724724e+00 
 4.50376801e-10  2.83375851e+00  2.72247338e+00 
 4.51376801e-10  2.80843569e+00  2.74078606e+00 
 4.52376801e-10  2.77619774e+00  2.76071796e+00 
 4.53376801e-10  2.74616312e+00  2.78216016e+00 
 4.54376801e-10  2.72039293e+00  2.80488144e+00 
 4.55376801e-10  2.69458204e+00  2.82609767e+00 
 4.56376801e-10  2.66970418e+00  2.84373069e+00 
 4.57376801e-10  2.65048992e+00  2.85816131e+00 
 4.58376801e-10  2.64046566e+00  2.86984536e+00 
 4.59376801e-10  2.63983425e+00  2.87932584e+00 
 4.60376801e-10  2.64736041e+00  2.88707208e+00 
 4.61376801e-10  2.66144347e+00  2.89334816e+00 
 4.62376801e-10  2.68039584e+00  2.89814133e+00 
 4.63376801e-10  2.70284541e+00  2.90112569e+00 
 4.64376801e-10  2.72820838e+00  2.90143459e+00 
 4.65376801e-10  2.75626051e+00  2.89666857e+00 
 4.66376801e-10  2.78501030e+00  2.88475173e+00 
 4.67376801e-10  2.80946775e+00  2.86743135e+00 
 4.68376801e-10  2.82555682e+00  2.84820794e+00 
 4.69376801e-10  2.83383731e+00  2.82910012e+00 
 4.70376801e-10  2.83746661e+00  2.81012458e+00 
 4.71376801e-10  2.83904557e+00  2.78965336e+00 
 4.72376801e-10  2.83865481e+00  2.76472002e+00 
 4.73376801e-10  2.83652965e+00  2.73621266e+00 
 4.74376801e-10  2.83649272e+00  2.71247731e+00 
 4.75376801e-10  2.83985467e+00  2.69773090e+00 
 4.76376801e-10  2.84554343e+00  2.69107442e+00 
 4.77376801e-10  2.85030460e+00  2.69143380e+00 
 4.78376801e-10  2.85127841e+00  2.69779919e+00 
 4.79376801e-10  2.84594205e+00  2.70929437e+00 
 4.80376801e-10  2.83071797e+00  2.72508247e+00 
 4.81376801e-10  2.80383775e+00  2.74371018e+00 
 4.82376801e-10  2.77141884e+00  2.76383142e+00 
 4.83376801e-10  2.74215706e+00  2.78553953e+00 
 4.84376801e-10  2.71663519e+00  2.80824548e+00 
 4.85376801e-10  2.69075485e+00  2.82896716e+00 
 4.86376801e-10  2.66639196e+00  2.84608126e+00 
 4.87376801e-10  2.64841551e+00  2.86006609e+00 
 4.88376801e-10  2.63983026e+00  2.87138302e+00 
 4.89376801e-10  2.64050779e+00  2.88057782e+00 
 4.90376801e-10  2.64911611e+00  2.88809303e+00 
 4.91376801e-10  2.66402914e+00  2.89415568e+00 
 4.92376801e-10  2.68357460e+00  2.89870732e+00 
 4.93376801e-10  2.70647120e+00  2.90137214e+00 
 4.94376801e-10  2.73226148e+00  2.90111944e+00 
 4.95376801e-10  2.76061707e+00  2.89534415e+00 
 4.96376801e-10  2.78908775e+00  2.88241830e+00 
 4.97376801e-10  2.81244588e+00  2.86460510e+00 
 4.98376801e-10  2.82722505e+00  2.84532447e+00 
 4.99376801e-10  2.83459186e+00  2.82627958e+00 
 5.00376801e-10  2.83779259e+00  2.80722453e+00 
 5.01376801e-10  2.83915094e+00  2.78629404e+00 
 5.02376801e-10  2.83835380e+00  2.76052696e+00 
 5.03376801e-10  2.83632838e+00  2.73219051e+00 
 5.04376801e-10  2.83677884e+00  2.70971215e+00 
 5.05376801e-10  2.84062832e+00  2.69626448e+00 
 5.06376801e-10  2.84639632e+00  2.69071359e+00 
 5.07376801e-10  2.85077974e+00  2.69203636e+00 
 5.08376801e-10  2.85101021e+00  2.69921068e+00 
 5.09376801e-10  2.84446272e+00  2.71140917e+00 
 5.10376801e-10  2.82746048e+00  2.72772670e+00 
 5.11376801e-10  2.79917285e+00  2.74663673e+00 
 5.12376801e-10  2.76679810e+00  2.76695517e+00 
 5.13376801e-10  2.73834061e+00  2.78892108e+00 
 5.14376801e-10  2.71297668e+00  2.81153937e+00 
 5.15376801e-10  2.68710375e+00  2.83173299e+00 
 5.16376801e-10  2.66337894e+00  2.84834637e+00 
 5.17376801e-10  2.64670416e+00  2.86189865e+00 
 5.18376801e-10  2.63954598e+00  2.87286376e+00 
 5.19376801e-10  2.64149618e+00  2.88178428e+00 
 5.20376801e-10  2.65114551e+00  2.88907445e+00 
 5.21376801e-10  2.66684456e+00  2.89492279e+00 
 5.22376801e-10  2.68694742e+00  2.89922496e+00 
 5.23376801e-10  2.71027513e+00  2.90155074e+00 
 5.24376801e-10  2.73648133e+00  2.90067320e+00 
 5.25376801e-10  2.76507526e+00  2.89384588e+00 
 5.26376801e-10  2.79311940e+00  2.87996997e+00 
 5.27376801e-10  2.81527129e+00  2.86174514e+00 
 5.28376801e-10  2.82875589e+00  2.84244440e+00 
 5.29376801e-10  2.83527749e+00  2.82345460e+00 
 5.30376801e-10  2.83810042e+00  2.80427462e+00 
 5.31376801e-10  2.83922449e+00  2.78280148e+00 
 5.32376801e-10  2.83802554e+00  2.75622750e+00 
 5.33376801e-10  2.83619793e+00  2.72827532e+00 
 5.34376801e-10  2.83715610e+00  2.70712054e+00 
 5.35376801e-10  2.84146989e+00  2.69493155e+00 
 5.36376801e-10  2.84723563e+00  2.69046483e+00 
 5.37376801e-10  2.85115087e+00  2.69272735e+00 
 5.38376801e-10  2.85054659e+00  2.70070005e+00 
 5.39376801e-10  2.84269312e+00  2.71358856e+00 
 5.40376801e-10  2.82388061e+00  2.73040218e+00 
 5.41376801e-10  2.79435474e+00  2.74956580e+00 
 5.42376801e-10  2.76220699e+00  2.77009419e+00 
 5.43376801e-10  2.73449790e+00  2.79230050e+00 
 5.44376801e-10  2.70914806e+00  2.81476347e+00 
 5.45376801e-10  2.68334276e+00  2.83441253e+00 
 5.46376801e-10  2.66037675e+00  2.85055473e+00 
 5.47376801e-10  2.64506732e+00  2.86369635e+00 
 5.48376801e-10  2.63933402e+00  2.87432526e+00 
 5.49376801e-10  2.64253098e+00  2.88297990e+00 
 5.50376801e-10  2.65319037e+00  2.89004758e+00 
 5.51376801e-10  2.66964365e+00  2.89567757e+00 
 5.52376801e-10  2.69028249e+00  2.89971940e+00 
 5.53376801e-10  2.71404162e+00  2.90168087e+00 
 5.54376801e-10  2.74066382e+00  2.90010870e+00 
 5.55376801e-10  2.76943934e+00  2.89220299e+00 
 5.56376801e-10  2.79694096e+00  2.87745383e+00 
 5.57376801e-10  2.81784599e+00  2.85889676e+00 
 5.58376801e-10  2.83010110e+00  2.83960444e+00 
 5.59376801e-10  2.83586667e+00  2.82066023e+00 
 5.60376801e-10  2.83836581e+00  2.80131730e+00 
 5.61376801e-10  2.83923843e+00  2.77924195e+00 
 5.62376801e-10  2.83768932e+00  2.75197137e+00 
 5.63376801e-10  2.83614343e+00  2.72461869e+00 
 5.64376801e-10  2.83761383e+00  2.70482414e+00 
 5.65376801e-10  2.84234033e+00  2.69385650e+00 
 5.66376801e-10  2.84802156e+00  2.69045078e+00 
 5.67376801e-10  2.85141144e+00  2.69362485e+00 
 5.68376801e-10  2.84991292e+00  2.70237363e+00 
 5.69376801e-10  2.84066187e+00  2.71592366e+00 
 5.70376801e-10  2.82003935e+00  2.73319130e+00 
 5.71376801e-10  2.78948952e+00  2.75257954e+00 
 5.72376801e-10  2.75775434e+00  2.77333184e+00 
 5.73376801e-10  2.73072302e+00  2.79574065e+00 
 5.74376801e-10  2.70528456e+00  2.81796093e+00 
 5.75376801e-10  2.67960066e+00  2.83704522e+00 
 5.76376801e-10  2.65749630e+00  2.85270434e+00 
 5.77376801e-10  2.64358389e+00  2.86543064e+00 
 5.78376801e-10  2.63925724e+00  2.87573004e+00 
 5.79376801e-10  2.64366849e+00  2.88412699e+00 
 5.80376801e-10  2.65530275e+00  2.89097694e+00 
 5.81376801e-10  2.67247642e+00  2.89638686e+00 
 5.82376801e-10  2.69362953e+00  2.90015938e+00 
 5.83376801e-10  2.71782004e+00  2.90172860e+00 
 5.84376801e-10  2.74485183e+00  2.89938970e+00 
 5.85376801e-10  2.77374223e+00  2.89038756e+00 
 5.86376801e-10  2.80057693e+00  2.87483296e+00 
 5.87376801e-10  2.82019720e+00  2.85601624e+00 
 5.88376801e-10  2.83128428e+00  2.83675805e+00 
 5.89376801e-10  2.83637363e+00  2.81784310e+00 
 5.90376801e-10  2.83859078e+00  2.79828303e+00 
 5.91376801e-10  2.83917620e+00  2.77551771e+00 
 5.92376801e-10  2.83733694e+00  2.74765731e+00 
 5.93376801e-10  2.83613764e+00  2.72107823e+00 
 5.94376801e-10  2.83812628e+00  2.70266203e+00 
 5.95376801e-10  2.84321027e+00  2.69289144e+00 
 5.96376801e-10  2.84873430e+00  2.69053178e+00 
 5.97376801e-10  2.85153128e+00  2.69459952e+00 
 5.98376801e-10  2.84908294e+00  2.70411115e+00 
 5.99376801e-10  2.83833078e+00  2.71830538e+00 
 6.00376801e-10  2.81591061e+00  2.73599159e+00 
 6.01376801e-10  2.78454337e+00  2.75558886e+00 
 6.02376801e-10  2.75335361e+00  2.77658431e+00 
 6.03376801e-10  2.72689162e+00  2.79915489e+00 
 6.04376801e-10  2.70131516e+00  2.82105420e+00 
 6.05376801e-10  2.67583247e+00  2.83958228e+00 
 6.06376801e-10  2.65470379e+00  2.85477534e+00 
 6.07376801e-10  2.64222018e+00  2.86710296e+00 
 6.08376801e-10  2.63928403e+00  2.87708788e+00 
 6.09376801e-10  2.64487888e+00  2.88523705e+00 
 6.10376801e-10  2.65745327e+00  2.89187309e+00 
 6.11376801e-10  2.67531506e+00  2.89705943e+00 
 6.12376801e-10  2.69696401e+00  2.90055185e+00 
 6.13376801e-10  2.72158904e+00  2.90169342e+00 
 6.14376801e-10  2.74902244e+00  2.89851352e+00 
 6.15376801e-10  2.77794994e+00  2.88841077e+00 
 6.16376801e-10  2.80400730e+00  2.87212720e+00 
 6.17376801e-10  2.82232646e+00  2.85311029e+00 
 6.18376801e-10  2.83231513e+00  2.83390034e+00 
 6.19376801e-10  2.83680493e+00  2.81498931e+00 
 6.20376801e-10  2.83877211e+00  2.79514753e+00 
 6.21376801e-10  2.83902904e+00  2.77161829e+00 
 6.22376801e-10  2.83699180e+00  2.74334105e+00 
 6.23376801e-10  2.83619120e+00  2.71770241e+00 
 6.24376801e-10  2.83869568e+00  2.70066583e+00 
 6.25376801e-10  2.84406867e+00  2.69207129e+00 
 6.26376801e-10  2.84936714e+00  2.69073947e+00 
 6.27376801e-10  2.85153463e+00  2.69567822e+00 
 6.28376801e-10  2.84807911e+00  2.70593847e+00 
 6.29376801e-10  2.83573827e+00  2.72074951e+00 
 6.30376801e-10  2.81158157e+00  2.73881680e+00 
 6.31376801e-10  2.77962214e+00  2.75861263e+00 
 6.32376801e-10  2.74908684e+00  2.77986577e+00 
 6.33376801e-10  2.72307456e+00  2.80254360e+00 
 6.34376801e-10  2.69734650e+00  2.82405742e+00 
 6.35376801e-10  2.67217669e+00  2.84204713e+00 
 6.36376801e-10  2.65213838e+00  2.85678400e+00 
 6.37376801e-10  2.64109925e+00  2.86872565e+00 
 6.38376801e-10  2.63952916e+00  2.87840808e+00 
 6.39376801e-10  2.64627328e+00  2.88631682e+00 
 6.40376801e-10  2.65974943e+00  2.89274027e+00 
 6.41376801e-10  2.67826490e+00  2.89769740e+00 
 6.42376801e-10  2.70039066e+00  2.90089658e+00 
 6.43376801e-10  2.72544974e+00  2.90156714e+00 
 6.44376801e-10  2.75325762e+00  2.89747772e+00 
 6.45376801e-10  2.78211810e+00  2.88629723e+00 
 6.46376801e-10  2.80727224e+00  2.86937298e+00 
 6.47376801e-10  2.82427655e+00  2.85021616e+00 
 6.48376801e-10  2.83323403e+00  2.83106524e+00 
 6.49376801e-10  2.83719613e+00  2.81212714e+00 
 6.50376801e-10  2.83893001e+00  2.79194123e+00 
 6.51376801e-10  2.83881879e+00  2.76760291e+00 
 6.52376801e-10  2.83669330e+00  2.73911905e+00 
 6.53376801e-10  2.83633267e+00  2.71456156e+00 
 6.54376801e-10  2.83934819e+00  2.69888326e+00 
 6.55376801e-10  2.84493718e+00  2.69143612e+00 
 6.56376801e-10  2.84994227e+00  2.69110684e+00 
 6.57376801e-10  2.85142540e+00  2.69689242e+00 
 6.58376801e-10  2.84689009e+00  2.70788501e+00 
 6.59376801e-10  2.83287767e+00  2.72328225e+00 
 6.60376801e-10  2.80707709e+00  2.74169189e+00 
 6.61376801e-10  2.77477252e+00  2.76167826e+00 
 6.62376801e-10  2.74497730e+00  2.78319800e+00 
 6.63376801e-10  2.71930022e+00  2.80591468e+00 
 6.64376801e-10  2.69346117e+00  2.82697676e+00 
 6.65376801e-10  2.66872137e+00  2.84444203e+00 
 6.66376801e-10  2.64986565e+00  2.85873032e+00 
 6.67376801e-10  2.64027015e+00  2.87029809e+00 
 6.68376801e-10  2.64003297e+00  2.87968883e+00 
 6.69376801e-10  2.64788666e+00  2.88736335e+00 
 6.70376801e-10  2.66222198e+00  2.89357434e+00 
 6.71376801e-10  2.68135463e+00  2.89829553e+00 
 6.72376801e-10  2.70393833e+00  2.90118669e+00 
 6.73376801e-10  2.72942763e+00  2.90133540e+00 
 6.74376801e-10  2.75757168e+00  2.89627416e+00 
 6.75376801e-10  2.78624391e+00  2.88405113e+00 
 6.76376801e-10  2.81037287e+00  2.86657582e+00 
 6.77376801e-10  2.82605997e+00  2.84733273e+00 
 6.78376801e-10  2.83405491e+00  2.82824683e+00 
 6.79376801e-10  2.83754849e+00  2.80925629e+00 
 6.80376801e-10  2.83906290e+00  2.78866365e+00 
 6.81376801e-10  2.83855657e+00  2.76349291e+00 
 6.82376801e-10  2.83645557e+00  2.73502411e+00 
 6.83376801e-10  2.83656536e+00  2.71165965e+00 
 6.84376801e-10  2.84007868e+00  2.69730422e+00 
 6.85376801e-10  2.84580075e+00  2.69097865e+00 
 6.86376801e-10  2.85044702e+00  2.69162755e+00 
 6.87376801e-10  2.85119402e+00  2.69823796e+00 
 6.88376801e-10  2.84550207e+00  2.70994614e+00 
 6.89376801e-10  2.82975033e+00  2.72589639e+00 
 6.90376801e-10  2.80243188e+00  2.74461147e+00 
 6.91376801e-10  2.77000451e+00  2.76479004e+00 
 6.92376801e-10  2.74098086e+00  2.78657461e+00 
 6.93376801e-10  2.71550427e+00  2.80925585e+00 
 6.94376801e-10  2.68960132e+00  2.82981260e+00 
 6.95376801e-10  2.66540740e+00  2.84676727e+00 
 6.96376801e-10  2.64781343e+00  2.86061542e+00 
 6.97376801e-10  2.63965823e+00  2.87182148e+00 
 6.98376801e-10  2.64072256e+00  2.88093056e+00 
 6.99376801e-10  2.64964909e+00  2.88837635e+00 
 7.00376801e-10  2.66480426e+00  2.89437411e+00 
 7.01376801e-10  2.68452232e+00  2.89885173e+00 
 7.02376801e-10  2.70755144e+00  2.90141798e+00 
 7.03376801e-10  2.73346939e+00  2.90098645e+00 
 7.04376801e-10  2.76190553e+00  2.89490081e+00 
 7.05376801e-10  2.79026785e+00  2.88168242e+00 
 7.06376801e-10  2.81327695e+00  2.86373426e+00 
 7.07376801e-10  2.82766726e+00  2.84444454e+00 
 7.08376801e-10  2.83477482e+00  2.82542007e+00 
 7.09376801e-10  2.83785870e+00  2.80633698e+00 
 7.10376801e-10  2.83915110e+00  2.78525966e+00 
 7.11376801e-10  2.83823622e+00  2.75925619e+00 
 7.12376801e-10  2.83626343e+00  2.73102034e+00 
 7.13376801e-10  2.83686524e+00  2.70893578e+00 
 7.14376801e-10  2.84085708e+00  2.69587108e+00 
 7.15376801e-10  2.84663356e+00  2.69064807e+00 
 7.16376801e-10  2.85088334e+00  2.69225481e+00 
 7.17376801e-10  2.85086054e+00  2.69967120e+00 
 7.18376801e-10  2.84392884e+00  2.71207824e+00 
 7.19376801e-10  2.82638597e+00  2.72854813e+00 
 7.20376801e-10  2.79770868e+00  2.74753704e+00 
 7.21376801e-10  2.76538264e+00  2.76791687e+00 
 7.22376801e-10  2.73714811e+00  2.78995568e+00 
 7.23376801e-10  2.71178370e+00  2.81252824e+00 
 7.24376801e-10  2.68590706e+00  2.83255057e+00 
 7.25376801e-10  2.66238946e+00  2.84901119e+00 
 7.26376801e-10  2.64611835e+00  2.86243185e+00 
 7.27376801e-10  2.63939031e+00  2.87329112e+00 
 7.28376801e-10  2.64171990e+00  2.88212956e+00 
 7.29376801e-10  2.65167860e+00  2.88935224e+00 
 7.30376801e-10  2.66761045e+00  2.89513548e+00 
 7.31376801e-10  2.68787945e+00  2.89936120e+00 
 7.32376801e-10  2.71133963e+00  2.90158181e+00 
 7.33376801e-10  2.73767455e+00  2.90050494e+00 
 7.34376801e-10  2.76633149e+00  2.89335816e+00 
 7.35376801e-10  2.79423228e+00  2.87921812e+00 
 7.36376801e-10  2.81602352e+00  2.86088543e+00 
 7.37376801e-10  2.82913990e+00  2.84158319e+00 
 7.38376801e-10  2.83543012e+00  2.82260967e+00 
 7.39376801e-10  2.83815347e+00  2.80339035e+00 
 7.40376801e-10  2.83920814e+00  2.78174676e+00 
 7.41376801e-10  2.83790220e+00  2.75495308e+00 
 7.42376801e-10  2.83615296e+00  2.72716208e+00 
 7.43376801e-10  2.83726363e+00  2.70641371e+00 
 7.44376801e-10  2.84170504e+00  2.69459725e+00 
 7.45376801e-10  2.84745430e+00  2.69045271e+00 
 7.46376801e-10  2.85121870e+00  2.69299184e+00 
 7.47376801e-10  2.85035322e+00  2.70119938e+00 
 7.48376801e-10  2.84208811e+00  2.71428986e+00 
 7.49376801e-10  2.82272977e+00  2.73124432e+00 
 7.50376801e-10  2.79287350e+00  2.75047850e+00 
 7.51376801e-10  2.76083209e+00  2.77107262e+00 
 7.52376801e-10  2.73333105e+00  2.79334274e+00 
 7.53376801e-10  2.70795251e+00  2.81573664e+00 
 7.54376801e-10  2.68216759e+00  2.83521045e+00 
 7.55376801e-10  2.65944572e+00  2.85119119e+00 
 7.56376801e-10  2.64455057e+00  2.86419643e+00 
 7.57376801e-10  2.63924193e+00  2.87472214e+00 
 7.58376801e-10  2.64280877e+00  2.88329940e+00 
 7.59376801e-10  2.65376717e+00  2.89030335e+00 
 7.60376801e-10  2.67044280e+00  2.89586966e+00 
 7.61376801e-10  2.69124041e+00  2.89983399e+00 
 7.62376801e-10  2.71513095e+00  2.90168337e+00 
 7.63376801e-10  2.74187871e+00  2.89989119e+00 
 7.64376801e-10  2.77069869e+00  2.89165872e+00 
 7.65376801e-10  2.79801684e+00  2.87665918e+00 
 7.66376801e-10  2.81854336e+00  2.85801549e+00 
 7.67376801e-10  2.83044425e+00  2.83873019e+00 
 7.68376801e-10  2.83600076e+00  2.81979581e+00 
 7.69376801e-10  2.83841253e+00  2.80039206e+00 
 7.70376801e-10  2.83920243e+00  2.77811018e+00 
 7.71376801e-10  2.83755450e+00  2.75063476e+00 
 7.72376801e-10  2.83610654e+00  2.72349236e+00 
 7.73376801e-10  2.83773353e+00  2.70411374e+00 
 7.74376801e-10  2.84257485e+00  2.69351322e+00 
 7.75376801e-10  2.84821801e+00  2.69042779e+00 
 7.76376801e-10  2.85142481e+00  2.69387660e+00 
 7.77376801e-10  2.84964147e+00  2.70285939e+00 
 7.78376801e-10  2.83994912e+00  2.71660831e+00 
 7.79376801e-10  2.81878333e+00  2.73400866e+00 
 7.80376801e-10  2.78796009e+00  2.75346371e+00 
 7.81376801e-10  2.75636624e+00  2.77428895e+00 
 7.82376801e-10  2.72950472e+00  2.79675365e+00 
 7.83376801e-10  2.70401858e+00  2.81888338e+00 
 7.84376801e-10  2.67837245e+00  2.83779952e+00 
 7.85376801e-10  2.65654539e+00  2.85332012e+00 
 7.86376801e-10  2.64306277e+00  2.86592692e+00 
 7.87376801e-10  2.63915913e+00  2.87613155e+00 
 7.88376801e-10  2.64393200e+00  2.88445406e+00 
 7.89376801e-10  2.65585537e+00  2.89124026e+00 
 7.90376801e-10  2.67324223e+00  2.89658416e+00 
 7.91376801e-10  2.69454922e+00  2.90027487e+00 
 7.92376801e-10  2.71887350e+00  2.90172093e+00 
 7.93376801e-10  2.74603331e+00  2.89913777e+00 
 7.94376801e-10  2.77495174e+00  2.88980236e+00 
 7.95376801e-10  2.80157593e+00  2.87402025e+00 
 7.96376801e-10  2.82081827e+00  2.85513823e+00 
 7.97376801e-10  2.83157635e+00  2.83589481e+00 
 7.98376801e-10  2.83648268e+00  2.81698608e+00 
 7.99376801e-10  2.83862465e+00  2.79735182e+00 
 8.00376801e-10  2.83911894e+00  2.77437102e+00 
 8.01376801e-10  2.83721258e+00  2.74637370e+00 
 8.02376801e-10  2.83612786e+00  2.72006390e+00 
 8.03376801e-10  2.83826931e+00  2.70206454e+00 
 8.04376801e-10  2.84344519e+00  2.69265221e+00 
 8.05376801e-10  2.84890956e+00  2.69060404e+00 
 8.06376801e-10  2.85152360e+00  2.69493508e+00 
 8.07376801e-10  2.84877890e+00  2.70467232e+00 
 8.08376801e-10  2.83755796e+00  2.71905420e+00 
 8.09376801e-10  2.81460946e+00  2.73685866e+00 
 8.10376801e-10  2.78304408e+00  2.75651634e+00 
 8.11376801e-10  2.75204213e+00  2.77758786e+00 
 8.12376801e-10  2.72572320e+00  2.80019404e+00 
 8.13376801e-10  2.70009087e+00  2.82197868e+00 
 8.14376801e-10  2.67468402e+00  2.84033712e+00 
 8.15376801e-10  2.65386931e+00  2.85538746e+00 
 8.16376801e-10  2.64181831e+00  2.86759444e+00 
 8.17376801e-10  2.63929572e+00  2.87748511e+00 
 8.18376801e-10  2.64524030e+00  2.88556004e+00 
 8.19376801e-10  2.65809078e+00  2.89213141e+00 
 8.20376801e-10  2.67615375e+00  2.89724933e+00 
 8.21376801e-10  2.69794897e+00  2.90065562e+00 
 8.22376801e-10  2.72270546e+00  2.90166189e+00 
 8.23376801e-10  2.75025542e+00  2.89821746e+00 
 8.24376801e-10  2.77917614e+00  2.88778937e+00 
 8.25376801e-10  2.80497834e+00  2.87130465e+00 
 8.26376801e-10  2.82290722e+00  2.85224044e+00 
 8.27376801e-10  2.83258196e+00  2.83304896e+00 
 8.28376801e-10  2.83690724e+00  2.81413754e+00 
 8.29376801e-10  2.83880563e+00  2.79420578e+00 
 8.30376801e-10  2.83896013e+00  2.77044772e+00 
 8.31376801e-10  2.83688860e+00  2.74209524e+00 
 8.32376801e-10  2.83621677e+00  2.71677012e+00 
 8.33376801e-10  2.83887443e+00  2.70014353e+00 
 8.34376801e-10  2.84431938e+00  2.69189549e+00 
 8.35376801e-10  2.84953680e+00  2.69086600e+00 
 8.36376801e-10  2.85150415e+00  2.69606005e+00 
 8.37376801e-10  2.84773147e+00  2.70654072e+00 
 8.38376801e-10  2.83489641e+00  2.72153015e+00 
 8.39376801e-10  2.81023611e+00  2.73970348e+00 
 8.40376801e-10  2.77814986e+00  2.75955658e+00 
 8.41376801e-10  2.74783072e+00  2.78088809e+00 
 8.42376801e-10  2.72192650e+00  2.80358046e+00 
 8.43376801e-10  2.69615141e+00  2.82495728e+00 
 8.44376801e-10  2.67109205e+00  2.84278080e+00 
 8.45376801e-10  2.65139709e+00  2.85737675e+00 
 8.46376801e-10  2.64079099e+00  2.86920115e+00 
 8.47376801e-10  2.63962462e+00  2.87879254e+00 
 8.48376801e-10  2.64670649e+00  2.88662890e+00 
 8.49376801e-10  2.66044579e+00  2.89298780e+00 
 8.50376801e-10  2.67915111e+00  2.89787464e+00 
 8.51376801e-10  2.70141686e+00  2.90098360e+00 
 8.52376801e-10  2.72660596e+00  2.90150457e+00 
 8.53376801e-10  2.75451955e+00  2.89713106e+00 
 8.54376801e-10  2.78333752e+00  2.88563415e+00 
 8.55376801e-10  2.80819654e+00  2.86853729e+00 
 8.56376801e-10  2.82480743e+00  2.84935210e+00 
 8.57376801e-10  2.83347097e+00  2.83022375e+00 
 8.58376801e-10  2.83728785e+00  2.81127876e+00 
 8.59376801e-10  2.83895757e+00  2.79098731e+00 
 8.60376801e-10  2.83873594e+00  2.76641588e+00 
 8.61376801e-10  2.83661085e+00  2.73792529e+00 
 8.62376801e-10  2.83638900e+00  2.71371740e+00 
 8.63376801e-10  2.83955335e+00  2.69843762e+00 
 8.64376801e-10  2.84518857e+00  2.69132779e+00 
 8.65376801e-10  2.85009243e+00  2.69129254e+00 
 8.66376801e-10  2.85136000e+00  2.69732574e+00 
 8.67376801e-10  2.84648561e+00  2.70853296e+00 
 8.68376801e-10  2.83195769e+00  2.72409811e+00 
 8.69376801e-10  2.80568911e+00  2.74260181e+00 
 8.70376801e-10  2.77332849e+00  2.76264445e+00 
 8.71376801e-10  2.74376393e+00  2.78424221e+00 
 8.72376801e-10  2.71815299e+00  2.80694945e+00 
 8.73376801e-10  2.69227809e+00  2.82785442e+00 
 8.74376801e-10  2.66768231e+00  2.84515602e+00 
 8.75376801e-10  2.64919465e+00  2.85930469e+00 
 8.76376801e-10  2.64003115e+00  2.87075816e+00 
 8.77376801e-10  2.64018796e+00  2.88006050e+00 
 8.78376801e-10  2.64836806e+00  2.88766410e+00 
 8.79376801e-10  2.66295444e+00  2.89381027e+00 
 8.80376801e-10  2.68226695e+00  2.89845899e+00 
 8.81376801e-10  2.70498617e+00  2.90125546e+00 
 8.82376801e-10  2.73060499e+00  2.90123806e+00 
 8.83376801e-10  2.75884240e+00  2.89587577e+00 
 8.84376801e-10  2.78743556e+00  2.88334949e+00 
 8.85376801e-10  2.81124003e+00  2.86572526e+00 
 8.86376801e-10  2.82653752e+00  2.84646544e+00 
 8.87376801e-10  2.83425996e+00  2.82740105e+00 
 8.88376801e-10  2.83762608e+00  2.80839198e+00 
 8.89376801e-10  2.83907693e+00  2.78767101e+00 
 8.90376801e-10  2.83845385e+00  2.76226242e+00 
 8.91376801e-10  2.83638431e+00  2.73385000e+00 
 8.92376801e-10  2.83664011e+00  2.71086302e+00 
 8.93376801e-10  2.84029900e+00  2.69689744e+00 
 8.94376801e-10  2.84604569e+00  2.69090326e+00 
 8.95376801e-10  2.85057237e+00  2.69183997e+00 
 8.96376801e-10  2.85108786e+00  2.69869296e+00 
 8.97376801e-10  2.84503168e+00  2.71061176e+00 
 8.98376801e-10  2.82874721e+00  2.72672062e+00 
 8.99376801e-10  2.80100454e+00  2.74552024e+00 
 9.00376801e-10  2.76858660e+00  2.76575739e+00 
 9.01376801e-10  2.73979599e+00  2.78761795e+00 
 9.02376801e-10  2.71434873e+00  2.81026790e+00 
 9.03376801e-10  2.68843114e+00  2.83065711e+00 
 9.04376801e-10  2.66441967e+00  2.84745437e+00 
 9.05376801e-10  2.64721569e+00  2.86116733e+00 
 9.06376801e-10  2.63949078e+00  2.87226400e+00 
 9.07376801e-10  2.64093961e+00  2.88128838e+00 
 9.08376801e-10  2.65018164e+00  2.88866528e+00 
 9.09376801e-10  2.66557611e+00  2.89459814e+00 
 9.10376801e-10  2.68546476e+00  2.89900105e+00 
 9.11376801e-10  2.70862626e+00  2.90146666e+00 
 9.12376801e-10  2.73467233e+00  2.90084990e+00 
 9.13376801e-10  2.76318566e+00  2.89444977e+00 
 9.14376801e-10  2.79142924e+00  2.88094552e+00 
 9.15376801e-10  2.81408699e+00  2.86287372e+00 
 9.16376801e-10  2.82809603e+00  2.84357880e+00 
 9.17376801e-10  2.83495370e+00  2.82457393e+00 
 9.18376801e-10  2.83792647e+00  2.80545969e+00 
 9.19376801e-10  2.83915236e+00  2.78423098e+00 
 9.20376801e-10  2.83812620e+00  2.75800230e+00 
 9.21376801e-10  2.83621517e+00  2.72989055e+00 
 9.22376801e-10  2.83696739e+00  2.70820401e+00 
 9.23376801e-10  2.84109581e+00  2.69551751e+00 
 9.24376801e-10  2.84687215e+00  2.69061906e+00 
 9.25376801e-10  2.85098246e+00  2.69250593e+00 
 9.26376801e-10  2.85070941e+00  2.70015971e+00 
 9.27376801e-10  2.84338602e+00  2.71277205e+00 
 9.28376801e-10  2.82530031e+00  2.72938977e+00 
 9.29376801e-10  2.79625171e+00  2.74845405e+00 
 9.30376801e-10  2.76399486e+00  2.76889582e+00 
 9.31376801e-10  2.73598239e+00  2.79100412e+00 
 9.32376801e-10  2.71060936e+00  2.81352337e+00 
 9.33376801e-10  2.68474536e+00  2.83337174e+00 
 9.34376801e-10  2.66145121e+00  2.84967832e+00 
 9.35376801e-10  2.64558777e+00  2.86296693e+00 
 9.36376801e-10  2.63928746e+00  2.87372075e+00 
 9.37376801e-10  2.64199261e+00  2.88247737e+00 
 9.38376801e-10  2.65225645e+00  2.88963253e+00 
 9.39376801e-10  2.66841676e+00  2.89535023e+00 
 9.40376801e-10  2.68884837e+00  2.89949859e+00 
 9.41376801e-10  2.71243912e+00  2.90161167e+00 
 9.42376801e-10  2.73890016e+00  2.90032902e+00 
 9.43376801e-10  2.76761476e+00  2.89285879e+00 
 9.44376801e-10  2.79535630e+00  2.87845365e+00 
 9.45376801e-10  2.81677566e+00  2.86002104e+00 
 9.46376801e-10  2.82952387e+00  2.84072317e+00 
 9.47376801e-10  2.83558752e+00  2.82176631e+00 
 9.48376801e-10  2.83821443e+00  2.80250261e+00 
 9.49376801e-10  2.83919588e+00  2.78068548e+00 
 9.50376801e-10  2.83778636e+00  2.75368808e+00 
 9.51376801e-10  2.83612226e+00  2.72607808e+00 
 9.52376801e-10  2.83738721e+00  2.70573888e+00 
 9.53376801e-10  2.84195366e+00  2.69428981e+00 
 9.54376801e-10  2.84767909e+00  2.69046400e+00 
 9.55376801e-10  2.85128656e+00  2.69327692e+00 
 9.56376801e-10  2.85014827e+00  2.70171818e+00 
 9.57376801e-10  2.84146652e+00  2.71500655e+00 
 9.58376801e-10  2.82156699e+00  2.73209801e+00 
 9.59376801e-10  2.79140597e+00  2.75139945e+00 
 9.60376801e-10  2.75949123e+00  2.77206085e+00 
 9.61376801e-10  2.73219352e+00  2.79439048e+00 
 9.62376801e-10  2.70678268e+00  2.81670714e+00 
 9.63376801e-10  2.68102703e+00  2.83600516e+00 
 9.64376801e-10  2.65855867e+00  2.85183654e+00 
 9.65376801e-10  2.64408086e+00  2.86471403e+00 
 9.66376801e-10  2.63919414e+00  2.87513861e+00 
 9.67376801e-10  2.64312605e+00  2.88363703e+00 
 9.68376801e-10  2.65437813e+00  2.89057477e+00 
 9.69376801e-10  2.67127114e+00  2.89607478e+00 
 9.70376801e-10  2.69222395e+00  2.89995883e+00 
 9.71376801e-10  2.71624424e+00  2.90169214e+00 
 9.72376801e-10  2.74311513e+00  2.89967242e+00 
 9.73376801e-10  2.77197069e+00  2.89111213e+00 
 9.74376801e-10  2.79908955e+00  2.87587186e+00 
 9.75376801e-10  2.81923202e+00  2.85715256e+00 
 9.76376801e-10  2.83078310e+00  2.83787991e+00 
 9.77376801e-10  2.83613695e+00  2.81895843e+00 
 9.78376801e-10  2.83846507e+00  2.79949721e+00 
 9.79376801e-10  2.83917329e+00  2.77702369e+00 
 9.80376801e-10  2.83744423e+00  2.74938776e+00 
 9.81376801e-10  2.83610155e+00  2.72248250e+00 
 9.82376801e-10  2.83788360e+00  2.70351658e+00 
 9.83376801e-10  2.84283250e+00  2.69327273e+00 
 9.84376801e-10  2.84842896e+00  2.69049863e+00 
 9.85376801e-10  2.85146289e+00  2.69421312e+00 
 9.86376801e-10  2.84939699e+00  2.70342272e+00 
 9.87376801e-10  2.83925220e+00  2.71736436e+00 
 9.88376801e-10  2.81754312e+00  2.73488904e+00 
 9.89376801e-10  2.78647631e+00  2.75440564e+00 
 9.90376801e-10  2.75505305e+00  2.77530269e+00 
 9.91376801e-10  2.72836675e+00  2.79781232e+00 
 9.92376801e-10  2.70283288e+00  2.81983865e+00 
 9.93376801e-10  2.67724241e+00  2.83857767e+00 
 9.94376801e-10  2.65570427e+00  2.85394944e+00 
 9.95376801e-10  2.64264815e+00  2.86643025e+00 
 9.96376801e-10  2.63916110e+00  2.87653634e+00 
 9.97376801e-10  2.64428938e+00  2.88478186e+00 
 9.98376801e-10  2.65649545e+00  2.89150229e+00 
 9.99188401e-10  2.67049545e+00  2.89582182e+00 
 1.00000000e-09  2.68721046e+00  2.89908019e+00 
