 time            v(detp)         v(detn)        
 0.00000000e+00  2.81974012e+00  2.81974028e+00 
 1.00000000e-14  2.81978942e+00  2.81972291e+00 
 2.00000000e-14  2.81981968e+00  2.81970723e+00 
 4.00000000e-14  2.81985246e+00  2.81967203e+00 
 8.00000000e-14  2.81985889e+00  2.81958552e+00 
 1.60000000e-13  2.81985447e+00  2.81940076e+00 
 3.20000000e-13  2.81988118e+00  2.81912054e+00 
 6.40000000e-13  2.81977464e+00  2.81893390e+00 
 1.28000000e-12  2.81831199e+00  2.81978676e+00 
 2.28000000e-12  2.81292676e+00  2.82410962e+00 
 3.23018782e-12  2.80504602e+00  2.83136174e+00 
 4.23018782e-12  2.79476615e+00  2.84175791e+00 
 5.23018782e-12  2.78313121e+00  2.85398385e+00 
 6.23018782e-12  2.77041836e+00  2.86669667e+00 
 7.23018782e-12  2.75688482e+00  2.87867681e+00 
 8.23018782e-12  2.74316737e+00  2.88921776e+00 
 9.23018782e-12  2.73024208e+00  2.89812669e+00 
 1.02301878e-11  2.71917515e+00  2.90551064e+00 
 1.12301878e-11  2.71091602e+00  2.91157605e+00 
 1.22301878e-11  2.70606453e+00  2.91647167e+00 
 1.32301878e-11  2.70493862e+00  2.92019898e+00 
 1.42301878e-11  2.70768463e+00  2.92250266e+00 
 1.52301878e-11  2.71437468e+00  2.92281268e+00 
 1.62301878e-11  2.72504844e+00  2.92043914e+00 
 1.72301878e-11  2.73962616e+00  2.91501097e+00 
 1.82301878e-11  2.75764810e+00  2.90677309e+00 
 1.92301878e-11  2.77787007e+00  2.89651217e+00 
 2.02301878e-11  2.79795226e+00  2.88528825e+00 
 2.12301878e-11  2.81510724e+00  2.87404276e+00 
 2.22301878e-11  2.82784192e+00  2.86312207e+00 
 2.32301878e-11  2.83645631e+00  2.85222980e+00 
 2.42301878e-11  2.84195083e+00  2.84078787e+00 
 2.52301878e-11  2.84507343e+00  2.82820826e+00 
 2.62301878e-11  2.84601130e+00  2.81412039e+00 
 2.72301878e-11  2.84478322e+00  2.79901279e+00 
 2.82301878e-11  2.84187029e+00  2.78474009e+00 
 2.92301878e-11  2.83761545e+00  2.77339862e+00 
 3.02301878e-11  2.83146043e+00  2.76614941e+00 
 3.12301878e-11  2.82224483e+00  2.76328370e+00 
 3.22301878e-11  2.80908228e+00  2.76464722e+00 
 3.32301878e-11  2.79249242e+00  2.76998713e+00 
 3.42301878e-11  2.77466955e+00  2.77914274e+00 
 3.52301878e-11  2.75841850e+00  2.79199021e+00 
 3.62301878e-11  2.74538595e+00  2.80794220e+00 
 3.72301878e-11  2.73520590e+00  2.82531413e+00 
 3.82301878e-11  2.72662827e+00  2.84185581e+00 
 3.92301878e-11  2.71908368e+00  2.85608729e+00 
 4.02301878e-11  2.71288368e+00  2.86762401e+00 
 4.12301878e-11  2.70875190e+00  2.87670298e+00 
 4.22301878e-11  2.70730343e+00  2.88368886e+00 
 4.32301878e-11  2.70892375e+00  2.88882485e+00 
 4.42301878e-11  2.71382743e+00  2.89209974e+00 
 4.52301878e-11  2.72212165e+00  2.89318014e+00 
 4.62301878e-11  2.73379380e+00  2.89155717e+00 
 4.72301878e-11  2.74856123e+00  2.88695140e+00 
 4.82301878e-11  2.76555863e+00  2.87965694e+00 
 4.92301878e-11  2.78306354e+00  2.87051455e+00 
 5.02301878e-11  2.79888680e+00  2.86051221e+00 
 5.12301878e-11  2.81155952e+00  2.85026419e+00 
 5.22301878e-11  2.82090948e+00  2.83981885e+00 
 5.32301878e-11  2.82750603e+00  2.82884950e+00 
 5.42301878e-11  2.83194570e+00  2.81687102e+00 
 5.52301878e-11  2.83445875e+00  2.80340786e+00 
 5.62301878e-11  2.83497434e+00  2.78845788e+00 
 5.72301878e-11  2.83376004e+00  2.77331952e+00 
 5.82301878e-11  2.83138152e+00  2.76020273e+00 
 5.92301878e-11  2.82791003e+00  2.75077545e+00 
 6.02301878e-11  2.82248748e+00  2.74568452e+00 
 6.12301878e-11  2.81371073e+00  2.74489303e+00 
 6.22301878e-11  2.80076389e+00  2.74807344e+00 
 6.32301878e-11  2.78438824e+00  2.75496563e+00 
 6.42301878e-11  2.76700657e+00  2.76554471e+00 
 6.52301878e-11  2.75161978e+00  2.77976375e+00 
 6.62301878e-11  2.73992854e+00  2.79693769e+00 
 6.72301878e-11  2.73145829e+00  2.81521799e+00 
 6.82301878e-11  2.72484509e+00  2.83230786e+00 
 6.92301878e-11  2.71945605e+00  2.84680971e+00 
 7.02301878e-11  2.71548777e+00  2.85845020e+00 
 7.12301878e-11  2.71344291e+00  2.86753640e+00 
 7.22301878e-11  2.71382556e+00  2.87448442e+00 
 7.32301878e-11  2.71701092e+00  2.87957109e+00 
 7.42301878e-11  2.72317605e+00  2.88278892e+00 
 7.52301878e-11  2.73236745e+00  2.88381121e+00 
 7.62301878e-11  2.74445270e+00  2.88217584e+00 
 7.72301878e-11  2.75892776e+00  2.87770313e+00 
 7.82301878e-11  2.77465589e+00  2.87079608e+00 
 7.92301878e-11  2.78992377e+00  2.86230480e+00 
 8.02301878e-11  2.80316229e+00  2.85305697e+00 
 8.12301878e-11  2.81368964e+00  2.84347688e+00 
 8.22301878e-11  2.82165686e+00  2.83356562e+00 
 8.32301878e-11  2.82754871e+00  2.82305930e+00 
 8.42301878e-11  2.83176865e+00  2.81155446e+00 
 8.52301878e-11  2.83440223e+00  2.79865437e+00 
 8.62301878e-11  2.83527959e+00  2.78442971e+00 
 8.72301878e-11  2.83457641e+00  2.77018181e+00 
 8.82301878e-11  2.83283749e+00  2.75805319e+00 
 8.92301878e-11  2.82996345e+00  2.74958849e+00 
 9.02301878e-11  2.82499876e+00  2.74522446e+00 
 9.12301878e-11  2.81665706e+00  2.74470017e+00 
 9.22301878e-11  2.80412742e+00  2.74792724e+00 
 9.32301878e-11  2.78833500e+00  2.75506546e+00 
 9.42301878e-11  2.77193541e+00  2.76621192e+00 
 9.52301878e-11  2.75764795e+00  2.78116036e+00 
 9.62301878e-11  2.74653656e+00  2.79878832e+00 
 9.72301878e-11  2.73796306e+00  2.81678947e+00 
 9.82301878e-11  2.73098566e+00  2.83303657e+00 
 9.92301878e-11  2.72545653e+00  2.84658515e+00 
 1.00230188e-10  2.72176375e+00  2.85740680e+00 
 1.01230188e-10  2.72031030e+00  2.86586771e+00 
 1.02230188e-10  2.72138191e+00  2.87235132e+00 
 1.03230188e-10  2.72517892e+00  2.87707593e+00 
 1.04230188e-10  2.73183562e+00  2.87998525e+00 
 1.05230188e-10  2.74132373e+00  2.88071055e+00 
 1.06230188e-10  2.75338901e+00  2.87880938e+00 
 1.07230188e-10  2.76735759e+00  2.87419287e+00 
 1.08230188e-10  2.78198852e+00  2.86734527e+00 
 1.09230188e-10  2.79574889e+00  2.85909215e+00 
 1.10230188e-10  2.80750232e+00  2.85014213e+00 
 1.11230188e-10  2.81688853e+00  2.84082551e+00 
 1.12230188e-10  2.82412040e+00  2.83112189e+00 
 1.13230188e-10  2.82959972e+00  2.82077973e+00 
 1.14230188e-10  2.83361492e+00  2.80940909e+00 
 1.15230188e-10  2.83614053e+00  2.79663781e+00 
 1.16230188e-10  2.83704232e+00  2.78264715e+00 
 1.17230188e-10  2.83660255e+00  2.76885570e+00 
 1.18230188e-10  2.83524000e+00  2.75732226e+00 
 1.19230188e-10  2.83281814e+00  2.74925808e+00 
 1.20230188e-10  2.82828119e+00  2.74483443e+00 
 1.21230188e-10  2.81988061e+00  2.74428371e+00 
 1.22230188e-10  2.80709349e+00  2.74786502e+00 
 1.23230188e-10  2.79145140e+00  2.75563452e+00 
 1.24230188e-10  2.77583769e+00  2.76751552e+00 
 1.25230188e-10  2.76268994e+00  2.78314379e+00 
 1.26230188e-10  2.75240308e+00  2.80117785e+00 
 1.27230188e-10  2.74391819e+00  2.81912535e+00 
 1.28230188e-10  2.73662284e+00  2.83488891e+00 
 1.29230188e-10  2.73077216e+00  2.84782258e+00 
 1.30230188e-10  2.72702461e+00  2.85809407e+00 
 1.31230188e-10  2.72579621e+00  2.86611256e+00 
 1.32230188e-10  2.72725089e+00  2.87224746e+00 
 1.33230188e-10  2.73144155e+00  2.87667411e+00 
 1.34230188e-10  2.73840832e+00  2.87928453e+00 
 1.35230188e-10  2.74807315e+00  2.87968409e+00 
 1.36230188e-10  2.76008739e+00  2.87746089e+00 
 1.37230188e-10  2.77366679e+00  2.87261012e+00 
 1.38230188e-10  2.78754608e+00  2.86567559e+00 
 1.39230188e-10  2.80035630e+00  2.85745551e+00 
 1.40230188e-10  2.81121137e+00  2.84857842e+00 
 1.41230188e-10  2.81989926e+00  2.83931192e+00 
 1.42230188e-10  2.82664687e+00  2.82960598e+00 
 1.43230188e-10  2.83179803e+00  2.81919091e+00 
 1.44230188e-10  2.83554674e+00  2.80765984e+00 
 1.45230188e-10  2.83784294e+00  2.79468712e+00 
 1.46230188e-10  2.83864328e+00  2.78062049e+00 
 1.47230188e-10  2.83826573e+00  2.76703252e+00 
 1.48230188e-10  2.83715901e+00  2.75580247e+00 
 1.49230188e-10  2.83506686e+00  2.74779696e+00 
 1.50230188e-10  2.83028524e+00  2.74354033e+00 
 1.51230188e-10  2.82119504e+00  2.74348700e+00 
 1.52230188e-10  2.80783995e+00  2.74775109e+00 
 1.53230188e-10  2.79215336e+00  2.75624461e+00 
 1.54230188e-10  2.77712695e+00  2.76883313e+00 
 1.55230188e-10  2.76494010e+00  2.78506376e+00 
 1.56230188e-10  2.75548899e+00  2.80342587e+00 
 1.57230188e-10  2.74735622e+00  2.82137110e+00 
 1.58230188e-10  2.74007602e+00  2.83686478e+00 
 1.59230188e-10  2.73417967e+00  2.84942076e+00 
 1.60230188e-10  2.73050769e+00  2.85933582e+00 
 1.61230188e-10  2.72951888e+00  2.86705051e+00 
 1.62230188e-10  2.73131267e+00  2.87292422e+00 
 1.63230188e-10  2.73586587e+00  2.87710121e+00 
 1.64230188e-10  2.74313959e+00  2.87942759e+00 
 1.65230188e-10  2.75301049e+00  2.87949035e+00 
 1.66230188e-10  2.76505780e+00  2.87691759e+00 
 1.67230188e-10  2.77841827e+00  2.87178587e+00 
 1.68230188e-10  2.79182121e+00  2.86468939e+00 
 1.69230188e-10  2.80401664e+00  2.85640382e+00 
 1.70230188e-10  2.81427647e+00  2.84749536e+00 
 1.71230188e-10  2.82247828e+00  2.83817737e+00 
 1.72230188e-10  2.82885838e+00  2.82836316e+00 
 1.73230188e-10  2.83371731e+00  2.81775200e+00 
 1.74230188e-10  2.83718754e+00  2.80592266e+00 
 1.75230188e-10  2.83923605e+00  2.79261615e+00 
 1.76230188e-10  2.83984820e+00  2.77836879e+00 
 1.77230188e-10  2.83944858e+00  2.76489826e+00 
 1.78230188e-10  2.83851770e+00  2.75384425e+00 
 1.79230188e-10  2.83633288e+00  2.74607452e+00 
 1.80230188e-10  2.83092798e+00  2.74232125e+00 
 1.81230188e-10  2.82105113e+00  2.74293693e+00 
 1.82230188e-10  2.80712730e+00  2.74790406e+00 
 1.83230188e-10  2.79138326e+00  2.75708866e+00 
 1.84230188e-10  2.77686298e+00  2.77034444e+00 
 1.85230188e-10  2.76547185e+00  2.78713240e+00 
 1.86230188e-10  2.75669507e+00  2.80577346e+00 
 1.87230188e-10  2.74891631e+00  2.82368240e+00 
 1.88230188e-10  2.74179488e+00  2.83893773e+00 
 1.89230188e-10  2.73604689e+00  2.85118804e+00 
 1.90230188e-10  2.73260346e+00  2.86081537e+00 
 1.91230188e-10  2.73193146e+00  2.86827833e+00 
 1.92230188e-10  2.73408906e+00  2.87392310e+00 
 1.93230188e-10  2.73901158e+00  2.87786230e+00 
 1.94230188e-10  2.74661697e+00  2.87990016e+00 
 1.95230188e-10  2.75673963e+00  2.87961003e+00 
 1.96230188e-10  2.76889608e+00  2.87666735e+00 
 1.97230188e-10  2.78215630e+00  2.87122967e+00 
 1.98230188e-10  2.79524503e+00  2.86393702e+00 
 1.99230188e-10  2.80700419e+00  2.85554287e+00 
 2.00230188e-10  2.81682163e+00  2.84655746e+00 
 2.01230188e-10  2.82464324e+00  2.83714244e+00 
 2.02230188e-10  2.83071587e+00  2.82717155e+00 
 2.03230188e-10  2.83530408e+00  2.81631013e+00 
 2.04230188e-10  2.83851211e+00  2.80413408e+00 
 2.05230188e-10  2.84028942e+00  2.79046052e+00 
 2.06230188e-10  2.84068119e+00  2.77604379e+00 
 2.07230188e-10  2.84023184e+00  2.76270138e+00 
 2.08230188e-10  2.83932486e+00  2.75189115e+00 
 2.09230188e-10  2.83677774e+00  2.74456119e+00 
 2.10230188e-10  2.83065258e+00  2.74143273e+00 
 2.11230188e-10  2.81999476e+00  2.74273709e+00 
 2.12230188e-10  2.80555017e+00  2.74838352e+00 
 2.13230188e-10  2.78978669e+00  2.75822999e+00 
 2.14230188e-10  2.77574224e+00  2.77212321e+00 
 2.15230188e-10  2.76501795e+00  2.78942387e+00 
 2.16230188e-10  2.75673983e+00  2.80828099e+00 
 2.17230188e-10  2.74922950e+00  2.82608456e+00 
 2.18230188e-10  2.74231062e+00  2.84106145e+00 
 2.19230188e-10  2.73681768e+00  2.85301103e+00 
 2.20230188e-10  2.73371208e+00  2.86236628e+00 
 2.21230188e-10  2.73342307e+00  2.86959022e+00 
 2.22230188e-10  2.73597480e+00  2.87501128e+00 
 2.23230188e-10  2.74128175e+00  2.87870721e+00 
 2.24230188e-10  2.74924206e+00  2.88044219e+00 
 2.25230188e-10  2.75965258e+00  2.87978182e+00 
 2.26230188e-10  2.77196901e+00  2.87645578e+00 
 2.27230188e-10  2.78519890e+00  2.87070242e+00 
 2.28230188e-10  2.79806276e+00  2.86320143e+00 
 2.29230188e-10  2.80948018e+00  2.85468192e+00 
 2.30230188e-10  2.81893521e+00  2.84560103e+00 
 2.31230188e-10  2.82643387e+00  2.83607011e+00 
 2.32230188e-10  2.83223408e+00  2.82592292e+00 
 2.33230188e-10  2.83657081e+00  2.81479335e+00 
 2.34230188e-10  2.83952409e+00  2.80226180e+00 
 2.35230188e-10  2.84101991e+00  2.78824269e+00 
 2.36230188e-10  2.84119087e+00  2.77372309e+00 
 2.37230188e-10  2.84067246e+00  2.76057334e+00 
 2.38230188e-10  2.83965419e+00  2.75012388e+00 
 2.39230188e-10  2.83664710e+00  2.74334847e+00 
 2.40230188e-10  2.82981304e+00  2.74087868e+00 
 2.41230188e-10  2.81842588e+00  2.74285820e+00 
 2.42230188e-10  2.80353218e+00  2.74916145e+00 
 2.43230188e-10  2.78781307e+00  2.75965078e+00 
 2.44230188e-10  2.77424859e+00  2.77415745e+00 
 2.45230188e-10  2.76410447e+00  2.79192116e+00 
 2.46230188e-10  2.75618940e+00  2.81091836e+00 
 2.47230188e-10  2.74887109e+00  2.82853661e+00 
 2.48230188e-10  2.74216213e+00  2.84318961e+00 
 2.49230188e-10  2.73698115e+00  2.85482119e+00 
 2.50230188e-10  2.73427029e+00  2.86389693e+00 
 2.51230188e-10  2.73439758e+00  2.87087744e+00 
 2.52230188e-10  2.73735898e+00  2.87606878e+00 
 2.53230188e-10  2.74305907e+00  2.87950977e+00 
 2.54230188e-10  2.75138710e+00  2.88092513e+00 
 2.55230188e-10  2.76210190e+00  2.87988008e+00 
 2.56230188e-10  2.77459737e+00  2.87616549e+00 
 2.57230188e-10  2.78782122e+00  2.87009923e+00 
 2.58230188e-10  2.80049370e+00  2.86239361e+00 
 2.59230188e-10  2.81160864e+00  2.85374970e+00 
 2.60230188e-10  2.82074018e+00  2.84456997e+00 
 2.61230188e-10  2.82794695e+00  2.83491676e+00 
 2.62230188e-10  2.83349532e+00  2.82458515e+00 
 2.63230188e-10  2.83759325e+00  2.81318193e+00 
 2.64230188e-10  2.84029193e+00  2.80030116e+00 
 2.65230188e-10  2.84150708e+00  2.78598080e+00 
 2.66230188e-10  2.84147365e+00  2.77144061e+00 
 2.67230188e-10  2.84087574e+00  2.75855631e+00 
 2.68230188e-10  2.83966384e+00  2.74855334e+00 
 2.69230188e-10  2.83613619e+00  2.74238056e+00 
 2.70230188e-10  2.82857188e+00  2.74058197e+00 
 2.71230188e-10  2.81649214e+00  2.74322831e+00 
 2.72230188e-10  2.80122317e+00  2.75017549e+00 
 2.73230188e-10  2.78561765e+00  2.76129583e+00 
 2.74230188e-10  2.77254345e+00  2.77639382e+00 
 2.75230188e-10  2.76290542e+00  2.79456676e+00 
 2.76230188e-10  2.75524711e+00  2.81362270e+00 
 2.77230188e-10  2.74807189e+00  2.83097836e+00 
 2.78230188e-10  2.74158290e+00  2.84526068e+00 
 2.79230188e-10  2.73675087e+00  2.85655281e+00 
 2.80230188e-10  2.73446702e+00  2.86533974e+00 
 2.81230188e-10  2.73502814e+00  2.87207214e+00 
 2.82230188e-10  2.73840812e+00  2.87702727e+00 
 2.83230188e-10  2.74450730e+00  2.88020173e+00 
 2.84230188e-10  2.75321085e+00  2.88128356e+00 
 2.85230188e-10  2.76423755e+00  2.87984424e+00 
 2.86230188e-10  2.77691673e+00  2.87574251e+00 
 2.87230188e-10  2.79013883e+00  2.86937333e+00 
 2.88230188e-10  2.80263051e+00  2.86147376e+00 
 2.89230188e-10  2.81346065e+00  2.85271267e+00 
 2.90230188e-10  2.82228954e+00  2.84343790e+00 
 2.91230188e-10  2.82922352e+00  2.83366444e+00 
 2.92230188e-10  2.83453394e+00  2.82315053e+00 
 2.93230188e-10  2.83840226e+00  2.81148075e+00 
 2.94230188e-10  2.84084921e+00  2.79827346e+00 
 2.95230188e-10  2.84179623e+00  2.78371481e+00 
 2.96230188e-10  2.84158324e+00  2.76924169e+00 
 2.97230188e-10  2.84089754e+00  2.75669108e+00 
 2.98230188e-10  2.83943666e+00  2.74719457e+00 
 2.99230188e-10  2.83534838e+00  2.74165125e+00 
 3.00230188e-10  2.82705191e+00  2.74052421e+00 
 3.01230188e-10  2.81432384e+00  2.74382757e+00 
 3.02230188e-10  2.79875767e+00  2.75140880e+00 
 3.03230188e-10  2.78333696e+00  2.76315048e+00 
 3.04230188e-10  2.77076416e+00  2.77881498e+00 
 3.05230188e-10  2.76156525e+00  2.79733542e+00 
 3.06230188e-10  2.75407913e+00  2.81636342e+00 
 3.07230188e-10  2.74701887e+00  2.83338338e+00 
 3.08230188e-10  2.74075775e+00  2.84726523e+00 
 3.09230188e-10  2.73630116e+00  2.85820446e+00 
 3.10230188e-10  2.73445986e+00  2.86669422e+00 
 3.11230188e-10  2.73545992e+00  2.87317147e+00 
 3.12230188e-10  2.73925933e+00  2.87788214e+00 
 3.13230188e-10  2.74576004e+00  2.88077696e+00 
 3.14230188e-10  2.75484232e+00  2.88150987e+00 
 3.15230188e-10  2.76617914e+00  2.87966798e+00 
 3.16230188e-10  2.77903359e+00  2.87518397e+00 
 3.17230188e-10  2.79224299e+00  2.86852592e+00 
 3.18230188e-10  2.80454934e+00  2.86044687e+00 
 3.19230188e-10  2.81510077e+00  2.85157769e+00 
 3.20230188e-10  2.82363777e+00  2.84221345e+00 
 3.21230188e-10  2.83031097e+00  2.83232409e+00 
 3.22230188e-10  2.83539292e+00  2.82163326e+00 
 3.23230188e-10  2.83903828e+00  2.80970866e+00 
 3.24230188e-10  2.84123732e+00  2.79620602e+00 
 3.25230188e-10  2.84193613e+00  2.78148048e+00 
 3.26230188e-10  2.84157142e+00  2.76715671e+00 
 3.27230188e-10  2.84079471e+00  2.75499535e+00 
 3.28230188e-10  2.83904603e+00  2.74604371e+00 
 3.29230188e-10  2.83439607e+00  2.74114492e+00 
 3.30230188e-10  2.82539993e+00  2.74068301e+00 
 3.31230188e-10  2.81208099e+00  2.74463220e+00 
 3.32230188e-10  2.79630085e+00  2.75283967e+00 
 3.33230188e-10  2.78114020e+00  2.76519447e+00 
 3.34230188e-10  2.76908618e+00  2.78139748e+00 
 3.35230188e-10  2.76027637e+00  2.80019768e+00 
 3.36230188e-10  2.75291076e+00  2.81911188e+00 
 3.37230188e-10  2.74595419e+00  2.83573704e+00 
 3.38230188e-10  2.73992634e+00  2.84919225e+00 
 3.39230188e-10  2.73585061e+00  2.85976459e+00 
 3.40230188e-10  2.73444674e+00  2.86795015e+00 
 3.41230188e-10  2.73587874e+00  2.87416727e+00 
 3.42230188e-10  2.74009264e+00  2.87862545e+00 
 3.43230188e-10  2.74699172e+00  2.88122830e+00 
 3.44230188e-10  2.75644636e+00  2.88159965e+00 
 3.45230188e-10  2.76807850e+00  2.87935166e+00 
 3.46230188e-10  2.78108312e+00  2.87449569e+00 
 3.47230188e-10  2.79425101e+00  2.86756716e+00 
 3.48230188e-10  2.80635157e+00  2.85932555e+00 
 3.49230188e-10  2.81661734e+00  2.85035880e+00 
 3.50230188e-10  2.82486619e+00  2.84090879e+00 
 3.51230188e-10  2.83128598e+00  2.83090246e+00 
 3.52230188e-10  2.83614437e+00  2.82003117e+00 
 3.53230188e-10  2.83956856e+00  2.80785188e+00 
 3.54230188e-10  2.84152005e+00  2.79407348e+00 
 3.55230188e-10  2.84198881e+00  2.77923953e+00 
 3.56230188e-10  2.84149840e+00  2.76512721e+00 
 3.57230188e-10  2.84062814e+00  2.75338892e+00 
 3.58230188e-10  2.83855594e+00  2.74500387e+00 
 3.59230188e-10  2.83330808e+00  2.74075682e+00 
 3.60230188e-10  2.82360763e+00  2.74095993e+00 
 3.61230188e-10  2.80974290e+00  2.74555249e+00 
 3.62230188e-10  2.79382699e+00  2.75438447e+00 
 3.63230188e-10  2.77899111e+00  2.76734726e+00 
 3.64230188e-10  2.76746106e+00  2.78406100e+00 
 3.65230188e-10  2.75899051e+00  2.80307727e+00 
 3.66230188e-10  2.75171334e+00  2.82180710e+00 
 3.67230188e-10  2.74486611e+00  2.83800173e+00 
 3.68230188e-10  2.73908917e+00  2.85102343e+00 
 3.69230188e-10  2.73540595e+00  2.86122821e+00 
 3.70230188e-10  2.73443882e+00  2.86911063e+00 
 3.71230188e-10  2.73629940e+00  2.87506693e+00 
 3.72230188e-10  2.74092545e+00  2.87926654e+00 
 3.73230188e-10  2.74822147e+00  2.88156628e+00 
 3.74230188e-10  2.75804179e+00  2.88156529e+00 
 3.75230188e-10  2.76995307e+00  2.87891072e+00 
 3.76230188e-10  2.78308128e+00  2.87369568e+00 
 3.77230188e-10  2.79617893e+00  2.86651580e+00 
 3.78230188e-10  2.80805490e+00  2.85812757e+00 
 3.79230188e-10  2.81802975e+00  2.84907202e+00 
 3.80230188e-10  2.82599421e+00  2.83953886e+00 
 3.81230188e-10  2.83216720e+00  2.82941415e+00 
 3.82230188e-10  2.83680587e+00  2.81835930e+00 
 3.83230188e-10  2.84000971e+00  2.80592726e+00 
 3.84230188e-10  2.84171569e+00  2.79189710e+00 
 3.85230188e-10  2.84197456e+00  2.77701489e+00 
 3.86230188e-10  2.84138116e+00  2.76316800e+00 
 3.87230188e-10  2.84040727e+00  2.75188135e+00 
 3.88230188e-10  2.83797428e+00  2.74408080e+00 
 3.89230188e-10  2.83210529e+00  2.74049098e+00 
 3.90230188e-10  2.82171169e+00  2.74135675e+00 
 3.91230188e-10  2.80735475e+00  2.74658902e+00 
 3.92230188e-10  2.79138249e+00  2.75604356e+00 
 3.93230188e-10  2.77693031e+00  2.76960737e+00 
 3.94230188e-10  2.76592151e+00  2.78679868e+00 
 3.95230188e-10  2.75774203e+00  2.80596401e+00 
 3.96230188e-10  2.75053368e+00  2.82444423e+00 
 3.97230188e-10  2.74380553e+00  2.84018099e+00 
 3.98230188e-10  2.73829625e+00  2.85276552e+00 
 3.99230188e-10  2.73501196e+00  2.86260466e+00 
 4.00230188e-10  2.73447794e+00  2.87018708e+00 
 4.01230188e-10  2.73676263e+00  2.87588296e+00 
 4.02230188e-10  2.74179684e+00  2.87981959e+00 
 4.03230188e-10  2.74948767e+00  2.88180635e+00 
 4.04230188e-10  2.75966449e+00  2.88142412e+00 
 4.05230188e-10  2.77183499e+00  2.87836508e+00 
 4.06230188e-10  2.78505651e+00  2.87280579e+00 
 4.07230188e-10  2.79805343e+00  2.86539389e+00 
 4.08230188e-10  2.80968596e+00  2.85687381e+00 
 4.09230188e-10  2.81936490e+00  2.84773669e+00 
 4.10230188e-10  2.82704856e+00  2.83812139e+00 
 4.11230188e-10  2.83298044e+00  2.82787521e+00 
 4.12230188e-10  2.83740193e+00  2.81663216e+00 
 4.13230188e-10  2.84038498e+00  2.80394867e+00 
 4.14230188e-10  2.84184931e+00  2.78969288e+00 
 4.15230188e-10  2.84191905e+00  2.77482050e+00 
 4.16230188e-10  2.84124223e+00  2.76128281e+00 
 4.17230188e-10  2.84014429e+00  2.75046698e+00 
 4.18230188e-10  2.83730182e+00  2.74326685e+00 
 4.19230188e-10  2.83078822e+00  2.74033930e+00 
 4.20230188e-10  2.81971737e+00  2.74186526e+00 
 4.21230188e-10  2.80492597e+00  2.74773381e+00 
 4.22230188e-10  2.78897505e+00  2.75780896e+00 
 4.23230188e-10  2.77495585e+00  2.77196459e+00 
 4.24230188e-10  2.76445410e+00  2.78959503e+00 
 4.25230188e-10  2.75651701e+00  2.80884134e+00 
 4.26230188e-10  2.74936692e+00  2.82701425e+00 
 4.27230188e-10  2.74277045e+00  2.84228289e+00 
 4.28230188e-10  2.73755024e+00  2.85443605e+00 
 4.29230188e-10  2.73467234e+00  2.86391521e+00 
 4.30230188e-10  2.73456884e+00  2.87120103e+00 
 4.31230188e-10  2.73727380e+00  2.87663558e+00 
 4.32230188e-10  2.74271327e+00  2.88030167e+00 
 4.33230188e-10  2.75079568e+00  2.88196355e+00 
 4.34230188e-10  2.76131800e+00  2.88119132e+00 
 4.35230188e-10  2.77372607e+00  2.87773148e+00 
 4.36230188e-10  2.78701020e+00  2.87184369e+00 
 4.37230188e-10  2.79987781e+00  2.86421841e+00 
 4.38230188e-10  2.81125114e+00  2.85557970e+00 
 4.39230188e-10  2.82063155e+00  2.84636665e+00 
 4.40230188e-10  2.82803915e+00  2.83666905e+00 
 4.41230188e-10  2.83373562e+00  2.82629743e+00 
 4.42230188e-10  2.83794209e+00  2.81486131e+00 
 4.43230188e-10  2.84070354e+00  2.80192919e+00 
 4.44230188e-10  2.84193173e+00  2.78747806e+00 
 4.45230188e-10  2.84183337e+00  2.77267285e+00 
 4.46230188e-10  2.84108824e+00  2.75948090e+00 
 4.47230188e-10  2.83984340e+00  2.74915779e+00 
 4.48230188e-10  2.83656879e+00  2.74257257e+00 
 4.49230188e-10  2.82941356e+00  2.74030560e+00 
 4.50230188e-10  2.81769226e+00  2.74248566e+00 
 4.51230188e-10  2.80252923e+00  2.74898677e+00 
 4.52230188e-10  2.78667857e+00  2.75968085e+00 
 4.53230188e-10  2.77313875e+00  2.77441658e+00 
 4.54230188e-10  2.76312900e+00  2.79244231e+00 
 4.55230188e-10  2.75539631e+00  2.81170137e+00 
 4.56230188e-10  2.74830378e+00  2.82951842e+00 
 4.57230188e-10  2.74185181e+00  2.84430963e+00 
 4.58230188e-10  2.73693300e+00  2.85603483e+00 
 4.59230188e-10  2.73445969e+00  2.86516019e+00 
 4.60230188e-10  2.73477979e+00  2.87215453e+00 
 4.61230188e-10  2.73789928e+00  2.87732831e+00 
 4.62230188e-10  2.74373952e+00  2.88071781e+00 
 4.63230188e-10  2.75220701e+00  2.88204402e+00 
 4.64230188e-10  2.76305863e+00  2.88087556e+00 
 4.65230188e-10  2.77567584e+00  2.87702175e+00 
 4.66230188e-10  2.78898551e+00  2.87082319e+00 
 4.67230188e-10  2.80169116e+00  2.86300322e+00 
 4.68230188e-10  2.81278737e+00  2.85425764e+00 
 4.69230188e-10  2.82186521e+00  2.84497214e+00 
 4.70230188e-10  2.82899997e+00  2.83518927e+00 
 4.71230188e-10  2.83446546e+00  2.82468372e+00 
 4.72230188e-10  2.83845643e+00  2.81304414e+00 
 4.73230188e-10  2.84099285e+00  2.79986117e+00 
 4.74230188e-10  2.84199007e+00  2.78524192e+00 
 4.75230188e-10  2.84174355e+00  2.77055353e+00 
 4.76230188e-10  2.84094282e+00  2.75773220e+00 
 4.77230188e-10  2.83952063e+00  2.74791609e+00 
 4.78230188e-10  2.83576065e+00  2.74195121e+00 
 4.79230188e-10  2.82792311e+00  2.74035047e+00 
 4.80230188e-10  2.81556813e+00  2.74318563e+00 
 4.81230188e-10  2.80009681e+00  2.75031851e+00 
 4.82230188e-10  2.78441775e+00  2.76163021e+00 
 4.83230188e-10  2.77138644e+00  2.77693195e+00 
 4.84230188e-10  2.76183648e+00  2.79530657e+00 
 4.85230188e-10  2.75426714e+00  2.81451526e+00 
 4.86230188e-10  2.74723702e+00  2.83193929e+00 
 4.87230188e-10  2.74095147e+00  2.84625466e+00 
 4.88230188e-10  2.73635748e+00  2.85756071e+00 
 4.89230188e-10  2.73429548e+00  2.86634135e+00 
 4.90230188e-10  2.73503872e+00  2.87305074e+00 
 4.91230188e-10  2.73857156e+00  2.87796419e+00 
 4.92230188e-10  2.74481126e+00  2.88107056e+00 
 4.93230188e-10  2.75365902e+00  2.88205168e+00 
 4.94230188e-10  2.76482736e+00  2.88048298e+00 
 4.95230188e-10  2.77763026e+00  2.87624376e+00 
 4.96230188e-10  2.79093587e+00  2.86975199e+00 
 4.97230188e-10  2.80345643e+00  2.86175397e+00 
 4.98230188e-10  2.81426636e+00  2.85291078e+00 
 4.99230188e-10  2.82304359e+00  2.84355432e+00 
 5.00230188e-10  2.82991201e+00  2.83368184e+00 
 5.01230188e-10  2.83514959e+00  2.82303543e+00 
 5.02230188e-10  2.83892614e+00  2.81118588e+00 
 5.03230188e-10  2.84123589e+00  2.79775627e+00 
 5.04230188e-10  2.84201056e+00  2.78300459e+00 
 5.05230188e-10  2.84163486e+00  2.76848374e+00 
 5.06230188e-10  2.84078255e+00  2.75605807e+00 
 5.07230188e-10  2.83914231e+00  2.74676885e+00 
 5.08230188e-10  2.83485783e+00  2.74143559e+00 
 5.09230188e-10  2.82632913e+00  2.74050151e+00 
 5.10230188e-10  2.81337326e+00  2.74398793e+00 
 5.11230188e-10  2.79766255e+00  2.75174990e+00 
 5.12230188e-10  2.78222398e+00  2.76367614e+00 
 5.13230188e-10  2.76972156e+00  2.77952474e+00 
 5.14230188e-10  2.76059258e+00  2.79819505e+00 
 5.15230188e-10  2.75315013e+00  2.81728891e+00 
 5.16230188e-10  2.74618955e+00  2.83428723e+00 
 5.17230188e-10  2.74009142e+00  2.84812927e+00 
 5.18230188e-10  2.73583932e+00  2.85902872e+00 
 5.19230188e-10  2.73419355e+00  2.86747592e+00 
 5.20230188e-10  2.73535910e+00  2.87390635e+00 
 5.21230188e-10  2.73930257e+00  2.87855931e+00 
 5.22230188e-10  2.74594009e+00  2.88137478e+00 
 5.23230188e-10  2.75516240e+00  2.88199955e+00 
 5.24230188e-10  2.76663213e+00  2.88002674e+00 
 5.25230188e-10  2.77959446e+00  2.87541159e+00 
 5.26230188e-10  2.79286544e+00  2.86864428e+00 
 5.27230188e-10  2.80517890e+00  2.86048401e+00 
 5.28230188e-10  2.81569487e+00  2.85155158e+00 
 5.29230188e-10  2.82417419e+00  2.84212533e+00 
 5.30230188e-10  2.83078276e+00  2.83215929e+00 
 5.31230188e-10  2.83579734e+00  2.82136388e+00 
 5.32230188e-10  2.83935987e+00  2.80929745e+00 
 5.33230188e-10  2.84144087e+00  2.79562836e+00 
 5.34230188e-10  2.84200365e+00  2.78078463e+00 
 5.35230188e-10  2.84151741e+00  2.76647883e+00 
 5.36230188e-10  2.84061044e+00  2.75447015e+00 
 5.37230188e-10  2.83870788e+00  2.74572595e+00 
 5.38230188e-10  2.83386302e+00  2.74103315e+00 
 5.39230188e-10  2.82464007e+00  2.74076454e+00 
 5.40230188e-10  2.81112241e+00  2.74489786e+00 
 5.41230188e-10  2.79524418e+00  2.75328610e+00 
 5.42230188e-10  2.78011034e+00  2.76582239e+00 
 5.43230188e-10  2.76814711e+00  2.78219362e+00 
 5.44230188e-10  2.75939470e+00  2.80110129e+00 
 5.45230188e-10  2.75204892e+00  2.82001739e+00 
 5.46230188e-10  2.74516749e+00  2.83656389e+00 
 5.47230188e-10  2.73927844e+00  2.84993699e+00 
 5.48230188e-10  2.73538451e+00  2.86043747e+00 
 5.49230188e-10  2.73415639e+00  2.86855856e+00 
 5.50230188e-10  2.73574160e+00  2.87471434e+00 
 5.51230188e-10  2.74009328e+00  2.87910461e+00 
 5.52230188e-10  2.74712629e+00  2.88162053e+00 
 5.53230188e-10  2.75671558e+00  2.88187891e+00 
 5.54230188e-10  2.76846975e+00  2.87950068e+00 
 5.55230188e-10  2.78156406e+00  2.87452129e+00 
 5.56230188e-10  2.79477047e+00  2.86749648e+00 
 5.57230188e-10  2.80685697e+00  2.85918857e+00 
 5.58230188e-10  2.81707335e+00  2.85017344e+00 
 5.59230188e-10  2.82525852e+00  2.84067664e+00 
 5.60230188e-10  2.83161369e+00  2.83061091e+00 
 5.61230188e-10  2.83640821e+00  2.81965666e+00 
 5.62230188e-10  2.83975641e+00  2.80736537e+00 
 5.63230188e-10  2.84160676e+00  2.79346517e+00 
 5.64230188e-10  2.84196936e+00  2.77857081e+00 
 5.65230188e-10  2.84138933e+00  2.76452205e+00 
 5.66230188e-10  2.84041558e+00  2.75294888e+00 
 5.67230188e-10  2.83820157e+00  2.74476809e+00 
 5.68230188e-10  2.83276339e+00  2.74072433e+00 
 5.69230188e-10  2.82284876e+00  2.74112029e+00 
 5.70230188e-10  2.80881399e+00  2.74589716e+00 
 5.71230188e-10  2.79284120e+00  2.75490998e+00 
 5.72230188e-10  2.77806972e+00  2.76805123e+00 
 5.73230188e-10  2.76664571e+00  2.78491716e+00 
 5.74230188e-10  2.75822318e+00  2.80400239e+00 
 5.75230188e-10  2.75095353e+00  2.82268400e+00 
 5.76230188e-10  2.74416582e+00  2.83876249e+00 
 5.77230188e-10  2.73851053e+00  2.85167516e+00 
 5.78230188e-10  2.73498981e+00  2.86178796e+00 
 5.79230188e-10  2.73418159e+00  2.86959241e+00 
 5.80230188e-10  2.73618510e+00  2.87547817e+00 
 5.81230188e-10  2.74094301e+00  2.87960331e+00 
 5.82230188e-10  2.74836960e+00  2.88181071e+00 
 5.83230188e-10  2.75831749e+00  2.88169341e+00 
 5.84230188e-10  2.77033777e+00  2.87891047e+00 
 5.85230188e-10  2.78353568e+00  2.87358010e+00 
 5.86230188e-10  2.79664859e+00  2.86631592e+00 
 5.87230188e-10  2.80849068e+00  2.85787385e+00 
 5.88230188e-10  2.81840385e+00  2.84878136e+00 
 5.89230188e-10  2.82629958e+00  2.83921237e+00 
 5.90230188e-10  2.83240772e+00  2.82904025e+00 
 5.91230188e-10  2.83698457e+00  2.81791730e+00 
 5.92230188e-10  2.84011750e+00  2.80539461e+00 
 5.93230188e-10  2.84173563e+00  2.79127631e+00 
 5.94230188e-10  2.84191187e+00  2.77637685e+00 
 5.95230188e-10  2.84125361e+00  2.76262322e+00 
 5.96230188e-10  2.84019889e+00  2.75150639e+00 
 5.97230188e-10  2.83763306e+00  2.74390446e+00 
 5.98230188e-10  2.83157429e+00  2.74051484e+00 
 5.99230188e-10  2.82097570e+00  2.74157309e+00 
 6.00230188e-10  2.80647404e+00  2.74699013e+00 
 6.01230188e-10  2.79048127e+00  2.75662593e+00 
 6.02230188e-10  2.77612456e+00  2.77036508e+00 
 6.03230188e-10  2.76523215e+00  2.78769240e+00 
 6.04230188e-10  2.75709361e+00  2.80689268e+00 
 6.05230188e-10  2.74988794e+00  2.82528747e+00 
 6.06230188e-10  2.74320953e+00  2.84088801e+00 
 6.07230188e-10  2.73781096e+00  2.85334963e+00 
 6.08230188e-10  2.73467412e+00  2.86308580e+00 
 6.09230188e-10  2.73428586e+00  2.87058235e+00 
 6.10230188e-10  2.73670534e+00  2.87620168e+00 
 6.11230188e-10  2.74186684e+00  2.88005804e+00 
 6.12230188e-10  2.74968399e+00  2.88194732e+00 
 6.13230188e-10  2.75997987e+00  2.88144598e+00 
 6.14230188e-10  2.77224507e+00  2.87826112e+00 
 6.15230188e-10  2.78551596e+00  2.87259456e+00 
 6.16230188e-10  2.79850620e+00  2.86510900e+00 
 6.17230188e-10  2.81008755e+00  2.85654514e+00 
 6.18230188e-10  2.81969482e+00  2.84737936e+00 
 6.19230188e-10  2.82730594e+00  2.83773549e+00 
 6.20230188e-10  2.83317279e+00  2.82744934e+00 
 6.21230188e-10  2.83753348e+00  2.81614727e+00 
 6.22230188e-10  2.84044914e+00  2.80338739e+00 
 6.23230188e-10  2.84183590e+00  2.78906828e+00 
 6.24230188e-10  2.84184112e+00  2.77421034e+00 
 6.25230188e-10  2.84111842e+00  2.76078393e+00 
 6.26230188e-10  2.83995228e+00  2.75013686e+00 
 6.27230188e-10  2.83697544e+00  2.74313113e+00 
 6.28230188e-10  2.83026918e+00  2.74040226e+00 
 6.29230188e-10  2.81900169e+00  2.74212072e+00 
 6.30230188e-10  2.80408922e+00  2.74817458e+00 
 6.31230188e-10  2.78814972e+00  2.75843146e+00 
 6.32230188e-10  2.77425001e+00  2.77275880e+00 
 6.33230188e-10  2.76386886e+00  2.79050891e+00 
 6.34230188e-10  2.75596577e+00  2.80976062e+00 
 6.35230188e-10  2.74881753e+00  2.82782153e+00 
 6.36230188e-10  2.74226717e+00  2.84293950e+00 
 6.37230188e-10  2.73715060e+00  2.85496064e+00 
 6.38230188e-10  2.73440907e+00  2.86433162e+00 
 6.39230188e-10  2.73444219e+00  2.87152881e+00 
 6.40230188e-10  2.73727656e+00  2.87688460e+00 
 6.41230188e-10  2.74284009e+00  2.88046754e+00 
 6.42230188e-10  2.75104530e+00  2.88202822e+00 
 6.43230188e-10  2.76167861e+00  2.88113525e+00 
 6.44230188e-10  2.77416777e+00  2.87755283e+00 
 6.45230188e-10  2.78748285e+00  2.87156552e+00 
 6.46230188e-10  2.80032530e+00  2.86387569e+00 
 6.47230188e-10  2.81163410e+00  2.85520074e+00 
 6.48230188e-10  2.82093599e+00  2.84596431e+00 
 6.49230188e-10  2.82826895e+00  2.83624182e+00 
 6.50230188e-10  2.83390051e+00  2.82583328e+00 
 6.51230188e-10  2.83804648e+00  2.81434179e+00 
 6.52230188e-10  2.84074241e+00  2.80134089e+00 
 6.53230188e-10  2.84190009e+00  2.78684358e+00 
 6.54230188e-10  2.84175021e+00  2.77207546e+00 
 6.55230188e-10  2.84097243e+00  2.75900529e+00 
 6.56230188e-10  2.83966336e+00  2.74884971e+00 
 6.57230188e-10  2.83624761e+00  2.74245706e+00 
 6.58230188e-10  2.82889508e+00  2.74038886e+00 
 6.59230188e-10  2.81698533e+00  2.74276211e+00 
 6.60230188e-10  2.80172374e+00  2.74944948e+00 
 6.61230188e-10  2.78591241e+00  2.76032597e+00 
 6.62230188e-10  2.77250975e+00  2.77522955e+00 
 6.63230188e-10  2.76261978e+00  2.79335905e+00 
 6.64230188e-10  2.75491488e+00  2.81259911e+00 
 6.65230188e-10  2.74782647e+00  2.83028714e+00 
 6.66230188e-10  2.74142140e+00  2.84492358e+00 
 6.67230188e-10  2.73660470e+00  2.85651537e+00 
 6.68230188e-10  2.73426181e+00  2.86553215e+00 
 6.69230188e-10  2.73471321e+00  2.87243762e+00 
 6.70230188e-10  2.73795881e+00  2.87753154e+00 
 6.71230188e-10  2.74392100e+00  2.88083542e+00 
 6.72230188e-10  2.75250752e+00  2.88205775e+00 
 6.73230188e-10  2.76346276e+00  2.88076788e+00 
 6.74230188e-10  2.77614864e+00  2.87679530e+00 
 6.75230188e-10  2.78947308e+00  2.87050464e+00 
 6.76230188e-10  2.80213856e+00  2.86262792e+00 
 6.77230188e-10  2.81316052e+00  2.85385190e+00 
 6.78230188e-10  2.82215564e+00  2.84454649e+00 
 6.79230188e-10  2.82921509e+00  2.83474063e+00 
 6.80230188e-10  2.83461614e+00  2.82419929e+00 
 6.81230188e-10  2.83854683e+00  2.81250602e+00 
 6.82230188e-10  2.84101900e+00  2.79925996e+00 
 6.83230188e-10  2.84195170e+00  2.78460957e+00 
 6.84230188e-10  2.84166409e+00  2.76997675e+00 
 6.85230188e-10  2.84083952e+00  2.75728365e+00 
 6.86230188e-10  2.83935004e+00  2.74763478e+00 
 6.87230188e-10  2.83543953e+00  2.74186213e+00 
 6.88230188e-10  2.82740122e+00  2.74046005e+00 
 6.89230188e-10  2.81486739e+00  2.74348826e+00 
 6.90230188e-10  2.79931997e+00  2.75080760e+00 
 6.91230188e-10  2.78370521e+00  2.76230156e+00 
 6.92230188e-10  2.77082319e+00  2.77776568e+00 
 6.93230188e-10  2.76138727e+00  2.79622681e+00 
 6.94230188e-10  2.75383882e+00  2.81539396e+00 
 6.95230188e-10  2.74681550e+00  2.83267638e+00 
 6.96230188e-10  2.74057962e+00  2.84683584e+00 
 6.97230188e-10  2.73608743e+00  2.85801096e+00 
 6.98230188e-10  2.73415269e+00  2.86668540e+00 
 6.99230188e-10  2.73502407e+00  2.87330691e+00 
 7.00230188e-10  2.73868048e+00  2.87814015e+00 
 7.01230188e-10  2.74504057e+00  2.88115852e+00 
 7.02230188e-10  2.75400400e+00  2.88203259e+00 
 7.03230188e-10  2.76526887e+00  2.88034170e+00 
 7.04230188e-10  2.77812883e+00  2.87598740e+00 
 7.05230188e-10  2.79143506e+00  2.86941028e+00 
 7.06230188e-10  2.80390350e+00  2.86136213e+00 
 7.07230188e-10  2.81463243e+00  2.85249295e+00 
 7.08230188e-10  2.82332479e+00  2.84311886e+00 
 7.09230188e-10  2.83011829e+00  2.83322425e+00 
 7.10230188e-10  2.83529214e+00  2.82254220e+00 
 7.11230188e-10  2.83900872e+00  2.81063992e+00 
 7.12230188e-10  2.84125532e+00  2.79715260e+00 
 7.13230188e-10  2.84197110e+00  2.78238439e+00 
 7.14230188e-10  2.84156297e+00  2.76793477e+00 
 7.15230188e-10  2.84069175e+00  2.75564171e+00 
 7.16230188e-10  2.83897636e+00  2.74652064e+00 
 7.17230188e-10  2.83453123e+00  2.74137996e+00 
 7.18230188e-10  2.82579985e+00  2.74064399e+00 
 7.19230188e-10  2.81267652e+00  2.74432263e+00 
 7.20230188e-10  2.79691250e+00  2.75227067e+00 
 7.21230188e-10  2.78156051e+00  2.76437813e+00 
 7.22230188e-10  2.76921443e+00  2.78038176e+00 
 7.23230188e-10  2.76018955e+00  2.79911973e+00 
 7.24230188e-10  2.75276082e+00  2.81815072e+00 
 7.25230188e-10  2.74580970e+00  2.83499782e+00 
 7.26230188e-10  2.73976528e+00  2.84868427e+00 
 7.27230188e-10  2.73561704e+00  2.85945296e+00 
 7.28230188e-10  2.73409554e+00  2.86779468e+00 
 7.29230188e-10  2.73538625e+00  2.87413797e+00 
 7.30230188e-10  2.73945162e+00  2.87870973e+00 
 7.31230188e-10  2.74620794e+00  2.88143468e+00 
 7.32230188e-10  2.75554243e+00  2.88194959e+00 
 7.33230188e-10  2.76710189e+00  2.87985450e+00 
 7.34230188e-10  2.78011057e+00  2.87512837e+00 
 7.35230188e-10  2.79336996e+00  2.86828206e+00 
 7.36230188e-10  2.80562195e+00  2.86007713e+00 
 7.37230188e-10  2.81605250e+00  2.85112168e+00 
 7.38230188e-10  2.82444633e+00  2.84167840e+00 
 7.39230188e-10  2.83098098e+00  2.83168912e+00 
 7.40230188e-10  2.83593238e+00  2.82085574e+00 
 7.41230188e-10  2.83943478e+00  2.80873461e+00 
 7.42230188e-10  2.84145248e+00  2.79501020e+00 
 7.43230188e-10  2.84196037e+00  2.78016156e+00 
 7.44230188e-10  2.84144795e+00  2.76593899e+00 
 7.45230188e-10  2.84052264e+00  2.75406654e+00 
 7.46230188e-10  2.83853363e+00  2.74549330e+00 
 7.47230188e-10  2.83351802e+00  2.74099481e+00 
 7.48230188e-10  2.82409183e+00  2.74092456e+00 
 7.49230188e-10  2.81041926e+00  2.74524992e+00 
 7.50230188e-10  2.79450996e+00  2.75382449e+00 
 7.51230188e-10  2.77948182e+00  2.76654116e+00 
 7.52230188e-10  2.76767776e+00  2.78305964e+00 
 7.53230188e-10  2.75901822e+00  2.80201707e+00 
 7.54230188e-10  2.75168217e+00  2.82085319e+00 
 7.55230188e-10  2.74481560e+00  2.83724433e+00 
 7.56230188e-10  2.73898714e+00  2.85046541e+00 
 7.57230188e-10  2.73520035e+00  2.86083921e+00 
 7.58230188e-10  2.73409594e+00  2.86885820e+00 
 7.59230188e-10  2.73580518e+00  2.87492864e+00 
 7.60230188e-10  2.74027780e+00  2.87923737e+00 
 7.61230188e-10  2.74742866e+00  2.88166042e+00 
 7.62230188e-10  2.75712691e+00  2.88180637e+00 
 7.63230188e-10  2.76896415e+00  2.87930630e+00 
 7.64230188e-10  2.78209455e+00  2.87422032e+00 
 7.65230188e-10  2.79527840e+00  2.86712262e+00 
 7.66230188e-10  2.80729589e+00  2.85877485e+00 
 7.67230188e-10  2.81742397e+00  2.84973896e+00 
 7.68230188e-10  2.82552394e+00  2.84022516e+00 
 7.69230188e-10  2.83180653e+00  2.83013462e+00 
 7.70230188e-10  2.83653835e+00  2.81913979e+00 
 7.71230188e-10  2.83982623e+00  2.80679200e+00 
 7.72230188e-10  2.84161292e+00  2.79283983e+00 
 7.73230188e-10  2.84192484e+00  2.77795309e+00 
 7.74230188e-10  2.84132403e+00  2.76399811e+00 
 7.75230188e-10  2.84032893e+00  2.75256457e+00 
 7.76230188e-10  2.83801489e+00  2.74455820e+00 
 7.77230188e-10  2.83239662e+00  2.74071033e+00 
 7.78230188e-10  2.82228017e+00  2.74130437e+00 
 7.79230188e-10  2.80810494e+00  2.74627264e+00 
 7.80230188e-10  2.79212348e+00  2.75547162e+00 
 7.81230188e-10  2.77747427e+00  2.76879148e+00 
 7.82230188e-10  2.76620829e+00  2.78579495e+00 
 7.83230188e-10  2.75786550e+00  2.80491098e+00 
 7.84230188e-10  2.75060254e+00  2.82349666e+00 
 7.85230188e-10  2.74383512e+00  2.83941726e+00 
 7.86230188e-10  2.73824760e+00  2.85218165e+00 
 7.87230188e-10  2.73483717e+00  2.86217183e+00 
 7.88230188e-10  2.73415243e+00  2.86987738e+00 
 7.89230188e-10  2.73627913e+00  2.87567935e+00 
 7.90230188e-10  2.74115713e+00  2.87972223e+00 
 7.91230188e-10  2.74870064e+00  2.88183414e+00 
 7.92230188e-10  2.75875416e+00  2.88160198e+00 
 7.93230188e-10  2.77085086e+00  2.87869803e+00 
 7.94230188e-10  2.78407511e+00  2.87326564e+00 
 7.95230188e-10  2.79715579e+00  2.86593430e+00 
 7.96230188e-10  2.80892299e+00  2.85745649e+00 
 7.97230188e-10  2.81874632e+00  2.84834484e+00 
 7.98230188e-10  2.82655786e+00  2.83875836e+00 
 7.99230188e-10  2.83259500e+00  2.82855944e+00 
 8.00230188e-10  2.83710962e+00  2.81739304e+00 
 8.01230188e-10  2.84018185e+00  2.80481215e+00 
 8.02230188e-10  2.84173680e+00  2.79064640e+00 
 8.03230188e-10  2.84186664e+00  2.77576731e+00 
 8.04230188e-10  2.84119179e+00  2.76211637e+00 
 8.05230188e-10  2.84010967e+00  2.75114345e+00 
 8.06230188e-10  2.83743092e+00  2.74371947e+00 
 8.07230188e-10  2.83118423e+00  2.74052686e+00 
 8.08230188e-10  2.82038710e+00  2.74178256e+00 
 8.09230188e-10  2.80576100e+00  2.74739026e+00 
 8.10230188e-10  2.78978182e+00  2.75721191e+00 
 8.11230188e-10  2.77556137e+00  2.77112705e+00 
 8.12230188e-10  2.76482253e+00  2.78858053e+00 
 8.13230188e-10  2.75675022e+00  2.80779228e+00 
 8.14230188e-10  2.74954992e+00  2.82607697e+00 
 8.15230188e-10  2.74289761e+00  2.84151890e+00 
 8.16230188e-10  2.73757406e+00  2.85383628e+00 
 8.17230188e-10  2.73455034e+00  2.86345397e+00 
 8.18230188e-10  2.73428543e+00  2.87085473e+00 
 8.19230188e-10  2.73682743e+00  2.87639157e+00 
 8.20230188e-10  2.74210826e+00  2.88016463e+00 
 8.21230188e-10  2.75004125e+00  2.88195564e+00 
 8.22230188e-10  2.76043915e+00  2.88133730e+00 
 8.23230188e-10  2.77277382e+00  2.87803280e+00 
 8.24230188e-10  2.78606139e+00  2.87226904e+00 
 8.25230188e-10  2.79901057e+00  2.86472180e+00 
 8.26230188e-10  2.81051226e+00  2.85612579e+00 
 8.27230188e-10  2.82002896e+00  2.84694195e+00 
 8.28230188e-10  2.82755732e+00  2.83727968e+00 
 8.29230188e-10  2.83335476e+00  2.82696438e+00 
 8.30230188e-10  2.83765355e+00  2.81561581e+00 
 8.31230188e-10  2.84050793e+00  2.80279629e+00 
 8.32230188e-10  2.84183204e+00  2.78843536e+00 
 8.33230188e-10  2.84179533e+00  2.77361086e+00 
 8.34230188e-10  2.84105933e+00  2.76029472e+00 
 8.35230188e-10  2.83985661e+00  2.74979554e+00 
 8.36230188e-10  2.83675179e+00  2.74297179e+00 
 8.37230188e-10  2.82985067e+00  2.74044112e+00 
 8.38230188e-10  2.81838998e+00  2.74235632e+00 
 8.39230188e-10  2.80337067e+00  2.74860005e+00 
 8.40230188e-10  2.78746648e+00  2.75904228e+00 
 8.41230188e-10  2.77371401e+00  2.77354206e+00 
 8.42230188e-10  2.76347859e+00  2.79140528e+00 
 8.43230188e-10  2.75562816e+00  2.81064904e+00 
 8.44230188e-10  2.74848558e+00  2.82858747e+00 
 8.45230188e-10  2.74196787e+00  2.84354746e+00 
 8.46230188e-10  2.73693380e+00  2.85542859e+00 
 8.47230188e-10  2.73430816e+00  2.86468517e+00 
 8.48230188e-10  2.73446474e+00  2.87178951e+00 
 8.49230188e-10  2.73742116e+00  2.87706380e+00 
 8.50230188e-10  2.74310353e+00  2.88056208e+00 
 8.51230188e-10  2.75142338e+00  2.88202157e+00 
 8.52230188e-10  2.76215503e+00  2.88100978e+00 
 8.53230188e-10  2.77470670e+00  2.87730961e+00 
 8.54230188e-10  2.78802926e+00  2.87123010e+00 
 8.55230188e-10  2.80082290e+00  2.86348377e+00 
 8.56230188e-10  2.81204849e+00  2.85477977e+00 
 8.57230188e-10  2.82125992e+00  2.84552593e+00 
 8.58230188e-10  2.82851191e+00  2.83578386e+00 
 8.59230188e-10  2.83407564e+00  2.82534362e+00 
 8.60230188e-10  2.83816003e+00  2.81380264e+00 
 8.61230188e-10  2.84079395e+00  2.80074133e+00 
 8.62230188e-10  2.84189008e+00  2.78620937e+00 
 8.63230188e-10  2.84170279e+00  2.77148793e+00 
 8.64230188e-10  2.84091356e+00  2.75853473e+00 
 8.65230188e-10  2.83955657e+00  2.74853211e+00 
 8.66230188e-10  2.83599949e+00  2.74232475e+00 
 8.67230188e-10  2.82844590e+00  2.74045565e+00 
 8.68230188e-10  2.81634996e+00  2.74302489e+00 
 8.69230188e-10  2.80100054e+00  2.74990138e+00 
 8.70230188e-10  2.78524556e+00  2.76096255e+00 
 8.71230188e-10  2.77199819e+00  2.77603386e+00 
 8.72230188e-10  2.76224334e+00  2.79426177e+00 
 8.73230188e-10  2.75457814e+00  2.81347453e+00 
 8.74230188e-10  2.74749680e+00  2.83102950e+00 
 8.75230188e-10  2.74113134e+00  2.84550943e+00 
 8.76230188e-10  2.73640433e+00  2.85696537e+00 
 8.77230188e-10  2.73417986e+00  2.86587165e+00 
 8.78230188e-10  2.73475491e+00  2.87268691e+00 
 8.79230188e-10  2.73812252e+00  2.87769947e+00 
 8.80230188e-10  2.74420293e+00  2.88091665e+00 
 8.81230188e-10  2.75290228e+00  2.88203504e+00 
 8.82230188e-10  2.76395198e+00  2.88062520e+00 
 8.83230188e-10  2.77669332e+00  2.87653745e+00 
 8.84230188e-10  2.79001641e+00  2.87015982e+00 
 8.85230188e-10  2.80262629e+00  2.86223152e+00 
 8.86230188e-10  2.81356248e+00  2.85342912e+00 
 8.87230188e-10  2.82246788e+00  2.84410663e+00 
 8.88230188e-10  2.82944841e+00  2.83427976e+00 
 8.89230188e-10  2.83478228e+00  2.82370483e+00 
 8.90230188e-10  2.83865189e+00  2.81196037e+00 
 8.91230188e-10  2.84106234e+00  2.79865505e+00 
 8.92230188e-10  2.84193578e+00  2.78397941e+00 
 8.93230188e-10  2.84161560e+00  2.76940658e+00 
 8.94230188e-10  2.84077984e+00  2.75683637e+00 
 8.95230188e-10  2.83922922e+00  2.74734586e+00 
 8.96230188e-10  2.83516494e+00  2.74176186e+00 
 8.97230188e-10  2.82692256e+00  2.74055896e+00 
 8.98230188e-10  2.81421213e+00  2.74378190e+00 
 8.99230188e-10  2.79859723e+00  2.75128944e+00 
 9.00230188e-10  2.78305889e+00  2.76296696e+00 
 9.01230188e-10  2.77033729e+00  2.77859268e+00 
 9.02230188e-10  2.76102362e+00  2.79713567e+00 
 9.03230188e-10  2.75350329e+00  2.81625611e+00 
 9.04230188e-10  2.74648942e+00  2.83339635e+00 
 9.05230188e-10  2.74030022e+00  2.84740110e+00 
 9.06230188e-10  2.73590405e+00  2.85844415e+00 
 9.07230188e-10  2.73408946e+00  2.86701158e+00 
 9.08230188e-10  2.73508437e+00  2.87354509e+00 
 9.09230188e-10  2.73886199e+00  2.87829763e+00 
 9.10230188e-10  2.74534003e+00  2.88122755e+00 
 9.11230188e-10  2.75441495e+00  2.88199436e+00 
 9.12230188e-10  2.76576979e+00  2.88018229e+00 
 9.13230188e-10  2.77867750e+00  2.87571560e+00 
 9.14230188e-10  2.79197351e+00  2.86905672e+00 
 9.15230188e-10  2.80438010e+00  2.86096159e+00 
 9.16230188e-10  2.81502128e+00  2.85206835e+00 
 9.17230188e-10  2.82362498e+00  2.84267728e+00 
 9.18230188e-10  2.83034164e+00  2.83276014e+00 
 9.19230188e-10  2.83545044e+00  2.82204105e+00 
 9.20230188e-10  2.83910591e+00  2.81008405e+00 
 9.21230188e-10  2.84128914e+00  2.79653774e+00 
 9.22230188e-10  2.84194773e+00  2.78175417e+00 
 9.23230188e-10  2.84151149e+00  2.76737693e+00 
 9.24230188e-10  2.84062761e+00  2.75521231e+00 
 9.25230188e-10  2.83883713e+00  2.74625519e+00 
 9.26230188e-10  2.83422698e+00  2.74130625e+00 
 9.27230188e-10  2.82529024e+00  2.74076950e+00 
 9.28230188e-10  2.81200164e+00  2.74464191e+00 
 9.29230188e-10  2.79619120e+00  2.75277760e+00 
 9.30230188e-10  2.78093420e+00  2.76506749e+00 
 9.31230188e-10  2.76875080e+00  2.78122555e+00 
 9.32230188e-10  2.75983428e+00  2.80002811e+00 
 9.33230188e-10  2.75242498e+00  2.81899443e+00 
 9.34230188e-10  2.74548746e+00  2.83569314e+00 
 9.35230188e-10  2.73949765e+00  2.84922791e+00 
 9.36230188e-10  2.73545134e+00  2.85986877e+00 
 9.37230188e-10  2.73405148e+00  2.86810711e+00 
 9.38230188e-10  2.73546564e+00  2.87436450e+00 
 9.39230188e-10  2.73965180e+00  2.87885550e+00 
 9.40230188e-10  2.74652566e+00  2.88148971e+00 
 9.41230188e-10  2.75596959e+00  2.88189448e+00 
 9.42230188e-10  2.76761413e+00  2.87967788e+00 
 9.43230188e-10  2.78066254e+00  2.87484286e+00 
 9.44230188e-10  2.79390296e+00  2.86792021e+00 
 9.45230188e-10  2.80608740e+00  2.85967268e+00 
 9.46230188e-10  2.81642872e+00  2.85069514e+00 
 9.47230188e-10  2.82473516e+00  2.84123466e+00 
 9.48230188e-10  2.83119501e+00  2.83122105e+00 
 9.49230188e-10  2.83608232e+00  2.82034775e+00 
 9.50230188e-10  2.83952370e+00  2.80816959e+00 
 9.51230188e-10  2.84147776e+00  2.79438846e+00 
 9.52230188e-10  2.84193157e+00  2.77953584e+00 
 9.53230188e-10  2.84139534e+00  2.76539708e+00 
 9.54230188e-10  2.84045371e+00  2.75365823e+00 
 9.55230188e-10  2.83837521e+00  2.74525416e+00 
 9.56230188e-10  2.83318453e+00  2.74094981e+00 
 9.57230188e-10  2.82355349e+00  2.74107840e+00 
 9.58230188e-10  2.80972888e+00  2.74559645e+00 
 9.59230188e-10  2.79379485e+00  2.75435809e+00 
 9.60230188e-10  2.77887860e+00  2.76725552e+00 
 9.61230188e-10  2.76723650e+00  2.78391964e+00 
 9.62230188e-10  2.75867050e+00  2.80292319e+00 
 9.63230188e-10  2.75134747e+00  2.82167757e+00 
 9.64230188e-10  2.74449922e+00  2.83791595e+00 
 9.65230188e-10  2.73873329e+00  2.85098864e+00 
 9.66230188e-10  2.73505338e+00  2.86123866e+00 
 9.67230188e-10  2.73407157e+00  2.86915761e+00 
 9.68230188e-10  2.73590401e+00  2.87514391e+00 
 9.69230188e-10  2.74049717e+00  2.87937092e+00 
 9.70230188e-10  2.74776487e+00  2.88170037e+00 
 9.71230188e-10  2.75756994e+00  2.88173332e+00 
 9.72230188e-10  2.76948679e+00  2.87911191e+00 
 9.73230188e-10  2.78264853e+00  2.87392100e+00 
 9.74230188e-10  2.79580488e+00  2.86675237e+00 
 9.75230188e-10  2.80774973e+00  2.85836599e+00 
 9.76230188e-10  2.81778761e+00  2.84930952e+00 
 9.77230188e-10  2.82580167e+00  2.83977791e+00 
 9.78230188e-10  2.83201142e+00  2.82966085e+00 
 9.79230188e-10  2.83667991e+00  2.81862290e+00 
 9.80230188e-10  2.83990652e+00  2.80621567e+00 
 9.81230188e-10  2.84162876e+00  2.79220977e+00 
 9.82230188e-10  2.84189011e+00  2.77733135e+00 
 9.83230188e-10  2.84126952e+00  2.76347053e+00 
 9.84230188e-10  2.84025443e+00  2.75217695e+00 
 9.85230188e-10  2.83784032e+00  2.74434400e+00 
 9.86230188e-10  2.83203887e+00  2.74069163e+00 
 9.87230188e-10  2.82171950e+00  2.74148391e+00 
 9.88230188e-10  2.80740697e+00  2.74664405e+00 
 9.89230188e-10  2.79142296e+00  2.75602978e+00 
 9.90230188e-10  2.77690115e+00  2.76952833e+00 
 9.91230188e-10  2.76579457e+00  2.78666735e+00 
 9.92230188e-10  2.75753155e+00  2.80581071e+00 
 9.93230188e-10  2.75027856e+00  2.82429952e+00 
 9.94230188e-10  2.74353528e+00  2.84006306e+00 
 9.95230188e-10  2.73801701e+00  2.85268131e+00 
 9.96230188e-10  2.73471654e+00  2.86255164e+00 
 9.97230188e-10  2.73415457e+00  2.87016086e+00 
 9.98230188e-10  2.73640401e+00  2.87588081e+00 
 9.99115094e-10  2.74067871e+00  2.87944405e+00 
 1.00000000e-09  2.74704427e+00  2.88151455e+00 
