 frequency       v(vout)         v(vout)         v(vinn)         v(vinn)        
 1.00000000e+03 -9.81573896e-01  4.87601986e-06  1.84261045e-02  4.87601986e-06 
 1.02329299e+03 -9.81573896e-01  4.98959696e-06  1.84261045e-02  4.98959696e-06 
 1.04712855e+03 -9.81573896e-01  5.10581960e-06  1.84261045e-02  5.10581960e-06 
 1.07151931e+03 -9.81573896e-01  5.22474941e-06  1.84261045e-02  5.22474941e-06 
 1.09647820e+03 -9.81573896e-01  5.34644946e-06  1.84261045e-02  5.34644946e-06 
 1.12201845e+03 -9.81573895e-01  5.47098427e-06  1.84261045e-02  5.47098427e-06 
 1.14815362e+03 -9.81573895e-01  5.59841986e-06  1.84261045e-02  5.59841986e-06 
 1.17489755e+03 -9.81573895e-01  5.72882381e-06  1.84261045e-02  5.72882381e-06 
 1.20226443e+03 -9.81573895e-01  5.86226526e-06  1.84261045e-02  5.86226526e-06 
 1.23026877e+03 -9.81573895e-01  5.99881495e-06  1.84261045e-02  5.99881495e-06 
 1.25892541e+03 -9.81573895e-01  6.13854530e-06  1.84261045e-02  6.13854530e-06 
 1.28824955e+03 -9.81573895e-01  6.28153039e-06  1.84261046e-02  6.28153039e-06 
 1.31825674e+03 -9.81573895e-01  6.42784603e-06  1.84261046e-02  6.42784603e-06 
 1.34896288e+03 -9.81573895e-01  6.57756979e-06  1.84261046e-02  6.57756979e-06 
 1.38038426e+03 -9.81573895e-01  6.73078107e-06  1.84261046e-02  6.73078107e-06 
 1.41253754e+03 -9.81573895e-01  6.88756110e-06  1.84261046e-02  6.88756110e-06 
 1.44543977e+03 -9.81573895e-01  7.04799301e-06  1.84261046e-02  7.04799301e-06 
 1.47910839e+03 -9.81573895e-01  7.21216185e-06  1.84261046e-02  7.21216185e-06 
 1.51356125e+03 -9.81573895e-01  7.38015468e-06  1.84261046e-02  7.38015468e-06 
 1.54881662e+03 -9.81573895e-01  7.55206057e-06  1.84261046e-02  7.55206057e-06 
 1.58489319e+03 -9.81573895e-01  7.72797065e-06  1.84261047e-02  7.72797065e-06 
 1.62181010e+03 -9.81573895e-01  7.90797821e-06  1.84261047e-02  7.90797821e-06 
 1.65958691e+03 -9.81573895e-01  8.09217868e-06  1.84261047e-02  8.09217868e-06 
 1.69824365e+03 -9.81573895e-01  8.28066973e-06  1.84261047e-02  8.28066973e-06 
 1.73780083e+03 -9.81573895e-01  8.47355131e-06  1.84261047e-02  8.47355131e-06 
 1.77827941e+03 -9.81573895e-01  8.67092567e-06  1.84261047e-02  8.67092567e-06 
 1.81970086e+03 -9.81573895e-01  8.87289747e-06  1.84261048e-02  8.87289747e-06 
 1.86208714e+03 -9.81573895e-01  9.07957380e-06  1.84261048e-02  9.07957380e-06 
 1.90546072e+03 -9.81573895e-01  9.29106423e-06  1.84261048e-02  9.29106423e-06 
 1.94984460e+03 -9.81573895e-01  9.50748092e-06  1.84261048e-02  9.50748092e-06 
 1.99526231e+03 -9.81573895e-01  9.72893859e-06  1.84261048e-02  9.72893859e-06 
 2.04173794e+03 -9.81573895e-01  9.95555468e-06  1.84261049e-02  9.95555468e-06 
 2.08929613e+03 -9.81573895e-01  1.01874493e-05  1.84261049e-02  1.01874493e-05 
 2.13796209e+03 -9.81573895e-01  1.04247455e-05  1.84261049e-02  1.04247455e-05 
 2.18776162e+03 -9.81573895e-01  1.06675690e-05  1.84261049e-02  1.06675690e-05 
 2.23872114e+03 -9.81573895e-01  1.09160486e-05  1.84261050e-02  1.09160486e-05 
 2.29086765e+03 -9.81573895e-01  1.11703160e-05  1.84261050e-02  1.11703160e-05 
 2.34422882e+03 -9.81573895e-01  1.14305061e-05  1.84261050e-02  1.14305061e-05 
 2.39883292e+03 -9.81573895e-01  1.16967568e-05  1.84261051e-02  1.16967568e-05 
 2.45470892e+03 -9.81573895e-01  1.19692092e-05  1.84261051e-02  1.19692092e-05 
 2.51188643e+03 -9.81573895e-01  1.22480079e-05  1.84261051e-02  1.22480079e-05 
 2.57039578e+03 -9.81573895e-01  1.25333007e-05  1.84261052e-02  1.25333007e-05 
 2.63026799e+03 -9.81573895e-01  1.28252387e-05  1.84261052e-02  1.28252387e-05 
 2.69153480e+03 -9.81573895e-01  1.31239769e-05  1.84261053e-02  1.31239769e-05 
 2.75422870e+03 -9.81573895e-01  1.34296736e-05  1.84261053e-02  1.34296736e-05 
 2.81838293e+03 -9.81573895e-01  1.37424909e-05  1.84261053e-02  1.37424909e-05 
 2.88403150e+03 -9.81573895e-01  1.40625946e-05  1.84261054e-02  1.40625946e-05 
 2.95120923e+03 -9.81573895e-01  1.43901545e-05  1.84261054e-02  1.43901545e-05 
 3.01995172e+03 -9.81573895e-01  1.47253442e-05  1.84261055e-02  1.47253442e-05 
 3.09029543e+03 -9.81573894e-01  1.50683415e-05  1.84261056e-02  1.50683415e-05 
 3.16227766e+03 -9.81573894e-01  1.54193283e-05  1.84261056e-02  1.54193283e-05 
 3.23593657e+03 -9.81573894e-01  1.57784905e-05  1.84261057e-02  1.57784905e-05 
 3.31131121e+03 -9.81573894e-01  1.61460188e-05  1.84261057e-02  1.61460188e-05 
 3.38844156e+03 -9.81573894e-01  1.65221078e-05  1.84261058e-02  1.65221078e-05 
 3.46736850e+03 -9.81573894e-01  1.69069571e-05  1.84261059e-02  1.69069571e-05 
 3.54813389e+03 -9.81573894e-01  1.73007707e-05  1.84261059e-02  1.73007707e-05 
 3.63078055e+03 -9.81573894e-01  1.77037574e-05  1.84261060e-02  1.77037574e-05 
 3.71535229e+03 -9.81573894e-01  1.81161308e-05  1.84261061e-02  1.81161308e-05 
 3.80189396e+03 -9.81573894e-01  1.85381097e-05  1.84261062e-02  1.85381097e-05 
 3.89045145e+03 -9.81573894e-01  1.89699177e-05  1.84261063e-02  1.89699177e-05 
 3.98107171e+03 -9.81573894e-01  1.94117838e-05  1.84261064e-02  1.94117838e-05 
 4.07380278e+03 -9.81573894e-01  1.98639423e-05  1.84261064e-02  1.98639423e-05 
 4.16869383e+03 -9.81573893e-01  2.03266329e-05  1.84261065e-02  2.03266329e-05 
 4.26579519e+03 -9.81573893e-01  2.08001010e-05  1.84261067e-02  2.08001010e-05 
 4.36515832e+03 -9.81573893e-01  2.12845975e-05  1.84261068e-02  2.12845975e-05 
 4.46683592e+03 -9.81573893e-01  2.17803794e-05  1.84261069e-02  2.17803794e-05 
 4.57088190e+03 -9.81573893e-01  2.22877095e-05  1.84261070e-02  2.22877095e-05 
 4.67735141e+03 -9.81573893e-01  2.28068569e-05  1.84261071e-02  2.28068569e-05 
 4.78630092e+03 -9.81573893e-01  2.33380968e-05  1.84261072e-02  2.33380968e-05 
 4.89778819e+03 -9.81573893e-01  2.38817108e-05  1.84261074e-02  2.38817108e-05 
 5.01187234e+03 -9.81573892e-01  2.44379872e-05  1.84261075e-02  2.44379872e-05 
 5.12861384e+03 -9.81573892e-01  2.50072210e-05  1.84261077e-02  2.50072210e-05 
 5.24807460e+03 -9.81573892e-01  2.55897139e-05  1.84261078e-02  2.55897139e-05 
 5.37031796e+03 -9.81573892e-01  2.61857748e-05  1.84261080e-02  2.61857748e-05 
 5.49540874e+03 -9.81573892e-01  2.67957197e-05  1.84261082e-02  2.67957197e-05 
 5.62341325e+03 -9.81573892e-01  2.74198721e-05  1.84261084e-02  2.74198721e-05 
 5.75439937e+03 -9.81573891e-01  2.80585628e-05  1.84261085e-02  2.80585628e-05 
 5.88843655e+03 -9.81573891e-01  2.87121306e-05  1.84261087e-02  2.87121306e-05 
 6.02559586e+03 -9.81573891e-01  2.93809219e-05  1.84261089e-02  2.93809219e-05 
 6.16595002e+03 -9.81573891e-01  3.00652913e-05  1.84261092e-02  3.00652913e-05 
 6.30957344e+03 -9.81573891e-01  3.07656017e-05  1.84261094e-02  3.07656017e-05 
 6.45654229e+03 -9.81573890e-01  3.14822245e-05  1.84261096e-02  3.14822245e-05 
 6.60693448e+03 -9.81573890e-01  3.22155395e-05  1.84261099e-02  3.22155395e-05 
 6.76082975e+03 -9.81573890e-01  3.29659356e-05  1.84261101e-02  3.29659356e-05 
 6.91830971e+03 -9.81573890e-01  3.37338106e-05  1.84261104e-02  3.37338106e-05 
 7.07945784e+03 -9.81573889e-01  3.45195718e-05  1.84261107e-02  3.45195718e-05 
 7.24435960e+03 -9.81573889e-01  3.53236356e-05  1.84261110e-02  3.53236356e-05 
 7.41310241e+03 -9.81573889e-01  3.61464285e-05  1.84261113e-02  3.61464285e-05 
 7.58577575e+03 -9.81573888e-01  3.69883867e-05  1.84261116e-02  3.69883867e-05 
 7.76247117e+03 -9.81573888e-01  3.78499566e-05  1.84261120e-02  3.78499566e-05 
 7.94328235e+03 -9.81573888e-01  3.87315950e-05  1.84261123e-02  3.87315950e-05 
 8.12830516e+03 -9.81573887e-01  3.96337694e-05  1.84261127e-02  3.96337694e-05 
 8.31763771e+03 -9.81573887e-01  4.05569581e-05  1.84261131e-02  4.05569581e-05 
 8.51138038e+03 -9.81573886e-01  4.15016505e-05  1.84261135e-02  4.15016505e-05 
 8.70963590e+03 -9.81573886e-01  4.24683477e-05  1.84261140e-02  4.24683477e-05 
 8.91250938e+03 -9.81573886e-01  4.34575621e-05  1.84261144e-02  4.34575621e-05 
 9.12010839e+03 -9.81573885e-01  4.44698183e-05  1.84261149e-02  4.44698183e-05 
 9.33254301e+03 -9.81573885e-01  4.55056528e-05  1.84261154e-02  4.55056528e-05 
 9.54992586e+03 -9.81573884e-01  4.65656151e-05  1.84261159e-02  4.65656151e-05 
 9.77237221e+03 -9.81573884e-01  4.76502669e-05  1.84261165e-02  4.76502669e-05 
 1.00000000e+04 -9.81573883e-01  4.87601836e-05  1.84261170e-02  4.87601836e-05 
 1.02329299e+04 -9.81573882e-01  4.98959534e-05  1.84261176e-02  4.98959534e-05 
 1.04712855e+04 -9.81573882e-01  5.10581787e-05  1.84261183e-02  5.10581787e-05 
 1.07151931e+04 -9.81573881e-01  5.22474756e-05  1.84261189e-02  5.22474756e-05 
 1.09647820e+04 -9.81573880e-01  5.34644747e-05  1.84261196e-02  5.34644747e-05 
 1.12201845e+04 -9.81573880e-01  5.47098214e-05  1.84261203e-02  5.47098214e-05 
 1.14815362e+04 -9.81573879e-01  5.59841758e-05  1.84261211e-02  5.59841758e-05 
 1.17489755e+04 -9.81573878e-01  5.72882136e-05  1.84261219e-02  5.72882136e-05 
 1.20226443e+04 -9.81573877e-01  5.86226263e-05  1.84261227e-02  5.86226263e-05 
 1.23026877e+04 -9.81573876e-01  5.99881215e-05  1.84261236e-02  5.99881215e-05 
 1.25892541e+04 -9.81573876e-01  6.13854229e-05  1.84261245e-02  6.13854229e-05 
 1.28824955e+04 -9.81573875e-01  6.28152717e-05  1.84261254e-02  6.28152717e-05 
 1.31825674e+04 -9.81573874e-01  6.42784257e-05  1.84261264e-02  6.42784257e-05 
 1.34896288e+04 -9.81573873e-01  6.57756609e-05  1.84261274e-02  6.57756609e-05 
 1.38038426e+04 -9.81573871e-01  6.73077711e-05  1.84261285e-02  6.73077711e-05 
 1.41253754e+04 -9.81573870e-01  6.88755685e-05  1.84261297e-02  6.88755685e-05 
 1.44543977e+04 -9.81573869e-01  7.04798845e-05  1.84261309e-02  7.04798845e-05 
 1.47910839e+04 -9.81573868e-01  7.21215697e-05  1.84261321e-02  7.21215697e-05 
 1.51356125e+04 -9.81573867e-01  7.38014945e-05  1.84261334e-02  7.38014945e-05 
 1.54881662e+04 -9.81573865e-01  7.55205496e-05  1.84261348e-02  7.55205496e-05 
 1.58489319e+04 -9.81573864e-01  7.72796465e-05  1.84261362e-02  7.72796465e-05 
 1.62181010e+04 -9.81573862e-01  7.90797177e-05  1.84261377e-02  7.90797177e-05 
 1.65958691e+04 -9.81573861e-01  8.09217179e-05  1.84261393e-02  8.09217179e-05 
 1.69824365e+04 -9.81573859e-01  8.28066235e-05  1.84261409e-02  8.28066235e-05 
 1.73780083e+04 -9.81573857e-01  8.47354339e-05  1.84261427e-02  8.47354339e-05 
 1.77827941e+04 -9.81573856e-01  8.67091718e-05  1.84261445e-02  8.67091718e-05 
 1.81970086e+04 -9.81573854e-01  8.87288838e-05  1.84261464e-02  8.87288838e-05 
 1.86208714e+04 -9.81573852e-01  9.07956406e-05  1.84261484e-02  9.07956406e-05 
 1.90546072e+04 -9.81573850e-01  9.29105380e-05  1.84261504e-02  9.29105380e-05 
 1.94984460e+04 -9.81573847e-01  9.50746973e-05  1.84261526e-02  9.50746973e-05 
 1.99526231e+04 -9.81573845e-01  9.72892661e-05  1.84261549e-02  9.72892661e-05 
 2.04173794e+04 -9.81573843e-01  9.95554184e-05  1.84261573e-02  9.95554184e-05 
 2.08929613e+04 -9.81573840e-01  1.01874356e-04  1.84261597e-02  1.01874356e-04 
 2.13796209e+04 -9.81573838e-01  1.04247308e-04  1.84261624e-02  1.04247308e-04 
 2.18776162e+04 -9.81573835e-01  1.06675532e-04  1.84261651e-02  1.06675532e-04 
 2.23872114e+04 -9.81573832e-01  1.09160317e-04  1.84261680e-02  1.09160317e-04 
 2.29086765e+04 -9.81573829e-01  1.11702979e-04  1.84261710e-02  1.11702979e-04 
 2.34422882e+04 -9.81573826e-01  1.14304867e-04  1.84261741e-02  1.14304867e-04 
 2.39883292e+04 -9.81573823e-01  1.16967360e-04  1.84261774e-02  1.16967360e-04 
 2.45470892e+04 -9.81573819e-01  1.19691869e-04  1.84261808e-02  1.19691869e-04 
 2.51188643e+04 -9.81573816e-01  1.22479840e-04  1.84261844e-02  1.22479840e-04 
 2.57039578e+04 -9.81573812e-01  1.25332751e-04  1.84261882e-02  1.25332751e-04 
 2.63026799e+04 -9.81573808e-01  1.28252113e-04  1.84261922e-02  1.28252113e-04 
 2.69153480e+04 -9.81573804e-01  1.31239475e-04  1.84261963e-02  1.31239475e-04 
 2.75422870e+04 -9.81573799e-01  1.34296421e-04  1.84262006e-02  1.34296421e-04 
 2.81838293e+04 -9.81573795e-01  1.37424571e-04  1.84262052e-02  1.37424571e-04 
 2.88403150e+04 -9.81573790e-01  1.40625584e-04  1.84262099e-02  1.40625584e-04 
 2.95120923e+04 -9.81573785e-01  1.43901157e-04  1.84262149e-02  1.43901157e-04 
 3.01995172e+04 -9.81573780e-01  1.47253027e-04  1.84262201e-02  1.47253027e-04 
 3.09029543e+04 -9.81573774e-01  1.50682970e-04  1.84262256e-02  1.50682970e-04 
 3.16227766e+04 -9.81573769e-01  1.54192805e-04  1.84262313e-02  1.54192805e-04 
 3.23593657e+04 -9.81573763e-01  1.57784394e-04  1.84262372e-02  1.57784394e-04 
 3.31131121e+04 -9.81573756e-01  1.61459640e-04  1.84262435e-02  1.61459640e-04 
 3.38844156e+04 -9.81573750e-01  1.65220491e-04  1.84262501e-02  1.65220491e-04 
 3.46736850e+04 -9.81573743e-01  1.69068942e-04  1.84262569e-02  1.69068942e-04 
 3.54813389e+04 -9.81573736e-01  1.73007033e-04  1.84262641e-02  1.73007033e-04 
 3.63078055e+04 -9.81573728e-01  1.77036852e-04  1.84262717e-02  1.77036852e-04 
 3.71535229e+04 -9.81573720e-01  1.81160535e-04  1.84262795e-02  1.81160535e-04 
 3.80189396e+04 -9.81573712e-01  1.85380268e-04  1.84262878e-02  1.85380268e-04 
 3.89045145e+04 -9.81573704e-01  1.89698289e-04  1.84262964e-02  1.89698289e-04 
 3.98107171e+04 -9.81573694e-01  1.94116886e-04  1.84263055e-02  1.94116886e-04 
 4.07380278e+04 -9.81573685e-01  1.98638403e-04  1.84263150e-02  1.98638403e-04 
 4.16869383e+04 -9.81573675e-01  2.03265236e-04  1.84263249e-02  2.03265236e-04 
 4.26579519e+04 -9.81573665e-01  2.07999839e-04  1.84263353e-02  2.07999839e-04 
 4.36515832e+04 -9.81573654e-01  2.12844720e-04  1.84263462e-02  2.12844720e-04 
 4.46683592e+04 -9.81573642e-01  2.17802449e-04  1.84263576e-02  2.17802449e-04 
 4.57088190e+04 -9.81573630e-01  2.22875655e-04  1.84263695e-02  2.22875655e-04 
 4.67735141e+04 -9.81573618e-01  2.28067025e-04  1.84263820e-02  2.28067025e-04 
 4.78630092e+04 -9.81573605e-01  2.33379314e-04  1.84263951e-02  2.33379314e-04 
 4.89778819e+04 -9.81573591e-01  2.38815336e-04  1.84264088e-02  2.38815336e-04 
 5.01187234e+04 -9.81573577e-01  2.44377973e-04  1.84264232e-02  2.44377973e-04 
 5.12861384e+04 -9.81573562e-01  2.50070175e-04  1.84264382e-02  2.50070175e-04 
 5.24807460e+04 -9.81573546e-01  2.55894958e-04  1.84264539e-02  2.55894958e-04 
 5.37031796e+04 -9.81573530e-01  2.61855411e-04  1.84264704e-02  2.61855411e-04 
 5.49540874e+04 -9.81573512e-01  2.67954694e-04  1.84264876e-02  2.67954694e-04 
 5.62341325e+04 -9.81573494e-01  2.74196038e-04  1.84265057e-02  2.74196038e-04 
 5.75439937e+04 -9.81573475e-01  2.80582754e-04  1.84265246e-02  2.80582754e-04 
 5.88843655e+04 -9.81573456e-01  2.87118226e-04  1.84265444e-02  2.87118226e-04 
 6.02559586e+04 -9.81573435e-01  2.93805918e-04  1.84265652e-02  2.93805918e-04 
 6.16595002e+04 -9.81573413e-01  3.00649377e-04  1.84265869e-02  3.00649377e-04 
 6.30957344e+04 -9.81573390e-01  3.07652228e-04  1.84266096e-02  3.07652228e-04 
 6.45654229e+04 -9.81573367e-01  3.14818184e-04  1.84266334e-02  3.14818184e-04 
 6.60693448e+04 -9.81573342e-01  3.22151044e-04  1.84266584e-02  3.22151044e-04 
 6.76082975e+04 -9.81573316e-01  3.29654694e-04  1.84266845e-02  3.29654694e-04 
 6.91830971e+04 -9.81573288e-01  3.37333111e-04  1.84267118e-02  3.37333111e-04 
 7.07945784e+04 -9.81573260e-01  3.45190365e-04  1.84267404e-02  3.45190365e-04 
 7.24435960e+04 -9.81573230e-01  3.53230621e-04  1.84267704e-02  3.53230621e-04 
 7.41310241e+04 -9.81573198e-01  3.61458140e-04  1.84268018e-02  3.61458140e-04 
 7.58577575e+04 -9.81573165e-01  3.69877282e-04  1.84268347e-02  3.69877282e-04 
 7.76247117e+04 -9.81573131e-01  3.78492510e-04  1.84268691e-02  3.78492510e-04 
 7.94328235e+04 -9.81573095e-01  3.87308390e-04  1.84269051e-02  3.87308390e-04 
 8.12830516e+04 -9.81573057e-01  3.96329593e-04  1.84269428e-02  3.96329593e-04 
 8.31763771e+04 -9.81573018e-01  4.05560901e-04  1.84269824e-02  4.05560901e-04 
 8.51138038e+04 -9.81572976e-01  4.15007205e-04  1.84270237e-02  4.15007205e-04 
 8.70963590e+04 -9.81572933e-01  4.24673511e-04  1.84270671e-02  4.24673511e-04 
 8.91250938e+04 -9.81572888e-01  4.34564943e-04  1.84271124e-02  4.34564943e-04 
 9.12010839e+04 -9.81572840e-01  4.44686741e-04  1.84271599e-02  4.44686741e-04 
 9.33254301e+04 -9.81572790e-01  4.55044268e-04  1.84272097e-02  4.55044268e-04 
 9.54992586e+04 -9.81572738e-01  4.65643014e-04  1.84272618e-02  4.65643014e-04 
 9.77237221e+04 -9.81572684e-01  4.76488593e-04  1.84273163e-02  4.76488593e-04 
 1.00000000e+05 -9.81572627e-01  4.87586752e-04  1.84273734e-02  4.87586752e-04 
 1.02329299e+05 -9.81572567e-01  4.98943372e-04  1.84274332e-02  4.98943372e-04 
 1.04712855e+05 -9.81572504e-01  5.10564469e-04  1.84274958e-02  5.10564469e-04 
 1.07151931e+05 -9.81572439e-01  5.22456200e-04  1.84275614e-02  5.22456200e-04 
 1.09647820e+05 -9.81572370e-01  5.34624865e-04  1.84276300e-02  5.34624865e-04 
 1.12201845e+05 -9.81572298e-01  5.47076909e-04  1.84277019e-02  5.47076909e-04 
 1.14815362e+05 -9.81572223e-01  5.59818930e-04  1.84277772e-02  5.59818930e-04 
 1.17489755e+05 -9.81572144e-01  5.72857676e-04  1.84278560e-02  5.72857676e-04 
 1.20226443e+05 -9.81572061e-01  5.86200054e-04  1.84279385e-02  5.86200054e-04 
 1.23026877e+05 -9.81571975e-01  5.99853131e-04  1.84280250e-02  5.99853131e-04 
 1.25892541e+05 -9.81571885e-01  6.13824138e-04  1.84281155e-02  6.13824138e-04 
 1.28824955e+05 -9.81571790e-01  6.28120474e-04  1.84282102e-02  6.28120474e-04 
 1.31825674e+05 -9.81571691e-01  6.42749709e-04  1.84283094e-02  6.42749709e-04 
 1.34896288e+05 -9.81571587e-01  6.57719590e-04  1.84284133e-02  6.57719590e-04 
 1.38038426e+05 -9.81571478e-01  6.73038045e-04  1.84285221e-02  6.73038045e-04 
 1.41253754e+05 -9.81571364e-01  6.88713184e-04  1.84286360e-02  6.88713184e-04 
 1.44543977e+05 -9.81571245e-01  7.04753305e-04  1.84287553e-02  7.04753305e-04 
 1.47910839e+05 -9.81571120e-01  7.21166901e-04  1.84288802e-02  7.21166901e-04 
 1.51356125e+05 -9.81570989e-01  7.37962660e-04  1.84290109e-02  7.37962660e-04 
 1.54881662e+05 -9.81570852e-01  7.55149473e-04  1.84291479e-02  7.55149473e-04 
 1.58489319e+05 -9.81570709e-01  7.72736436e-04  1.84292913e-02  7.72736436e-04 
 1.62181010e+05 -9.81570559e-01  7.90732857e-04  1.84294414e-02  7.90732857e-04 
 1.65958691e+05 -9.81570401e-01  8.09148260e-04  1.84295986e-02  8.09148260e-04 
 1.69824365e+05 -9.81570237e-01  8.27992388e-04  1.84297632e-02  8.27992388e-04 
 1.73780083e+05 -9.81570064e-01  8.47275214e-04  1.84299355e-02  8.47275214e-04 
 1.77827941e+05 -9.81569884e-01  8.67006937e-04  1.84301160e-02  8.67006937e-04 
 1.81970086e+05 -9.81569695e-01  8.87197995e-04  1.84303049e-02  8.87197995e-04 
 1.86208714e+05 -9.81569497e-01  9.07859069e-04  1.84305028e-02  9.07859069e-04 
 1.90546072e+05 -9.81569290e-01  9.29001085e-04  1.84307100e-02  9.29001085e-04 
 1.94984460e+05 -9.81569073e-01  9.50635223e-04  1.84309269e-02  9.50635223e-04 
 1.99526231e+05 -9.81568846e-01  9.72772923e-04  1.84311540e-02  9.72772923e-04 
 2.04173794e+05 -9.81568608e-01  9.95425887e-04  1.84313918e-02  9.95425887e-04 
 2.08929613e+05 -9.81568359e-01  1.01860609e-03  1.84316408e-02  1.01860609e-03 
 2.13796209e+05 -9.81568098e-01  1.04232578e-03  1.84319016e-02  1.04232578e-03 
 2.18776162e+05 -9.81567825e-01  1.06659750e-03  1.84321746e-02  1.06659750e-03 
 2.23872114e+05 -9.81567540e-01  1.09143407e-03  1.84324604e-02  1.09143407e-03 
 2.29086765e+05 -9.81567240e-01  1.11684860e-03  1.84327597e-02  1.11684860e-03 
 2.34422882e+05 -9.81566927e-01  1.14285453e-03  1.84330730e-02  1.14285453e-03 
 2.39883292e+05 -9.81566599e-01  1.16946559e-03  1.84334012e-02  1.16946559e-03 
 2.45470892e+05 -9.81566255e-01  1.19669582e-03  1.84337447e-02  1.19669582e-03 
 2.51188643e+05 -9.81565896e-01  1.22455961e-03  1.84341044e-02  1.22455961e-03 
 2.57039578e+05 -9.81565519e-01  1.25307165e-03  1.84344810e-02  1.25307165e-03 
 2.63026799e+05 -9.81565125e-01  1.28224699e-03  1.84348753e-02  1.28224699e-03 
 2.69153480e+05 -9.81564712e-01  1.31210102e-03  1.84352882e-02  1.31210102e-03 
 2.75422870e+05 -9.81564280e-01  1.34264949e-03  1.84357205e-02  1.34264949e-03 
 2.81838293e+05 -9.81563827e-01  1.37390851e-03  1.84361730e-02  1.37390851e-03 
 2.88403150e+05 -9.81563353e-01  1.40589455e-03  1.84366469e-02  1.40589455e-03 
 2.95120923e+05 -9.81562857e-01  1.43862447e-03  1.84371430e-02  1.43862447e-03 
 3.01995172e+05 -9.81562338e-01  1.47211552e-03  1.84376625e-02  1.47211552e-03 
 3.09029543e+05 -9.81561794e-01  1.50638533e-03  1.84382063e-02  1.50638533e-03 
 3.16227766e+05 -9.81561224e-01  1.54145194e-03  1.84387757e-02  1.54145194e-03 
 3.23593657e+05 -9.81560628e-01  1.57733383e-03  1.84393718e-02  1.57733383e-03 
 3.31131121e+05 -9.81560004e-01  1.61404986e-03  1.84399960e-02  1.61404986e-03 
 3.38844156e+05 -9.81559351e-01  1.65161934e-03  1.84406494e-02  1.65161934e-03 
 3.46736850e+05 -9.81558667e-01  1.69006204e-03  1.84413335e-02  1.69006204e-03 
 3.54813389e+05 -9.81557950e-01  1.72939816e-03  1.84420497e-02  1.72939816e-03 
 3.63078055e+05 -9.81557200e-01  1.76964836e-03  1.84427995e-02  1.76964836e-03 
 3.71535229e+05 -9.81556415e-01  1.81083377e-03  1.84435845e-02  1.81083377e-03 
 3.80189396e+05 -9.81555594e-01  1.85297603e-03  1.84444063e-02  1.85297603e-03 
 3.89045145e+05 -9.81554733e-01  1.89609724e-03  1.84452667e-02  1.89609724e-03 
 3.98107171e+05 -9.81553833e-01  1.94022001e-03  1.84461674e-02  1.94022001e-03 
 4.07380278e+05 -9.81552890e-01  1.98536747e-03  1.84471103e-02  1.98536747e-03 
 4.16869383e+05 -9.81551903e-01  2.03156326e-03  1.84480974e-02  2.03156326e-03 
 4.26579519e+05 -9.81550869e-01  2.07883159e-03  1.84491307e-02  2.07883159e-03 
 4.36515832e+05 -9.81549788e-01  2.12719717e-03  1.84502124e-02  2.12719717e-03 
 4.46683592e+05 -9.81548655e-01  2.17668530e-03  1.84513448e-02  2.17668530e-03 
 4.57088190e+05 -9.81547470e-01  2.22732185e-03  1.84525302e-02  2.22732185e-03 
 4.67735141e+05 -9.81546229e-01  2.27913325e-03  1.84537710e-02  2.27913325e-03 
 4.78630092e+05 -9.81544930e-01  2.33214654e-03  1.84550699e-02  2.33214654e-03 
 4.89778819e+05 -9.81543570e-01  2.38638938e-03  1.84564295e-02  2.38638938e-03 
 5.01187234e+05 -9.81542147e-01  2.44189002e-03  1.84578527e-02  2.44189002e-03 
 5.12861384e+05 -9.81540658e-01  2.49867737e-03  1.84593424e-02  2.49867737e-03 
 5.24807460e+05 -9.81539098e-01  2.55678096e-03  1.84609016e-02  2.55678096e-03 
 5.37031796e+05 -9.81537466e-01  2.61623099e-03  1.84625336e-02  2.61623099e-03 
 5.49540874e+05 -9.81535758e-01  2.67705834e-03  1.84642418e-02  2.67705834e-03 
 5.62341325e+05 -9.81533970e-01  2.73929456e-03  1.84660297e-02  2.73929456e-03 
 5.75439937e+05 -9.81532099e-01  2.80297191e-03  1.84679009e-02  2.80297191e-03 
 5.88843655e+05 -9.81530141e-01  2.86812335e-03  1.84698592e-02  2.86812335e-03 
 6.02559586e+05 -9.81528091e-01  2.93478257e-03  1.84719088e-02  2.93478257e-03 
 6.16595002e+05 -9.81525946e-01  3.00298401e-03  1.84740538e-02  3.00298401e-03 
 6.30957344e+05 -9.81523701e-01  3.07276285e-03  1.84762986e-02  3.07276285e-03 
 6.45654229e+05 -9.81521352e-01  3.14415504e-03  1.84786477e-02  3.14415504e-03 
 6.60693448e+05 -9.81518894e-01  3.21719733e-03  1.84811060e-02  3.21719733e-03 
 6.76082975e+05 -9.81516322e-01  3.29192725e-03  1.84836784e-02  3.29192725e-03 
 6.91830971e+05 -9.81513630e-01  3.36838315e-03  1.84863701e-02  3.36838315e-03 
 7.07945784e+05 -9.81510813e-01  3.44660419e-03  1.84891866e-02  3.44660419e-03 
 7.24435960e+05 -9.81507866e-01  3.52663040e-03  1.84921336e-02  3.52663040e-03 
 7.41310241e+05 -9.81504783e-01  3.60850264e-03  1.84952171e-02  3.60850264e-03 
 7.58577575e+05 -9.81501557e-01  3.69226266e-03  1.84984431e-02  3.69226266e-03 
 7.76247117e+05 -9.81498182e-01  3.77795309e-03  1.85018181e-02  3.77795309e-03 
 7.94328235e+05 -9.81494651e-01  3.86561746e-03  1.85053490e-02  3.86561746e-03 
 8.12830516e+05 -9.81490957e-01  3.95530021e-03  1.85090428e-02  3.95530021e-03 
 8.31763771e+05 -9.81487093e-01  4.04704672e-03  1.85129067e-02  4.04704672e-03 
 8.51138038e+05 -9.81483052e-01  4.14090331e-03  1.85169484e-02  4.14090331e-03 
 8.70963590e+05 -9.81478824e-01  4.23691726e-03  1.85211760e-02  4.23691726e-03 
 8.91250938e+05 -9.81474402e-01  4.33513684e-03  1.85255977e-02  4.33513684e-03 
 9.12010839e+05 -9.81469778e-01  4.43561129e-03  1.85302222e-02  4.43561129e-03 
 9.33254301e+05 -9.81464941e-01  4.53839086e-03  1.85350585e-02  4.53839086e-03 
 9.54992586e+05 -9.81459884e-01  4.64352683e-03  1.85401161e-02  4.64352683e-03 
 9.77237221e+05 -9.81454595e-01  4.75107149e-03  1.85454047e-02  4.75107149e-03 
 1.00000000e+06 -9.81449065e-01  4.86107819e-03  1.85509346e-02  4.86107819e-03 
 1.02329299e+06 -9.81443284e-01  4.97360135e-03  1.85567163e-02  4.97360135e-03 
 1.04712855e+06 -9.81437239e-01  5.08869644e-03  1.85627610e-02  5.08869644e-03 
 1.07151931e+06 -9.81430920e-01  5.20642003e-03  1.85690800e-02  5.20642003e-03 
 1.09647820e+06 -9.81424315e-01  5.32682979e-03  1.85756854e-02  5.32682979e-03 
 1.12201845e+06 -9.81417410e-01  5.44998449e-03  1.85825897e-02  5.44998449e-03 
 1.14815362e+06 -9.81410194e-01  5.57594403e-03  1.85898056e-02  5.57594403e-03 
 1.17489755e+06 -9.81402653e-01  5.70476945e-03  1.85973468e-02  5.70476945e-03 
 1.20226443e+06 -9.81394773e-01  5.83652292e-03  1.86052270e-02  5.83652292e-03 
 1.23026877e+06 -9.81386539e-01  5.97126777e-03  1.86134608e-02  5.97126777e-03 
 1.25892541e+06 -9.81377937e-01  6.10906850e-03  1.86220632e-02  6.10906850e-03 
 1.28824955e+06 -9.81368950e-01  6.24999079e-03  1.86310497e-02  6.24999079e-03 
 1.31825674e+06 -9.81359563e-01  6.39410147e-03  1.86404366e-02  6.39410147e-03 
 1.34896288e+06 -9.81349759e-01  6.54146861e-03  1.86502406e-02  6.54146861e-03 
 1.38038426e+06 -9.81339521e-01  6.69216143e-03  1.86604791e-02  6.69216143e-03 
 1.41253754e+06 -9.81328830e-01  6.84625038e-03  1.86711699e-02  6.84625038e-03 
 1.44543977e+06 -9.81317668e-01  7.00380713e-03  1.86823317e-02  7.00380713e-03 
 1.47910839e+06 -9.81306016e-01  7.16490454e-03  1.86939837e-02  7.16490454e-03 
 1.51356125e+06 -9.81293854e-01  7.32961671e-03  1.87061457e-02  7.32961671e-03 
 1.54881662e+06 -9.81281162e-01  7.49801894e-03  1.87188384e-02  7.49801894e-03 
 1.58489319e+06 -9.81267917e-01  7.67018780e-03  1.87320828e-02  7.67018780e-03 
 1.62181010e+06 -9.81254099e-01  7.84620105e-03  1.87459009e-02  7.84620105e-03 
 1.65958691e+06 -9.81239685e-01  8.02613770e-03  1.87603151e-02  8.02613770e-03 
 1.69824365e+06 -9.81224651e-01  8.21007800e-03  1.87753487e-02  8.21007800e-03 
 1.73780083e+06 -9.81208974e-01  8.39810342e-03  1.87910255e-02  8.39810342e-03 
 1.77827941e+06 -9.81192630e-01  8.59029668e-03  1.88073702e-02  8.59029668e-03 
 1.81970086e+06 -9.81175592e-01  8.78674173e-03  1.88244080e-02  8.78674173e-03 
 1.86208714e+06 -9.81157835e-01  8.98752375e-03  1.88421647e-02  8.98752375e-03 
 1.90546072e+06 -9.81139333e-01  9.19272916e-03  1.88606671e-02  9.19272916e-03 
 1.94984460e+06 -9.81120058e-01  9.40244564e-03  1.88799423e-02  9.40244564e-03 
 1.99526231e+06 -9.81099982e-01  9.61676208e-03  1.89000183e-02  9.61676208e-03 
 2.04173794e+06 -9.81079076e-01  9.83576861e-03  1.89209235e-02  9.83576861e-03 
 2.08929613e+06 -9.81057313e-01  1.00595566e-02  1.89426872e-02  1.00595566e-02 
 2.13796209e+06 -9.81034661e-01  1.02882187e-02  1.89653389e-02  1.02882187e-02 
 2.18776162e+06 -9.81011091e-01  1.05218488e-02  1.89889091e-02  1.05218488e-02 
 2.23872114e+06 -9.80986571e-01  1.07605419e-02  1.90134285e-02  1.07605419e-02 
 2.29086765e+06 -9.80961071e-01  1.10043945e-02  1.90389285e-02  1.10043945e-02 
 2.34422882e+06 -9.80934559e-01  1.12535042e-02  1.90654409e-02  1.12535042e-02 
 2.39883292e+06 -9.80907002e-01  1.15079700e-02  1.90929978e-02  1.15079700e-02 
 2.45470892e+06 -9.80878368e-01  1.17678920e-02  1.91216318e-02  1.17678920e-02 
 2.51188643e+06 -9.80848624e-01  1.20333718e-02  1.91513759e-02  1.20333718e-02 
 2.57039578e+06 -9.80817737e-01  1.23045124e-02  1.91822632e-02  1.23045124e-02 
 2.63026799e+06 -9.80785673e-01  1.25814180e-02  1.92143272e-02  1.25814180e-02 
 2.69153480e+06 -9.80752399e-01  1.28641941e-02  1.92476013e-02  1.28641941e-02 
 2.75422870e+06 -9.80717881e-01  1.31529481e-02  1.92821191e-02  1.31529481e-02 
 2.81838293e+06 -9.80682086e-01  1.34477884e-02  1.93179144e-02  1.34477884e-02 
 2.88403150e+06 -9.80644979e-01  1.37488252e-02  1.93550206e-02  1.37488252e-02 
 2.95120923e+06 -9.80606529e-01  1.40561702e-02  1.93934712e-02  1.40561702e-02 
 3.01995172e+06 -9.80566701e-01  1.43699370e-02  1.94332993e-02  1.43699370e-02 
 3.09029543e+06 -9.80525462e-01  1.46902406e-02  1.94745378e-02  1.46902406e-02 
 3.16227766e+06 -9.80482781e-01  1.50171981e-02  1.95172193e-02  1.50171981e-02 
 3.23593657e+06 -9.80438624e-01  1.53509285e-02  1.95613756e-02  1.53509285e-02 
 3.31131121e+06 -9.80392962e-01  1.56915529e-02  1.96070383e-02  1.56915529e-02 
 3.38844156e+06 -9.80345762e-01  1.60391944e-02  1.96542380e-02  1.60391944e-02 
 3.46736850e+06 -9.80296995e-01  1.63939787e-02  1.97030048e-02  1.63939787e-02 
 3.54813389e+06 -9.80246632e-01  1.67560337e-02  1.97533678e-02  1.67560337e-02 
 3.63078055e+06 -9.80194645e-01  1.71254901e-02  1.98053553e-02  1.71254901e-02 
 3.71535229e+06 -9.80141005e-01  1.75024814e-02  1.98589946e-02  1.75024814e-02 
 3.80189396e+06 -9.80085688e-01  1.78871441e-02  1.99143117e-02  1.78871441e-02 
 3.89045145e+06 -9.80028668e-01  1.82796178e-02  1.99713319e-02  1.82796178e-02 
 3.98107171e+06 -9.79969921e-01  1.86800456e-02  2.00300789e-02  1.86800456e-02 
 4.07380278e+06 -9.79909425e-01  1.90885743e-02  2.00905754e-02  1.90885743e-02 
 4.16869383e+06 -9.79847157e-01  1.95053547e-02  2.01528427e-02  1.95053547e-02 
 4.26579519e+06 -9.79783099e-01  1.99305415e-02  2.02169009e-02  1.99305415e-02 
 4.36515832e+06 -9.79717231e-01  2.03642940e-02  2.02827688e-02  2.03642940e-02 
 4.46683592e+06 -9.79649536e-01  2.08067764e-02  2.03504637e-02  2.08067764e-02 
 4.57088190e+06 -9.79579998e-01  2.12581575e-02  2.04200020e-02  2.12581575e-02 
 4.67735141e+06 -9.79508601e-01  2.17186120e-02  2.04913986e-02  2.17186120e-02 
 4.78630092e+06 -9.79435333e-01  2.21883196e-02  2.05646672e-02  2.21883196e-02 
 4.89778819e+06 -9.79360179e-01  2.26674666e-02  2.06398206e-02  2.26674666e-02 
 5.01187234e+06 -9.79283129e-01  2.31562452e-02  2.07168706e-02  2.31562452e-02 
 5.12861384e+06 -9.79204172e-01  2.36548544e-02  2.07958281e-02  2.36548544e-02 
 5.24807460e+06 -9.79123297e-01  2.41635000e-02  2.08767032e-02  2.41635000e-02 
 5.37031796e+06 -9.79040494e-01  2.46823953e-02  2.09595058e-02  2.46823953e-02 
 5.49540874e+06 -9.78955755e-01  2.52117611e-02  2.10442452e-02  2.52117611e-02 
 5.62341325e+06 -9.78869069e-01  2.57518262e-02  2.11309309e-02  2.57518262e-02 
 5.75439937e+06 -9.78780428e-01  2.63028278e-02  2.12195724e-02  2.63028278e-02 
 5.88843655e+06 -9.78689820e-01  2.68650114e-02  2.13101797e-02  2.68650114e-02 
 6.02559586e+06 -9.78597236e-01  2.74386317e-02  2.14027637e-02  2.74386317e-02 
 6.16595002e+06 -9.78502664e-01  2.80239523e-02  2.14973363e-02  2.80239523e-02 
 6.30957344e+06 -9.78406089e-01  2.86212464e-02  2.15939108e-02  2.86212464e-02 
 6.45654229e+06 -9.78307498e-01  2.92307968e-02  2.16925024e-02  2.92307968e-02 
 6.60693448e+06 -9.78206871e-01  2.98528964e-02  2.17931287e-02  2.98528964e-02 
 6.76082975e+06 -9.78104190e-01  3.04878480e-02  2.18958097e-02  3.04878480e-02 
 6.91830971e+06 -9.77999432e-01  3.11359650e-02  2.20005684e-02  3.11359650e-02 
 7.07945784e+06 -9.77892568e-01  3.17975710e-02  2.21074316e-02  3.17975710e-02 
 7.24435960e+06 -9.77783570e-01  3.24730004e-02  2.22164299e-02  3.24730004e-02 
 7.41310241e+06 -9.77672402e-01  3.31625985e-02  2.23275981e-02  3.31625985e-02 
 7.58577575e+06 -9.77559024e-01  3.38667211e-02  2.24409763e-02  3.38667211e-02 
 7.76247117e+06 -9.77443390e-01  3.45857353e-02  2.25566096e-02  3.45857353e-02 
 7.94328235e+06 -9.77325451e-01  3.53200190e-02  2.26745491e-02  3.53200190e-02 
 8.12830516e+06 -9.77205148e-01  3.60699610e-02  2.27948523e-02  3.60699610e-02 
 8.31763771e+06 -9.77082417e-01  3.68359612e-02  2.29175833e-02  3.68359612e-02 
 8.51138038e+06 -9.76957186e-01  3.76184305e-02  2.30428136e-02  3.76184305e-02 
 8.70963590e+06 -9.76829378e-01  3.84177905e-02  2.31706224e-02  3.84177905e-02 
 8.91250938e+06 -9.76698903e-01  3.92344738e-02  2.33010972e-02  3.92344738e-02 
 9.12010839e+06 -9.76565666e-01  4.00689238e-02  2.34343340e-02  4.00689238e-02 
 9.33254301e+06 -9.76429562e-01  4.09215944e-02  2.35704381e-02  4.09215944e-02 
 9.54992586e+06 -9.76290476e-01  4.17929501e-02  2.37095243e-02  4.17929501e-02 
 9.77237221e+06 -9.76148283e-01  4.26834657e-02  2.38517174e-02  4.26834657e-02 
 1.00000000e+07 -9.76002847e-01  4.35936262e-02  2.39971527e-02  4.35936262e-02 
 1.02329299e+07 -9.75854024e-01  4.45239270e-02  2.41459762e-02  4.45239270e-02 
 1.04712855e+07 -9.75701655e-01  4.54748729e-02  2.42983453e-02  4.54748729e-02 
 1.07151931e+07 -9.75545571e-01  4.64469787e-02  2.44544291e-02  4.64469787e-02 
 1.09647820e+07 -9.75385591e-01  4.74407687e-02  2.46144087e-02  4.74407687e-02 
 1.12201845e+07 -9.75221522e-01  4.84567766e-02  2.47784776e-02  4.84567766e-02 
 1.14815362e+07 -9.75053158e-01  4.94955450e-02  2.49468422e-02  4.94955450e-02 
 1.17489755e+07 -9.74880278e-01  5.05576257e-02  2.51197221e-02  5.05576257e-02 
 1.20226443e+07 -9.74702649e-01  5.16435789e-02  2.52973506e-02  5.16435789e-02 
 1.23026877e+07 -9.74520025e-01  5.27539736e-02  2.54799748e-02  5.27539736e-02 
 1.25892541e+07 -9.74332144e-01  5.38893869e-02  2.56678562e-02  5.38893869e-02 
 1.28824955e+07 -9.74138729e-01  5.50504041e-02  2.58612711e-02  5.50504041e-02 
 1.31825674e+07 -9.73939489e-01  5.62376182e-02  2.60605109e-02  5.62376182e-02 
 1.34896288e+07 -9.73734118e-01  5.74516298e-02  2.62658823e-02  5.74516298e-02 
 1.38038426e+07 -9.73522292e-01  5.86930470e-02  2.64777081e-02  5.86930470e-02 
 1.41253754e+07 -9.73303673e-01  5.99624849e-02  2.66963274e-02  5.99624849e-02 
 1.44543977e+07 -9.73077904e-01  6.12605654e-02  2.69220957e-02  6.12605654e-02 
 1.47910839e+07 -9.72844614e-01  6.25879172e-02  2.71553858e-02  6.25879172e-02 
 1.51356125e+07 -9.72603412e-01  6.39451751e-02  2.73965880e-02  6.39451751e-02 
 1.54881662e+07 -9.72353889e-01  6.53329801e-02  2.76461107e-02  6.53329801e-02 
 1.58489319e+07 -9.72095620e-01  6.67519787e-02  2.79043804e-02  6.67519787e-02 
 1.62181010e+07 -9.71828157e-01  6.82028228e-02  2.81718426e-02  6.82028228e-02 
 1.65958691e+07 -9.71551038e-01  6.96861696e-02  2.84489621e-02  6.96861696e-02 
 1.69824365e+07 -9.71263776e-01  7.12026807e-02  2.87362237e-02  7.12026807e-02 
 1.73780083e+07 -9.70965868e-01  7.27530221e-02  2.90341322e-02  7.27530221e-02 
 1.77827941e+07 -9.70656787e-01  7.43378634e-02  2.93432134e-02  7.43378634e-02 
 1.81970086e+07 -9.70335986e-01  7.59578779e-02  2.96640143e-02  7.59578779e-02 
 1.86208714e+07 -9.70002896e-01  7.76137414e-02  2.99971038e-02  7.76137414e-02 
 1.90546072e+07 -9.69656927e-01  7.93061325e-02  3.03430730e-02  7.93061325e-02 
 1.94984460e+07 -9.69297464e-01  8.10357313e-02  3.07025361e-02  8.10357313e-02 
 1.99526231e+07 -9.68923869e-01  8.28032189e-02  3.10761306e-02  8.28032189e-02 
 2.04173794e+07 -9.68535482e-01  8.46092774e-02  3.14645179e-02  8.46092774e-02 
 2.08929613e+07 -9.68131616e-01  8.64545883e-02  3.18683838e-02  8.64545883e-02 
 2.13796209e+07 -9.67711561e-01  8.83398323e-02  3.22884394e-02  8.83398323e-02 
 2.18776162e+07 -9.67274579e-01  9.02656884e-02  3.27254209e-02  9.02656884e-02 
 2.23872114e+07 -9.66819909e-01  9.22328327e-02  3.31800908e-02  9.22328327e-02 
 2.29086765e+07 -9.66346762e-01  9.42419382e-02  3.36532379e-02  9.42419382e-02 
 2.34422882e+07 -9.65854322e-01  9.62936730e-02  3.41456780e-02  9.62936730e-02 
 2.39883292e+07 -9.65341746e-01  9.83886999e-02  3.46582543e-02  9.83886999e-02 
 2.45470892e+07 -9.64808162e-01  1.00527675e-01  3.51918378e-02  1.00527675e-01 
 2.51188643e+07 -9.64252673e-01  1.02711246e-01  3.57473275e-02  1.02711246e-01 
 2.57039578e+07 -9.63674349e-01  1.04940052e-01  3.63256508e-02  1.04940052e-01 
 2.63026799e+07 -9.63072236e-01  1.07214722e-01  3.69277640e-02  1.07214722e-01 
 2.69153480e+07 -9.62445348e-01  1.09535873e-01  3.75546521e-02  1.09535873e-01 
 2.75422870e+07 -9.61792671e-01  1.11904108e-01  3.82073291e-02  1.11904108e-01 
 2.81838293e+07 -9.61113162e-01  1.14320018e-01  3.88868382e-02  1.14320018e-01 
 2.88403150e+07 -9.60405749e-01  1.16784173e-01  3.95942515e-02  1.16784173e-01 
 2.95120923e+07 -9.59669330e-01  1.19297130e-01  4.03306699e-02  1.19297130e-01 
 3.01995172e+07 -9.58902777e-01  1.21859424e-01  4.10972233e-02  1.21859424e-01 
 3.09029543e+07 -9.58104930e-01  1.24471570e-01  4.18950695e-02  1.24471570e-01 
 3.16227766e+07 -9.57274606e-01  1.27134057e-01  4.27253944e-02  1.27134057e-01 
 3.23593657e+07 -9.56410589e-01  1.29847354e-01  4.35894111e-02  1.29847354e-01 
 3.31131121e+07 -9.55511641e-01  1.32611898e-01  4.44883589e-02  1.32611898e-01 
 3.38844156e+07 -9.54576497e-01  1.35428103e-01  4.54235030e-02  1.35428103e-01 
 3.46736850e+07 -9.53603867e-01  1.38296348e-01  4.63961329e-02  1.38296348e-01 
 3.54813389e+07 -9.52592439e-01  1.41216982e-01  4.74075611e-02  1.41216982e-01 
 3.63078055e+07 -9.51540878e-01  1.44190320e-01  4.84591221e-02  1.44190320e-01 
 3.71535229e+07 -9.50447830e-01  1.47216640e-01  4.95521705e-02  1.47216640e-01 
 3.80189396e+07 -9.49311921e-01  1.50296183e-01  5.06880788e-02  1.50296183e-01 
 3.89045145e+07 -9.48131764e-01  1.53429150e-01  5.18682360e-02  1.53429150e-01 
 3.98107171e+07 -9.46905955e-01  1.56615703e-01  5.30940445e-02  1.56615703e-01 
 4.07380278e+07 -9.45633082e-01  1.59855959e-01  5.43669183e-02  1.59855959e-01 
 4.16869383e+07 -9.44311720e-01  1.63149992e-01  5.56882796e-02  1.63149992e-01 
 4.26579519e+07 -9.42940444e-01  1.66497831e-01  5.70595561e-02  1.66497831e-01 
 4.36515832e+07 -9.41517823e-01  1.69899460e-01  5.84821775e-02  1.69899460e-01 
 4.46683592e+07 -9.40042428e-01  1.73354816e-01  5.99575721e-02  1.73354816e-01 
 4.57088190e+07 -9.38512837e-01  1.76863787e-01  6.14871630e-02  1.76863787e-01 
 4.67735141e+07 -9.36927636e-01  1.80426216e-01  6.30723639e-02  1.80426216e-01 
 4.78630092e+07 -9.35285425e-01  1.84041897e-01  6.47145750e-02  1.84041897e-01 
 4.89778819e+07 -9.33584822e-01  1.87710580e-01  6.64151785e-02  1.87710580e-01 
 5.01187234e+07 -9.31824466e-01  1.91431966e-01  6.81755338e-02  1.91431966e-01 
 5.12861384e+07 -9.30003027e-01  1.95205715e-01  6.99969729e-02  1.95205715e-01 
 5.24807460e+07 -9.28119205e-01  1.99031444e-01  7.18807948e-02  1.99031444e-01 
 5.37031796e+07 -9.26171739e-01  2.02908732e-01  7.38282611e-02  2.02908732e-01 
 5.49540874e+07 -9.24159410e-01  2.06837119e-01  7.58405903e-02  2.06837119e-01 
 5.62341325e+07 -9.22081047e-01  2.10816115e-01  7.79189527e-02  2.10816115e-01 
 5.75439937e+07 -9.19935535e-01  2.14845203e-01  8.00644650e-02  2.14845203e-01 
 5.88843655e+07 -9.17721814e-01  2.18923844e-01  8.22781856e-02  2.18923844e-01 
 6.02559586e+07 -9.15438891e-01  2.23051483e-01  8.45611089e-02  2.23051483e-01 
 6.16595002e+07 -9.13085839e-01  2.27227556e-01  8.69141613e-02  2.27227556e-01 
 6.30957344e+07 -9.10661804e-01  2.31451499e-01  8.93381960e-02  2.31451499e-01 
 6.45654229e+07 -9.08166010e-01  2.35722757e-01  9.18339896e-02  2.35722757e-01 
 6.60693448e+07 -9.05597762e-01  2.40040794e-01  9.44022380e-02  2.40040794e-01 
 6.76082975e+07 -9.02956446e-01  2.44405103e-01  9.70435537e-02  2.44405103e-01 
 6.91830971e+07 -9.00241536e-01  2.48815219e-01  9.97584636e-02  2.48815219e-01 
 7.07945784e+07 -8.97452592e-01  2.53270731e-01  1.02547408e-01  2.53270731e-01 
 7.24435960e+07 -8.94589261e-01  2.57771298e-01  1.05410739e-01  2.57771298e-01 
 7.41310241e+07 -8.91651277e-01  2.62316661e-01  1.08348723e-01  2.62316661e-01 
 7.58577575e+07 -8.88638459e-01  2.66906664e-01  1.11361541e-01  2.66906664e-01 
 7.76247117e+07 -8.85550704e-01  2.71541267e-01  1.14449296e-01  2.71541267e-01 
 7.94328235e+07 -8.82387988e-01  2.76220563e-01  1.17612012e-01  2.76220563e-01 
 8.12830516e+07 -8.79150355e-01  2.80944802e-01  1.20849645e-01  2.80944802e-01 
 8.31763771e+07 -8.75837906e-01  2.85714408e-01  1.24162094e-01  2.85714408e-01 
 8.51138038e+07 -8.72450793e-01  2.90529996e-01  1.27549207e-01  2.90529996e-01 
 8.70963590e+07 -8.68989202e-01  2.95392401e-01  1.31010798e-01  2.95392401e-01 
 8.91250938e+07 -8.65453338e-01  3.00302691e-01  1.34546662e-01  3.00302691e-01 
 9.12010839e+07 -8.61843404e-01  3.05262195e-01  1.38156596e-01  3.05262195e-01 
 9.33254301e+07 -8.58159583e-01  3.10272522e-01  1.41840417e-01  3.10272522e-01 
 9.54992586e+07 -8.54402011e-01  3.15335586e-01  1.45597989e-01  3.15335586e-01 
 9.77237221e+07 -8.50570746e-01  3.20453623e-01  1.49429254e-01  3.20453623e-01 
 1.00000000e+08 -8.46665739e-01  3.25629218e-01  1.53334261e-01  3.25629218e-01 
 1.02329299e+08 -8.42686798e-01  3.30865322e-01  1.57313202e-01  3.30865322e-01 
 1.04712855e+08 -8.38633545e-01  3.36165273e-01  1.61366455e-01  3.36165273e-01 
 1.07151931e+08 -8.34505373e-01  3.41532815e-01  1.65494627e-01  3.41532815e-01 
 1.09647820e+08 -8.30301397e-01  3.46972116e-01  1.69698603e-01  3.46972116e-01 
 1.12201845e+08 -8.26020398e-01  3.52487780e-01  1.73979602e-01  3.52487780e-01 
 1.14815362e+08 -8.21660766e-01  3.58084864e-01  1.78339234e-01  3.58084864e-01 
 1.17489755e+08 -8.17220431e-01  3.63768881e-01  1.82779569e-01  3.63768881e-01 
 1.20226443e+08 -8.12696794e-01  3.69545813e-01  1.87303206e-01  3.69545813e-01 
 1.23026877e+08 -8.08086650e-01  3.75422109e-01  1.91913350e-01  3.75422109e-01 
 1.25892541e+08 -8.03386100e-01  3.81404681e-01  1.96613900e-01  3.81404681e-01 
 1.28824955e+08 -7.98590464e-01  3.87500900e-01  2.01409536e-01  3.87500900e-01 
 1.31825674e+08 -7.93694180e-01  3.93718573e-01  2.06305820e-01  3.93718573e-01 
 1.34896288e+08 -7.88690696e-01  4.00065923e-01  2.11309304e-01  4.00065923e-01 
 1.38038426e+08 -7.83572355e-01  4.06551558e-01  2.16427645e-01  4.06551558e-01 
 1.41253754e+08 -7.78330273e-01  4.13184420e-01  2.21669727e-01  4.13184420e-01 
 1.44543977e+08 -7.72954204e-01  4.19973733e-01  2.27045796e-01  4.19973733e-01 
 1.47910839e+08 -7.67432399e-01  4.26928928e-01  2.32567601e-01  4.26928928e-01 
 1.51356125e+08 -7.61751455e-01  4.34059550e-01  2.38248545e-01  4.34059550e-01 
 1.54881662e+08 -7.55896155e-01  4.41375151e-01  2.44103845e-01  4.41375151e-01 
 1.58489319e+08 -7.49849299e-01  4.48885152e-01  2.50150701e-01  4.48885152e-01 
 1.62181010e+08 -7.43591528e-01  4.56598680e-01  2.56408472e-01  4.56598680e-01 
 1.65958691e+08 -7.37101144e-01  4.64524368e-01  2.62898856e-01  4.64524368e-01 
 1.69824365e+08 -7.30353923e-01  4.72670126e-01  2.69646077e-01  4.72670126e-01 
 1.73780083e+08 -7.23322929e-01  4.81042862e-01  2.76677071e-01  4.81042862e-01 
 1.77827941e+08 -7.15978335e-01  4.89648151e-01  2.84021665e-01  4.89648151e-01 
 1.81970086e+08 -7.08287248e-01  4.98489857e-01  2.91712752e-01  4.98489857e-01 
 1.86208714e+08 -7.00213556e-01  5.07569684e-01  2.99786444e-01  5.07569684e-01 
 1.90546072e+08 -6.91717804e-01  5.16886660e-01  3.08282196e-01  5.16886660e-01 
 1.94984460e+08 -6.82757105e-01  5.26436546e-01  3.17242895e-01  5.26436546e-01 
 1.99526231e+08 -6.73285117e-01  5.36211154e-01  3.26714883e-01  5.36211154e-01 
 2.04173794e+08 -6.63252088e-01  5.46197591e-01  3.36747912e-01  5.46197591e-01 
 2.08929613e+08 -6.52605005e-01  5.56377400e-01  3.47394995e-01  5.56377400e-01 
 2.13796209e+08 -6.41287877e-01  5.66725623e-01  3.58712123e-01  5.66725623e-01 
 2.18776162e+08 -6.29242172e-01  5.77209780e-01  3.70757828e-01  5.77209780e-01 
 2.23872114e+08 -6.16407454e-01  5.87788785e-01  3.83592546e-01  5.87788785e-01 
 2.29086765e+08 -6.02722270e-01  5.98411814e-01  3.97277730e-01  5.98411814e-01 
 2.34422882e+08 -5.88125300e-01  6.09017183e-01  4.11874700e-01  6.09017183e-01 
 2.39883292e+08 -5.72556850e-01  6.19531259e-01  4.27443150e-01  6.19531259e-01 
 2.45470892e+08 -5.55960683e-01  6.29867495e-01  4.44039317e-01  6.29867495e-01 
 2.51188643e+08 -5.38286257e-01  6.39925675e-01  4.61713743e-01  6.39925675e-01 
 2.57039578e+08 -5.19491334e-01  6.49591467e-01  4.80508666e-01  6.49591467e-01 
 2.63026799e+08 -4.99544982e-01  6.58736422e-01  5.00455018e-01  6.58736422e-01 
 2.69153480e+08 -4.78430891e-01  6.67218554e-01  5.21569109e-01  6.67218554e-01 
 2.75422870e+08 -4.56150915e-01  6.74883653e-01  5.43849085e-01  6.74883653e-01 
 2.81838293e+08 -4.32728689e-01  6.81567464e-01  5.67271311e-01  6.81567464e-01 
 2.88403150e+08 -4.08213106e-01  6.87098845e-01  5.91786894e-01  6.87098845e-01 
 2.95120923e+08 -3.82681390e-01  6.91303966e-01  6.17318610e-01  6.91303966e-01 
 3.01995172e+08 -3.56241448e-01  6.94011539e-01  6.43758552e-01  6.94011539e-01 
 3.09029543e+08 -3.29033171e-01  6.95058962e-01  6.70966829e-01  6.95058962e-01 
 3.16227766e+08 -3.01228334e-01  6.94299153e-01  6.98771666e-01  6.94299153e-01 
 3.23593657e+08 -2.73028834e-01  6.91607715e-01  7.26971166e-01  6.91607715e-01 
 3.31131121e+08 -2.44663079e-01  6.86889978e-01  7.55336921e-01  6.86889978e-01 
 3.38844156e+08 -2.16380484e-01  6.80087353e-01  7.83619516e-01  6.80087353e-01 
 3.46736850e+08 -1.88444248e-01  6.71182443e-01  8.11555752e-01  6.71182443e-01 
 3.54813389e+08 -1.61122736e-01  6.60202374e-01  8.38877264e-01  6.60202374e-01 
 3.63078055e+08 -1.34680018e-01  6.47219925e-01  8.65319982e-01  6.47219925e-01 
 3.71535229e+08 -1.09366201e-01  6.32352244e-01  8.90633799e-01  6.32352244e-01 
 3.80189396e+08 -8.54083018e-02  6.15757133e-01  9.14591698e-01  6.15757133e-01 
 3.89045145e+08 -6.30023235e-02  5.97627166e-01  9.36997677e-01  5.97627166e-01 
 3.98107171e+08 -4.23071315e-02  5.78182079e-01  9.57692868e-01  5.78182079e-01 
 4.07380278e+08 -2.34404959e-02  5.57660051e-01  9.76559504e-01  5.57660051e-01 
 4.16869383e+08 -6.47746413e-03  5.36308570e-01  9.93522536e-01  5.36308570e-01 
 4.26579519e+08  8.54900858e-03  5.14375539e-01  1.00854901e+00  5.14375539e-01 
 4.36515832e+08  2.16454417e-02  4.92101216e-01  1.02164544e+00  4.92101216e-01 
 4.46683592e+08  3.28536361e-02  4.69711422e-01  1.03285364e+00  4.69711422e-01 
 4.57088190e+08  4.22453920e-02  4.47412266e-01  1.04224539e+00  4.47412266e-01 
 4.67735141e+08  4.99166367e-02  4.25386507e-01  1.04991664e+00  4.25386507e-01 
 4.78630092e+08  5.59814143e-02  4.03791465e-01  1.05598141e+00  4.03791465e-01 
 4.89778819e+08  6.05661156e-02  3.82758347e-01  1.06056612e+00  3.82758347e-01 
 5.01187234e+08  6.38042229e-02  3.62392727e-01  1.06380422e+00  3.62392727e-01 
 5.12861384e+08  6.58317487e-02  3.42775935e-01  1.06583175e+00  3.42775935e-01 
 5.24807460e+08  6.67834567e-02  3.23967077e-01  1.06678346e+00  3.23967077e-01 
 5.37031796e+08  6.67898776e-02  3.06005441e-01  1.06678988e+00  3.06005441e-01 
 5.49540874e+08  6.59750806e-02  2.88913093e-01  1.06597508e+00  2.88913093e-01 
 5.62341325e+08  6.44551237e-02  2.72697499e-01  1.06445512e+00  2.72697499e-01 
 5.75439937e+08  6.23370876e-02  2.57354037e-01  1.06233709e+00  2.57354037e-01 
 5.88843655e+08  5.97185896e-02  2.42868341e-01  1.05971859e+00  2.42868341e-01 
 6.02559586e+08  5.66876791e-02  2.29218403e-01  1.05668768e+00  2.29218403e-01 
 6.16595002e+08  5.33230211e-02  2.16376427e-01  1.05332302e+00  2.16376427e-01 
 6.30957344e+08  4.96942885e-02  2.04310423e-01  1.04969429e+00  2.04310423e-01 
 6.45654229e+08  4.58626964e-02  1.92985551e-01  1.04586270e+00  1.92985551e-01 
 6.60693448e+08  4.18816225e-02  1.82365230e-01  1.04188162e+00  1.82365230e-01 
 6.76082975e+08  3.77972725e-02  1.72412045e-01  1.03779727e+00  1.72412045e-01 
 6.91830971e+08  3.36493569e-02  1.63088462e-01  1.03364936e+00  1.63088462e-01 
 7.07945784e+08  2.94717569e-02  1.54357393e-01  1.02947176e+00  1.54357393e-01 
 7.24435960e+08  2.52931617e-02  1.46182620e-01  1.02529316e+00  1.46182620e-01 
 7.41310241e+08  2.11376687e-02  1.38529111e-01  1.02113767e+00  1.38529111e-01 
 7.58577575e+08  1.70253370e-02  1.31363242e-01  1.01702534e+00  1.31363242e-01 
 7.76247117e+08  1.29726954e-02  1.24652947e-01  1.01297270e+00  1.24652947e-01 
 7.94328235e+08  8.99320042e-03  1.18367804e-01  1.00899320e+00  1.18367804e-01 
 8.12830516e+08  5.09764804e-03  1.12479079e-01  1.00509765e+00  1.12479079e-01 
 8.31763771e+08  1.29454064e-03  1.06959730e-01  1.00129454e+00  1.06959730e-01 
 8.51138038e+08 -2.40958844e-03  1.01784384e-01  9.97590412e-01  1.01784384e-01 
 8.70963590e+08 -6.00988868e-03  9.69292989e-02  9.93990111e-01  9.69292989e-02 
 8.91250938e+08 -9.50294146e-03  9.23722999e-02  9.90497059e-01  9.23722999e-02 
 9.12010839e+08 -1.28865408e-02  8.80927169e-02  9.87113459e-01  8.80927169e-02 
 9.33254301e+08 -1.61595025e-02  8.40713085e-02  9.83840498e-01  8.40713085e-02 
 9.54992586e+08 -1.93214985e-02  8.02901854e-02  9.80678501e-01  8.02901854e-02 
 9.77237221e+08 -2.23729140e-02  7.67327312e-02  9.77627086e-01  7.67327312e-02 
 1.00000000e+09 -2.53147230e-02  7.33835240e-02  9.74685277e-01  7.33835240e-02 
 1.02329299e+09 -2.81483831e-02  7.02282591e-02  9.71851617e-01  7.02282591e-02 
 1.04712855e+09 -3.08757431e-02  6.72536746e-02  9.69124257e-01  6.72536746e-02 
 1.07151931e+09 -3.34989656e-02  6.44474791e-02  9.66501034e-01  6.44474791e-02 
 1.09647820e+09 -3.60204602e-02  6.17982835e-02  9.63979540e-01  6.17982835e-02 
 1.12201845e+09 -3.84428263e-02  5.92955361e-02  9.61557174e-01  5.92955361e-02 
 1.14815362e+09 -4.07688053e-02  5.69294615e-02  9.59231195e-01  5.69294615e-02 
 1.17489755e+09 -4.30012395e-02  5.46910032e-02  9.56998760e-01  5.46910032e-02 
 1.20226443e+09 -4.51430381e-02  5.25717703e-02  9.54856962e-01  5.25717703e-02 
 1.23026877e+09 -4.71971479e-02  5.05639868e-02  9.52802852e-01  5.05639868e-02 
 1.25892541e+09 -4.91665293e-02  4.86604458e-02  9.50833471e-01  4.86604458e-02 
 1.28824955e+09 -5.10541363e-02  4.68544657e-02  9.48945864e-01  4.68544657e-02 
 1.31825674e+09 -5.28628998e-02  4.51398506e-02  9.47137100e-01  4.51398506e-02 
 1.34896288e+09 -5.45957141e-02  4.35108529e-02  9.45404286e-01  4.35108529e-02 
 1.38038426e+09 -5.62554260e-02  4.19621390e-02  9.43744574e-01  4.19621390e-02 
 1.41253754e+09 -5.78448255e-02  4.04887579e-02  9.42155174e-01  4.04887579e-02 
 1.44543977e+09 -5.93666394e-02  3.90861118e-02  9.40633361e-01  3.90861118e-02 
 1.47910839e+09 -6.08235253e-02  3.77499290e-02  9.39176475e-01  3.77499290e-02 
 1.51356125e+09 -6.22180682e-02  3.64762390e-02  9.37781932e-01  3.64762390e-02 
 1.54881662e+09 -6.35527770e-02  3.52613499e-02  9.36447223e-01  3.52613499e-02 
 1.58489319e+09 -6.48300826e-02  3.41018267e-02  9.35169917e-01  3.41018267e-02 
 1.62181010e+09 -6.60523372e-02  3.29944724e-02  9.33947663e-01  3.29944724e-02 
 1.65958691e+09 -6.72218132e-02  3.19363095e-02  9.32778187e-01  3.19363095e-02 
 1.69824365e+09 -6.83407037e-02  3.09245639e-02  9.31659296e-01  3.09245639e-02 
 1.73780083e+09 -6.94111230e-02  2.99566494e-02  9.30588877e-01  2.99566494e-02 
 1.77827941e+09 -7.04351071e-02  2.90301535e-02  9.29564893e-01  2.90301535e-02 
 1.81970086e+09 -7.14146155e-02  2.81428251e-02  9.28585385e-01  2.81428251e-02 
 1.86208714e+09 -7.23515323e-02  2.72925618e-02  9.27648468e-01  2.72925618e-02 
 1.90546072e+09 -7.32476680e-02  2.64773993e-02  9.26752332e-01  2.64773993e-02 
 1.94984460e+09 -7.41047615e-02  2.56955014e-02  9.25895239e-01  2.56955014e-02 
 1.99526231e+09 -7.49244817e-02  2.49451503e-02  9.25075518e-01  2.49451503e-02 
 2.04173794e+09 -7.57084298e-02  2.42247383e-02  9.24291570e-01  2.42247383e-02 
 2.08929613e+09 -7.64581416e-02  2.35327595e-02  9.23541858e-01  2.35327595e-02 
 2.13796209e+09 -7.71750890e-02  2.28678030e-02  9.22824911e-01  2.28678030e-02 
 2.18776162e+09 -7.78606827e-02  2.22285456e-02  9.22139317e-01  2.22285456e-02 
 2.23872114e+09 -7.85162744e-02  2.16137460e-02  9.21483726e-01  2.16137460e-02 
 2.29086765e+09 -7.91431586e-02  2.10222388e-02  9.20856841e-01  2.10222388e-02 
 2.34422882e+09 -7.97425748e-02  2.04529291e-02  9.20257425e-01  2.04529291e-02 
 2.39883292e+09 -8.03157098e-02  1.99047879e-02  9.19684290e-01  1.99047879e-02 
 2.45470892e+09 -8.08636996e-02  1.93768474e-02  9.19136300e-01  1.93768474e-02 
 2.51188643e+09 -8.13876314e-02  1.88681967e-02  9.18612369e-01  1.88681967e-02 
 2.57039578e+09 -8.18885456e-02  1.83779780e-02  9.18111454e-01  1.83779780e-02 
 2.63026799e+09 -8.23674379e-02  1.79053834e-02  9.17632562e-01  1.79053834e-02 
 2.69153480e+09 -8.28252605e-02  1.74496509e-02  9.17174740e-01  1.74496509e-02 
 2.75422870e+09 -8.32629246e-02  1.70100619e-02  9.16737075e-01  1.70100619e-02 
 2.81838293e+09 -8.36813020e-02  1.65859382e-02  9.16318698e-01  1.65859382e-02 
 2.88403150e+09 -8.40812262e-02  1.61766391e-02  9.15918774e-01  1.61766391e-02 
 2.95120923e+09 -8.44634947e-02  1.57815595e-02  9.15536505e-01  1.57815595e-02 
 3.01995172e+09 -8.48288702e-02  1.54001273e-02  9.15171130e-01  1.54001273e-02 
 3.09029543e+09 -8.51780821e-02  1.50318013e-02  9.14821918e-01  1.50318013e-02 
 3.16227766e+09 -8.55118280e-02  1.46760695e-02  9.14488172e-01  1.46760695e-02 
 3.23593657e+09 -8.58307749e-02  1.43324469e-02  9.14169225e-01  1.43324469e-02 
 3.31131121e+09 -8.61355609e-02  1.40004744e-02  9.13864439e-01  1.40004744e-02 
 3.38844156e+09 -8.64267959e-02  1.36797168e-02  9.13573204e-01  1.36797168e-02 
 3.46736850e+09 -8.67050632e-02  1.33697614e-02  9.13294937e-01  1.33697614e-02 
 3.54813389e+09 -8.69709205e-02  1.30702169e-02  9.13029079e-01  1.30702169e-02 
 3.63078055e+09 -8.72249012e-02  1.27807119e-02  9.12775099e-01  1.27807119e-02 
 3.71535229e+09 -8.74675149e-02  1.25008940e-02  9.12532485e-01  1.25008940e-02 
 3.80189396e+09 -8.76992493e-02  1.22304283e-02  9.12300751e-01  1.22304283e-02 
 3.89045145e+09 -8.79205701e-02  1.19689969e-02  9.12079430e-01  1.19689969e-02 
 3.98107171e+09 -8.81319227e-02  1.17162976e-02  9.11868077e-01  1.17162976e-02 
 4.07380278e+09 -8.83337330e-02  1.14720432e-02  9.11666267e-01  1.14720432e-02 
 4.16869383e+09 -8.85264077e-02  1.12359604e-02  9.11473592e-01  1.12359604e-02 
 4.26579519e+09 -8.87103357e-02  1.10077894e-02  9.11289664e-01  1.10077894e-02 
 4.36515832e+09 -8.88858885e-02  1.07872830e-02  9.11114111e-01  1.07872830e-02 
 4.46683592e+09 -8.90534211e-02  1.05742059e-02  9.10946579e-01  1.05742059e-02 
 4.57088190e+09 -8.92132726e-02  1.03683341e-02  9.10786727e-01  1.03683341e-02 
 4.67735141e+09 -8.93657667e-02  1.01694541e-02  9.10634233e-01  1.01694541e-02 
 4.78630092e+09 -8.95112129e-02  9.97736297e-03  9.10488787e-01  9.97736297e-03 
 4.89778819e+09 -8.96499065e-02  9.79186700e-03  9.10350093e-01  9.79186700e-03 
 5.01187234e+09 -8.97821293e-02  9.61278178e-03  9.10217871e-01  9.61278178e-03 
 5.12861384e+09 -8.99081504e-02  9.43993155e-03  9.10091850e-01  9.43993155e-03 
 5.24807460e+09 -9.00282264e-02  9.27314874e-03  9.09971774e-01  9.27314874e-03 
 5.37031796e+09 -9.01426024e-02  9.11227361e-03  9.09857398e-01  9.11227361e-03 
 5.49540874e+09 -9.02515116e-02  8.95715385e-03  9.09748488e-01  8.95715385e-03 
 5.62341325e+09 -9.03551768e-02  8.80764418e-03  9.09644823e-01  8.80764418e-03 
 5.75439937e+09 -9.04538101e-02  8.66360608e-03  9.09546190e-01  8.66360608e-03 
 5.88843655e+09 -9.05476134e-02  8.52490737e-03  9.09452387e-01  8.52490737e-03 
 6.02559586e+09 -9.06367792e-02  8.39142200e-03  9.09363221e-01  8.39142200e-03 
 6.16595002e+09 -9.07214906e-02  8.26302968e-03  9.09278509e-01  8.26302968e-03 
 6.30957344e+09 -9.08019216e-02  8.13961565e-03  9.09198078e-01  8.13961565e-03 
 6.45654229e+09 -9.08782378e-02  8.02107041e-03  9.09121762e-01  8.02107041e-03 
 6.60693448e+09 -9.09505966e-02  7.90728946e-03  9.09049403e-01  7.90728946e-03 
 6.76082975e+09 -9.10191471e-02  7.79817308e-03  9.08980853e-01  7.79817308e-03 
 6.91830971e+09 -9.10840310e-02  7.69362610e-03  9.08915969e-01  7.69362610e-03 
 7.07945784e+09 -9.11453826e-02  7.59355771e-03  9.08854617e-01  7.59355771e-03 
 7.24435960e+09 -9.12033290e-02  7.49788121e-03  9.08796671e-01  7.49788121e-03 
 7.41310241e+09 -9.12579904e-02  7.40651390e-03  9.08742010e-01  7.40651390e-03 
 7.58577575e+09 -9.13094805e-02  7.31937679e-03  9.08690520e-01  7.31937679e-03 
 7.76247117e+09 -9.13579064e-02  7.23639452e-03  9.08642094e-01  7.23639452e-03 
 7.94328235e+09 -9.14033692e-02  7.15749514e-03  9.08596631e-01  7.15749514e-03 
 8.12830516e+09 -9.14459640e-02  7.08260998e-03  9.08554036e-01  7.08260998e-03 
 8.31763771e+09 -9.14857800e-02  7.01167348e-03  9.08514220e-01  7.01167348e-03 
 8.51138038e+09 -9.15229009e-02  6.94462302e-03  9.08477099e-01  6.94462302e-03 
 8.70963590e+09 -9.15574050e-02  6.88139884e-03  9.08442595e-01  6.88139884e-03 
 8.91250938e+09 -9.15893651e-02  6.82194383e-03  9.08410635e-01  6.82194383e-03 
 9.12010839e+09 -9.16188492e-02  6.76620345e-03  9.08381151e-01  6.76620345e-03 
 9.33254301e+09 -9.16459202e-02  6.71412558e-03  9.08354080e-01  6.71412558e-03 
 9.54992586e+09 -9.16706361e-02  6.66566038e-03  9.08329364e-01  6.66566038e-03 
 9.77237221e+09 -9.16930505e-02  6.62076019e-03  9.08306950e-01  6.62076019e-03 
 1.00000000e+10 -9.17132120e-02  6.57937941e-03  9.08286788e-01  6.57937941e-03 
 1.02329299e+10 -9.17311651e-02  6.54147436e-03  9.08268835e-01  6.54147436e-03 
 1.04712855e+10 -9.17469498e-02  6.50700317e-03  9.08253050e-01  6.50700317e-03 
 1.07151931e+10 -9.17606019e-02  6.47592568e-03  9.08239398e-01  6.47592568e-03 
 1.09647820e+10 -9.17721530e-02  6.44820331e-03  9.08227847e-01  6.44820331e-03 
 1.12201845e+10 -9.17816307e-02  6.42379893e-03  9.08218369e-01  6.42379893e-03 
 1.14815362e+10 -9.17890585e-02  6.40267679e-03  9.08210942e-01  6.40267679e-03 
 1.17489755e+10 -9.17944561e-02  6.38480237e-03  9.08205544e-01  6.38480237e-03 
 1.20226443e+10 -9.17978394e-02  6.37014228e-03  9.08202161e-01  6.37014228e-03 
 1.23026877e+10 -9.17992205e-02  6.35866411e-03  9.08200780e-01  6.35866411e-03 
 1.25892541e+10 -9.17986077e-02  6.35033637e-03  9.08201392e-01  6.35033637e-03 
 1.28824955e+10 -9.17960058e-02  6.34512834e-03  9.08203994e-01  6.34512834e-03 
 1.31825674e+10 -9.17914159e-02  6.34300993e-03  9.08208584e-01  6.34300993e-03 
 1.34896288e+10 -9.17848357e-02  6.34395160e-03  9.08215164e-01  6.34395160e-03 
 1.38038426e+10 -9.17762593e-02  6.34792418e-03  9.08223741e-01  6.34792418e-03 
 1.41253754e+10 -9.17656774e-02  6.35489879e-03  9.08234323e-01  6.35489879e-03 
 1.44543977e+10 -9.17530773e-02  6.36484668e-03  9.08246923e-01  6.36484668e-03 
 1.47910839e+10 -9.17384430e-02  6.37773910e-03  9.08261557e-01  6.37773910e-03 
 1.51356125e+10 -9.17217552e-02  6.39354718e-03  9.08278245e-01  6.39354718e-03 
 1.54881662e+10 -9.17029912e-02  6.41224174e-03  9.08297009e-01  6.41224174e-03 
 1.58489319e+10 -9.16821254e-02  6.43379317e-03  9.08317875e-01  6.43379317e-03 
 1.62181010e+10 -9.16591286e-02  6.45817128e-03  9.08340871e-01  6.45817128e-03 
 1.65958691e+10 -9.16339689e-02  6.48534515e-03  9.08366031e-01  6.48534515e-03 
 1.69824365e+10 -9.16066111e-02  6.51528293e-03  9.08393389e-01  6.51528293e-03 
 1.73780083e+10 -9.15770169e-02  6.54795170e-03  9.08422983e-01  6.54795170e-03 
 1.77827941e+10 -9.15451453e-02  6.58331730e-03  9.08454855e-01  6.58331730e-03 
 1.81970086e+10 -9.15109523e-02  6.62134413e-03  9.08489048e-01  6.62134413e-03 
 1.86208714e+10 -9.14743908e-02  6.66199498e-03  9.08525609e-01  6.66199498e-03 
 1.90546072e+10 -9.14354114e-02  6.70523085e-03  9.08564589e-01  6.70523085e-03 
 1.94984460e+10 -9.13939616e-02  6.75101072e-03  9.08606038e-01  6.75101072e-03 
 1.99526231e+10 -9.13499864e-02  6.79929139e-03  9.08650014e-01  6.79929139e-03 
 2.04173794e+10 -9.13034285e-02  6.85002724e-03  9.08696571e-01  6.85002724e-03 
 2.08929613e+10 -9.12542280e-02  6.90317006e-03  9.08745772e-01  6.90317006e-03 
 2.13796209e+10 -9.12023227e-02  6.95866880e-03  9.08797677e-01  6.95866880e-03 
 2.18776162e+10 -9.11476483e-02  7.01646935e-03  9.08852352e-01  7.01646935e-03 
 2.23872114e+10 -9.10901386e-02  7.07651435e-03  9.08909861e-01  7.07651435e-03 
 2.29086765e+10 -9.10297252e-02  7.13874296e-03  9.08970275e-01  7.13874296e-03 
 2.34422882e+10 -9.09663384e-02  7.20309060e-03  9.09033662e-01  7.20309060e-03 
 2.39883292e+10 -9.08999067e-02  7.26948876e-03  9.09100093e-01  7.26948876e-03 
 2.45470892e+10 -9.08303574e-02  7.33786475e-03  9.09169643e-01  7.33786475e-03 
 2.51188643e+10 -9.07576168e-02  7.40814150e-03  9.09242383e-01  7.40814150e-03 
 2.57039578e+10 -9.06816101e-02  7.48023730e-03  9.09318390e-01  7.48023730e-03 
 2.63026799e+10 -9.06022623e-02  7.55406561e-03  9.09397738e-01  7.55406561e-03 
 2.69153480e+10 -9.05194977e-02  7.62953483e-03  9.09480502e-01  7.62953483e-03 
 2.75422870e+10 -9.04332409e-02  7.70654812e-03  9.09566759e-01  7.70654812e-03 
 2.81838293e+10 -9.03434167e-02  7.78500315e-03  9.09656583e-01  7.78500315e-03 
 2.88403150e+10 -9.02499505e-02  7.86479198e-03  9.09750050e-01  7.86479198e-03 
 2.95120923e+10 -9.01527689e-02  7.94580083e-03  9.09847231e-01  7.94580083e-03 
 3.01995172e+10 -9.00517999e-02  8.02790995e-03  9.09948200e-01  8.02790995e-03 
 3.09029543e+10 -8.99469734e-02  8.11099348e-03  9.10053027e-01  8.11099348e-03 
 3.16227766e+10 -8.98382216e-02  8.19491935e-03  9.10161778e-01  8.19491935e-03 
 3.23593657e+10 -8.97254795e-02  8.27954915e-03  9.10274521e-01  8.27954915e-03 
 3.31131121e+10 -8.96086852e-02  8.36473809e-03  9.10391315e-01  8.36473809e-03 
 3.38844156e+10 -8.94877810e-02  8.45033497e-03  9.10512219e-01  8.45033497e-03 
 3.46736850e+10 -8.93627132e-02  8.53618215e-03  9.10637287e-01  8.53618215e-03 
 3.54813389e+10 -8.92334330e-02  8.62211563e-03  9.10766567e-01  8.62211563e-03 
 3.63078055e+10 -8.90998973e-02  8.70796509e-03  9.10900103e-01  8.70796509e-03 
 3.71535229e+10 -8.89620689e-02  8.79355402e-03  9.11037931e-01  8.79355402e-03 
 3.80189396e+10 -8.88199172e-02  8.87869989e-03  9.11180083e-01  8.87869989e-03 
 3.89045145e+10 -8.86734189e-02  8.96321436e-03  9.11326581e-01  8.96321436e-03 
 3.98107171e+10 -8.85225587e-02  9.04690355e-03  9.11477441e-01  9.04690355e-03 
 4.07380278e+10 -8.83673295e-02  9.12956836e-03  9.11632670e-01  9.12956836e-03 
 4.16869383e+10 -8.82077336e-02  9.21100485e-03  9.11792266e-01  9.21100485e-03 
 4.26579519e+10 -8.80437829e-02  9.29100468e-03  9.11956217e-01  9.29100468e-03 
 4.36515832e+10 -8.78754993e-02  9.36935561e-03  9.12124501e-01  9.36935561e-03 
 4.46683592e+10 -8.77029160e-02  9.44584207e-03  9.12297084e-01  9.44584207e-03 
 4.57088190e+10 -8.75260772e-02  9.52024575e-03  9.12473923e-01  9.52024575e-03 
 4.67735141e+10 -8.73450392e-02  9.59234633e-03  9.12654961e-01  9.59234633e-03 
 4.78630092e+10 -8.71598706e-02  9.66192219e-03  9.12840129e-01  9.66192219e-03 
 4.89778819e+10 -8.69706527e-02  9.72875126e-03  9.13029347e-01  9.72875126e-03 
 5.01187234e+10 -8.67774800e-02  9.79261183e-03  9.13222520e-01  9.79261183e-03 
 5.12861384e+10 -8.65804603e-02  9.85328350e-03  9.13419540e-01  9.85328350e-03 
 5.24807460e+10 -8.63797151e-02  9.91054816e-03  9.13620285e-01  9.91054816e-03 
 5.37031796e+10 -8.61753798e-02  9.96419096e-03  9.13824620e-01  9.96419096e-03 
 5.49540874e+10 -8.59676035e-02  1.00140014e-02  9.14032397e-01  1.00140014e-02 
 5.62341325e+10 -8.57565492e-02  1.00597744e-02  9.14243451e-01  1.00597744e-02 
 5.75439937e+10 -8.55423938e-02  1.01013113e-02  9.14457606e-01  1.01013113e-02 
 5.88843655e+10 -8.53253275e-02  1.01384213e-02  9.14674672e-01  1.01384213e-02 
 6.02559586e+10 -8.51055539e-02  1.01709222e-02  9.14894446e-01  1.01709222e-02 
 6.16595002e+10 -8.48832891e-02  1.01986417e-02  9.15116711e-01  1.01986417e-02 
 6.30957344e+10 -8.46587618e-02  1.02214185e-02  9.15341238e-01  1.02214185e-02 
 6.45654229e+10 -8.44322121e-02  1.02391033e-02  9.15567788e-01  1.02391033e-02 
 6.60693448e+10 -8.42038911e-02  1.02515600e-02  9.15796109e-01  1.02515600e-02 
 6.76082975e+10 -8.39740598e-02  1.02586667e-02  9.16025940e-01  1.02586667e-02 
 6.91830971e+10 -8.37429884e-02  1.02603161e-02  9.16257012e-01  1.02603161e-02 
 7.07945784e+10 -8.35109550e-02  1.02564172e-02  9.16489045e-01  1.02564172e-02 
 7.24435960e+10 -8.32782449e-02  1.02468954e-02  9.16721755e-01  1.02468954e-02 
 7.41310241e+10 -8.30451486e-02  1.02316933e-02  9.16954851e-01  1.02316933e-02 
 7.58577575e+10 -8.28119613e-02  1.02107717e-02  9.17188039e-01  1.02107717e-02 
 7.76247117e+10 -8.25789812e-02  1.01841093e-02  9.17421019e-01  1.01841093e-02 
 7.94328235e+10 -8.23465080e-02  1.01517036e-02  9.17653492e-01  1.01517036e-02 
 8.12830516e+10 -8.21148416e-02  1.01135709e-02  9.17885158e-01  1.01135709e-02 
 8.31763771e+10 -8.18842806e-02  1.00697464e-02  9.18115719e-01  1.00697464e-02 
 8.51138038e+10 -8.16551208e-02  1.00202840e-02  9.18344879e-01  1.00202840e-02 
 8.70963590e+10 -8.14276537e-02  9.96525631e-03  9.18572346e-01  9.96525631e-03 
 8.91250938e+10 -8.12021651e-02  9.90475408e-03  9.18797835e-01  9.90475408e-03 
 9.12010839e+10 -8.09789337e-02  9.83888578e-03  9.19021066e-01  9.83888578e-03 
 9.33254301e+10 -8.07582294e-02  9.76777703e-03  9.19241771e-01  9.76777703e-03 
 9.54992586e+10 -8.05403127e-02  9.69156980e-03  9.19459687e-01  9.69156980e-03 
 9.77237221e+10 -8.03254326e-02  9.61042152e-03  9.19674567e-01  9.61042152e-03 
 1.00000000e+11 -8.01138261e-02  9.52450416e-03  9.19886174e-01  9.52450416e-03 
