 frequency       v(vout)         v(vout)         v(vinn)         v(vinn)        
 1.00000000e+03 -9.90593014e-01  5.20634090e-06  9.40698597e-03  5.20634090e-06 
 1.02329299e+03 -9.90593014e-01  5.32761216e-06  9.40698597e-03  5.32761216e-06 
 1.04712855e+03 -9.90593014e-01  5.45170819e-06  9.40698597e-03  5.45170819e-06 
 1.07151931e+03 -9.90593014e-01  5.57869479e-06  9.40698597e-03  5.57869479e-06 
 1.09647820e+03 -9.90593014e-01  5.70863928e-06  9.40698597e-03  5.70863928e-06 
 1.12201845e+03 -9.90593014e-01  5.84161057e-06  9.40698597e-03  5.84161057e-06 
 1.14815362e+03 -9.90593014e-01  5.97767916e-06  9.40698597e-03  5.97767916e-06 
 1.17489755e+03 -9.90593014e-01  6.11691720e-06  9.40698597e-03  6.11691720e-06 
 1.20226443e+03 -9.90593014e-01  6.25939850e-06  9.40698598e-03  6.25939850e-06 
 1.23026877e+03 -9.90593014e-01  6.40519862e-06  9.40698598e-03  6.40519862e-06 
 1.25892541e+03 -9.90593014e-01  6.55439486e-06  9.40698598e-03  6.55439486e-06 
 1.28824955e+03 -9.90593014e-01  6.70706633e-06  9.40698598e-03  6.70706633e-06 
 1.31825674e+03 -9.90593014e-01  6.86329398e-06  9.40698598e-03  6.86329398e-06 
 1.34896288e+03 -9.90593014e-01  7.02316063e-06  9.40698598e-03  7.02316063e-06 
 1.38038426e+03 -9.90593014e-01  7.18675106e-06  9.40698598e-03  7.18675106e-06 
 1.41253754e+03 -9.90593014e-01  7.35415199e-06  9.40698598e-03  7.35415199e-06 
 1.44543977e+03 -9.90593014e-01  7.52545220e-06  9.40698598e-03  7.52545220e-06 
 1.47910839e+03 -9.90593014e-01  7.70074250e-06  9.40698599e-03  7.70074250e-06 
 1.51356125e+03 -9.90593014e-01  7.88011584e-06  9.40698599e-03  7.88011584e-06 
 1.54881662e+03 -9.90593014e-01  8.06366731e-06  9.40698599e-03  8.06366731e-06 
 1.58489319e+03 -9.90593014e-01  8.25149425e-06  9.40698599e-03  8.25149425e-06 
 1.62181010e+03 -9.90593014e-01  8.44369625e-06  9.40698599e-03  8.44369625e-06 
 1.65958691e+03 -9.90593014e-01  8.64037520e-06  9.40698599e-03  8.64037520e-06 
 1.69824365e+03 -9.90593014e-01  8.84163539e-06  9.40698599e-03  8.84163539e-06 
 1.73780083e+03 -9.90593014e-01  9.04758354e-06  9.40698600e-03  9.04758354e-06 
 1.77827941e+03 -9.90593014e-01  9.25832883e-06  9.40698600e-03  9.25832883e-06 
 1.81970086e+03 -9.90593014e-01  9.47398301e-06  9.40698600e-03  9.47398301e-06 
 1.86208714e+03 -9.90593014e-01  9.69466042e-06  9.40698600e-03  9.69466042e-06 
 1.90546072e+03 -9.90593014e-01  9.92047807e-06  9.40698600e-03  9.92047807e-06 
 1.94984460e+03 -9.90593014e-01  1.01515557e-05  9.40698601e-03  1.01515557e-05 
 1.99526231e+03 -9.90593014e-01  1.03880158e-05  9.40698601e-03  1.03880158e-05 
 2.04173794e+03 -9.90593014e-01  1.06299838e-05  9.40698601e-03  1.06299838e-05 
 2.08929613e+03 -9.90593014e-01  1.08775879e-05  9.40698601e-03  1.08775879e-05 
 2.13796209e+03 -9.90593014e-01  1.11309595e-05  9.40698602e-03  1.11309595e-05 
 2.18776162e+03 -9.90593014e-01  1.13902328e-05  9.40698602e-03  1.13902328e-05 
 2.23872114e+03 -9.90593014e-01  1.16555454e-05  9.40698602e-03  1.16555454e-05 
 2.29086765e+03 -9.90593014e-01  1.19270380e-05  9.40698602e-03  1.19270380e-05 
 2.34422882e+03 -9.90593014e-01  1.22048544e-05  9.40698603e-03  1.22048544e-05 
 2.39883292e+03 -9.90593014e-01  1.24891419e-05  9.40698603e-03  1.24891419e-05 
 2.45470892e+03 -9.90593014e-01  1.27800514e-05  9.40698603e-03  1.27800514e-05 
 2.51188643e+03 -9.90593014e-01  1.30777371e-05  9.40698604e-03  1.30777371e-05 
 2.57039578e+03 -9.90593014e-01  1.33823567e-05  9.40698604e-03  1.33823567e-05 
 2.63026799e+03 -9.90593014e-01  1.36940718e-05  9.40698605e-03  1.36940718e-05 
 2.69153480e+03 -9.90593014e-01  1.40130477e-05  9.40698605e-03  1.40130477e-05 
 2.75422870e+03 -9.90593014e-01  1.43394536e-05  9.40698606e-03  1.43394536e-05 
 2.81838293e+03 -9.90593014e-01  1.46734623e-05  9.40698606e-03  1.46734623e-05 
 2.88403150e+03 -9.90593014e-01  1.50152512e-05  9.40698606e-03  1.50152512e-05 
 2.95120923e+03 -9.90593014e-01  1.53650013e-05  9.40698607e-03  1.53650013e-05 
 3.01995172e+03 -9.90593014e-01  1.57228982e-05  9.40698608e-03  1.57228982e-05 
 3.09029543e+03 -9.90593014e-01  1.60891315e-05  9.40698608e-03  1.60891315e-05 
 3.16227766e+03 -9.90593014e-01  1.64638955e-05  9.40698609e-03  1.64638955e-05 
 3.23593657e+03 -9.90593014e-01  1.68473889e-05  9.40698609e-03  1.68473889e-05 
 3.31131121e+03 -9.90593014e-01  1.72398150e-05  9.40698610e-03  1.72398150e-05 
 3.38844156e+03 -9.90593014e-01  1.76413819e-05  9.40698611e-03  1.76413819e-05 
 3.46736850e+03 -9.90593014e-01  1.80523025e-05  9.40698611e-03  1.80523025e-05 
 3.54813389e+03 -9.90593014e-01  1.84727946e-05  9.40698612e-03  1.84727946e-05 
 3.63078055e+03 -9.90593014e-01  1.89030813e-05  9.40698613e-03  1.89030813e-05 
 3.71535229e+03 -9.90593014e-01  1.93433906e-05  9.40698614e-03  1.93433906e-05 
 3.80189396e+03 -9.90593014e-01  1.97939560e-05  9.40698614e-03  1.97939560e-05 
 3.89045145e+03 -9.90593014e-01  2.02550165e-05  9.40698615e-03  2.02550165e-05 
 3.98107171e+03 -9.90593014e-01  2.07268165e-05  9.40698616e-03  2.07268165e-05 
 4.07380278e+03 -9.90593014e-01  2.12096060e-05  9.40698617e-03  2.12096060e-05 
 4.16869383e+03 -9.90593014e-01  2.17036412e-05  9.40698618e-03  2.17036412e-05 
 4.26579519e+03 -9.90593014e-01  2.22091840e-05  9.40698619e-03  2.22091840e-05 
 4.36515832e+03 -9.90593014e-01  2.27265023e-05  9.40698620e-03  2.27265023e-05 
 4.46683592e+03 -9.90593014e-01  2.32558706e-05  9.40698622e-03  2.32558706e-05 
 4.57088190e+03 -9.90593014e-01  2.37975694e-05  9.40698623e-03  2.37975694e-05 
 4.67735141e+03 -9.90593014e-01  2.43518860e-05  9.40698624e-03  2.43518860e-05 
 4.78630092e+03 -9.90593014e-01  2.49191143e-05  9.40698625e-03  2.49191143e-05 
 4.89778819e+03 -9.90593014e-01  2.54995550e-05  9.40698627e-03  2.54995550e-05 
 5.01187234e+03 -9.90593014e-01  2.60935159e-05  9.40698628e-03  2.60935159e-05 
 5.12861384e+03 -9.90593014e-01  2.67013120e-05  9.40698630e-03  2.67013120e-05 
 5.24807460e+03 -9.90593014e-01  2.73232655e-05  9.40698631e-03  2.73232655e-05 
 5.37031796e+03 -9.90593014e-01  2.79597061e-05  9.40698633e-03  2.79597061e-05 
 5.49540874e+03 -9.90593014e-01  2.86109713e-05  9.40698635e-03  2.86109713e-05 
 5.62341325e+03 -9.90593014e-01  2.92774064e-05  9.40698637e-03  2.92774064e-05 
 5.75439937e+03 -9.90593014e-01  2.99593648e-05  9.40698639e-03  2.99593648e-05 
 5.88843655e+03 -9.90593014e-01  3.06572081e-05  9.40698641e-03  3.06572081e-05 
 6.02559586e+03 -9.90593014e-01  3.13713062e-05  9.40698643e-03  3.13713062e-05 
 6.16595002e+03 -9.90593014e-01  3.21020378e-05  9.40698645e-03  3.21020378e-05 
 6.30957344e+03 -9.90593014e-01  3.28497903e-05  9.40698647e-03  3.28497903e-05 
 6.45654229e+03 -9.90593014e-01  3.36149602e-05  9.40698650e-03  3.36149602e-05 
 6.60693448e+03 -9.90593013e-01  3.43979532e-05  9.40698652e-03  3.43979532e-05 
 6.76082975e+03 -9.90593013e-01  3.51991845e-05  9.40698655e-03  3.51991845e-05 
 6.91830971e+03 -9.90593013e-01  3.60190788e-05  9.40698658e-03  3.60190788e-05 
 7.07945784e+03 -9.90593013e-01  3.68580709e-05  9.40698661e-03  3.68580709e-05 
 7.24435960e+03 -9.90593013e-01  3.77166057e-05  9.40698664e-03  3.77166057e-05 
 7.41310241e+03 -9.90593013e-01  3.85951383e-05  9.40698667e-03  3.85951383e-05 
 7.58577575e+03 -9.90593013e-01  3.94941346e-05  9.40698670e-03  3.94941346e-05 
 7.76247117e+03 -9.90593013e-01  4.04140711e-05  9.40698674e-03  4.04140711e-05 
 7.94328235e+03 -9.90593013e-01  4.13554358e-05  9.40698678e-03  4.13554358e-05 
 8.12830516e+03 -9.90593013e-01  4.23187276e-05  9.40698681e-03  4.23187276e-05 
 8.31763771e+03 -9.90593013e-01  4.33044574e-05  9.40698685e-03  4.33044574e-05 
 8.51138038e+03 -9.90593013e-01  4.43131478e-05  9.40698690e-03  4.43131478e-05 
 8.70963590e+03 -9.90593013e-01  4.53453336e-05  9.40698694e-03  4.53453336e-05 
 8.91250938e+03 -9.90593013e-01  4.64015621e-05  9.40698699e-03  4.64015621e-05 
 9.12010839e+03 -9.90593013e-01  4.74823934e-05  9.40698704e-03  4.74823934e-05 
 9.33254301e+03 -9.90593013e-01  4.85884004e-05  9.40698709e-03  4.85884004e-05 
 9.54992586e+03 -9.90593013e-01  4.97201696e-05  9.40698714e-03  4.97201696e-05 
 9.77237221e+03 -9.90593013e-01  5.08783012e-05  9.40698720e-03  5.08783012e-05 
 1.00000000e+04 -9.90593013e-01  5.20634090e-05  9.40698725e-03  5.20634090e-05 
 1.02329299e+04 -9.90593013e-01  5.32761216e-05  9.40698732e-03  5.32761216e-05 
 1.04712855e+04 -9.90593013e-01  5.45170819e-05  9.40698738e-03  5.45170819e-05 
 1.07151931e+04 -9.90593013e-01  5.57869479e-05  9.40698745e-03  5.57869479e-05 
 1.09647820e+04 -9.90593012e-01  5.70863928e-05  9.40698752e-03  5.70863928e-05 
 1.12201845e+04 -9.90593012e-01  5.84161057e-05  9.40698759e-03  5.84161057e-05 
 1.14815362e+04 -9.90593012e-01  5.97767916e-05  9.40698767e-03  5.97767916e-05 
 1.17489755e+04 -9.90593012e-01  6.11691720e-05  9.40698775e-03  6.11691720e-05 
 1.20226443e+04 -9.90593012e-01  6.25939850e-05  9.40698783e-03  6.25939850e-05 
 1.23026877e+04 -9.90593012e-01  6.40519863e-05  9.40698792e-03  6.40519863e-05 
 1.25892541e+04 -9.90593012e-01  6.55439487e-05  9.40698801e-03  6.55439487e-05 
 1.28824955e+04 -9.90593012e-01  6.70706634e-05  9.40698811e-03  6.70706634e-05 
 1.31825674e+04 -9.90593012e-01  6.86329398e-05  9.40698821e-03  6.86329398e-05 
 1.34896288e+04 -9.90593012e-01  7.02316063e-05  9.40698832e-03  7.02316063e-05 
 1.38038426e+04 -9.90593012e-01  7.18675106e-05  9.40698843e-03  7.18675106e-05 
 1.41253754e+04 -9.90593011e-01  7.35415200e-05  9.40698855e-03  7.35415200e-05 
 1.44543977e+04 -9.90593011e-01  7.52545220e-05  9.40698867e-03  7.52545220e-05 
 1.47910839e+04 -9.90593011e-01  7.70074250e-05  9.40698880e-03  7.70074250e-05 
 1.51356125e+04 -9.90593011e-01  7.88011584e-05  9.40698893e-03  7.88011584e-05 
 1.54881662e+04 -9.90593011e-01  8.06366732e-05  9.40698907e-03  8.06366732e-05 
 1.58489319e+04 -9.90593011e-01  8.25149426e-05  9.40698922e-03  8.25149426e-05 
 1.62181010e+04 -9.90593011e-01  8.44369625e-05  9.40698937e-03  8.44369625e-05 
 1.65958691e+04 -9.90593010e-01  8.64037520e-05  9.40698953e-03  8.64037520e-05 
 1.69824365e+04 -9.90593010e-01  8.84163540e-05  9.40698970e-03  8.84163540e-05 
 1.73780083e+04 -9.90593010e-01  9.04758354e-05  9.40698988e-03  9.04758354e-05 
 1.77827941e+04 -9.90593010e-01  9.25832884e-05  9.40699006e-03  9.25832884e-05 
 1.81970086e+04 -9.90593010e-01  9.47398302e-05  9.40699025e-03  9.47398302e-05 
 1.86208714e+04 -9.90593010e-01  9.69466043e-05  9.40699046e-03  9.69466043e-05 
 1.90546072e+04 -9.90593009e-01  9.92047808e-05  9.40699067e-03  9.92047808e-05 
 1.94984460e+04 -9.90593009e-01  1.01515557e-04  9.40699089e-03  1.01515557e-04 
 1.99526231e+04 -9.90593009e-01  1.03880158e-04  9.40699112e-03  1.03880158e-04 
 2.04173794e+04 -9.90593009e-01  1.06299838e-04  9.40699137e-03  1.06299838e-04 
 2.08929613e+04 -9.90593008e-01  1.08775879e-04  9.40699162e-03  1.08775879e-04 
 2.13796209e+04 -9.90593008e-01  1.11309595e-04  9.40699189e-03  1.11309595e-04 
 2.18776162e+04 -9.90593008e-01  1.13902328e-04  9.40699217e-03  1.13902328e-04 
 2.23872114e+04 -9.90593008e-01  1.16555454e-04  9.40699246e-03  1.16555454e-04 
 2.29086765e+04 -9.90593007e-01  1.19270380e-04  9.40699277e-03  1.19270380e-04 
 2.34422882e+04 -9.90593007e-01  1.22048544e-04  9.40699309e-03  1.22048544e-04 
 2.39883292e+04 -9.90593007e-01  1.24891420e-04  9.40699342e-03  1.24891420e-04 
 2.45470892e+04 -9.90593006e-01  1.27800515e-04  9.40699378e-03  1.27800515e-04 
 2.51188643e+04 -9.90593006e-01  1.30777371e-04  9.40699414e-03  1.30777371e-04 
 2.57039578e+04 -9.90593005e-01  1.33823567e-04  9.40699453e-03  1.33823567e-04 
 2.63026799e+04 -9.90593005e-01  1.36940719e-04  9.40699493e-03  1.36940719e-04 
 2.69153480e+04 -9.90593005e-01  1.40130478e-04  9.40699536e-03  1.40130478e-04 
 2.75422870e+04 -9.90593004e-01  1.43394536e-04  9.40699580e-03  1.43394536e-04 
 2.81838293e+04 -9.90593004e-01  1.46734624e-04  9.40699626e-03  1.46734624e-04 
 2.88403150e+04 -9.90593003e-01  1.50152512e-04  9.40699675e-03  1.50152512e-04 
 2.95120923e+04 -9.90593003e-01  1.53650013e-04  9.40699726e-03  1.53650013e-04 
 3.01995172e+04 -9.90593002e-01  1.57228982e-04  9.40699779e-03  1.57228982e-04 
 3.09029543e+04 -9.90593002e-01  1.60891316e-04  9.40699835e-03  1.60891316e-04 
 3.16227766e+04 -9.90593001e-01  1.64638956e-04  9.40699893e-03  1.64638956e-04 
 3.23593657e+04 -9.90593000e-01  1.68473890e-04  9.40699954e-03  1.68473890e-04 
 3.31131121e+04 -9.90593000e-01  1.72398151e-04  9.40700018e-03  1.72398151e-04 
 3.38844156e+04 -9.90592999e-01  1.76413819e-04  9.40700086e-03  1.76413819e-04 
 3.46736850e+04 -9.90592998e-01  1.80523025e-04  9.40700156e-03  1.80523025e-04 
 3.54813389e+04 -9.90592998e-01  1.84727947e-04  9.40700229e-03  1.84727947e-04 
 3.63078055e+04 -9.90592997e-01  1.89030813e-04  9.40700306e-03  1.89030813e-04 
 3.71535229e+04 -9.90592996e-01  1.93433907e-04  9.40700387e-03  1.93433907e-04 
 3.80189396e+04 -9.90592995e-01  1.97939561e-04  9.40700471e-03  1.97939561e-04 
 3.89045145e+04 -9.90592994e-01  2.02550166e-04  9.40700560e-03  2.02550166e-04 
 3.98107171e+04 -9.90592993e-01  2.07268165e-04  9.40700652e-03  2.07268165e-04 
 4.07380278e+04 -9.90592993e-01  2.12096061e-04  9.40700749e-03  2.12096061e-04 
 4.16869383e+04 -9.90592991e-01  2.17036413e-04  9.40700851e-03  2.17036413e-04 
 4.26579519e+04 -9.90592990e-01  2.22091841e-04  9.40700957e-03  2.22091841e-04 
 4.36515832e+04 -9.90592989e-01  2.27265024e-04  9.40701068e-03  2.27265024e-04 
 4.46683592e+04 -9.90592988e-01  2.32558707e-04  9.40701185e-03  2.32558707e-04 
 4.57088190e+04 -9.90592987e-01  2.37975695e-04  9.40701307e-03  2.37975695e-04 
 4.67735141e+04 -9.90592986e-01  2.43518861e-04  9.40701435e-03  2.43518861e-04 
 4.78630092e+04 -9.90592984e-01  2.49191144e-04  9.40701568e-03  2.49191144e-04 
 4.89778819e+04 -9.90592983e-01  2.54995552e-04  9.40701708e-03  2.54995552e-04 
 5.01187234e+04 -9.90592981e-01  2.60935161e-04  9.40701855e-03  2.60935161e-04 
 5.12861384e+04 -9.90592980e-01  2.67013122e-04  9.40702009e-03  2.67013122e-04 
 5.24807460e+04 -9.90592978e-01  2.73232657e-04  9.40702170e-03  2.73232657e-04 
 5.37031796e+04 -9.90592977e-01  2.79597063e-04  9.40702338e-03  2.79597063e-04 
 5.49540874e+04 -9.90592975e-01  2.86109715e-04  9.40702514e-03  2.86109715e-04 
 5.62341325e+04 -9.90592973e-01  2.92774067e-04  9.40702699e-03  2.92774067e-04 
 5.75439937e+04 -9.90592971e-01  2.99593651e-04  9.40702892e-03  2.99593651e-04 
 5.88843655e+04 -9.90592969e-01  3.06572084e-04  9.40703095e-03  3.06572084e-04 
 6.02559586e+04 -9.90592967e-01  3.13713065e-04  9.40703307e-03  3.13713065e-04 
 6.16595002e+04 -9.90592965e-01  3.21020381e-04  9.40703529e-03  3.21020381e-04 
 6.30957344e+04 -9.90592962e-01  3.28497906e-04  9.40703762e-03  3.28497906e-04 
 6.45654229e+04 -9.90592960e-01  3.36149606e-04  9.40704005e-03  3.36149606e-04 
 6.60693448e+04 -9.90592957e-01  3.43979536e-04  9.40704260e-03  3.43979536e-04 
 6.76082975e+04 -9.90592955e-01  3.51991849e-04  9.40704527e-03  3.51991849e-04 
 6.91830971e+04 -9.90592952e-01  3.60190793e-04  9.40704806e-03  3.60190793e-04 
 7.07945784e+04 -9.90592949e-01  3.68580714e-04  9.40705099e-03  3.68580714e-04 
 7.24435960e+04 -9.90592946e-01  3.77166062e-04  9.40705406e-03  3.77166062e-04 
 7.41310241e+04 -9.90592943e-01  3.85951388e-04  9.40705727e-03  3.85951388e-04 
 7.58577575e+04 -9.90592939e-01  3.94941351e-04  9.40706063e-03  3.94941351e-04 
 7.76247117e+04 -9.90592936e-01  4.04140718e-04  9.40706414e-03  4.04140718e-04 
 7.94328235e+04 -9.90592932e-01  4.13554365e-04  9.40706783e-03  4.13554365e-04 
 8.12830516e+04 -9.90592928e-01  4.23187283e-04  9.40707169e-03  4.23187283e-04 
 8.31763771e+04 -9.90592924e-01  4.33044582e-04  9.40707573e-03  4.33044582e-04 
 8.51138038e+04 -9.90592920e-01  4.43131486e-04  9.40707996e-03  4.43131486e-04 
 8.70963590e+04 -9.90592916e-01  4.53453345e-04  9.40708439e-03  4.53453345e-04 
 8.91250938e+04 -9.90592911e-01  4.64015631e-04  9.40708903e-03  4.64015631e-04 
 9.12010839e+04 -9.90592906e-01  4.74823944e-04  9.40709389e-03  4.74823944e-04 
 9.33254301e+04 -9.90592901e-01  4.85884015e-04  9.40709897e-03  4.85884015e-04 
 9.54992586e+04 -9.90592896e-01  4.97201708e-04  9.40710430e-03  4.97201708e-04 
 9.77237221e+04 -9.90592890e-01  5.08783024e-04  9.40710988e-03  5.08783024e-04 
 1.00000000e+05 -9.90592884e-01  5.20634104e-04  9.40711572e-03  5.20634104e-04 
 1.02329299e+05 -9.90592878e-01  5.32761230e-04  9.40712183e-03  5.32761230e-04 
 1.04712855e+05 -9.90592872e-01  5.45170834e-04  9.40712824e-03  5.45170834e-04 
 1.07151931e+05 -9.90592865e-01  5.57869495e-04  9.40713494e-03  5.57869495e-04 
 1.09647820e+05 -9.90592858e-01  5.70863946e-04  9.40714196e-03  5.70863946e-04 
 1.12201845e+05 -9.90592851e-01  5.84161076e-04  9.40714931e-03  5.84161076e-04 
 1.14815362e+05 -9.90592843e-01  5.97767936e-04  9.40715701e-03  5.97767936e-04 
 1.17489755e+05 -9.90592835e-01  6.11691741e-04  9.40716508e-03  6.11691741e-04 
 1.20226443e+05 -9.90592826e-01  6.25939873e-04  9.40717352e-03  6.25939873e-04 
 1.23026877e+05 -9.90592818e-01  6.40519887e-04  9.40718236e-03  6.40519887e-04 
 1.25892541e+05 -9.90592808e-01  6.55439513e-04  9.40719161e-03  6.55439513e-04 
 1.28824955e+05 -9.90592799e-01  6.70706662e-04  9.40720130e-03  6.70706662e-04 
 1.31825674e+05 -9.90592789e-01  6.86329428e-04  9.40721145e-03  6.86329428e-04 
 1.34896288e+05 -9.90592778e-01  7.02316096e-04  9.40722208e-03  7.02316096e-04 
 1.38038426e+05 -9.90592767e-01  7.18675141e-04  9.40723321e-03  7.18675141e-04 
 1.41253754e+05 -9.90592755e-01  7.35415237e-04  9.40724486e-03  7.35415237e-04 
 1.44543977e+05 -9.90592743e-01  7.52545260e-04  9.40725706e-03  7.52545260e-04 
 1.47910839e+05 -9.90592730e-01  7.70074293e-04  9.40726984e-03  7.70074293e-04 
 1.51356125e+05 -9.90592717e-01  7.88011630e-04  9.40728322e-03  7.88011630e-04 
 1.54881662e+05 -9.90592703e-01  8.06366781e-04  9.40729723e-03  8.06366781e-04 
 1.58489319e+05 -9.90592688e-01  8.25149478e-04  9.40731190e-03  8.25149478e-04 
 1.62181010e+05 -9.90592673e-01  8.44369681e-04  9.40732726e-03  8.44369681e-04 
 1.65958691e+05 -9.90592657e-01  8.64037581e-04  9.40734335e-03  8.64037581e-04 
 1.69824365e+05 -9.90592640e-01  8.84163604e-04  9.40736019e-03  8.84163604e-04 
 1.73780083e+05 -9.90592622e-01  9.04758423e-04  9.40737783e-03  9.04758423e-04 
 1.77827941e+05 -9.90592604e-01  9.25832958e-04  9.40739629e-03  9.25832958e-04 
 1.81970086e+05 -9.90592584e-01  9.47398381e-04  9.40741563e-03  9.47398381e-04 
 1.86208714e+05 -9.90592564e-01  9.69466128e-04  9.40743588e-03  9.69466128e-04 
 1.90546072e+05 -9.90592543e-01  9.92047899e-04  9.40745709e-03  9.92047899e-04 
 1.94984460e+05 -9.90592521e-01  1.01515567e-03  9.40747929e-03  1.01515567e-03 
 1.99526231e+05 -9.90592497e-01  1.03880169e-03  9.40750254e-03  1.03880169e-03 
 2.04173794e+05 -9.90592473e-01  1.06299849e-03  9.40752689e-03  1.06299849e-03 
 2.08929613e+05 -9.90592448e-01  1.08775891e-03  9.40755238e-03  1.08775891e-03 
 2.13796209e+05 -9.90592421e-01  1.11309608e-03  9.40757907e-03  1.11309608e-03 
 2.18776162e+05 -9.90592393e-01  1.13902342e-03  9.40760703e-03  1.13902342e-03 
 2.23872114e+05 -9.90592364e-01  1.16555469e-03  9.40763630e-03  1.16555469e-03 
 2.29086765e+05 -9.90592333e-01  1.19270396e-03  9.40766695e-03  1.19270396e-03 
 2.34422882e+05 -9.90592301e-01  1.22048561e-03  9.40769904e-03  1.22048561e-03 
 2.39883292e+05 -9.90592267e-01  1.24891438e-03  9.40773265e-03  1.24891438e-03 
 2.45470892e+05 -9.90592232e-01  1.27800534e-03  9.40776784e-03  1.27800534e-03 
 2.51188643e+05 -9.90592195e-01  1.30777392e-03  9.40780469e-03  1.30777392e-03 
 2.57039578e+05 -9.90592157e-01  1.33823590e-03  9.40784327e-03  1.33823590e-03 
 2.63026799e+05 -9.90592116e-01  1.36940742e-03  9.40788368e-03  1.36940742e-03 
 2.69153480e+05 -9.90592074e-01  1.40130503e-03  9.40792599e-03  1.40130503e-03 
 2.75422870e+05 -9.90592030e-01  1.43394563e-03  9.40797029e-03  1.43394563e-03 
 2.81838293e+05 -9.90591983e-01  1.46734653e-03  9.40801668e-03  1.46734653e-03 
 2.88403150e+05 -9.90591935e-01  1.50152544e-03  9.40806525e-03  1.50152544e-03 
 2.95120923e+05 -9.90591884e-01  1.53650047e-03  9.40811612e-03  1.53650047e-03 
 3.01995172e+05 -9.90591831e-01  1.57229018e-03  9.40816938e-03  1.57229018e-03 
 3.09029543e+05 -9.90591775e-01  1.60891354e-03  9.40822516e-03  1.60891354e-03 
 3.16227766e+05 -9.90591716e-01  1.64638997e-03  9.40828356e-03  1.64638997e-03 
 3.23593657e+05 -9.90591655e-01  1.68473934e-03  9.40834471e-03  1.68473934e-03 
 3.31131121e+05 -9.90591591e-01  1.72398198e-03  9.40840875e-03  1.72398198e-03 
 3.38844156e+05 -9.90591524e-01  1.76413871e-03  9.40847580e-03  1.76413871e-03 
 3.46736850e+05 -9.90591454e-01  1.80523080e-03  9.40854602e-03  1.80523080e-03 
 3.54813389e+05 -9.90591380e-01  1.84728005e-03  9.40861954e-03  1.84728005e-03 
 3.63078055e+05 -9.90591303e-01  1.89030876e-03  9.40869653e-03  1.89030876e-03 
 3.71535229e+05 -9.90591223e-01  1.93433974e-03  9.40877715e-03  1.93433974e-03 
 3.80189396e+05 -9.90591138e-01  1.97939634e-03  9.40886156e-03  1.97939634e-03 
 3.89045145e+05 -9.90591050e-01  2.02550243e-03  9.40894996e-03  2.02550243e-03 
 3.98107171e+05 -9.90590957e-01  2.07268248e-03  9.40904252e-03  2.07268248e-03 
 4.07380278e+05 -9.90590861e-01  2.12096150e-03  9.40913944e-03  2.12096150e-03 
 4.16869383e+05 -9.90590759e-01  2.17036508e-03  9.40924093e-03  2.17036508e-03 
 4.26579519e+05 -9.90590653e-01  2.22091943e-03  9.40934721e-03  2.22091943e-03 
 4.36515832e+05 -9.90590542e-01  2.27265134e-03  9.40945849e-03  2.27265134e-03 
 4.46683592e+05 -9.90590425e-01  2.32558824e-03  9.40957502e-03  2.32558824e-03 
 4.57088190e+05 -9.90590303e-01  2.37975821e-03  9.40969704e-03  2.37975821e-03 
 4.67735141e+05 -9.90590175e-01  2.43518996e-03  9.40982481e-03  2.43518996e-03 
 4.78630092e+05 -9.90590041e-01  2.49191288e-03  9.40995860e-03  2.49191288e-03 
 4.89778819e+05 -9.90589901e-01  2.54995706e-03  9.41009870e-03  2.54995706e-03 
 5.01187234e+05 -9.90589755e-01  2.60935327e-03  9.41024540e-03  2.60935327e-03 
 5.12861384e+05 -9.90589601e-01  2.67013299e-03  9.41039901e-03  2.67013299e-03 
 5.24807460e+05 -9.90589440e-01  2.73232847e-03  9.41055986e-03  2.73232847e-03 
 5.37031796e+05 -9.90589272e-01  2.79597267e-03  9.41072830e-03  2.79597267e-03 
 5.49540874e+05 -9.90589095e-01  2.86109933e-03  9.41090467e-03  2.86109933e-03 
 5.62341325e+05 -9.90588911e-01  2.92774301e-03  9.41108935e-03  2.92774301e-03 
 5.75439937e+05 -9.90588717e-01  2.99593902e-03  9.41128274e-03  2.99593902e-03 
 5.88843655e+05 -9.90588515e-01  3.06572352e-03  9.41148524e-03  3.06572352e-03 
 6.02559586e+05 -9.90588303e-01  3.13713353e-03  9.41169729e-03  3.13713353e-03 
 6.16595002e+05 -9.90588081e-01  3.21020689e-03  9.41191933e-03  3.21020689e-03 
 6.30957344e+05 -9.90587848e-01  3.28498237e-03  9.41215183e-03  3.28498237e-03 
 6.45654229e+05 -9.90587605e-01  3.36149960e-03  9.41239530e-03  3.36149960e-03 
 6.60693448e+05 -9.90587350e-01  3.43979916e-03  9.41265023e-03  3.43979916e-03 
 6.76082975e+05 -9.90587083e-01  3.51992256e-03  9.41291718e-03  3.51992256e-03 
 6.91830971e+05 -9.90586803e-01  3.60191228e-03  9.41319672e-03  3.60191228e-03 
 7.07945784e+05 -9.90586511e-01  3.68581181e-03  9.41348943e-03  3.68581181e-03 
 7.24435960e+05 -9.90586204e-01  3.77166562e-03  9.41379593e-03  3.77166562e-03 
 7.41310241e+05 -9.90585883e-01  3.85951924e-03  9.41411688e-03  3.85951924e-03 
 7.58577575e+05 -9.90585547e-01  3.94941926e-03  9.41445295e-03  3.94941926e-03 
 7.76247117e+05 -9.90585195e-01  4.04141333e-03  9.41480486e-03  4.04141333e-03 
 7.94328235e+05 -9.90584827e-01  4.13555024e-03  9.41517336e-03  4.13555024e-03 
 8.12830516e+05 -9.90584441e-01  4.23187990e-03  9.41555923e-03  4.23187990e-03 
 8.31763771e+05 -9.90584037e-01  4.33045339e-03  9.41596328e-03  4.33045339e-03 
 8.51138038e+05 -9.90583614e-01  4.43132298e-03  9.41638637e-03  4.43132298e-03 
 8.70963590e+05 -9.90583171e-01  4.53454214e-03  9.41682941e-03  4.53454214e-03 
 8.91250938e+05 -9.90582707e-01  4.64016562e-03  9.41729332e-03  4.64016562e-03 
 9.12010839e+05 -9.90582221e-01  4.74824942e-03  9.41777910e-03  4.74824942e-03 
 9.33254301e+05 -9.90581712e-01  4.85885084e-03  9.41828778e-03  4.85885084e-03 
 9.54992586e+05 -9.90581180e-01  4.97202854e-03  9.41882042e-03  4.97202854e-03 
 9.77237221e+05 -9.90580622e-01  5.08784252e-03  9.41937818e-03  5.08784252e-03 
 1.00000000e+06 -9.90580038e-01  5.20635419e-03  9.41996222e-03  5.20635419e-03 
 1.02329299e+06 -9.90579426e-01  5.32762640e-03  9.42057378e-03  5.32762640e-03 
 1.04712855e+06 -9.90578786e-01  5.45172345e-03  9.42121417e-03  5.45172345e-03 
 1.07151931e+06 -9.90578115e-01  5.57871114e-03  9.42188474e-03  5.57871114e-03 
 1.09647820e+06 -9.90577413e-01  5.70865680e-03  9.42258692e-03  5.70865680e-03 
 1.12201845e+06 -9.90576678e-01  5.84162934e-03  9.42332219e-03  5.84162934e-03 
 1.14815362e+06 -9.90575908e-01  5.97769928e-03  9.42409211e-03  5.97769928e-03 
 1.17489755e+06 -9.90575102e-01  6.11693875e-03  9.42489832e-03  6.11693875e-03 
 1.20226443e+06 -9.90574257e-01  6.25942160e-03  9.42574253e-03  6.25942160e-03 
 1.23026877e+06 -9.90573373e-01  6.40522337e-03  9.42662653e-03  6.40522337e-03 
 1.25892541e+06 -9.90572448e-01  6.55442138e-03  9.42755219e-03  6.55442138e-03 
 1.28824955e+06 -9.90571479e-01  6.70709474e-03  9.42852148e-03  6.70709474e-03 
 1.31825674e+06 -9.90570464e-01  6.86332442e-03  9.42953645e-03  6.86332442e-03 
 1.34896288e+06 -9.90569401e-01  7.02319325e-03  9.43059926e-03  7.02319325e-03 
 1.38038426e+06 -9.90568288e-01  7.18678601e-03  9.43171217e-03  7.18678601e-03 
 1.41253754e+06 -9.90567122e-01  7.35418945e-03  9.43287753e-03  7.35418945e-03 
 1.44543977e+06 -9.90565902e-01  7.52549233e-03  9.43409781e-03  7.52549233e-03 
 1.47910839e+06 -9.90564624e-01  7.70078550e-03  9.43537561e-03  7.70078550e-03 
 1.51356125e+06 -9.90563286e-01  7.88016191e-03  9.43671364e-03  7.88016191e-03 
 1.54881662e+06 -9.90561885e-01  8.06371668e-03  9.43811473e-03  8.06371668e-03 
 1.58489319e+06 -9.90560418e-01  8.25154715e-03  9.43958186e-03  8.25154715e-03 
 1.62181010e+06 -9.90558882e-01  8.44375293e-03  9.44111814e-03  8.44375293e-03 
 1.65958691e+06 -9.90557273e-01  8.64043593e-03  9.44272683e-03  8.64043593e-03 
 1.69824365e+06 -9.90555589e-01  8.84170047e-03  9.44441135e-03  8.84170047e-03 
 1.73780083e+06 -9.90553825e-01  9.04765327e-03  9.44617526e-03  9.04765327e-03 
 1.77827941e+06 -9.90551978e-01  9.25840355e-03  9.44802232e-03  9.25840355e-03 
 1.81970086e+06 -9.90550044e-01  9.47406307e-03  9.44995643e-03  9.47406307e-03 
 1.86208714e+06 -9.90548018e-01  9.69474621e-03  9.45198171e-03  9.69474621e-03 
 1.90546072e+06 -9.90545898e-01  9.92056999e-03  9.45410246e-03  9.92056999e-03 
 1.94984460e+06 -9.90543677e-01  1.01516542e-02  9.45632316e-03  1.01516542e-02 
 1.99526231e+06 -9.90541351e-01  1.03881213e-02  9.45864854e-03  1.03881213e-02 
 2.04173794e+06 -9.90538916e-01  1.06300969e-02  9.46108354e-03  1.06300969e-02 
 2.08929613e+06 -9.90536367e-01  1.08777091e-02  9.46363331e-03  1.08777091e-02 
 2.13796209e+06 -9.90533697e-01  1.11310893e-02  9.46630326e-03  1.11310893e-02 
 2.18776162e+06 -9.90530901e-01  1.13903719e-02  9.46909908e-03  1.13903719e-02 
 2.23872114e+06 -9.90527973e-01  1.16556945e-02  9.47202668e-03  1.16556945e-02 
 2.29086765e+06 -9.90524908e-01  1.19271977e-02  9.47509229e-03  1.19271977e-02 
 2.34422882e+06 -9.90521698e-01  1.22050255e-02  9.47830240e-03  1.22050255e-02 
 2.39883292e+06 -9.90518336e-01  1.24893253e-02  9.48166384e-03  1.24893253e-02 
 2.45470892e+06 -9.90514816e-01  1.27802479e-02  9.48518374e-03  1.27802479e-02 
 2.51188643e+06 -9.90511130e-01  1.30779476e-02  9.48886957e-03  1.30779476e-02 
 2.57039578e+06 -9.90507271e-01  1.33825823e-02  9.49272915e-03  1.33825823e-02 
 2.63026799e+06 -9.90503229e-01  1.36943135e-02  9.49677068e-03  1.36943135e-02 
 2.69153480e+06 -9.90498997e-01  1.40133067e-02  9.50100273e-03  1.40133067e-02 
 2.75422870e+06 -9.90494566e-01  1.43397311e-02  9.50543430e-03  1.43397311e-02 
 2.81838293e+06 -9.90489925e-01  1.46737597e-02  9.51007478e-03  1.46737597e-02 
 2.88403150e+06 -9.90485066e-01  1.50155698e-02  9.51493404e-03  1.50155698e-02 
 2.95120923e+06 -9.90479978e-01  1.53653427e-02  9.52002239e-03  1.53653427e-02 
 3.01995172e+06 -9.90474649e-01  1.57232639e-02  9.52535063e-03  1.57232639e-02 
 3.09029543e+06 -9.90469070e-01  1.60895234e-02  9.53093009e-03  1.60895234e-02 
 3.16227766e+06 -9.90463227e-01  1.64643154e-02  9.53677260e-03  1.64643154e-02 
 3.23593657e+06 -9.90457109e-01  1.68478389e-02  9.54289057e-03  1.68478389e-02 
 3.31131121e+06 -9.90450703e-01  1.72402971e-02  9.54929700e-03  1.72402971e-02 
 3.38844156e+06 -9.90443994e-01  1.76418984e-02  9.55600550e-03  1.76418984e-02 
 3.46736850e+06 -9.90436970e-01  1.80528559e-02  9.56303032e-03  1.80528559e-02 
 3.54813389e+06 -9.90429614e-01  1.84733876e-02  9.57038637e-03  1.84733876e-02 
 3.63078055e+06 -9.90421911e-01  1.89037167e-02  9.57808928e-03  1.89037167e-02 
 3.71535229e+06 -9.90413845e-01  1.93440714e-02  9.58615542e-03  1.93440714e-02 
 3.80189396e+06 -9.90405398e-01  1.97946855e-02  9.59460193e-03  1.97946855e-02 
 3.89045145e+06 -9.90396553e-01  2.02557981e-02  9.60344676e-03  2.02557981e-02 
 3.98107171e+06 -9.90387291e-01  2.07276539e-02  9.61270869e-03  2.07276539e-02 
 4.07380278e+06 -9.90377593e-01  2.12105033e-02  9.62240742e-03  2.12105033e-02 
 4.16869383e+06 -9.90367436e-01  2.17046026e-02  9.63256355e-03  2.17046026e-02 
 4.26579519e+06 -9.90356801e-01  2.22102140e-02  9.64319868e-03  2.22102140e-02 
 4.36515832e+06 -9.90345665e-01  2.27276059e-02  9.65433541e-03  2.27276059e-02 
 4.46683592e+06 -9.90334003e-01  2.32570530e-02  9.66599742e-03  2.32570530e-02 
 4.57088190e+06 -9.90321790e-01  2.37988363e-02  9.67820950e-03  2.37988363e-02 
 4.67735141e+06 -9.90309002e-01  2.43532434e-02  9.69099763e-03  2.43532434e-02 
 4.78630092e+06 -9.90295611e-01  2.49205686e-02  9.70438900e-03  2.49205686e-02 
 4.89778819e+06 -9.90281588e-01  2.55011132e-02  9.71841209e-03  2.55011132e-02 
 5.01187234e+06 -9.90266903e-01  2.60951855e-02  9.73309674e-03  2.60951855e-02 
 5.12861384e+06 -9.90251526e-01  2.67031007e-02  9.74847419e-03  2.67031007e-02 
 5.24807460e+06 -9.90235423e-01  2.73251819e-02  9.76457716e-03  2.73251819e-02 
 5.37031796e+06 -9.90218560e-01  2.79617594e-02  9.78143991e-03  2.79617594e-02 
 5.49540874e+06 -9.90200902e-01  2.86131712e-02  9.79909835e-03  2.86131712e-02 
 5.62341325e+06 -9.90182410e-01  2.92797633e-02  9.81759007e-03  2.92797633e-02 
 5.75439937e+06 -9.90163046e-01  2.99618900e-02  9.83695443e-03  2.99618900e-02 
 5.88843655e+06 -9.90142767e-01  3.06599134e-02  9.85723267e-03  3.06599134e-02 
 6.02559586e+06 -9.90121532e-01  3.13742046e-02  9.87846800e-03  3.13742046e-02 
 6.16595002e+06 -9.90099294e-01  3.21051430e-02  9.90070564e-03  3.21051430e-02 
 6.30957344e+06 -9.90076007e-01  3.28531171e-02  9.92399299e-03  3.28531171e-02 
 6.45654229e+06 -9.90051620e-01  3.36185244e-02  9.94837968e-03  3.36185244e-02 
 6.60693448e+06 -9.90026082e-01  3.44017716e-02  9.97391768e-03  3.44017716e-02 
 6.76082975e+06 -9.89999339e-01  3.52032752e-02  1.00006615e-02  3.52032752e-02 
 6.91830971e+06 -9.89971332e-01  3.60234613e-02  1.00286681e-02  3.60234613e-02 
 7.07945784e+06 -9.89942003e-01  3.68627659e-02  1.00579973e-02  3.68627659e-02 
 7.24435960e+06 -9.89911288e-01  3.77216354e-02  1.00887116e-02  3.77216354e-02 
 7.41310241e+06 -9.89879123e-01  3.86005266e-02  1.01208766e-02  3.86005266e-02 
 7.58577575e+06 -9.89845439e-01  3.94999069e-02  1.01545611e-02  3.94999069e-02 
 7.76247117e+06 -9.89810163e-01  4.04202548e-02  1.01898368e-02  4.04202548e-02 
 7.94328235e+06 -9.89773221e-01  4.13620601e-02  1.02267793e-02  4.13620601e-02 
 8.12830516e+06 -9.89734533e-01  4.23258238e-02  1.02654674e-02  4.23258238e-02 
 8.31763771e+06 -9.89694016e-01  4.33120590e-02  1.03059840e-02  4.33120590e-02 
 8.51138038e+06 -9.89651584e-01  4.43212907e-02  1.03484155e-02  4.43212907e-02 
 8.70963590e+06 -9.89607147e-01  4.53540563e-02  1.03928529e-02  4.53540563e-02 
 8.91250938e+06 -9.89560609e-01  4.64109057e-02  1.04393912e-02  4.64109057e-02 
 9.12010839e+06 -9.89511870e-01  4.74924018e-02  1.04881301e-02  4.74924018e-02 
 9.33254301e+06 -9.89460826e-01  4.85991209e-02  1.05391740e-02  4.85991209e-02 
 9.54992586e+06 -9.89407368e-01  4.97316527e-02  1.05926323e-02  4.97316527e-02 
 9.77237221e+06 -9.89351380e-01  5.08906008e-02  1.06486196e-02  5.08906008e-02 
 1.00000000e+07 -9.89292744e-01  5.20765831e-02  1.07072562e-02  5.20765831e-02 
 1.02329299e+07 -9.89231332e-01  5.32902320e-02  1.07686677e-02  5.32902320e-02 
 1.04712855e+07 -9.89167014e-01  5.45321949e-02  1.08329862e-02  5.45321949e-02 
 1.07151931e+07 -9.89099650e-01  5.58031343e-02  1.09003499e-02  5.58031343e-02 
 1.09647820e+07 -9.89029096e-01  5.71037285e-02  1.09709036e-02  5.71037285e-02 
 1.12201845e+07 -9.88955201e-01  5.84346719e-02  1.10447991e-02  5.84346719e-02 
 1.14815362e+07 -9.88877804e-01  5.97966752e-02  1.11221955e-02  5.97966752e-02 
 1.17489755e+07 -9.88796740e-01  6.11904658e-02  1.12032597e-02  6.11904658e-02 
 1.20226443e+07 -9.88711834e-01  6.26167886e-02  1.12881663e-02  6.26167886e-02 
 1.23026877e+07 -9.88622901e-01  6.40764059e-02  1.13770986e-02  6.40764059e-02 
 1.25892541e+07 -9.88529751e-01  6.55700982e-02  1.14702487e-02  6.55700982e-02 
 1.28824955e+07 -9.88432182e-01  6.70986644e-02  1.15678179e-02  6.70986644e-02 
 1.31825674e+07 -9.88329983e-01  6.86629225e-02  1.16700172e-02  6.86629225e-02 
 1.34896288e+07 -9.88222932e-01  7.02637099e-02  1.17770679e-02  7.02637099e-02 
 1.38038426e+07 -9.88110798e-01  7.19018839e-02  1.18892021e-02  7.19018839e-02 
 1.41253754e+07 -9.87993337e-01  7.35783220e-02  1.20066629e-02  7.35783220e-02 
 1.44543977e+07 -9.87870294e-01  7.52939230e-02  1.21297056e-02  7.52939230e-02 
 1.47910839e+07 -9.87741403e-01  7.70496066e-02  1.22585975e-02  7.70496066e-02 
 1.51356125e+07 -9.87606381e-01  7.88463150e-02  1.23936191e-02  7.88463150e-02 
 1.54881662e+07 -9.87464935e-01  8.06850124e-02  1.25350648e-02  8.06850124e-02 
 1.58489319e+07 -9.87316757e-01  8.25666864e-02  1.26832430e-02  8.25666864e-02 
 1.62181010e+07 -9.87161522e-01  8.44923480e-02  1.28384776e-02  8.44923480e-02 
 1.65958691e+07 -9.86998892e-01  8.64630323e-02  1.30011079e-02  8.64630323e-02 
 1.69824365e+07 -9.86828510e-01  8.84797996e-02  1.31714903e-02  8.84797996e-02 
 1.73780083e+07 -9.86650002e-01  9.05437351e-02  1.33499985e-02  9.05437351e-02 
 1.77827941e+07 -9.86462975e-01  9.26559505e-02  1.35370247e-02  9.26559505e-02 
 1.81970086e+07 -9.86267020e-01  9.48175840e-02  1.37329804e-02  9.48175840e-02 
 1.86208714e+07 -9.86061702e-01  9.70298011e-02  1.39382977e-02  9.70298011e-02 
 1.90546072e+07 -9.85846570e-01  9.92937953e-02  1.41534297e-02  9.92937953e-02 
 1.94984460e+07 -9.85621148e-01  1.01610789e-01  1.43788524e-02  1.01610789e-01 
 1.99526231e+07 -9.85384935e-01  1.03982034e-01  1.46150654e-02  1.03982034e-01 
 2.04173794e+07 -9.85137407e-01  1.06408813e-01  1.48625930e-02  1.06408813e-01 
 2.08929613e+07 -9.84878014e-01  1.08892438e-01  1.51219862e-02  1.08892438e-01 
 2.13796209e+07 -9.84606177e-01  1.11434254e-01  1.53938233e-02  1.11434254e-01 
 2.18776162e+07 -9.84321288e-01  1.14035639e-01  1.56787118e-02  1.14035639e-01 
 2.23872114e+07 -9.84022710e-01  1.16698002e-01  1.59772897e-02  1.16698002e-01 
 2.29086765e+07 -9.83709772e-01  1.19422789e-01  1.62902276e-02  1.19422789e-01 
 2.34422882e+07 -9.83381770e-01  1.22211480e-01  1.66182298e-02  1.22211480e-01 
 2.39883292e+07 -9.83037963e-01  1.25065588e-01  1.69620366e-02  1.25065588e-01 
 2.45470892e+07 -9.82677574e-01  1.27986669e-01  1.73224260e-02  1.27986669e-01 
 2.51188643e+07 -9.82299784e-01  1.30976310e-01  1.77002159e-02  1.30976310e-01 
 2.57039578e+07 -9.81903734e-01  1.34036140e-01  1.80962661e-02  1.34036140e-01 
 2.63026799e+07 -9.81488519e-01  1.37167828e-01  1.85114809e-02  1.37167828e-01 
 2.69153480e+07 -9.81053189e-01  1.40373082e-01  1.89468112e-02  1.40373082e-01 
 2.75422870e+07 -9.80596743e-01  1.43653651e-01  1.94032574e-02  1.43653651e-01 
 2.81838293e+07 -9.80118128e-01  1.47011328e-01  1.98818718e-02  1.47011328e-01 
 2.88403150e+07 -9.79616238e-01  1.50447948e-01  2.03837621e-02  1.50447948e-01 
 2.95120923e+07 -9.79089906e-01  1.53965391e-01  2.09100938e-02  1.53965391e-01 
 3.01995172e+07 -9.78537906e-01  1.57565581e-01  2.14620941e-02  1.57565581e-01 
 3.09029543e+07 -9.77958945e-01  1.61250491e-01  2.20410550e-02  1.61250491e-01 
 3.16227766e+07 -9.77351663e-01  1.65022138e-01  2.26483374e-02  1.65022138e-01 
 3.23593657e+07 -9.76714625e-01  1.68882590e-01  2.32853745e-02  1.68882590e-01 
 3.31131121e+07 -9.76046323e-01  1.72833963e-01  2.39536768e-02  1.72833963e-01 
 3.38844156e+07 -9.75345164e-01  1.76878422e-01  2.46548358e-02  1.76878422e-01 
 3.46736850e+07 -9.74609470e-01  1.81018186e-01  2.53905295e-02  1.81018186e-01 
 3.54813389e+07 -9.73837473e-01  1.85255522e-01  2.61625270e-02  1.85255522e-01 
 3.63078055e+07 -9.73027306e-01  1.89592754e-01  2.69726938e-02  1.89592754e-01 
 3.71535229e+07 -9.72177002e-01  1.94032256e-01  2.78229984e-02  1.94032256e-01 
 3.80189396e+07 -9.71284483e-01  1.98576460e-01  2.87155174e-02  1.98576460e-01 
 3.89045145e+07 -9.70347557e-01  2.03227848e-01  2.96524431e-02  2.03227848e-01 
 3.98107171e+07 -9.69363910e-01  2.07988962e-01  3.06360895e-02  2.07988962e-01 
 4.07380278e+07 -9.68331099e-01  2.12862397e-01  3.16689007e-02  2.12862397e-01 
 4.16869383e+07 -9.67246542e-01  2.17850806e-01  3.27534584e-02  2.17850806e-01 
 4.26579519e+07 -9.66107510e-01  2.22956896e-01  3.38924903e-02  2.22956896e-01 
 4.36515832e+07 -9.64911120e-01  2.28183432e-01  3.50888797e-02  2.28183432e-01 
 4.46683592e+07 -9.63654325e-01  2.33533235e-01  3.63456746e-02  2.33533235e-01 
 4.57088190e+07 -9.62333901e-01  2.39009178e-01  3.76660986e-02  2.39009178e-01 
 4.67735141e+07 -9.60946438e-01  2.44614191e-01  3.90535619e-02  2.44614191e-01 
 4.78630092e+07 -9.59488327e-01  2.50351258e-01  4.05116726e-02  2.50351258e-01 
 4.89778819e+07 -9.57955750e-01  2.56223410e-01  4.20442500e-02  2.56223410e-01 
 5.01187234e+07 -9.56344662e-01  2.62233731e-01  4.36553377e-02  2.62233731e-01 
 5.12861384e+07 -9.54650782e-01  2.68385351e-01  4.53492181e-02  2.68385351e-01 
 5.24807460e+07 -9.52869572e-01  2.74681439e-01  4.71304279e-02  2.74681439e-01 
 5.37031796e+07 -9.50996226e-01  2.81125209e-01  4.90037741e-02  2.81125209e-01 
 5.49540874e+07 -9.49025648e-01  2.87719905e-01  5.09743518e-02  2.87719905e-01 
 5.62341325e+07 -9.46952437e-01  2.94468801e-01  5.30475628e-02  2.94468801e-01 
 5.75439937e+07 -9.44770865e-01  3.01375191e-01  5.52291354e-02  3.01375191e-01 
 5.88843655e+07 -9.42474854e-01  3.08442384e-01  5.75251455e-02  3.08442384e-01 
 6.02559586e+07 -9.40057961e-01  3.15673693e-01  5.99420392e-02  3.15673693e-01 
 6.16595002e+07 -9.37513344e-01  3.23072423e-01  6.24866563e-02  3.23072423e-01 
 6.30957344e+07 -9.34833744e-01  3.30641859e-01  6.51662565e-02  3.30641859e-01 
 6.45654229e+07 -9.32011455e-01  3.38385254e-01  6.79885452e-02  3.38385254e-01 
 6.60693448e+07 -9.29038297e-01  3.46305805e-01  7.09617028e-02  3.46305805e-01 
 6.76082975e+07 -9.25905586e-01  3.54406643e-01  7.40944145e-02  3.54406643e-01 
 6.91830971e+07 -9.22604098e-01  3.62690801e-01  7.73959017e-02  3.62690801e-01 
 7.07945784e+07 -9.19124044e-01  3.71161195e-01  8.08759558e-02  3.71161195e-01 
 7.24435960e+07 -9.15455027e-01  3.79820593e-01  8.45449728e-02  3.79820593e-01 
 7.41310241e+07 -9.11586010e-01  3.88671578e-01  8.84139900e-02  3.88671578e-01 
 7.58577575e+07 -9.07505276e-01  3.97716517e-01  9.24947238e-02  3.97716517e-01 
 7.76247117e+07 -9.03200391e-01  4.06957510e-01  9.67996094e-02  4.06957510e-01 
 7.94328235e+07 -8.98658159e-01  4.16396347e-01  1.01341841e-01  4.16396347e-01 
 8.12830516e+07 -8.93864586e-01  4.26034450e-01  1.06135414e-01  4.26034450e-01 
 8.31763771e+07 -8.88804833e-01  4.35872810e-01  1.11195167e-01  4.35872810e-01 
 8.51138038e+07 -8.83463178e-01  4.45911918e-01  1.16536822e-01  4.45911918e-01 
 8.70963590e+07 -8.77822968e-01  4.56151686e-01  1.22177032e-01  4.56151686e-01 
 8.91250938e+07 -8.71866585e-01  4.66591358e-01  1.28133415e-01  4.66591358e-01 
 9.12010839e+07 -8.65575399e-01  4.77229408e-01  1.34424601e-01  4.77229408e-01 
 9.33254301e+07 -8.58929737e-01  4.88063432e-01  1.41070263e-01  4.88063432e-01 
 9.54992586e+07 -8.51908848e-01  4.99090023e-01  1.48091152e-01  4.99090023e-01 
 9.77237221e+07 -8.44490875e-01  5.10304635e-01  1.55509125e-01  5.10304635e-01 
 1.00000000e+08 -8.36652836e-01  5.21701428e-01  1.63347164e-01  5.21701428e-01 
 1.02329299e+08 -8.28370610e-01  5.33273099e-01  1.71629390e-01  5.33273099e-01 
 1.04712855e+08 -8.19618942e-01  5.45010703e-01  1.80381058e-01  5.45010703e-01 
 1.07151931e+08 -8.10371452e-01  5.56903444e-01  1.89628548e-01  5.56903444e-01 
 1.09647820e+08 -8.00600672e-01  5.68938457e-01  1.99399328e-01  5.68938457e-01 
 1.12201845e+08 -7.90278095e-01  5.81100568e-01  2.09721905e-01  5.81100568e-01 
 1.14815362e+08 -7.79374259e-01  5.93372036e-01  2.20625741e-01  5.93372036e-01 
 1.17489755e+08 -7.67858854e-01  6.05732278e-01  2.32141146e-01  6.05732278e-01 
 1.20226443e+08 -7.55700865e-01  6.18157576e-01  2.44299135e-01  6.18157576e-01 
 1.23026877e+08 -7.42868766e-01  6.30620767e-01  2.57131234e-01  6.30620767e-01 
 1.25892541e+08 -7.29330745e-01  6.43090929e-01  2.70669255e-01  6.43090929e-01 
 1.28824955e+08 -7.15055005e-01  6.55533049e-01  2.84944995e-01  6.55533049e-01 
 1.31825674e+08 -7.00010107e-01  6.67907701e-01  2.99989893e-01  6.67907701e-01 
 1.34896288e+08 -6.84165397e-01  6.80170717e-01  3.15834603e-01  6.80170717e-01 
 1.38038426e+08 -6.67491501e-01  6.92272890e-01  3.32508499e-01  6.92272890e-01 
 1.41253754e+08 -6.49960903e-01  7.04159687e-01  3.50039097e-01  7.04159687e-01 
 1.44543977e+08 -6.31548616e-01  7.15771021e-01  3.68451384e-01  7.15771021e-01 
 1.47910839e+08 -6.12232939e-01  7.27041068e-01  3.87767061e-01  7.27041068e-01 
 1.51356125e+08 -5.91996309e-01  7.37898173e-01  4.08003691e-01  7.37898173e-01 
 1.54881662e+08 -5.70826241e-01  7.48264853e-01  4.29173759e-01  7.48264853e-01 
 1.58489319e+08 -5.48716356e-01  7.58057927e-01  4.51283644e-01  7.58057927e-01 
 1.62181010e+08 -5.25667476e-01  7.67188803e-01  4.74332524e-01  7.67188803e-01 
 1.65958691e+08 -5.01688778e-01  7.75563935e-01  4.98311222e-01  7.75563935e-01 
 1.69824365e+08 -4.76798974e-01  7.83085497e-01  5.23201026e-01  7.83085497e-01 
 1.73780083e+08 -4.51027486e-01  7.89652286e-01  5.48972514e-01  7.89652286e-01 
 1.77827941e+08 -4.24415577e-01  7.95160872e-01  5.75584423e-01  7.95160872e-01 
 1.81970086e+08 -3.97017376e-01  7.99507017e-01  6.02982624e-01  7.99507017e-01 
 1.86208714e+08 -3.68900764e-01  8.02587366e-01  6.31099236e-01  8.02587366e-01 
 1.90546072e+08 -3.40148019e-01  8.04301389e-01  6.59851981e-01  8.04301389e-01 
 1.94984460e+08 -3.10856190e-01  8.04553570e-01  6.89143810e-01  8.04553570e-01 
 1.99526231e+08 -2.81137103e-01  8.03255781e-01  7.18862897e-01  8.03255781e-01 
 2.04173794e+08 -2.51116959e-01  8.00329794e-01  7.48883041e-01  8.00329794e-01 
 2.08929613e+08 -2.20935449e-01  7.95709849e-01  7.79064551e-01  7.95709849e-01 
 2.13796209e+08 -1.90744367e-01  7.89345170e-01  8.09255633e-01  7.89345170e-01 
 2.18776162e+08 -1.60705705e-01  7.81202331e-01  8.39294295e-01  7.81202331e-01 
 2.23872114e+08 -1.30989225e-01  7.71267348e-01  8.69010775e-01  7.71267348e-01 
 2.29086765e+08 -1.01769582e-01  7.59547362e-01  8.98230418e-01  7.59547362e-01 
 2.34422882e+08 -7.32230494e-02  7.46071820e-01  9.26776951e-01  7.46071820e-01 
 2.39883292e+08 -4.55239614e-02  7.30893040e-01  9.54476039e-01  7.30893040e-01 
 2.45470892e+08 -1.88410160e-02  7.14086097e-01  9.81158984e-01  7.14086097e-01 
 2.51188643e+08  6.66642118e-03  6.95747988e-01  1.00666642e+00  6.95747988e-01 
 2.57039578e+08  3.08518421e-02  6.75996088e-01  1.03085184e+00  6.75996088e-01 
 2.63026799e+08  5.35847935e-02  6.54965933e-01  1.05358479e+00  6.54965933e-01 
 2.69153480e+08  7.47536002e-02  6.32808415e-01  1.07475360e+00  6.32808415e-01 
 2.75422870e+08  9.42674952e-02  6.09686522e-01  1.09426750e+00  6.09686522e-01 
 2.81838293e+08  1.12058071e-01  5.85771749e-01  1.11205807e+00  5.85771749e-01 
 2.88403150e+08  1.28080012e-01  5.61240357e-01  1.12808001e+00  5.61240357e-01 
 2.95120923e+08  1.42311095e-01  5.36269640e-01  1.14231110e+00  5.36269640e-01 
 3.01995172e+08  1.54751512e-01  5.11034348e-01  1.15475151e+00  5.11034348e-01 
 3.09029543e+08  1.65422573e-01  4.85703412e-01  1.16542257e+00  4.85703412e-01 
 3.16227766e+08  1.74364899e-01  4.60437073e-01  1.17436490e+00  4.60437073e-01 
 3.23593657e+08  1.81636215e-01  4.35384497e-01  1.18163621e+00  4.35384497e-01 
 3.31131121e+08  1.87308877e-01  4.10681907e-01  1.18730888e+00  4.10681907e-01 
 3.38844156e+08  1.91467251e-01  3.86451269e-01  1.19146725e+00  3.86451269e-01 
 3.46736850e+08  1.94205056e-01  3.62799487e-01  1.19420506e+00  3.62799487e-01 
 3.54813389e+08  1.95622781e-01  3.39818088e-01  1.19562278e+00  3.39818088e-01 
 3.63078055e+08  1.95825250e-01  3.17583335e-01  1.19582525e+00  3.17583335e-01 
 3.71535229e+08  1.94919398e-01  2.96156695e-01  1.19491940e+00  2.96156695e-01 
 3.80189396e+08  1.93012302e-01  2.75585608e-01  1.19301230e+00  2.75585608e-01 
 3.89045145e+08  1.90209488e-01  2.55904458e-01  1.19020949e+00  2.55904458e-01 
 3.98107171e+08  1.86613522e-01  2.37135712e-01  1.18661352e+00  2.37135712e-01 
 4.07380278e+08  1.82322882e-01  2.19291137e-01  1.18232288e+00  2.19291137e-01 
 4.16869383e+08  1.77431091e-01  2.02373062e-01  1.17743109e+00  2.02373062e-01 
 4.26579519e+08  1.72026092e-01  1.86375632e-01  1.17202609e+00  1.86375632e-01 
 4.36515832e+08  1.66189837e-01  1.71286021e-01  1.16618984e+00  1.71286021e-01 
 4.46683592e+08  1.59998057e-01  1.57085586e-01  1.15999806e+00  1.57085586e-01 
 4.57088190e+08  1.53520194e-01  1.43750930e-01  1.15352019e+00  1.43750930e-01 
 4.67735141e+08  1.46819454e-01  1.31254876e-01  1.14681945e+00  1.31254876e-01 
 4.78630092e+08  1.39952966e-01  1.19567343e-01  1.13995297e+00  1.19567343e-01 
 4.89778819e+08  1.32972012e-01  1.08656115e-01  1.13297201e+00  1.08656115e-01 
 5.01187234e+08  1.25922320e-01  9.84875164e-02  1.12592232e+00  9.84875164e-02 
 5.12861384e+08  1.18844393e-01  8.90269910e-02  1.11884439e+00  8.90269910e-02 
 5.24807460e+08  1.11773860e-01  8.02395946e-02  1.11177386e+00  8.02395946e-02 
 5.37031796e+08  1.04741842e-01  7.20904060e-02  1.10474184e+00  7.20904060e-02 
 5.49540874e+08  9.77753163e-02  6.45448654e-02  1.09777532e+00  6.45448654e-02 
 5.62341325e+08  9.08974804e-02  5.75690489e-02  1.09089748e+00  5.75690489e-02 
 5.75439937e+08  8.41280974e-02  5.11298858e-02  1.08412810e+00  5.11298858e-02 
 5.88843655e+08  7.74838310e-02  4.51953262e-02  1.07748383e+00  4.51953262e-02 
 6.02559586e+08  7.09785607e-02  3.97344668e-02  1.07097856e+00  3.97344668e-02 
 6.16595002e+08  6.46236761e-02  3.47176398e-02  1.06462368e+00  3.47176398e-02 
 6.30957344e+08  5.84283510e-02  3.01164717e-02  1.05842835e+00  3.01164717e-02 
 6.45654229e+08  5.23997953e-02  2.59039173e-02  1.05239980e+00  2.59039173e-02 
 6.60693448e+08  4.65434867e-02  2.20542718e-02  1.04654349e+00  2.20542718e-02 
 6.76082975e+08  4.08633810e-02  1.85431666e-02  1.04086338e+00  1.85431666e-02 
 6.91830971e+08  3.53621033e-02  1.53475517e-02  1.03536210e+00  1.53475517e-02 
 7.07945784e+08  3.00411207e-02  1.24456669e-02  1.03004112e+00  1.24456669e-02 
 7.24435960e+08  2.49008972e-02  9.81700525e-03  1.02490090e+00  9.81700525e-03 
 7.41310241e+08  1.99410329e-02  7.44227006e-03  1.01994103e+00  7.44227006e-03 
 7.58577575e+08  1.51603881e-02  5.30332766e-03  1.01516039e+00  5.30332766e-03 
 7.76247117e+08  1.05571937e-02  3.38315720e-03  1.01055719e+00  3.38315720e-03 
 7.94328235e+08  6.12914929e-03  1.66579860e-03  1.00612915e+00  1.66579860e-03 
 8.12830516e+08  1.87350959e-03  1.36299720e-04  1.00187351e+00  1.36299720e-04 
 8.31763771e+08 -2.21283900e-03 -1.21933650e-03  9.97787161e-01 -1.21933650e-03 
 8.51138038e+08 -6.13331133e-03 -2.41420438e-03  9.93866689e-01 -2.41420438e-03 
 8.70963590e+08 -9.89156471e-03 -3.46054681e-03  9.90108435e-01 -3.46054681e-03 
 8.91250938e+08 -1.34914476e-02 -4.36980503e-03  9.86508552e-01 -4.36980503e-03 
 9.12010839e+08 -1.69369547e-02 -5.15266688e-03  9.83063045e-01 -5.15266688e-03 
 9.33254301e+08 -2.02321888e-02 -5.81911301e-03  9.79767811e-01 -5.81911301e-03 
 9.54992586e+08 -2.33813266e-02 -6.37846115e-03  9.76618673e-01 -6.37846115e-03 
 9.77237221e+08 -2.63885907e-02 -6.83940826e-03  9.73611409e-01 -6.83940826e-03 
 1.00000000e+09 -2.92582244e-02 -7.21007046e-03  9.70741776e-01 -7.21007046e-03 
 1.02329299e+09 -3.19944715e-02 -7.49802088e-03  9.68005528e-01 -7.49802088e-03 
 1.04712855e+09 -3.46015581e-02 -7.71032528e-03  9.65398442e-01 -7.71032528e-03 
 1.07151931e+09 -3.70836779e-02 -7.85357560e-03  9.62916322e-01 -7.85357560e-03 
 1.09647820e+09 -3.94449803e-02 -7.93392144e-03  9.60555020e-01 -7.93392144e-03 
 1.12201845e+09 -4.16895598e-02 -7.95709950e-03  9.58310440e-01 -7.95709950e-03 
 1.14815362e+09 -4.38214482e-02 -7.92846117e-03  9.56178552e-01 -7.92846117e-03 
 1.17489755e+09 -4.58446079e-02 -7.85299818e-03  9.54155392e-01 -7.85299818e-03 
 1.20226443e+09 -4.77629266e-02 -7.73536654e-03  9.52237073e-01 -7.73536654e-03 
 1.23026877e+09 -4.95802138e-02 -7.57990879e-03  9.50419786e-01 -7.57990879e-03 
 1.25892541e+09 -5.13001976e-02 -7.39067467e-03  9.48699802e-01 -7.39067467e-03 
 1.28824955e+09 -5.29265232e-02 -7.17144027e-03  9.47073477e-01 -7.17144027e-03 
 1.31825674e+09 -5.44627511e-02 -6.92572572e-03  9.45537249e-01 -6.92572572e-03 
 1.34896288e+09 -5.59123569e-02 -6.65681167e-03  9.44087643e-01 -6.65681167e-03 
 1.38038426e+09 -5.72787314e-02 -6.36775436e-03  9.42721269e-01 -6.36775436e-03 
 1.41253754e+09 -5.85651806e-02 -6.06139970e-03  9.41434819e-01 -6.06139970e-03 
 1.44543977e+09 -5.97749264e-02 -5.74039610e-03  9.40225074e-01 -5.74039610e-03 
 1.47910839e+09 -6.09111079e-02 -5.40720642e-03  9.39088892e-01 -5.40720642e-03 
 1.51356125e+09 -6.19767821e-02 -5.06411893e-03  9.38023218e-01 -5.06411893e-03 
 1.54881662e+09 -6.29749254e-02 -4.71325745e-03  9.37025075e-01 -4.71325745e-03 
 1.58489319e+09 -6.39084347e-02 -4.35659064e-03  9.36091565e-01 -4.35659064e-03 
 1.62181010e+09 -6.47801291e-02 -3.99594065e-03  9.35219871e-01 -3.99594065e-03 
 1.65958691e+09 -6.55927509e-02 -3.63299107e-03  9.34407249e-01 -3.63299107e-03 
 1.69824365e+09 -6.63489673e-02 -3.26929430e-03  9.33651033e-01 -3.26929430e-03 
 1.73780083e+09 -6.70513713e-02 -2.90627840e-03  9.32948629e-01 -2.90627840e-03 
 1.77827941e+09 -6.77024833e-02 -2.54525340e-03  9.32297517e-01 -2.54525340e-03 
 1.81970086e+09 -6.83047521e-02 -2.18741732e-03  9.31695248e-01 -2.18741732e-03 
 1.86208714e+09 -6.88605560e-02 -1.83386162e-03  9.31139444e-01 -1.83386162e-03 
 1.90546072e+09 -6.93722036e-02 -1.48557654e-03  9.30627796e-01 -1.48557654e-03 
 1.94984460e+09 -6.98419351e-02 -1.14345591e-03  9.30158065e-01 -1.14345591e-03 
 1.99526231e+09 -7.02719229e-02 -8.08301947e-04  9.29728077e-01 -8.08301947e-04 
 2.04173794e+09 -7.06642720e-02 -4.80829630e-04  9.29335728e-01 -4.80829630e-04 
 2.08929613e+09 -7.10210215e-02 -1.61671023e-04  9.28978979e-01 -1.61671023e-04 
 2.13796209e+09 -7.13441442e-02  1.48620624e-04  9.28655856e-01  1.48620624e-04 
 2.18776162e+09 -7.16355481e-02  4.49566893e-04  9.28364452e-01  4.49566893e-04 
 2.23872114e+09 -7.18970761e-02  7.40760336e-04  9.28102924e-01  7.40760336e-04 
 2.29086765e+09 -7.21305072e-02  1.02186071e-03  9.27869493e-01  1.02186071e-03 
 2.34422882e+09 -7.23375565e-02  1.29259130e-03  9.27662444e-01  1.29259130e-03 
 2.39883292e+09 -7.25198757e-02  1.55273532e-03  9.27480124e-01  1.55273532e-03 
 2.45470892e+09 -7.26790539e-02  1.80213236e-03  9.27320946e-01  1.80213236e-03 
 2.51188643e+09 -7.28166181e-02  2.04067495e-03  9.27183382e-01  2.04067495e-03 
 2.57039578e+09 -7.29340331e-02  2.26830508e-03  9.27065967e-01  2.26830508e-03 
 2.63026799e+09 -7.30327033e-02  2.48501093e-03  9.26967297e-01  2.48501093e-03 
 2.69153480e+09 -7.31139721e-02  2.69082351e-03  9.26886028e-01  2.69082351e-03 
 2.75422870e+09 -7.31791235e-02  2.88581346e-03  9.26820876e-01  2.88581346e-03 
 2.81838293e+09 -7.32293827e-02  3.07008785e-03  9.26770617e-01  3.07008785e-03 
 2.88403150e+09 -7.32659165e-02  3.24378715e-03  9.26734083e-01  3.24378715e-03 
 2.95120923e+09 -7.32898351e-02  3.40708214e-03  9.26710165e-01  3.40708214e-03 
 3.01995172e+09 -7.33021923e-02  3.56017103e-03  9.26697808e-01  3.56017103e-03 
 3.09029543e+09 -7.33039873e-02  3.70327660e-03  9.26696013e-01  3.70327660e-03 
 3.16227766e+09 -7.32961653e-02  3.83664343e-03  9.26703835e-01  3.83664343e-03 
 3.23593657e+09 -7.32796192e-02  3.96053532e-03  9.26720381e-01  3.96053532e-03 
 3.31131121e+09 -7.32551907e-02  4.07523266e-03  9.26744809e-01  4.07523266e-03 
 3.38844156e+09 -7.32236718e-02  4.18103011e-03  9.26776328e-01  4.18103011e-03 
 3.46736850e+09 -7.31858064e-02  4.27823421e-03  9.26814194e-01  4.27823421e-03 
 3.54813389e+09 -7.31422914e-02  4.36716123e-03  9.26857709e-01  4.36716123e-03 
 3.63078055e+09 -7.30937787e-02  4.44813514e-03  9.26906221e-01  4.44813514e-03 
 3.71535229e+09 -7.30408768e-02  4.52148562e-03  9.26959123e-01  4.52148562e-03 
 3.80189396e+09 -7.29841520e-02  4.58754630e-03  9.27015848e-01  4.58754630e-03 
 3.89045145e+09 -7.29241307e-02  4.64665308e-03  9.27075869e-01  4.64665308e-03 
 3.98107171e+09 -7.28613005e-02  4.69914256e-03  9.27138700e-01  4.69914256e-03 
 4.07380278e+09 -7.27961122e-02  4.74535065e-03  9.27203888e-01  4.74535065e-03 
 4.16869383e+09 -7.27289817e-02  4.78561124e-03  9.27271018e-01  4.78561124e-03 
 4.26579519e+09 -7.26602911e-02  4.82025508e-03  9.27339709e-01  4.82025508e-03 
 4.36515832e+09 -7.25903910e-02  4.84960866e-03  9.27409609e-01  4.84960866e-03 
 4.46683592e+09 -7.25196018e-02  4.87399333e-03  9.27480398e-01  4.87399333e-03 
 4.57088190e+09 -7.24482154e-02  4.89372443e-03  9.27551785e-01  4.89372443e-03 
 4.67735141e+09 -7.23764968e-02  4.90911060e-03  9.27623503e-01  4.90911060e-03 
 4.78630092e+09 -7.23046858e-02  4.92045313e-03  9.27695314e-01  4.92045313e-03 
 4.89778819e+09 -7.22329983e-02  4.92804545e-03  9.27767002e-01  4.92804545e-03 
 5.01187234e+09 -7.21616281e-02  4.93217266e-03  9.27838372e-01  4.93217266e-03 
 5.12861384e+09 -7.20907478e-02  4.93311123e-03  9.27909252e-01  4.93311123e-03 
 5.24807460e+09 -7.20205108e-02  4.93112867e-03  9.27979489e-01  4.93112867e-03 
 5.37031796e+09 -7.19510522e-02  4.92648335e-03  9.28048948e-01  4.92648335e-03 
 5.49540874e+09 -7.18824904e-02  4.91942435e-03  9.28117510e-01  4.91942435e-03 
 5.62341325e+09 -7.18149278e-02  4.91019138e-03  9.28185072e-01  4.91019138e-03 
 5.75439937e+09 -7.17484527e-02  4.89901475e-03  9.28251547e-01  4.89901475e-03 
 5.88843655e+09 -7.16831398e-02  4.88611541e-03  9.28316860e-01  4.88611541e-03 
 6.02559586e+09 -7.16190513e-02  4.87170500e-03  9.28380949e-01  4.87170500e-03 
 6.16595002e+09 -7.15562384e-02  4.85598596e-03  9.28443762e-01  4.85598596e-03 
 6.30957344e+09 -7.14947417e-02  4.83915168e-03  9.28505258e-01  4.83915168e-03 
 6.45654229e+09 -7.14345921e-02  4.82138666e-03  9.28565408e-01  4.82138666e-03 
 6.60693448e+09 -7.13758122e-02  4.80286671e-03  9.28624188e-01  4.80286671e-03 
 6.76082975e+09 -7.13184163e-02  4.78375917e-03  9.28681584e-01  4.78375917e-03 
 6.91830971e+09 -7.12624117e-02  4.76422315e-03  9.28737588e-01  4.76422315e-03 
 7.07945784e+09 -7.12077990e-02  4.74440979e-03  9.28792201e-01  4.74440979e-03 
 7.24435960e+09 -7.11545731e-02  4.72446250e-03  9.28845427e-01  4.72446250e-03 
 7.41310241e+09 -7.11027235e-02  4.70451724e-03  9.28897277e-01  4.70451724e-03 
 7.58577575e+09 -7.10522348e-02  4.68470285e-03  9.28947765e-01  4.68470285e-03 
 7.76247117e+09 -7.10030875e-02  4.66514126e-03  9.28996912e-01  4.66514126e-03 
 7.94328235e+09 -7.09552583e-02  4.64594783e-03  9.29044742e-01  4.64594783e-03 
 8.12830516e+09 -7.09087202e-02  4.62723161e-03  9.29091280e-01  4.62723161e-03 
 8.31763771e+09 -7.08634436e-02  4.60909565e-03  9.29136556e-01  4.60909565e-03 
 8.51138038e+09 -7.08193959e-02  4.59163728e-03  9.29180604e-01  4.59163728e-03 
 8.70963590e+09 -7.07765424e-02  4.57494837e-03  9.29223458e-01  4.57494837e-03 
 8.91250938e+09 -7.07348462e-02  4.55911564e-03  9.29265154e-01  4.55911564e-03 
 9.12010839e+09 -7.06942687e-02  4.54422091e-03  9.29305731e-01  4.54422091e-03 
 9.33254301e+09 -7.06547696e-02  4.53034136e-03  9.29345230e-01  4.53034136e-03 
 9.54992586e+09 -7.06163076e-02  4.51754979e-03  9.29383692e-01  4.51754979e-03 
 9.77237221e+09 -7.05788399e-02  4.50591490e-03  9.29421160e-01  4.50591490e-03 
 1.00000000e+10 -7.05423229e-02  4.49550149e-03  9.29457677e-01  4.49550149e-03 
 1.02329299e+10 -7.05067122e-02  4.48637070e-03  9.29493288e-01  4.48637070e-03 
 1.04712855e+10 -7.04719625e-02  4.47858026e-03  9.29528037e-01  4.47858026e-03 
 1.07151931e+10 -7.04380283e-02  4.47218468e-03  9.29561972e-01  4.47218468e-03 
 1.09647820e+10 -7.04048632e-02  4.46723546e-03  9.29595137e-01  4.46723546e-03 
 1.12201845e+10 -7.03724206e-02  4.46378129e-03  9.29627579e-01  4.46378129e-03 
 1.14815362e+10 -7.03406536e-02  4.46186825e-03  9.29659346e-01  4.46186825e-03 
 1.17489755e+10 -7.03095149e-02  4.46153996e-03  9.29690485e-01  4.46153996e-03 
 1.20226443e+10 -7.02789572e-02  4.46283776e-03  9.29721043e-01  4.46283776e-03 
 1.23026877e+10 -7.02489326e-02  4.46580089e-03  9.29751067e-01  4.46580089e-03 
 1.25892541e+10 -7.02193935e-02  4.47046660e-03  9.29780606e-01  4.47046660e-03 
 1.28824955e+10 -7.01902918e-02  4.47687033e-03  9.29809708e-01  4.47687033e-03 
 1.31825674e+10 -7.01615794e-02  4.48504583e-03  9.29838421e-01  4.48504583e-03 
 1.34896288e+10 -7.01332079e-02  4.49502527e-03  9.29866792e-01  4.49502527e-03 
 1.38038426e+10 -7.01051291e-02  4.50683938e-03  9.29894871e-01  4.50683938e-03 
 1.41253754e+10 -7.00772941e-02  4.52051753e-03  9.29922706e-01  4.52051753e-03 
 1.44543977e+10 -7.00496543e-02  4.53608786e-03  9.29950346e-01  4.53608786e-03 
 1.47910839e+10 -7.00221607e-02  4.55357733e-03  9.29977839e-01  4.55357733e-03 
 1.51356125e+10 -6.99947639e-02  4.57301185e-03  9.30005236e-01  4.57301185e-03 
 1.54881662e+10 -6.99674144e-02  4.59441633e-03  9.30032586e-01  4.59441633e-03 
 1.58489319e+10 -6.99400623e-02  4.61781473e-03  9.30059938e-01  4.61781473e-03 
 1.62181010e+10 -6.99126575e-02  4.64323018e-03  9.30087343e-01  4.64323018e-03 
 1.65958691e+10 -6.98851492e-02  4.67068495e-03  9.30114851e-01  4.67068495e-03 
 1.69824365e+10 -6.98574865e-02  4.70020057e-03  9.30142514e-01  4.70020057e-03 
 1.73780083e+10 -6.98296177e-02  4.73179782e-03  9.30170382e-01  4.73179782e-03 
 1.77827941e+10 -6.98014906e-02  4.76549679e-03  9.30198509e-01  4.76549679e-03 
 1.81970086e+10 -6.97730526e-02  4.80131688e-03  9.30226947e-01  4.80131688e-03 
 1.86208714e+10 -6.97442501e-02  4.83927683e-03  9.30255750e-01  4.83927683e-03 
 1.90546072e+10 -6.97150290e-02  4.87939476e-03  9.30284971e-01  4.87939476e-03 
 1.94984460e+10 -6.96853344e-02  4.92168809e-03  9.30314666e-01  4.92168809e-03 
 1.99526231e+10 -6.96551104e-02  4.96617362e-03  9.30344890e-01  4.96617362e-03 
 2.04173794e+10 -6.96243003e-02  5.01286750e-03  9.30375700e-01  5.01286750e-03 
 2.08929613e+10 -6.95928464e-02  5.06178517e-03  9.30407154e-01  5.06178517e-03 
 2.13796209e+10 -6.95606899e-02  5.11294137e-03  9.30439310e-01  5.11294137e-03 
 2.18776162e+10 -6.95277710e-02  5.16635011e-03  9.30472229e-01  5.16635011e-03 
 2.23872114e+10 -6.94940287e-02  5.22202464e-03  9.30505971e-01  5.22202464e-03 
 2.29086765e+10 -6.94594007e-02  5.27997734e-03  9.30540599e-01  5.27997734e-03 
 2.34422882e+10 -6.94238234e-02  5.34021975e-03  9.30576177e-01  5.34021975e-03 
 2.39883292e+10 -6.93872321e-02  5.40276247e-03  9.30612768e-01  5.40276247e-03 
 2.45470892e+10 -6.93495604e-02  5.46761507e-03  9.30650440e-01  5.46761507e-03 
 2.51188643e+10 -6.93107405e-02  5.53478604e-03  9.30689260e-01  5.53478604e-03 
 2.57039578e+10 -6.92707031e-02  5.60428273e-03  9.30729297e-01  5.60428273e-03 
 2.63026799e+10 -6.92293775e-02  5.67611120e-03  9.30770623e-01  5.67611120e-03 
 2.69153480e+10 -6.91866911e-02  5.75027616e-03  9.30813309e-01  5.75027616e-03 
 2.75422870e+10 -6.91425698e-02  5.82678086e-03  9.30857430e-01  5.82678086e-03 
 2.81838293e+10 -6.90969377e-02  5.90562696e-03  9.30903062e-01  5.90562696e-03 
 2.88403150e+10 -6.90497174e-02  5.98681442e-03  9.30950283e-01  5.98681442e-03 
 2.95120923e+10 -6.90008295e-02  6.07034135e-03  9.30999171e-01  6.07034135e-03 
 3.01995172e+10 -6.89501928e-02  6.15620390e-03  9.31049807e-01  6.15620390e-03 
 3.09029543e+10 -6.88977244e-02  6.24439609e-03  9.31102276e-01  6.24439609e-03 
 3.16227766e+10 -6.88433396e-02  6.33490965e-03  9.31156660e-01  6.33490965e-03 
 3.23593657e+10 -6.87869517e-02  6.42773389e-03  9.31213048e-01  6.42773389e-03 
 3.31131121e+10 -6.87284725e-02  6.52285549e-03  9.31271527e-01  6.52285549e-03 
 3.38844156e+10 -6.86678117e-02  6.62025832e-03  9.31332188e-01  6.62025832e-03 
 3.46736850e+10 -6.86048774e-02  6.71992330e-03  9.31395123e-01  6.71992330e-03 
 3.54813389e+10 -6.85395760e-02  6.82182815e-03  9.31460424e-01  6.82182815e-03 
 3.63078055e+10 -6.84718120e-02  6.92594724e-03  9.31528188e-01  6.92594724e-03 
 3.71535229e+10 -6.84014885e-02  7.03225134e-03  9.31598511e-01  7.03225134e-03 
 3.80189396e+10 -6.83285071e-02  7.14070743e-03  9.31671493e-01  7.14070743e-03 
 3.89045145e+10 -6.82527678e-02  7.25127848e-03  9.31747232e-01  7.25127848e-03 
 3.98107171e+10 -6.81741694e-02  7.36392325e-03  9.31825831e-01  7.36392325e-03 
 4.07380278e+10 -6.80926094e-02  7.47859602e-03  9.31907391e-01  7.47859602e-03 
 4.16869383e+10 -6.80079843e-02  7.59524638e-03  9.31992016e-01  7.59524638e-03 
 4.26579519e+10 -6.79201898e-02  7.71381903e-03  9.32079810e-01  7.71381903e-03 
 4.36515832e+10 -6.78291208e-02  7.83425352e-03  9.32170879e-01  7.83425352e-03 
 4.46683592e+10 -6.77346719e-02  7.95648403e-03  9.32265328e-01  7.95648403e-03 
 4.57088190e+10 -6.76367370e-02  8.08043914e-03  9.32363263e-01  8.08043914e-03 
 4.67735141e+10 -6.75352106e-02  8.20604164e-03  9.32464789e-01  8.20604164e-03 
 4.78630092e+10 -6.74299871e-02  8.33320826e-03  9.32570013e-01  8.33320826e-03 
 4.89778819e+10 -6.73209615e-02  8.46184953e-03  9.32679039e-01  8.46184953e-03 
 5.01187234e+10 -6.72080299e-02  8.59186954e-03  9.32791970e-01  8.59186954e-03 
 5.12861384e+10 -6.70910895e-02  8.72316577e-03  9.32908910e-01  8.72316577e-03 
 5.24807460e+10 -6.69700393e-02  8.85562892e-03  9.33029961e-01  8.85562892e-03 
 5.37031796e+10 -6.68447803e-02  8.98914278e-03  9.33155220e-01  8.98914278e-03 
 5.49540874e+10 -6.67152158e-02  9.12358409e-03  9.33284784e-01  9.12358409e-03 
 5.62341325e+10 -6.65812524e-02  9.25882244e-03  9.33418748e-01  9.25882244e-03 
 5.75439937e+10 -6.64428000e-02  9.39472017e-03  9.33557200e-01  9.39472017e-03 
 5.88843655e+10 -6.62997722e-02  9.53113237e-03  9.33700228e-01  9.53113237e-03 
 6.02559586e+10 -6.61520875e-02  9.66790682e-03  9.33847913e-01  9.66790682e-03 
 6.16595002e+10 -6.59996689e-02  9.80488404e-03  9.34000331e-01  9.80488404e-03 
 6.30957344e+10 -6.58424455e-02  9.94189736e-03  9.34157554e-01  9.94189736e-03 
 6.45654229e+10 -6.56803523e-02  1.00787730e-02  9.34319648e-01  1.00787730e-02 
 6.60693448e+10 -6.55133309e-02  1.02153302e-02  9.34486669e-01  1.02153302e-02 
 6.76082975e+10 -6.53413306e-02  1.03513815e-02  9.34658669e-01  1.03513815e-02 
 6.91830971e+10 -6.51643085e-02  1.04867328e-02  9.34835691e-01  1.04867328e-02 
 7.07945784e+10 -6.49822302e-02  1.06211841e-02  9.35017770e-01  1.06211841e-02 
 7.24435960e+10 -6.47950707e-02  1.07545292e-02  9.35204929e-01  1.07545292e-02 
 7.41310241e+10 -6.46028146e-02  1.08865568e-02  9.35397185e-01  1.08865568e-02 
 7.58577575e+10 -6.44054570e-02  1.10170503e-02  9.35594543e-01  1.10170503e-02 
 7.76247117e+10 -6.42030038e-02  1.11457890e-02  9.35796996e-01  1.11457890e-02 
 7.94328235e+10 -6.39954726e-02  1.12725482e-02  9.36004527e-01  1.12725482e-02 
 8.12830516e+10 -6.37828929e-02  1.13971001e-02  9.36217107e-01  1.13971001e-02 
 8.31763771e+10 -6.35653065e-02  1.15192145e-02  9.36434694e-01  1.15192145e-02 
 8.51138038e+10 -6.33427684e-02  1.16386592e-02  9.36657232e-01  1.16386592e-02 
 8.70963590e+10 -6.31153466e-02  1.17552016e-02  9.36884653e-01  1.17552016e-02 
 8.91250938e+10 -6.28831230e-02  1.18686088e-02  9.37116877e-01  1.18686088e-02 
 9.12010839e+10 -6.26461931e-02  1.19786488e-02  9.37353807e-01  1.19786488e-02 
 9.33254301e+10 -6.24046664e-02  1.20850917e-02  9.37595334e-01  1.20850917e-02 
 9.54992586e+10 -6.21586668e-02  1.21877104e-02  9.37841333e-01  1.21877104e-02 
 9.77237221e+10 -6.19083323e-02  1.22862815e-02  9.38091668e-01  1.22862815e-02 
 1.00000000e+11 -6.16538147e-02  1.23805870e-02  9.38346185e-01  1.23805870e-02 
