 time            v(detp)         v(detn)        
 0.00000000e+00  2.01622196e+00  2.01622194e+00 
 1.00000000e-14  2.01625156e+00  2.01625153e+00 
 2.00000000e-14  2.01627524e+00  2.01627521e+00 
 4.00000000e-14  2.01631129e+00  2.01631126e+00 
 8.00000000e-14  2.01634353e+00  2.01634351e+00 
 1.60000000e-13  2.01635239e+00  2.01635238e+00 
 3.20000000e-13  2.01634334e+00  2.01634350e+00 
 6.40000000e-13  2.01636971e+00  2.01637095e+00 
 1.28000000e-12  2.01596797e+00  2.01597501e+00 
 2.28000000e-12  2.01256271e+00  2.01297152e+00 
 3.28000000e-12  2.00661636e+00  2.00846213e+00 
 4.28000000e-12  2.00088525e+00  2.00410215e+00 
 5.28000000e-12  1.99872657e+00  2.00032708e+00 
 6.28000000e-12  2.00218481e+00  1.99684037e+00 
 7.28000000e-12  2.01143195e+00  1.99336141e+00 
 8.28000000e-12  2.02535687e+00  1.98974791e+00 
 9.28000000e-12  2.04237679e+00  1.98593354e+00 
 1.02800000e-11  2.06094006e+00  1.98189370e+00 
 1.12800000e-11  2.07970512e+00  1.97764533e+00 
 1.22800000e-11  2.09756884e+00  1.97325397e+00 
 1.32800000e-11  2.11359348e+00  1.96881715e+00 
 1.42800000e-11  2.12702609e+00  1.96443181e+00 
 1.52800000e-11  2.13714395e+00  1.95999369e+00 
 1.60373613e-11  2.14134615e+00  1.95567537e+00 
 1.66748522e-11  2.14157423e+00  1.95071045e+00 
 1.74173763e-11  2.13814899e+00  1.94411043e+00 
 1.82343964e-11  2.13138241e+00  1.93812105e+00 
 1.92343964e-11  2.12135349e+00  1.93481326e+00 
 2.02343964e-11  2.11154066e+00  1.93556588e+00 
 2.12343964e-11  2.10411966e+00  1.93859654e+00 
 2.22343964e-11  2.10123044e+00  1.94198117e+00 
 2.32343964e-11  2.10370860e+00  1.94441001e+00 
 2.42343964e-11  2.11088499e+00  1.94547652e+00 
 2.52343964e-11  2.12125766e+00  1.94531588e+00 
 2.62343964e-11  2.13317520e+00  1.94423300e+00 
 2.72343964e-11  2.14519601e+00  1.94252989e+00 
 2.82343964e-11  2.15615067e+00  1.94043249e+00 
 2.92343964e-11  2.16520129e+00  1.93808817e+00 
 3.02343964e-11  2.17164271e+00  1.93539334e+00 
 3.09334673e-11  2.17355911e+00  1.93249273e+00 
 3.15507665e-11  2.17255885e+00  1.92855131e+00 
 3.22617646e-11  2.16830807e+00  1.92297315e+00 
 3.30285601e-11  2.16126799e+00  1.91772765e+00 
 3.40285601e-11  2.15059732e+00  1.91462029e+00 
 3.50285601e-11  2.14026856e+00  1.91567269e+00 
 3.60285601e-11  2.13248429e+00  1.91919266e+00 
 3.70285601e-11  2.12942344e+00  1.92319592e+00 
 3.80285601e-11  2.13187870e+00  1.92630308e+00 
 3.90285601e-11  2.13911933e+00  1.92806096e+00 
 4.00285601e-11  2.14959352e+00  1.92856426e+00 
 4.10285601e-11  2.16162051e+00  1.92809222e+00 
 4.20285601e-11  2.17374175e+00  1.92693946e+00 
 4.30285601e-11  2.18477152e+00  1.92534017e+00 
 4.40285601e-11  2.19384974e+00  1.92345875e+00 
 4.50285601e-11  2.20032782e+00  1.92127497e+00 
 4.57785967e-11  2.20246247e+00  1.91867218e+00 
 4.63811160e-11  2.20155295e+00  1.91524993e+00 
 4.71455188e-11  2.19689348e+00  1.90963566e+00 
 4.78706811e-11  2.18995335e+00  1.90478690e+00 
 4.88706811e-11  2.17875386e+00  1.90162015e+00 
 4.98706811e-11  2.16773234e+00  1.90267981e+00 
 5.08706811e-11  2.15911338e+00  1.90636016e+00 
 5.18706811e-11  2.15516431e+00  1.91065820e+00 
 5.28706811e-11  2.15679927e+00  1.91412608e+00 
 5.38706811e-11  2.16336130e+00  1.91625440e+00 
 5.48706811e-11  2.17331626e+00  1.91711007e+00 
 5.58706811e-11  2.18496883e+00  1.91696055e+00 
 5.68706811e-11  2.19683689e+00  1.91609704e+00 
 5.78706811e-11  2.20771012e+00  1.91475584e+00 
 5.88706811e-11  2.21669979e+00  1.91310864e+00 
 5.98706811e-11  2.22316002e+00  1.91117540e+00 
 6.06728626e-11  2.22544636e+00  1.90865097e+00 
 6.12770774e-11  2.22449741e+00  1.90541358e+00 
 6.20558607e-11  2.21964135e+00  1.89990198e+00 
 6.27726291e-11  2.21260283e+00  1.89523175e+00 
 6.37726291e-11  2.20106755e+00  1.89218294e+00 
 6.47726291e-11  2.18960712e+00  1.89338702e+00 
 6.57726291e-11  2.18042188e+00  1.89726547e+00 
 6.67726291e-11  2.17579398e+00  1.90181149e+00 
 6.77726291e-11  2.17671678e+00  1.90554468e+00 
 6.87726291e-11  2.18259986e+00  1.90792364e+00 
 6.97726291e-11  2.19193920e+00  1.90900629e+00 
 7.07726291e-11  2.20304100e+00  1.90906355e+00 
 7.17726291e-11  2.21441290e+00  1.90839333e+00 
 7.27726291e-11  2.22483265e+00  1.90723689e+00 
 7.37726291e-11  2.23340170e+00  1.90576847e+00 
 7.47726291e-11  2.23947689e+00  1.90401562e+00 
 7.56020829e-11  2.24151004e+00  1.90154871e+00 
 7.62135199e-11  2.24027012e+00  1.89835632e+00 
 7.70005257e-11  2.23501115e+00  1.89290643e+00 
 7.77300725e-11  2.22754683e+00  1.88831159e+00 
 7.87300725e-11  2.21566274e+00  1.88550320e+00 
 7.97300725e-11  2.20395323e+00  1.88689127e+00 
 8.07300725e-11  2.19467678e+00  1.89087536e+00 
 8.17300725e-11  2.19011963e+00  1.89545162e+00 
 8.27300725e-11  2.19118555e+00  1.89917778e+00 
 8.37300725e-11  2.19720174e+00  1.90155275e+00 
 8.47300725e-11  2.20662354e+00  1.90264654e+00 
 8.57300725e-11  2.21775170e+00  1.90272660e+00 
 8.67300725e-11  2.22910337e+00  1.90208332e+00 
 8.77300725e-11  2.23946835e+00  1.90095280e+00 
 8.87300725e-11  2.24795790e+00  1.89950740e+00 
 8.97300725e-11  2.25392240e+00  1.89776530e+00 
 9.05238866e-11  2.25580429e+00  1.89541031e+00 
 9.11264589e-11  2.25458588e+00  1.89228898e+00 
 9.19026858e-11  2.24940419e+00  1.88692507e+00 
 9.26168677e-11  2.24207772e+00  1.88238001e+00 
 9.36168677e-11  2.23008970e+00  1.87948248e+00 
 9.46168677e-11  2.21816144e+00  1.88085018e+00 
 9.56168677e-11  2.20851563e+00  1.88489665e+00 
 9.66168677e-11  2.20345849e+00  1.88960104e+00 
 9.76168677e-11  2.20398761e+00  1.89347639e+00 
 9.86168677e-11  2.20950707e+00  1.89598312e+00 
 9.96168677e-11  2.21850604e+00  1.89718123e+00 
 1.00616868e-10  2.22928628e+00  1.89734279e+00 
 1.01616868e-10  2.24035289e+00  1.89676659e+00 
 1.02616868e-10  2.25048145e+00  1.89569529e+00 
 1.03616868e-10  2.25877029e+00  1.89430529e+00 
 1.04616868e-10  2.26457414e+00  1.89262835e+00 
 1.05451014e-10  2.26639448e+00  1.89021208e+00 
 1.06063051e-10  2.26498487e+00  1.88706067e+00 
 1.06850823e-10  2.25949994e+00  1.88165838e+00 
 1.07580435e-10  2.25182248e+00  1.87711136e+00 
 1.08580435e-10  2.23963305e+00  1.87437409e+00 
 1.09580435e-10  2.22761011e+00  1.87583667e+00 
 1.10580435e-10  2.21803670e+00  1.87988890e+00 
 1.11580435e-10  2.21321659e+00  1.88451662e+00 
 1.12580435e-10  2.21404856e+00  1.88827722e+00 
 1.13580435e-10  2.21984894e+00  1.89067532e+00 
 1.14580435e-10  2.22906493e+00  1.89178434e+00 
 1.15580435e-10  2.23999380e+00  1.89187304e+00 
 1.16580435e-10  2.25115162e+00  1.89123239e+00 
 1.17580435e-10  2.26132758e+00  1.89009939e+00 
 1.18580435e-10  2.26963164e+00  1.88864793e+00 
 1.19580435e-10  2.27541199e+00  1.88689806e+00 
 1.20374253e-10  2.27714793e+00  1.88453609e+00 
 1.20976874e-10  2.27581812e+00  1.88140778e+00 
 1.21752905e-10  2.27049133e+00  1.87603494e+00 
 1.22466927e-10  2.26302513e+00  1.87148293e+00 
 1.23466927e-10  2.25082419e+00  1.86858299e+00 
 1.24466927e-10  2.23867265e+00  1.86995571e+00 
 1.25466927e-10  2.22881659e+00  1.87400408e+00 
 1.26466927e-10  2.22358056e+00  1.87869624e+00 
 1.27466927e-10  2.22395680e+00  1.88254420e+00 
 1.28466927e-10  2.22933770e+00  1.88501422e+00 
 1.29466927e-10  2.23820374e+00  1.88616988e+00 
 1.30466927e-10  2.24885302e+00  1.88628461e+00 
 1.31466927e-10  2.25978974e+00  1.88565769e+00 
 1.32466927e-10  2.26978910e+00  1.88453270e+00 
 1.33466927e-10  2.27794836e+00  1.88308756e+00 
 1.34466927e-10  2.28362026e+00  1.88135600e+00 
 1.35301113e-10  2.28532837e+00  1.87889531e+00 
 1.35913111e-10  2.28383450e+00  1.87571121e+00 
 1.36700629e-10  2.27823721e+00  1.87026701e+00 
 1.37429820e-10  2.27044910e+00  1.86568324e+00 
 1.38429820e-10  2.25808393e+00  1.86290118e+00 
 1.39429820e-10  2.24587221e+00  1.86432904e+00 
 1.40429820e-10  2.23611980e+00  1.86834717e+00 
 1.41429820e-10  2.23114655e+00  1.87293106e+00 
 1.42429820e-10  2.23184689e+00  1.87663717e+00 
 1.43429820e-10  2.23752756e+00  1.87897485e+00 
 1.44429820e-10  2.24662865e+00  1.88002032e+00 
 1.45429820e-10  2.25744441e+00  1.88004339e+00 
 1.46429820e-10  2.26849014e+00  1.87933545e+00 
 1.47429820e-10  2.27855466e+00  1.87813433e+00 
 1.48429820e-10  2.28674683e+00  1.87661541e+00 
 1.49429820e-10  2.29241319e+00  1.87480082e+00 
 1.50224389e-10  2.29405744e+00  1.87238770e+00 
 1.50827123e-10  2.29265357e+00  1.86922147e+00 
 1.51603180e-10  2.28722573e+00  1.86379996e+00 
 1.52317069e-10  2.27965921e+00  1.85920690e+00 
 1.53317069e-10  2.26729926e+00  1.85625996e+00 
 1.54317069e-10  2.25497713e+00  1.85759790e+00 
 1.55317069e-10  2.24496121e+00  1.86161433e+00 
 1.56317069e-10  2.23959265e+00  1.86626701e+00 
 1.57317069e-10  2.23985826e+00  1.87006674e+00 
 1.58317069e-10  2.24513955e+00  1.87248478e+00 
 1.59317069e-10  2.25390913e+00  1.87358747e+00 
 1.60317069e-10  2.26446198e+00  1.87364901e+00 
 1.61317069e-10  2.27530168e+00  1.87296880e+00 
 1.62317069e-10  2.28520332e+00  1.87179091e+00 
 1.63317069e-10  2.29326336e+00  1.87029453e+00 
 1.64317069e-10  2.29883284e+00  1.86851501e+00 
 1.65151601e-10  2.30045231e+00  1.86601566e+00 
 1.65763702e-10  2.29888928e+00  1.86280323e+00 
 1.66551149e-10  2.29319778e+00  1.85732384e+00 
 1.67280311e-10  2.28531331e+00  1.85271114e+00 
 1.68280311e-10  2.27279984e+00  1.84990216e+00 
 1.69280311e-10  2.26042986e+00  1.85131579e+00 
 1.70280311e-10  2.25053121e+00  1.85532281e+00 
 1.71280311e-10  2.24543749e+00  1.85988890e+00 
 1.72280311e-10  2.24603702e+00  1.86357003e+00 
 1.73280311e-10  2.25162628e+00  1.86588014e+00 
 1.74280311e-10  2.26063841e+00  1.86689777e+00 
 1.75280311e-10  2.27136512e+00  1.86689322e+00 
 1.76280311e-10  2.28232132e+00  1.86615790e+00 
 1.77280311e-10  2.29229585e+00  1.86493003e+00 
 1.78280311e-10  2.30039699e+00  1.86338611e+00 
 1.79280311e-10  2.30596968e+00  1.86154967e+00 
 1.80075596e-10  2.30753622e+00  1.85911786e+00 
 1.80678741e-10  2.30606666e+00  1.85593568e+00 
 1.81454974e-10  2.30054883e+00  1.85049668e+00 
 1.82169613e-10  2.29288572e+00  1.84589162e+00 
 1.83169613e-10  2.28038978e+00  1.84295114e+00 
 1.84169613e-10  2.26792640e+00  1.84430699e+00 
 1.85169613e-10  2.25778619e+00  1.84834167e+00 
 1.86169613e-10  2.25232380e+00  1.85300313e+00 
 1.87169613e-10  2.25251635e+00  1.85680277e+00 
 1.88169613e-10  2.25773192e+00  1.85921797e+00 
 1.89169613e-10  2.26643469e+00  1.86031802e+00 
 1.90169613e-10  2.27691699e+00  1.86037761e+00 
 1.91169613e-10  2.28768258e+00  1.85969592e+00 
 1.92169613e-10  2.29750722e+00  1.85851720e+00 
 1.93169613e-10  2.30548748e+00  1.85702153e+00 
 1.94169613e-10  2.31097281e+00  1.85524492e+00 
 1.95003498e-10  2.31251520e+00  1.85274900e+00 
 1.95615921e-10  2.31089162e+00  1.84953449e+00 
 1.96403282e-10  2.30511893e+00  1.84405751e+00 
 1.97133340e-10  2.29714273e+00  1.83945039e+00 
 1.98133340e-10  2.28450620e+00  1.83667436e+00 
 1.99133340e-10  2.27201001e+00  1.83813135e+00 
 2.00133340e-10  2.26200414e+00  1.84218030e+00 
 2.01133340e-10  2.25683258e+00  1.84677754e+00 
 2.02133340e-10  2.25737280e+00  1.85048071e+00 
 2.03133340e-10  2.26290813e+00  1.85280984e+00 
 2.04133340e-10  2.27186408e+00  1.85384625e+00 
 2.05133340e-10  2.28253031e+00  1.85386074e+00 
 2.06133340e-10  2.29342224e+00  1.85314453e+00 
 2.07133340e-10  2.30332965e+00  1.85193608e+00 
 2.08133340e-10  2.31136114e+00  1.85041277e+00 
 2.09133340e-10  2.31686004e+00  1.84859848e+00 
 2.09928305e-10  2.31836063e+00  1.84618267e+00 
 2.10532100e-10  2.31683440e+00  1.84300597e+00 
 2.11308389e-10  2.31124095e+00  1.83758201e+00 
 2.12024723e-10  2.30348599e+00  1.83299382e+00 
 2.13024723e-10  2.29087996e+00  1.83011313e+00 
 2.14024723e-10  2.27830782e+00  1.83153704e+00 
 2.15024723e-10  2.26808279e+00  1.83563421e+00 
 2.16024723e-10  2.26256992e+00  1.84034324e+00 
 2.17024723e-10  2.26273169e+00  1.84417854e+00 
 2.18024723e-10  2.26791961e+00  1.84662551e+00 
 2.19024723e-10  2.27658856e+00  1.84775709e+00 
 2.20024723e-10  2.28702876e+00  1.84784863e+00 
 2.21024723e-10  2.29774499e+00  1.84719902e+00 
 2.22024723e-10  2.30751467e+00  1.84605259e+00 
 2.23024723e-10  2.31543539e+00  1.84459014e+00 
 2.24024723e-10  2.32085508e+00  1.84284740e+00 
 2.24856611e-10  2.32233202e+00  1.84038149e+00 
 2.25469453e-10  2.32065775e+00  1.83718027e+00 
 2.26256565e-10  2.31481905e+00  1.83172923e+00 
 2.26988176e-10  2.30675866e+00  1.82714882e+00 
 2.27988176e-10  2.29402294e+00  1.82444322e+00 
 2.28988176e-10  2.28142916e+00  1.82597817e+00 
 2.29988176e-10  2.27134974e+00  1.83009863e+00 
 2.30988176e-10  2.26613645e+00  1.83475197e+00 
 2.31988176e-10  2.26665220e+00  1.83849945e+00 
 2.32988176e-10  2.27216495e+00  1.84086862e+00 
 2.33988176e-10  2.28109204e+00  1.84194417e+00 
 2.34988176e-10  2.29172155e+00  1.84199757e+00 
 2.35988176e-10  2.30257008e+00  1.84131992e+00 
 2.36988176e-10  2.31242902e+00  1.84014986e+00 
 2.37988176e-10  2.32040801e+00  1.83866556e+00 
 2.38988176e-10  2.32584871e+00  1.83689051e+00 
 2.39781926e-10  2.32729283e+00  1.83450477e+00 
 2.40386475e-10  2.32571759e+00  1.83134121e+00 
 2.41162649e-10  2.32006052e+00  1.82594569e+00 
 2.41881189e-10  2.31221907e+00  1.82138599e+00 
 2.42881189e-10  2.29952096e+00  1.81858772e+00 
 2.43881189e-10  2.28686162e+00  1.82009962e+00 
 2.44881189e-10  2.27657725e+00  1.82427485e+00 
 2.45881189e-10  2.27104115e+00  1.82904307e+00 
 2.46881189e-10  2.27119827e+00  1.83292336e+00 
 2.47881189e-10  2.27638187e+00  1.83541037e+00 
 2.48881189e-10  2.28503715e+00  1.83658122e+00 
 2.49881189e-10  2.29545254e+00  1.83671213e+00 
 2.50881189e-10  2.30613442e+00  1.83610174e+00 
 2.51881189e-10  2.31586233e+00  1.83499440e+00 
 2.52881189e-10  2.32373541e+00  1.83357152e+00 
 2.53881189e-10  2.32910003e+00  1.83186799e+00 
 2.54710253e-10  2.33051842e+00  1.82943731e+00 
 2.55323517e-10  2.32879935e+00  1.82625138e+00 
 2.56110221e-10  2.32290365e+00  1.82083098e+00 
 2.56843614e-10  2.31476410e+00  1.81628111e+00 
 2.57843614e-10  2.30194095e+00  1.81365355e+00 
 2.58843614e-10  2.28926317e+00  1.81527207e+00 
 2.59843614e-10  2.27912579e+00  1.81946683e+00 
 2.60843614e-10  2.27388685e+00  1.82417662e+00 
 2.61843614e-10  2.27439319e+00  1.82796737e+00 
 2.62843614e-10  2.27989668e+00  1.83037486e+00 
 2.63843614e-10  2.28880645e+00  1.83148743e+00 
 2.64843614e-10  2.29940921e+00  1.83157739e+00 
 2.65843614e-10  2.31022299e+00  1.83093569e+00 
 2.66843614e-10  2.32004102e+00  1.82980110e+00 
 2.67843614e-10  2.32797418e+00  1.82835243e+00 
 2.68843614e-10  2.33336235e+00  1.82661242e+00 
 2.69635735e-10  2.33475338e+00  1.82425376e+00 
 2.70241023e-10  2.33313194e+00  1.82110025e+00 
 2.71016959e-10  2.32741557e+00  1.81573030e+00 
 2.71737759e-10  2.31948963e+00  1.81119589e+00 
 2.72737759e-10  2.30670361e+00  1.80847524e+00 
 2.73737759e-10  2.29396187e+00  1.81006876e+00 
 2.74737759e-10  2.28362371e+00  1.81431400e+00 
 2.75737759e-10  2.27806962e+00  1.81913211e+00 
 2.76737759e-10  2.27822644e+00  1.82304765e+00 
 2.77737759e-10  2.28340912e+00  1.82556480e+00 
 2.78737759e-10  2.29205340e+00  1.82676501e+00 
 2.79737759e-10  2.30244609e+00  1.82692537e+00 
 2.80737759e-10  2.31309517e+00  1.82634422e+00 
 2.81737759e-10  2.32278232e+00  1.82526580e+00 
 2.82737759e-10  2.33060820e+00  1.82387199e+00 
 2.83737759e-10  2.33591753e+00  1.82219652e+00 
 2.84563793e-10  2.33727700e+00  1.81979200e+00 
 2.85177418e-10  2.33551298e+00  1.81661477e+00 
 2.85963609e-10  2.32956021e+00  1.81121655e+00 
 2.86698649e-10  2.32134121e+00  1.80668876e+00 
 2.87698649e-10  2.30842796e+00  1.80412514e+00 
 2.88698649e-10  2.29566319e+00  1.80581258e+00 
 2.89698649e-10  2.28546440e+00  1.81006699e+00 
 2.90698649e-10  2.28019543e+00  1.81481908e+00 
 2.91698649e-10  2.28068750e+00  1.81863964e+00 
 2.92698649e-10  2.28617702e+00  1.82107249e+00 
 2.93698649e-10  2.29506523e+00  1.82220957e+00 
 2.94698649e-10  2.30563751e+00  1.82232391e+00 
 2.95698649e-10  2.31641314e+00  1.82170621e+00 
 2.96698649e-10  2.32618701e+00  1.82059518e+00 
 2.97698649e-10  2.33407104e+00  1.81917016e+00 
 2.98698649e-10  2.33940333e+00  1.81745308e+00 
 2.99489235e-10  2.34073918e+00  1.81511201e+00 
 3.00095197e-10  2.33906972e+00  1.81196224e+00 
 3.00870869e-10  2.33329126e+00  1.80660908e+00 
 3.01593718e-10  2.32527922e+00  1.80209199e+00 
 3.02593718e-10  2.31239974e+00  1.79943453e+00 
 3.03593718e-10  2.29956971e+00  1.80109561e+00 
 3.04593718e-10  2.28917130e+00  1.80539801e+00 
 3.05593718e-10  2.28359165e+00  1.81025480e+00 
 3.06593718e-10  2.28374029e+00  1.81419585e+00 
 3.07593718e-10  2.28891483e+00  1.81673441e+00 
 3.08593718e-10  2.29754202e+00  1.81795589e+00 
 3.09593718e-10  2.30790707e+00  1.81813813e+00 
 3.10593718e-10  2.31851940e+00  1.81757908e+00 
 3.11593718e-10  2.32816260e+00  1.81652279e+00 
 3.12593718e-10  2.33593869e+00  1.81515154e+00 
 3.13593718e-10  2.34119076e+00  1.81349814e+00 
 3.14417108e-10  2.34249101e+00  1.81111448e+00 
 3.15031108e-10  2.34068071e+00  1.80794331e+00 
 3.15816835e-10  2.33466873e+00  1.80256396e+00 
 3.16553455e-10  2.32636882e+00  1.79805603e+00 
 3.17553455e-10  2.31336326e+00  1.79555248e+00 
 3.18553455e-10  2.30051015e+00  1.79730547e+00 
 3.19553455e-10  2.29024908e+00  1.80161701e+00 
 3.20553455e-10  2.28494888e+00  1.80640991e+00 
 3.21553455e-10  2.28542535e+00  1.81025978e+00 
 3.22553455e-10  2.29089982e+00  1.81271813e+00 
 3.23553455e-10  2.29976599e+00  1.81388026e+00 
 3.24553455e-10  2.31030792e+00  1.81401982e+00 
 3.25553455e-10  2.32104619e+00  1.81342728e+00 
 3.26553455e-10  2.33077731e+00  1.81234138e+00 
 3.27553455e-10  2.33861429e+00  1.81094201e+00 
 3.28553455e-10  2.34389356e+00  1.80925053e+00 
 3.29342744e-10  2.34517731e+00  1.80692905e+00 
 3.29949430e-10  2.34346134e+00  1.80378538e+00 
 3.30724911e-10  2.33762260e+00  1.79845293e+00 
 3.31449903e-10  2.32952559e+00  1.79395810e+00 
 3.32449903e-10  2.31655750e+00  1.79137205e+00 
 3.33449903e-10  2.30364597e+00  1.79310860e+00 
 3.34449903e-10  2.29319577e+00  1.79747544e+00 
 3.35449903e-10  2.28759931e+00  1.80237766e+00 
 3.36449903e-10  2.28774803e+00  1.80635081e+00 
 3.37449903e-10  2.29292205e+00  1.80891718e+00 
 3.38449903e-10  2.30153932e+00  1.81016616e+00 
 3.39449903e-10  2.31188367e+00  1.81037636e+00 
 3.40449903e-10  2.32246615e+00  1.80984548e+00 
 3.41449903e-10  2.33207250e+00  1.80881756e+00 
 3.42449903e-10  2.33980632e+00  1.80747542e+00 
 3.43449903e-10  2.34500919e+00  1.80585100e+00 
 3.44270690e-10  2.34625720e+00  1.80349381e+00 
 3.44885154e-10  2.34440500e+00  1.80033297e+00 
 3.45670451e-10  2.33833999e+00  1.79497987e+00 
 3.46408906e-10  2.32996282e+00  1.79049971e+00 
 3.47408906e-10  2.31687599e+00  1.78807009e+00 
 3.48408906e-10  2.30394812e+00  1.78990105e+00 
 3.49408906e-10  2.29364077e+00  1.79427983e+00 
 3.50408906e-10  2.28832610e+00  1.79912153e+00 
 3.51408906e-10  2.28880298e+00  1.80300740e+00 
 3.52408906e-10  2.29427700e+00  1.80549709e+00 
 3.53408906e-10  2.30313427e+00  1.80668949e+00 
 3.54408906e-10  2.31365790e+00  1.80685914e+00 
 3.55408906e-10  2.32437005e+00  1.80629645e+00 
 3.56408906e-10  2.33406928e+00  1.80524038e+00 
 3.57408906e-10  2.34187003e+00  1.80387155e+00 
 3.58408906e-10  2.34710714e+00  1.80221062e+00 
 3.59196631e-10  2.34834691e+00  1.79991307e+00 
 3.59804102e-10  2.34659058e+00  1.79677835e+00 
 3.60579345e-10  2.34070062e+00  1.79147253e+00 
 3.61306736e-10  2.33252442e+00  1.78700606e+00 
 3.62306736e-10  2.31948170e+00  1.78450272e+00 
 3.63306736e-10  2.30650498e+00  1.78632421e+00 
 3.64306736e-10  2.29602164e+00  1.79076209e+00 
 3.65306736e-10  2.29042768e+00  1.79571376e+00 
 3.66306736e-10  2.29059493e+00  1.79972139e+00 
 3.67306736e-10  2.29578525e+00  1.80231694e+00 
 3.68306736e-10  2.30440780e+00  1.80359412e+00 
 3.69306736e-10  2.31474533e+00  1.80383259e+00 
 3.70306736e-10  2.32531093e+00  1.80332998e+00 
 3.71306736e-10  2.33489281e+00  1.80233052e+00 
 3.72306736e-10  2.34259654e+00  1.80101772e+00 
 3.73306736e-10  2.34776222e+00  1.79942247e+00 
 3.74124598e-10  2.34896746e+00  1.79709241e+00 
 3.74739563e-10  2.34708049e+00  1.79394200e+00 
 3.75524365e-10  2.34097270e+00  1.78861735e+00 
 3.76264854e-10  2.33252553e+00  1.78416746e+00 
 3.77264854e-10  2.31937188e+00  1.78181713e+00 
 3.78264854e-10  2.30638548e+00  1.78372963e+00 
 3.79264854e-10  2.29604985e+00  1.78817659e+00 
 3.80264854e-10  2.29073909e+00  1.79306573e+00 
 3.81264854e-10  2.29123389e+00  1.79698477e+00 
 3.82264854e-10  2.29672353e+00  1.79950211e+00 
 3.83264854e-10  2.30558657e+00  1.80072059e+00 
 3.84264854e-10  2.31610542e+00  1.80091582e+00 
 3.85264854e-10  2.32680417e+00  1.80037840e+00 
 3.86264854e-10  2.33648369e+00  1.79934766e+00 
 3.87264854e-10  2.34426015e+00  1.79800504e+00 
 3.88264854e-10  2.34946681e+00  1.79637035e+00 
 3.89050746e-10  2.35067142e+00  1.79409398e+00 
 3.89659021e-10  2.34888167e+00  1.79096591e+00 
 3.90433954e-10  2.34295033e+00  1.78568555e+00 
 3.91163873e-10  2.33470229e+00  1.78124673e+00 
 3.92163873e-10  2.32159822e+00  1.77882612e+00 
 3.93163873e-10  2.30857085e+00  1.78073104e+00 
 3.94163873e-10  2.29807018e+00  1.78523634e+00 
 3.95163873e-10  2.29249457e+00  1.79023203e+00 
 3.96163873e-10  2.29269530e+00  1.79426766e+00 
 3.97163873e-10  2.29791571e+00  1.79688529e+00 
 3.98163873e-10  2.30655627e+00  1.79818321e+00 
 3.99163873e-10  2.31689891e+00  1.79844231e+00 
 4.00163873e-10  2.32745895e+00  1.79796037e+00 
 4.01163873e-10  2.33702733e+00  1.79698191e+00 
 4.02163873e-10  2.34471176e+00  1.79569119e+00 
 4.03163873e-10  2.34985087e+00  1.79411799e+00 
 4.03978638e-10  2.35102195e+00  1.79180970e+00 
 4.04594115e-10  2.34910665e+00  1.78866588e+00 
 4.05378363e-10  2.34296506e+00  1.78336615e+00 
 4.06120964e-10  2.33445500e+00  1.77894358e+00 
 4.07120964e-10  2.32124607e+00  1.77666896e+00 
 4.08120964e-10  2.30821351e+00  1.77865818e+00 
 4.09120964e-10  2.29786277e+00  1.78316691e+00 
 4.10120964e-10  2.29256885e+00  1.78809577e+00 
 4.11120964e-10  2.29309375e+00  1.79203957e+00 
 4.12120964e-10  2.29861030e+00  1.79457572e+00 
 4.13120964e-10  2.30748967e+00  1.79581120e+00 
 4.14120964e-10  2.31801372e+00  1.79602291e+00 
 4.15120964e-10  2.32870866e+00  1.79550175e+00 
 4.16120964e-10  2.33837780e+00  1.79448752e+00 
 4.17120964e-10  2.34613921e+00  1.79316256e+00 
 4.18120964e-10  2.35132452e+00  1.79154576e+00 
 4.18904909e-10  2.35250109e+00  1.78928452e+00 
 4.19513983e-10  2.35068350e+00  1.78615874e+00 
 4.20288561e-10  2.34471841e+00  1.78089931e+00 
 4.21021031e-10  2.33640486e+00  1.77648431e+00 
 4.22021031e-10  2.32324905e+00  1.77414088e+00 
 4.23021031e-10  2.31018112e+00  1.77612269e+00 
 4.24021031e-10  2.29967366e+00  1.78068773e+00 
 4.25021031e-10  2.29412644e+00  1.78571888e+00 
 4.26021031e-10  2.29436993e+00  1.78977358e+00 
 4.27021031e-10  2.29962902e+00  1.79240412e+00 
 4.28021031e-10  2.30829573e+00  1.79371347e+00 
 4.29021031e-10  2.31865131e+00  1.79398390e+00 
 4.30021031e-10  2.32921347e+00  1.79351344e+00 
 4.31021031e-10  2.33877594e+00  1.79254700e+00 
 4.32021031e-10  2.34644865e+00  1.79126964e+00 
 4.33021031e-10  2.35156874e+00  1.78970999e+00 
 4.33832684e-10  2.35271201e+00  1.78741687e+00 
 4.34448674e-10  2.35077304e+00  1.78427509e+00 
 4.35232335e-10  2.34460393e+00  1.77899538e+00 
 4.35977062e-10  2.33603631e+00  1.77459583e+00 
 4.36977062e-10  2.32277986e+00  1.77239076e+00 
 4.37977062e-10  2.30970921e+00  1.77444974e+00 
 4.38977062e-10  2.29935165e+00  1.77901242e+00 
 4.39977062e-10  2.29408238e+00  1.78397258e+00 
 4.40977062e-10  2.29464451e+00  1.78793247e+00 
 4.41977062e-10  2.30019459e+00  1.79047864e+00 
 4.42977062e-10  2.30909657e+00  1.79172228e+00 
 4.43977062e-10  2.31963194e+00  1.79194165e+00 
 4.44977062e-10  2.33032906e+00  1.79142809e+00 
 4.45977062e-10  2.33999378e+00  1.79042193e+00 
 4.46977062e-10  2.34774609e+00  1.78910640e+00 
 4.47977062e-10  2.35291600e+00  1.78749950e+00 
 4.48759033e-10  2.35406939e+00  1.78524754e+00 
 4.49368894e-10  2.35222775e+00  1.78211999e+00 
 4.50143088e-10  2.34623401e+00  1.77687686e+00 
 4.50878086e-10  2.33785950e+00  1.77248170e+00 
 4.51878086e-10  2.32465812e+00  1.77020911e+00 
 4.52878086e-10  2.31155590e+00  1.77226084e+00 
 4.53878086e-10  2.30104793e+00  1.77687811e+00 
 4.54878086e-10  2.29553469e+00  1.78193689e+00 
 4.55878086e-10  2.29582584e+00  1.78600281e+00 
 4.56878086e-10  2.30112812e+00  1.78863835e+00 
 4.57878086e-10  2.30982536e+00  1.78995119e+00 
 4.58878086e-10  2.32019828e+00  1.79022506e+00 
 4.59878086e-10  2.33076700e+00  1.78975830e+00 
 4.60878086e-10  2.34032808e+00  1.78879627e+00 
 4.61878086e-10  2.34799368e+00  1.78752487e+00 
 4.62878086e-10  2.35309945e+00  1.78597158e+00 
 4.63686680e-10  2.35421905e+00  1.78368800e+00 
 4.64303184e-10  2.35225937e+00  1.78054450e+00 
 4.65086241e-10  2.34606674e+00  1.77528048e+00 
 4.65833079e-10  2.33744508e+00  1.77090016e+00 
 4.66833079e-10  2.32414585e+00  1.76875886e+00 
 4.67833079e-10  2.31104197e+00  1.77088131e+00 
 4.68833079e-10  2.30068243e+00  1.77549117e+00 
 4.69833079e-10  2.29544201e+00  1.78047566e+00 
 4.70833079e-10  2.29604500e+00  1.78444468e+00 
 4.71833079e-10  2.30163191e+00  1.78699386e+00 
 4.72833079e-10  2.31055972e+00  1.78823867e+00 
 4.73833079e-10  2.32110962e+00  1.78845880e+00 
 4.74833079e-10  2.33181219e+00  1.78794604e+00 
 4.75833079e-10  2.34147581e+00  1.78694129e+00 
 4.76833079e-10  2.34922240e+00  1.78562875e+00 
 4.77833079e-10  2.35438038e+00  1.78402548e+00 
 4.78613088e-10  2.35551357e+00  1.78177822e+00 
 4.79223718e-10  2.35365026e+00  1.77864578e+00 
 4.79997511e-10  2.34763104e+00  1.77341524e+00 
 4.80734997e-10  2.33919861e+00  1.76903671e+00 
 4.81734997e-10  2.32595531e+00  1.76682952e+00 
 4.82734997e-10  2.31282247e+00  1.76894537e+00 
 4.83734997e-10  2.30231752e+00  1.77360876e+00 
 4.84734997e-10  2.29684099e+00  1.77868905e+00 
 4.85734997e-10  2.29718193e+00  1.78276019e+00 
 4.86734997e-10  2.30252926e+00  1.78539478e+00 
 4.87734997e-10  2.31125892e+00  1.78670517e+00 
 4.88734997e-10  2.32165124e+00  1.78697657e+00 
 4.89734997e-10  2.33222874e+00  1.78650770e+00 
 4.90734997e-10  2.34179080e+00  1.78554439e+00 
 4.91734997e-10  2.34945181e+00  1.78427341e+00 
 4.92734997e-10  2.35454589e+00  1.78272111e+00 
 4.93540611e-10  2.35564436e+00  1.78044283e+00 
 4.94157626e-10  2.35366571e+00  1.77729483e+00 
 4.94940070e-10  2.34745194e+00  1.77204324e+00 
 4.95688997e-10  2.33877846e+00  1.76767924e+00 
 4.96688997e-10  2.32543921e+00  1.76559708e+00 
 4.97688997e-10  2.31230492e+00  1.76777800e+00 
 4.98688997e-10  2.30194608e+00  1.77242982e+00 
 4.99688997e-10  2.29673654e+00  1.77743335e+00 
 5.00688997e-10  2.29738190e+00  1.78140635e+00 
 5.01688997e-10  2.30300693e+00  1.78395347e+00 
 5.02688997e-10  2.31196185e+00  1.78519439e+00 
 5.03688997e-10  2.32252768e+00  1.78541026e+00 
 5.04688997e-10  2.33323720e+00  1.78489337e+00 
 5.05688997e-10  2.34290132e+00  1.78388524e+00 
 5.06688997e-10  2.35064392e+00  1.78257100e+00 
 5.07688997e-10  2.35579181e+00  1.78096682e+00 
 5.08467067e-10  2.35690652e+00  1.77872092e+00 
 5.09078450e-10  2.35502294e+00  1.77558138e+00 
 5.09851829e-10  2.34898018e+00  1.77036074e+00 
 5.10591758e-10  2.34049178e+00  1.76599648e+00 
 5.11591758e-10  2.32720871e+00  1.76385046e+00 
 5.12591758e-10  2.31404735e+00  1.76602587e+00 
 5.13591758e-10  2.30354732e+00  1.77073074e+00 
 5.14591758e-10  2.29810861e+00  1.77582801e+00 
 5.15591758e-10  2.29849986e+00  1.77990007e+00 
 5.16591758e-10  2.30389258e+00  1.78252949e+00 
 5.17591758e-10  2.31265512e+00  1.78383323e+00 
 5.18591758e-10  2.32306749e+00  1.78409798e+00 
 5.19591758e-10  2.33365463e+00  1.78362288e+00 
 5.20591758e-10  2.34321873e+00  1.78265427e+00 
 5.21591758e-10  2.35087636e+00  1.78137977e+00 
 5.22591758e-10  2.35596014e+00  1.77982463e+00 
 5.23394476e-10  2.35703897e+00  1.77754863e+00 
 5.24012001e-10  2.35504236e+00  1.77439418e+00 
 5.24793826e-10  2.34880886e+00  1.76915267e+00 
 5.25544819e-10  2.34008489e+00  1.76480289e+00 
 5.26544819e-10  2.32670724e+00  1.76277637e+00 
 5.27544819e-10  2.31354418e+00  1.76501198e+00 
 5.28544819e-10  2.30318754e+00  1.76970182e+00 
 5.29544819e-10  2.29800972e+00  1.77472056e+00 
 5.30544819e-10  2.29869778e+00  1.77869390e+00 
 5.31544819e-10  2.30436109e+00  1.78123538e+00 
 5.32544819e-10  2.31334334e+00  1.78246889e+00 
 5.33544819e-10  2.32392543e+00  1.78267700e+00 
 5.34544819e-10  2.33464239e+00  1.78215255e+00 
 5.35544819e-10  2.34430765e+00  1.78113768e+00 
 5.36544819e-10  2.35204701e+00  1.77981847e+00 
 5.37544819e-10  2.35718565e+00  1.77821019e+00 
 5.38320975e-10  2.35828287e+00  1.77596335e+00 
 5.38933095e-10  2.35637986e+00  1.77281519e+00 
 5.39706051e-10  2.35031475e+00  1.76760255e+00 
 5.40448382e-10  2.34177167e+00  1.76325091e+00 
 5.41448382e-10  2.32845011e+00  1.76116282e+00 
 5.42448382e-10  2.31526150e+00  1.76339436e+00 
 5.43448382e-10  2.30476741e+00  1.76813724e+00 
 5.44448382e-10  2.29936680e+00  1.77324819e+00 
 5.45448382e-10  2.29980807e+00  1.77731815e+00 
 5.46448382e-10  2.30524574e+00  1.77993949e+00 
 5.47448382e-10  2.31404084e+00  1.78123370e+00 
 5.48448382e-10  2.32447317e+00  1.78148894e+00 
 5.49448382e-10  2.33507008e+00  1.78100477e+00 
 5.50448382e-10  2.34463653e+00  1.78002807e+00 
 5.51448382e-10  2.35229129e+00  1.77874734e+00 
 5.52448382e-10  2.35736541e+00  1.77718671e+00 
 5.53248281e-10  2.35842548e+00  1.77491088e+00 
 5.53866314e-10  2.35641148e+00  1.77174863e+00 
 5.54647516e-10  2.35015912e+00  1.76651557e+00 
 5.55400554e-10  2.34138551e+00  1.76217855e+00 
 5.56400554e-10  2.32797045e+00  1.76020504e+00 
 5.57400554e-10  2.31477968e+00  1.76249249e+00 
 5.58400554e-10  2.30442612e+00  1.76721745e+00 
 5.59400554e-10  2.29928026e+00  1.77224863e+00 
 5.60400554e-10  2.30001081e+00  1.77621976e+00 
 5.61400554e-10  2.30571200e+00  1.77875317e+00 
 5.62400554e-10  2.31472125e+00  1.77997685e+00 
 5.63400554e-10  2.32531944e+00  1.78017483e+00 
 5.64400554e-10  2.33604382e+00  1.77964048e+00 
 5.65400554e-10  2.34571032e+00  1.77861659e+00 
 5.66400554e-10  2.35344665e+00  1.77729017e+00 
 5.67400554e-10  2.35857641e+00  1.77567560e+00 
 5.68174821e-10  2.35965670e+00  1.77342624e+00 
 5.68787664e-10  2.35773476e+00  1.77026847e+00 
 5.69560187e-10  2.35164811e+00  1.76506254e+00 
 5.70304885e-10  2.34305124e+00  1.76072236e+00 
 5.71304885e-10  2.32969205e+00  1.75868978e+00 
 5.72304885e-10  2.31647703e+00  1.76097483e+00 
 5.73304885e-10  2.30598954e+00  1.76575312e+00 
 5.74304885e-10  2.30062691e+00  1.77087537e+00 
 5.75304885e-10  2.30111758e+00  1.77494115e+00 
 5.76304885e-10  2.30659943e+00  1.77755245e+00 
 5.77304885e-10  2.31542643e+00  1.77883519e+00 
 5.78304885e-10  2.32587828e+00  1.77907898e+00 
 5.79304885e-10  2.33648474e+00  1.77858384e+00 
 5.80304885e-10  2.34605351e+00  1.77759718e+00 
 5.81304885e-10  2.35370552e+00  1.77630837e+00 
 5.82304885e-10  2.35877027e+00  1.77474045e+00 
 5.83102034e-10  2.35981216e+00  1.77246336e+00 
 5.83720574e-10  2.35778111e+00  1.76929240e+00 
 5.84501150e-10  2.35151048e+00  1.76406668e+00 
 5.85256218e-10  2.34268781e+00  1.75974140e+00 
 5.86256218e-10  2.32923606e+00  1.75781897e+00 
 5.87256218e-10  2.31601838e+00  1.76015614e+00 
 5.88256218e-10  2.30566855e+00  1.76491404e+00 
 5.89256218e-10  2.30055468e+00  1.76995566e+00 
 5.90256218e-10  2.30132729e+00  1.77392284e+00 
 5.91256218e-10  2.30706578e+00  1.77644654e+00 
 5.92256218e-10  2.31610152e+00  1.77765879e+00 
 5.93256218e-10  2.32671542e+00  1.77784506e+00 
 5.94256218e-10  2.33744697e+00  1.77729926e+00 
 5.95256218e-10  2.34711459e+00  1.77626483e+00 
 5.96256218e-10  2.35484791e+00  1.77492971e+00 
 5.97256218e-10  2.35996890e+00  1.77330738e+00 
 5.98028703e-10  2.36103248e+00  1.77105407e+00 
 5.98642304e-10  2.35909131e+00  1.76788557e+00 
 5.99414349e-10  2.35298352e+00  1.76268573e+00 
 6.00161471e-10  2.34433226e+00  1.75835619e+00 
 6.01161471e-10  2.33093594e+00  1.75637818e+00 
 6.02161471e-10  2.31769549e+00  1.75871537e+00 
 6.03161471e-10  2.30721585e+00  1.76352731e+00 
 6.04161471e-10  2.30189204e+00  1.76865900e+00 
 6.05161471e-10  2.30243239e+00  1.77271890e+00 
 6.06161471e-10  2.30795831e+00  1.77531860e+00 
 6.07161471e-10  2.31681692e+00  1.77658838e+00 
 6.08161471e-10  2.32728789e+00  1.77681932e+00 
 6.09161471e-10  2.33790347e+00  1.77631186e+00 
 6.10161471e-10  2.34747412e+00  1.77531397e+00 
 6.11161471e-10  2.35512297e+00  1.77401585e+00 
 6.12161471e-10  2.36017792e+00  1.77243934e+00 
 6.12955789e-10  2.36120147e+00  1.77016025e+00 
 6.13574817e-10  2.35915351e+00  1.76697998e+00 
 6.14354723e-10  2.35286536e+00  1.76176102e+00 
 6.15111799e-10  2.34399421e+00  1.75744676e+00 
 6.16111799e-10  2.33050648e+00  1.75557392e+00 
 6.17111799e-10  2.31726268e+00  1.75795921e+00 
 6.18111799e-10  2.30691719e+00  1.76274849e+00 
 6.19111799e-10  2.30183531e+00  1.76779919e+00 
 6.20111799e-10  2.30264954e+00  1.77176128e+00 
 6.21111799e-10  2.30842476e+00  1.77427424e+00 
 6.22111799e-10  2.31748649e+00  1.77547406e+00 
 6.23111799e-10  2.32811575e+00  1.77564764e+00 
 6.24111799e-10  2.33885428e+00  1.77508942e+00 
 6.25111799e-10  2.34852296e+00  1.77404350e+00 
 6.26111799e-10  2.35625334e+00  1.77269874e+00 
 6.27111799e-10  2.36136575e+00  1.77106771e+00 
 6.27884233e-10  2.36241040e+00  1.76880229e+00 
 6.28499505e-10  2.36043774e+00  1.76561394e+00 
 6.29270366e-10  2.35430506e+00  1.76042410e+00 
 6.30021561e-10  2.34557486e+00  1.75610366e+00 
 6.31021561e-10  2.33213881e+00  1.75419586e+00 
 6.32021561e-10  2.31887817e+00  1.75659528e+00 
 6.33021561e-10  2.30842106e+00  1.76144301e+00 
 6.34021561e-10  2.30315557e+00  1.76658008e+00 
 6.35021561e-10  2.30376385e+00  1.77062783e+00 
 6.36021561e-10  2.30934707e+00  1.77320988e+00 
 6.37021561e-10  2.31824458e+00  1.77446176e+00 
 6.38021561e-10  2.32873664e+00  1.77467607e+00 
 6.39021561e-10  2.33935896e+00  1.77415357e+00 
 6.40021561e-10  2.34892576e+00  1.77314256e+00 
 6.41021561e-10  2.35656339e+00  1.77183381e+00 
 6.42021561e-10  2.36159756e+00  1.77024623e+00 
 6.42810390e-10  2.36259136e+00  1.76796881e+00 
 6.43429581e-10  2.36052447e+00  1.76477832e+00 
 6.44208000e-10  2.35422394e+00  1.75956884e+00 
 6.44966891e-10  2.34530711e+00  1.75526433e+00 
 6.45966891e-10  2.33178473e+00  1.75343860e+00 
 6.46966891e-10  2.31851594e+00  1.75587069e+00 
 6.47966891e-10  2.30817516e+00  1.76069082e+00 
 6.48966891e-10  2.30312471e+00  1.76575055e+00 
 6.49966891e-10  2.30397967e+00  1.76970771e+00 
 6.50966891e-10  2.30979091e+00  1.77220997e+00 
 6.51966891e-10  2.31887836e+00  1.77339721e+00 
 6.52966891e-10  2.32952323e+00  1.77355776e+00 
 6.53966891e-10  2.34026944e+00  1.77298668e+00 
 6.54966891e-10  2.34994029e+00  1.77192874e+00 
 6.55966891e-10  2.35766914e+00  1.77057378e+00 
 6.56966891e-10  2.36277483e+00  1.76893366e+00 
 6.57739454e-10  2.36380274e+00  1.76665586e+00 
 6.58356344e-10  2.36180042e+00  1.76344836e+00 
 6.59126201e-10  2.35564335e+00  1.75826741e+00 
 6.59881349e-10  2.34683643e+00  1.75395632e+00 
 6.60881349e-10  2.33336187e+00  1.75211670e+00 
 6.61881349e-10  2.32008190e+00  1.75457631e+00 
 6.62881349e-10  2.30964737e+00  1.75945830e+00 
 6.63881349e-10  2.30443910e+00  1.76459996e+00 
 6.64881349e-10  2.30511363e+00  1.76863535e+00 
 6.65881349e-10  2.31075260e+00  1.77119972e+00 
 6.66881349e-10  2.31968798e+00  1.77243365e+00 
 6.67881349e-10  2.33020069e+00  1.77263124e+00 
 6.68881349e-10  2.34082983e+00  1.77209355e+00 
 6.69881349e-10  2.35039329e+00  1.77106922e+00 
 6.70881349e-10  2.35802055e+00  1.76974962e+00 
 6.71881349e-10  2.36303503e+00  1.76815074e+00 
 6.72664964e-10  2.36400059e+00  1.76587431e+00 
 6.73284366e-10  2.36191502e+00  1.76267328e+00 
 6.74061331e-10  2.35560251e+00  1.75747307e+00 
 6.74822108e-10  2.34663969e+00  1.75317819e+00 
 6.75822108e-10  2.33308376e+00  1.75139977e+00 
 6.76822108e-10  2.31979156e+00  1.75387841e+00 
 6.77822108e-10  2.30945739e+00  1.75872877e+00 
 6.78822108e-10  2.30444000e+00  1.76379685e+00 
 6.79822108e-10  2.30533685e+00  1.76774854e+00 
 6.80822108e-10  2.31118492e+00  1.77023971e+00 
 6.81822108e-10  2.32029869e+00  1.77141407e+00 
 6.82822108e-10  2.33095965e+00  1.77156136e+00 
 6.83822108e-10  2.34171394e+00  1.77097723e+00 
 6.84822108e-10  2.35138730e+00  1.76990715e+00 
 6.85822108e-10  2.35911497e+00  1.76854189e+00 
 6.86822108e-10  2.36421425e+00  1.76689249e+00 
 6.87594722e-10  2.36522557e+00  1.76460230e+00 
 6.88213232e-10  2.36319386e+00  1.76137550e+00 
 6.88982044e-10  2.35701351e+00  1.75620375e+00 
 6.89741190e-10  2.34812995e+00  1.75190229e+00 
 6.90741190e-10  2.33461839e+00  1.75013100e+00 
 6.91741190e-10  2.32132112e+00  1.75265054e+00 
 6.92741190e-10  2.31091153e+00  1.75756618e+00 
 6.93741190e-10  2.30576227e+00  1.76271188e+00 
 6.94741190e-10  2.30650423e+00  1.76673460e+00 
 6.95741190e-10  2.31219976e+00  1.76928116e+00 
 6.96741190e-10  2.32117369e+00  1.77049707e+00 
 6.97741190e-10  2.33170770e+00  1.77067790e+00 
 6.98741190e-10  2.34234434e+00  1.77012503e+00 
 6.99741190e-10  2.35190517e+00  1.76908743e+00 
 7.00741190e-10  2.35952286e+00  1.76775705e+00 
 7.01741190e-10  2.36451840e+00  1.76614680e+00 
 7.02522608e-10  2.36545135e+00  1.76385814e+00 
 7.03143885e-10  2.36332469e+00  1.76063096e+00 
 7.03918125e-10  2.35699402e+00  1.75544847e+00 
 7.04683890e-10  2.34793934e+00  1.75116218e+00 
 7.05683890e-10  2.33434617e+00  1.74946190e+00 
 7.06683890e-10  2.32104180e+00  1.75200750e+00 
 7.07683890e-10  2.31074335e+00  1.75689371e+00 
 7.08683890e-10  2.30579721e+00  1.76196436e+00 
 7.09683890e-10  2.30677172e+00  1.76590076e+00 
 7.10683890e-10  2.31268295e+00  1.76837146e+00 
 7.11683890e-10  2.32183825e+00  1.76952552e+00 
 7.12683890e-10  2.33252048e+00  1.76965428e+00 
 7.13683890e-10  2.34327990e+00  1.76905371e+00 
 7.14683890e-10  2.35294653e+00  1.76796960e+00 
 7.15683890e-10  2.36065936e+00  1.76659318e+00 
 7.16683890e-10  2.36573266e+00  1.76493122e+00 
 7.17453869e-10  2.36670315e+00  1.76262697e+00 
 7.18074639e-10  2.36462149e+00  1.75936846e+00 
 7.18840022e-10  2.35842183e+00  1.75421816e+00 
 7.19605193e-10  2.34943128e+00  1.74992433e+00 
 7.20605193e-10  2.33588148e+00  1.74824227e+00 
 7.21605193e-10  2.32257643e+00  1.75083683e+00 
 7.22605193e-10  2.31221372e+00  1.75579138e+00 
 7.23605193e-10  2.30715147e+00  1.76093827e+00 
 7.24605193e-10  2.30798702e+00  1.76494241e+00 
 7.25605193e-10  2.31375864e+00  1.76746521e+00 
 7.26605193e-10  2.32278297e+00  1.76865826e+00 
 7.27605193e-10  2.33334330e+00  1.76881878e+00 
 7.28605193e-10  2.34398692e+00  1.76824835e+00 
 7.29605193e-10  2.35352777e+00  1.76719541e+00 
 7.30605193e-10  2.36113117e+00  1.76585817e+00 
 7.31605193e-10  2.36610622e+00  1.76424478e+00 
 7.32382796e-10  2.36700081e+00  1.76195371e+00 
 7.33006430e-10  2.36482604e+00  1.75870179e+00 
 7.33776094e-10  2.35848974e+00  1.75355789e+00 
 7.34548036e-10  2.34933030e+00  1.74928776e+00 
 7.35548036e-10  2.33570513e+00  1.74768494e+00 
 7.36548036e-10  2.32240178e+00  1.75031000e+00 
 7.37548036e-10  2.31216391e+00  1.75523607e+00 
 7.38548036e-10  2.30731982e+00  1.76030681e+00 
 7.39548036e-10  2.30840129e+00  1.76422357e+00 
 7.40548036e-10  2.31439905e+00  1.76666985e+00 
 7.41548036e-10  2.32361235e+00  1.76780052e+00 
 7.42548036e-10  2.33432618e+00  1.76790828e+00 
 7.43548036e-10  2.34509603e+00  1.76728922e+00 
 7.44548036e-10  2.35474454e+00  1.76618870e+00 
 7.45548036e-10  2.36243197e+00  1.76480461e+00 
 7.46548036e-10  2.36747916e+00  1.76314123e+00 
 7.47315108e-10  2.36841709e+00  1.76084069e+00 
 7.47938745e-10  2.36629013e+00  1.75756455e+00 
 7.48699423e-10  2.36009116e+00  1.75246798e+00 
 7.49471422e-10  2.35099338e+00  1.74820236e+00 
 7.50471422e-10  2.33741789e+00  1.74663609e+00 
 7.51471422e-10  2.32412475e+00  1.74932180e+00 
 7.52471422e-10  2.31384319e+00  1.75432071e+00 
 7.53471422e-10  2.30891036e+00  1.75946646e+00 
 7.54471422e-10  2.30988021e+00  1.76344777e+00 
 7.55471422e-10  2.31576100e+00  1.76594331e+00 
 7.56471422e-10  2.32485965e+00  1.76711076e+00 
 7.57471422e-10  2.33546196e+00  1.76724840e+00 
 7.58471422e-10  2.34612135e+00  1.76665753e+00 
 7.59471422e-10  2.35567076e+00  1.76558740e+00 
 7.60471422e-10  2.36325289e+00  1.76423066e+00 
 7.61471422e-10  2.36817576e+00  1.76258710e+00 
 7.62244721e-10  2.36900638e+00  1.76026968e+00 
 7.62871146e-10  2.36676279e+00  1.75697074e+00 
 7.63635973e-10  2.36040541e+00  1.75184990e+00 
 7.64415693e-10  2.35110837e+00  1.74758306e+00 
 7.65415693e-10  2.33743913e+00  1.74608140e+00 
 7.66415693e-10  2.32413001e+00  1.74878841e+00 
 7.67415693e-10  2.31394846e+00  1.75375251e+00 
 7.68415693e-10  2.30920154e+00  1.75881825e+00 
 7.69415693e-10  2.31038296e+00  1.76270865e+00 
 7.70415693e-10  2.31645770e+00  1.76512339e+00 
 7.71415693e-10  2.32571715e+00  1.76622402e+00 
 7.72415693e-10  2.33644887e+00  1.76630517e+00 
 7.73415693e-10  2.34721402e+00  1.76566322e+00 
 7.74415693e-10  2.35685390e+00  1.76454427e+00 
 7.75415693e-10  2.36451757e+00  1.76313999e+00 
 7.76415693e-10  2.36951036e+00  1.76144355e+00 
 7.77177225e-10  2.37036634e+00  1.75910523e+00 
 7.77803481e-10  2.36815383e+00  1.75576424e+00 
 7.78559030e-10  2.36191803e+00  1.75067103e+00 
 7.79339520e-10  2.35266088e+00  1.74638942e+00 
 7.80339520e-10  2.33902887e+00  1.74491418e+00 
 7.81339520e-10  2.32571986e+00  1.74767627e+00 
 7.82339520e-10  2.31548208e+00  1.75271003e+00 
 7.83339520e-10  2.31063267e+00  1.75784874e+00 
 7.84339520e-10  2.31168971e+00  1.76180134e+00 
 7.85339520e-10  2.31763696e+00  1.76426267e+00 
 7.86339520e-10  2.32677370e+00  1.76539779e+00 
 7.87339520e-10  2.33738803e+00  1.76550747e+00 
 7.88339520e-10  2.34803883e+00  1.76489347e+00 
 7.89339520e-10  2.35755189e+00  1.76380440e+00 
 7.90339520e-10  2.36510343e+00  1.76243848e+00 
 7.91339520e-10  2.36999320e+00  1.76078893e+00 
 7.92107276e-10  2.37076672e+00  1.75846338e+00 
 7.92736474e-10  2.36845610e+00  1.75512575e+00 
 7.93495403e-10  2.36209003e+00  1.75004331e+00 
 7.94283256e-10  2.35265581e+00  1.74578673e+00 
 7.95283256e-10  2.33895019e+00  1.74439290e+00 
 7.96283256e-10  2.32564737e+00  1.74718529e+00 
 7.97283256e-10  2.31554026e+00  1.75218861e+00 
 7.98283256e-10  2.31091113e+00  1.75724921e+00 
 7.99283256e-10  2.31221215e+00  1.76111324e+00 
 8.00283256e-10  2.31838083e+00  1.76349688e+00 
 8.01283256e-10  2.32770051e+00  1.76456823e+00 
 8.02283256e-10  2.33846177e+00  1.76462365e+00 
 8.03283256e-10  2.34923200e+00  1.76395969e+00 
 8.04283256e-10  2.35884590e+00  1.76282200e+00 
 8.05283256e-10  2.36648661e+00  1.76140808e+00 
 8.06283256e-10  2.37144555e+00  1.75970332e+00 
 8.07040093e-10  2.37224850e+00  1.75735772e+00 
 8.07669419e-10  2.36997058e+00  1.75398088e+00 
 8.08419212e-10  2.36372770e+00  1.74893210e+00 
 8.09208219e-10  2.35433063e+00  1.74466636e+00 
 8.10208219e-10  2.34066347e+00  1.74330760e+00 
 8.11208219e-10  2.32736372e+00  1.74615992e+00 
 8.12208219e-10  2.31720772e+00  1.75123397e+00 
 8.13208219e-10  2.31248674e+00  1.75636573e+00 
 8.14208219e-10  2.31367416e+00  1.76028923e+00 
 8.15208219e-10  2.31972401e+00  1.76271703e+00 
 8.16208219e-10  2.32892671e+00  1.76382094e+00 
 8.17208219e-10  2.33957349e+00  1.76390326e+00 
 8.18208219e-10  2.35022988e+00  1.76326573e+00 
 8.19208219e-10  2.35972838e+00  1.76215700e+00 
 8.20208219e-10  2.36725129e+00  1.76077526e+00 
 8.21208219e-10  2.37209263e+00  1.75910480e+00 
 8.21970597e-10  2.37279939e+00  1.75675997e+00 
 8.22602858e-10  2.37041270e+00  1.75337475e+00 
 8.23355877e-10  2.36403172e+00  1.74832589e+00 
 8.24152772e-10  2.35444140e+00  1.74407555e+00 
 8.25152772e-10  2.34069371e+00  1.74279414e+00 
 8.26152772e-10  2.32739513e+00  1.74567392e+00 
 8.27152772e-10  2.31736299e+00  1.75071436e+00 
 8.28152772e-10  2.31285186e+00  1.75576538e+00 
 8.29152772e-10  2.31427075e+00  1.75959824e+00 
 8.30152772e-10  2.32052922e+00  1.76194639e+00 
 8.31152772e-10  2.32990284e+00  1.76298469e+00 
 8.32152772e-10  2.34068559e+00  1.76301125e+00 
 8.33152772e-10  2.35145148e+00  1.76232272e+00 
 8.34152772e-10  2.36104178e+00  1.76116477e+00 
 8.35152772e-10  2.36864569e+00  1.75973474e+00 
 8.36152772e-10  2.37354779e+00  1.75800798e+00 
 8.36904290e-10  2.37427734e+00  1.75564162e+00 
 8.37536995e-10  2.37191560e+00  1.75221343e+00 
 8.38280641e-10  2.36565394e+00  1.74719997e+00 
 8.39079629e-10  2.35608569e+00  1.74294020e+00 
 8.40079629e-10  2.34237406e+00  1.74170284e+00 
 8.41079629e-10  2.32908095e+00  1.74464841e+00 
 8.42079629e-10  2.31900822e+00  1.74976111e+00 
 8.43079629e-10  2.31441725e+00  1.75488132e+00 
 8.44079629e-10  2.31573444e+00  1.75877041e+00 
 8.45079629e-10  2.32188334e+00  1.76115973e+00 
 8.46079629e-10  2.33114580e+00  1.76222834e+00 
 8.47079629e-10  2.34181670e+00  1.76228029e+00 
 8.48079629e-10  2.35246872e+00  1.76161726e+00 
 8.49079629e-10  2.36194155e+00  1.76048777e+00 
 8.50079629e-10  2.36942413e+00  1.75908966e+00 
 8.51079629e-10  2.37420299e+00  1.75739598e+00 
 8.51835795e-10  2.37483001e+00  1.75502990e+00 
 8.52471584e-10  2.37235326e+00  1.75159020e+00 
 8.53217769e-10  2.36595622e+00  1.74658043e+00 
 8.54025352e-10  2.35618271e+00  1.74233643e+00 
 8.55025352e-10  2.34239042e+00  1.74118133e+00 
 8.56025352e-10  2.32910216e+00  1.74415678e+00 
 8.57025352e-10  2.31915993e+00  1.74923544e+00 
 8.58025352e-10  2.31478461e+00  1.75427319e+00 
 8.59025352e-10  2.31633658e+00  1.75807008e+00 
 8.60025352e-10  2.32269480e+00  1.76037845e+00 
 8.61025352e-10  2.33212683e+00  1.76138038e+00 
 8.62025352e-10  2.34293086e+00  1.76137573e+00 
 8.63025352e-10  2.35368844e+00  1.76066113e+00 
 8.64025352e-10  2.36324834e+00  1.75948214e+00 
 8.65025352e-10  2.37080667e+00  1.75803568e+00 
 8.66025352e-10  2.37563926e+00  1.75628443e+00 
 8.66770623e-10  2.37628256e+00  1.75389530e+00 
 8.67407244e-10  2.37382206e+00  1.75040809e+00 
 8.68143687e-10  2.36754122e+00  1.74543667e+00 
 8.68954572e-10  2.35777087e+00  1.74118343e+00 
 8.69954572e-10  2.34401207e+00  1.74008388e+00 
 8.70954572e-10  2.33073257e+00  1.74313247e+00 
 8.71954572e-10  2.32076028e+00  1.74828521e+00 
 8.72954572e-10  2.31631977e+00  1.75338969e+00 
 8.73954572e-10  2.31778427e+00  1.75723888e+00 
 8.74954572e-10  2.32404378e+00  1.75958484e+00 
 8.75954572e-10  2.33337129e+00  1.76061442e+00 
 8.76954572e-10  2.34406623e+00  1.76063340e+00 
 8.77954572e-10  2.35470953e+00  1.75994329e+00 
 8.78954572e-10  2.36414910e+00  1.75879226e+00 
 8.79954572e-10  2.37158149e+00  1.75737753e+00 
 8.80954572e-10  2.37628351e+00  1.75565781e+00 
 8.81703488e-10  2.37681632e+00  1.75326809e+00 
 8.82343446e-10  2.37423210e+00  1.74976497e+00 
 8.83081592e-10  2.36781873e+00  1.74480215e+00 
 8.83902171e-10  2.35782501e+00  1.74056540e+00 
 8.84902171e-10  2.34398551e+00  1.73955628e+00 
 8.85902171e-10  2.33071664e+00  1.74263913e+00 
 8.86902171e-10  2.32088550e+00  1.74775773e+00 
 8.87902171e-10  2.31667104e+00  1.75277745e+00 
 8.88902171e-10  2.31837765e+00  1.75653202e+00 
 8.89902171e-10  2.32485001e+00  1.75879496e+00 
 8.90902171e-10  2.33434737e+00  1.75975623e+00 
 8.91902171e-10  2.34517315e+00  1.75971740e+00 
 8.92902171e-10  2.35591778e+00  1.75897494e+00 
 8.93902171e-10  2.36543877e+00  1.75777408e+00 
 8.94902171e-10  2.37294027e+00  1.75631095e+00 
 8.95902171e-10  2.37768648e+00  1.75453179e+00 
 8.96639997e-10  2.37822646e+00  1.75211697e+00 
 8.97281337e-10  2.37564617e+00  1.74855988e+00 
 8.98009141e-10  2.36934585e+00  1.74364019e+00 
 8.98834822e-10  2.35932744e+00  1.73939492e+00 
 8.99834822e-10  2.34551853e+00  1.73845802e+00 
 9.00834822e-10  2.33226415e+00  1.74162446e+00 
 9.01834822e-10  2.32241889e+00  1.74681955e+00 
 9.02834822e-10  2.31816049e+00  1.75190241e+00 
 9.03834822e-10  2.31979972e+00  1.75570375e+00 
 9.04834822e-10  2.32618838e+00  1.75799927e+00 
 9.05834822e-10  2.33559012e+00  1.75898442e+00 
 9.06834822e-10  2.34631025e+00  1.75896671e+00 
 9.07834822e-10  2.35693953e+00  1.75824725e+00 
 9.08834822e-10  2.36633566e+00  1.75707364e+00 
 9.09834822e-10  2.37370428e+00  1.75564197e+00 
 9.10834822e-10  2.37830880e+00  1.75389185e+00 
 9.11575016e-10  2.37872369e+00  1.75147206e+00 
 9.12220681e-10  2.37600374e+00  1.74789065e+00 
 9.12949232e-10  2.36957242e+00  1.74298915e+00 
 9.13787388e-10  2.35928878e+00  1.73876354e+00 
 9.14787388e-10  2.34539870e+00  1.73793854e+00 
 9.15787388e-10  2.33216744e+00  1.74115064e+00 
 9.16787388e-10  2.32248873e+00  1.74631202e+00 
 9.17787388e-10  2.31848460e+00  1.75130432e+00 
 9.18787388e-10  2.32038908e+00  1.75500430e+00 
 9.19787388e-10  2.32700527e+00  1.75721099e+00 
 9.20787388e-10  2.33658317e+00  1.75812336e+00 
 9.21787388e-10  2.34743339e+00  1.75804471e+00 
 9.22787388e-10  2.35815764e+00  1.75727092e+00 
 9.23787388e-10  2.36762454e+00  1.75604653e+00 
 9.24787388e-10  2.37504858e+00  1.75456618e+00 
 9.25787388e-10  2.37967646e+00  1.75275206e+00 
 9.26515427e-10  2.38007750e+00  1.75030284e+00 
 9.27160434e-10  2.37735583e+00  1.74667346e+00 
 9.27879360e-10  2.37102244e+00  1.74181155e+00 
 9.28724210e-10  2.36068610e+00  1.73758308e+00 
 9.29724210e-10  2.34682354e+00  1.73685052e+00 
 9.30724210e-10  2.33361494e+00  1.74015880e+00 
 9.31724210e-10  2.32394305e+00  1.74539940e+00 
 9.32724210e-10  2.31992197e+00  1.75045031e+00 
 9.33724210e-10  2.32178414e+00  1.75419030e+00 
 9.34724210e-10  2.32833509e+00  1.75642340e+00 
 9.35724210e-10  2.33782826e+00  1.75735497e+00 
 9.36724210e-10  2.34857689e+00  1.75729423e+00 
 9.37724210e-10  2.35918437e+00  1.75654146e+00 
 9.38724210e-10  2.36852077e+00  1.75534327e+00 
 9.39724210e-10  2.37580335e+00  1.75389385e+00 
 9.40724210e-10  2.38027530e+00  1.75210499e+00 
 9.41453263e-10  2.38053949e+00  1.74964992e+00 
 9.42101123e-10  2.37767287e+00  1.74599838e+00 
 9.42820429e-10  2.37120614e+00  1.74115374e+00 
 9.43678659e-10  2.36058560e+00  1.73694792e+00 
 9.44678659e-10  2.34664335e+00  1.73633503e+00 
 9.45678659e-10  2.33346744e+00  1.73969307e+00 
 9.46678659e-10  2.32397660e+00  1.74489930e+00 
 9.47678659e-10  2.32022258e+00  1.74985712e+00 
 9.48678659e-10  2.32235831e+00  1.75349338e+00 
 9.49678659e-10  2.32914052e+00  1.75563561e+00 
 9.50678659e-10  2.33880999e+00  1.75649268e+00 
 9.51678659e-10  2.34968625e+00  1.75636959e+00 
 9.52678659e-10  2.36038434e+00  1.75556151e+00 
 9.53678659e-10  2.36978585e+00  1.75431201e+00 
 9.54678659e-10  2.37711727e+00  1.75281368e+00 
 9.55678659e-10  2.38160145e+00  1.75095743e+00 
 9.56395750e-10  2.38184254e+00  1.74846948e+00 
 9.57043359e-10  2.37896108e+00  1.74476471e+00 
 9.57752666e-10  2.37258744e+00  1.73996459e+00 
 9.58620232e-10  2.36187384e+00  1.73575967e+00 
 9.59620232e-10  2.34795678e+00  1.73526157e+00 
 9.60620232e-10  2.33481332e+00  1.73872830e+00 
 9.61620232e-10  2.32535244e+00  1.74401513e+00 
 9.62620232e-10  2.32161022e+00  1.74902563e+00 
 9.63620232e-10  2.32372964e+00  1.75269410e+00 
 9.64620232e-10  2.33046528e+00  1.75485592e+00 
 9.65620232e-10  2.34006046e+00  1.75572714e+00 
 9.66620232e-10  2.35083830e+00  1.75561864e+00 
 9.67620232e-10  2.36141689e+00  1.75482963e+00 
 9.68620232e-10  2.37068070e+00  1.75360543e+00 
 9.69620232e-10  2.37786033e+00  1.75213764e+00 
 9.70620232e-10  2.38217108e+00  1.75030170e+00 
 9.71337012e-10  2.38225879e+00  1.74780353e+00 
 9.71988795e-10  2.37920663e+00  1.74406228e+00 
 9.72696610e-10  2.37270391e+00  1.73929290e+00 
 9.73582021e-10  2.36163681e+00  1.73511503e+00 
 9.74582021e-10  2.34764131e+00  1.73476769e+00 
 9.75582021e-10  2.33455317e+00  1.73830022e+00 
 9.76582021e-10  2.32531456e+00  1.74355229e+00 
 9.77582021e-10  2.32188340e+00  1.74846060e+00 
 9.78582021e-10  2.32431174e+00  1.75201504e+00 
 9.79582021e-10  2.33130088e+00  1.75407710e+00 
 9.80582021e-10  2.34108205e+00  1.75486690e+00 
 9.81582021e-10  2.35198675e+00  1.75469106e+00 
 9.82582021e-10  2.36264696e+00  1.75384352e+00 
 9.83582021e-10  2.37196067e+00  1.75256630e+00 
 9.84582021e-10  2.37916949e+00  1.75104880e+00 
 9.85582021e-10  2.38345979e+00  1.74913626e+00 
 9.86285670e-10  2.38349414e+00  1.74659704e+00 
 9.86940478e-10  2.38037394e+00  1.74277185e+00 
 9.87634950e-10  2.37396565e+00  1.73807318e+00 
 9.88538693e-10  2.36266981e+00  1.73390335e+00 
 9.89538693e-10  2.34869491e+00  1.73373938e+00 
 9.90538693e-10  2.33567385e+00  1.73741902e+00 
 9.91538693e-10  2.32654079e+00  1.74275564e+00 
 9.92538693e-10  2.32321179e+00  1.74769844e+00 
 9.93538693e-10  2.32570324e+00  1.75126143e+00 
 9.94538693e-10  2.33270100e+00  1.75332211e+00 
 9.95538693e-10  2.34243703e+00  1.75411008e+00 
 9.96538693e-10  2.35324972e+00  1.75393774e+00 
 9.97538693e-10  2.36377854e+00  1.75310230e+00 
 9.98538693e-10  2.37292880e+00  1.75184667e+00 
 9.99269347e-10  2.37833127e+00  1.75077753e+00 
 1.00000000e-09  2.38234309e+00  1.74961937e+00 
