 time            v(detp)         v(detn)        
 0.00000000e+00  3.05197449e+00  3.03050386e+00 
 1.00000000e-14  3.05197449e+00  3.03050386e+00 
 2.00000000e-14  3.05197449e+00  3.03050386e+00 
 4.00000000e-14  3.05197449e+00  3.03050386e+00 
 8.00000000e-14  3.05197449e+00  3.03050386e+00 
 1.60000000e-13  3.05197449e+00  3.03050386e+00 
 3.20000000e-13  3.05197449e+00  3.03050374e+00 
 6.40000000e-13  3.05197443e+00  3.03050087e+00 
 1.28000000e-12  3.05197243e+00  3.03044949e+00 
 2.28000000e-12  3.05194479e+00  3.03003124e+00 
 3.28000000e-12  3.05184077e+00  3.02886441e+00 
 4.28000000e-12  3.05159232e+00  3.02665713e+00 
 5.28000000e-12  3.05113042e+00  3.02337147e+00 
 6.28000000e-12  3.05041121e+00  3.01930323e+00 
 7.28000000e-12  3.04943350e+00  3.01497230e+00 
 8.28000000e-12  3.04823961e+00  3.01092170e+00 
 9.28000000e-12  3.04690261e+00  3.00756475e+00 
 1.02800000e-11  3.04550657e+00  3.00508738e+00 
 1.12800000e-11  3.04412997e+00  3.00348865e+00 
 1.22800000e-11  3.04283508e+00  3.00263735e+00 
 1.32800000e-11  3.04166365e+00  3.00234134e+00 
 1.42800000e-11  3.04063720e+00  3.00240296e+00 
 1.52800000e-11  3.03975969e+00  3.00264173e+00 
 1.62800000e-11  3.03901922e+00  3.00287477e+00 
 1.72800000e-11  3.03838707e+00  3.00287581e+00 
 1.82800000e-11  3.03781475e+00  3.00234803e+00 
 1.92800000e-11  3.03723494e+00  3.00099261e+00 
 2.02800000e-11  3.03657361e+00  2.99867113e+00 
 2.12800000e-11  3.03577178e+00  2.99553951e+00 
 2.22800000e-11  3.03480534e+00  2.99201529e+00 
 2.32800000e-11  3.03369127e+00  2.98860529e+00 
 2.42800000e-11  3.03247893e+00  2.98572521e+00 
 2.52800000e-11  3.03123328e+00  2.98360193e+00 
 2.62800000e-11  3.03001852e+00  2.98227273e+00 
 2.72800000e-11  3.02888664e+00  2.98162645e+00 
 2.82800000e-11  3.02787240e+00  2.98148853e+00 
 2.92800000e-11  3.02699325e+00  2.98167664e+00 
 3.02800000e-11  3.02625129e+00  2.98202041e+00 
 3.12800000e-11  3.02563438e+00  2.98234363e+00 
 3.22800000e-11  3.02511464e+00  2.98242380e+00 
 3.32800000e-11  3.02464527e+00  2.98196815e+00 
 3.42800000e-11  3.02416171e+00  2.98068739e+00 
 3.52800000e-11  3.02359381e+00  2.97845765e+00 
 3.62800000e-11  3.02288715e+00  2.97544726e+00 
 3.72800000e-11  3.02202156e+00  2.97207630e+00 
 3.82800000e-11  3.02101623e+00  2.96884330e+00 
 3.92800000e-11  3.01992028e+00  2.96614940e+00 
 4.02800000e-11  3.01879626e+00  2.96420648e+00 
 4.12800000e-11  3.01770453e+00  2.96303635e+00 
 4.22800000e-11  3.01669299e+00  2.96252702e+00 
 4.32800000e-11  3.01579311e+00  2.96250508e+00 
 4.42800000e-11  3.01502018e+00  2.96279068e+00 
 4.52800000e-11  3.01437521e+00  2.96321435e+00 
 4.62800000e-11  3.01384560e+00  2.96359797e+00 
 4.72800000e-11  3.01340338e+00  2.96371359e+00 
 4.82800000e-11  3.01300190e+00  2.96326366e+00 
 4.92800000e-11  3.01257777e+00  2.96196580e+00 
 5.02800000e-11  3.01206377e+00  2.95971855e+00 
 5.12800000e-11  3.01141015e+00  2.95671712e+00 
 5.22800000e-11  3.01060181e+00  2.95339731e+00 
 5.32800000e-11  3.00966147e+00  2.95025624e+00 
 5.42800000e-11  3.00863924e+00  2.94768150e+00 
 5.52800000e-11  3.00759605e+00  2.94586790e+00 
 5.62800000e-11  3.00658895e+00  2.94482312e+00 
 5.72800000e-11  3.00566208e+00  2.94442703e+00 
 5.82800000e-11  3.00484363e+00  2.94450464e+00 
 5.92800000e-11  3.00414666e+00  2.94487548e+00 
 6.02800000e-11  3.00357097e+00  2.94537182e+00 
 6.12800000e-11  3.00310373e+00  2.94581572e+00 
 6.22800000e-11  3.00271735e+00  2.94597793e+00 
 6.32800000e-11  3.00236638e+00  2.94556184e+00 
 6.42800000e-11  3.00198981e+00  2.94429488e+00 
 6.52800000e-11  3.00152432e+00  2.94209376e+00 
 6.62800000e-11  3.00092489e+00  2.93917029e+00 
 6.72800000e-11  3.00018050e+00  2.93596542e+00 
 6.82800000e-11  2.99931587e+00  2.93296841e+00 
 6.92800000e-11  2.99838034e+00  2.93055153e+00 
 7.02800000e-11  2.99743180e+00  2.92889360e+00 
 7.12800000e-11  2.99652289e+00  2.92799047e+00 
 7.22800000e-11  2.99569329e+00  2.92771619e+00 
 7.32800000e-11  2.99496742e+00  2.92789514e+00 
 7.42800000e-11  2.99435582e+00  2.92834887e+00 
 7.52800000e-11  2.99385692e+00  2.92891069e+00 
 7.62800000e-11  2.99345727e+00  2.92940009e+00 
 7.72800000e-11  2.99312912e+00  2.92958019e+00 
 7.82800000e-11  2.99282747e+00  2.92915285e+00 
 7.92800000e-11  2.99249308e+00  2.92785418e+00 
 8.02800000e-11  2.99206629e+00  2.92562456e+00 
 8.12800000e-11  2.99150723e+00  2.92270200e+00 
 8.22800000e-11  2.99080987e+00  2.91954100e+00 
 8.32800000e-11  2.99000196e+00  2.91662749e+00 
 8.42800000e-11  2.98913299e+00  2.91431942e+00 
 8.52800000e-11  2.98825845e+00  2.91277879e+00 
 8.62800000e-11  2.98742712e+00  2.91198817e+00 
 8.72800000e-11  2.98667451e+00  2.91181428e+00 
 8.82800000e-11  2.98602162e+00  2.91207945e+00 
 8.92800000e-11  2.98547665e+00  2.91260627e+00 
 9.02800000e-11  2.98503688e+00  2.91322921e+00 
 9.12800000e-11  2.98468867e+00  2.91376725e+00 
 9.22800000e-11  2.98440485e+00  2.91398181e+00 
 9.32800000e-11  2.98414196e+00  2.91357662e+00 
 9.42800000e-11  2.98384364e+00  2.91229886e+00 
 9.52800000e-11  2.98345461e+00  2.91010745e+00 
 9.62800000e-11  2.98293991e+00  2.90725584e+00 
 9.72800000e-11  2.98229739e+00  2.90420190e+00 
 9.82800000e-11  2.98155627e+00  2.90142257e+00 
 9.92800000e-11  2.98076484e+00  2.89926035e+00 
 1.00280000e-10  2.97997517e+00  2.89786188e+00 
 1.01280000e-10  2.97923164e+00  2.89719886e+00 
 1.02280000e-10  2.97856539e+00  2.89713309e+00 
 1.03280000e-10  2.97799386e+00  2.89748675e+00 
 1.04280000e-10  2.97752283e+00  2.89808436e+00 
 1.05280000e-10  2.97714825e+00  2.89876090e+00 
 1.06280000e-10  2.97685592e+00  2.89933199e+00 
 1.07280000e-10  2.97661860e+00  2.89955243e+00 
 1.08280000e-10  2.97639353e+00  2.89912332e+00 
 1.09280000e-10  2.97612654e+00  2.89780313e+00 
 1.10280000e-10  2.97576647e+00  2.89557603e+00 
 1.11280000e-10  2.97528379e+00  2.89272064e+00 
 1.12280000e-10  2.97468119e+00  2.88970599e+00 
 1.13280000e-10  2.97399057e+00  2.88700385e+00 
 1.14280000e-10  2.97325993e+00  2.88494184e+00 
 1.15280000e-10  2.97253868e+00  2.88365025e+00 
 1.16280000e-10  2.97186719e+00  2.88308843e+00 
 1.17280000e-10  2.97127243e+00  2.88311175e+00 
 1.18280000e-10  2.97076834e+00  2.88354087e+00 
 1.19280000e-10  2.97035832e+00  2.88420136e+00 
 1.20280000e-10  2.97003705e+00  2.88492901e+00 
 1.21280000e-10  2.96979001e+00  2.88553849e+00 
 1.22280000e-10  2.96959056e+00  2.88578278e+00 
 1.23280000e-10  2.96939768e+00  2.88536573e+00 
 1.24280000e-10  2.96916050e+00  2.88405817e+00 
 1.25280000e-10  2.96883270e+00  2.88186304e+00 
 1.26280000e-10  2.96838989e+00  2.87907318e+00 
 1.27280000e-10  2.96783865e+00  2.87615927e+00 
 1.28280000e-10  2.96721211e+00  2.87358306e+00 
 1.29280000e-10  2.96655675e+00  2.87165662e+00 
 1.30280000e-10  2.96591841e+00  2.87049555e+00 
 1.31280000e-10  2.96533287e+00  2.87004929e+00 
 1.32280000e-10  2.96482268e+00  2.87016906e+00 
 1.33280000e-10  2.96439818e+00  2.87067580e+00 
 1.34280000e-10  2.96406028e+00  2.87139685e+00 
 1.35280000e-10  2.96380219e+00  2.87216789e+00 
 1.36280000e-10  2.96360872e+00  2.87279952e+00 
 1.37280000e-10  2.96345322e+00  2.87303792e+00 
 1.38280000e-10  2.96329567e+00  2.87258568e+00 
 1.39280000e-10  2.96308795e+00  2.87122724e+00 
 1.40280000e-10  2.96278854e+00  2.86899165e+00 
 1.41280000e-10  2.96237876e+00  2.86619539e+00 
 1.42280000e-10  2.96186989e+00  2.86331780e+00 
 1.43280000e-10  2.96129722e+00  2.86081364e+00 
 1.44280000e-10  2.96070646e+00  2.85897961e+00 
 1.45280000e-10  2.96014033e+00  2.85791547e+00 
 1.46280000e-10  2.95963048e+00  2.85755924e+00 
 1.47280000e-10  2.95919527e+00  2.85775665e+00 
 1.48280000e-10  2.95884161e+00  2.85832765e+00 
 1.49280000e-10  2.95856801e+00  2.85910074e+00 
 1.50280000e-10  2.95836636e+00  2.85991215e+00 
 1.51280000e-10  2.95822106e+00  2.86057109e+00 
 1.52280000e-10  2.95810600e+00  2.86082203e+00 
 1.53280000e-10  2.95798304e+00  2.86037121e+00 
 1.54280000e-10  2.95780769e+00  2.85901653e+00 
 1.55280000e-10  2.95754351e+00  2.85680563e+00 
 1.56280000e-10  2.95717710e+00  2.85406741e+00 
 1.57280000e-10  2.95672346e+00  2.85128082e+00 
 1.58280000e-10  2.95621890e+00  2.84888934e+00 
 1.59280000e-10  2.95570745e+00  2.84717410e+00 
 1.60280000e-10  2.95522825e+00  2.84622100e+00 
 1.61280000e-10  2.95480851e+00  2.84595939e+00 
 1.62280000e-10  2.95446230e+00  2.84623213e+00 
 1.63280000e-10  2.95419302e+00  2.84686024e+00 
 1.64280000e-10  2.95399664e+00  2.84767425e+00 
 1.65280000e-10  2.95386339e+00  2.84850992e+00 
 1.66280000e-10  2.95377677e+00  2.84917184e+00 
 1.67280000e-10  2.95371044e+00  2.84939760e+00 
 1.68280000e-10  2.95362720e+00  2.84889350e+00 
 1.69280000e-10  2.95348547e+00  2.84747261e+00 
 1.70280000e-10  2.95325371e+00  2.84520840e+00 
 1.71280000e-10  2.95292418e+00  2.84245079e+00 
 1.72280000e-10  2.95251626e+00  2.83968437e+00 
 1.73280000e-10  2.95206801e+00  2.83734400e+00 
 1.74280000e-10  2.95162224e+00  2.83569573e+00 
 1.75280000e-10  2.95121472e+00  2.83481129e+00 
 1.76280000e-10  2.95086833e+00  2.83461081e+00 
 1.77280000e-10  2.95059294e+00  2.83493354e+00 
 1.78280000e-10  2.95038865e+00  2.83560073e+00 
 1.79280000e-10  2.95024917e+00  2.83644435e+00 
 1.80280000e-10  2.95016353e+00  2.83730034e+00 
 1.81280000e-10  2.95011493e+00  2.83797128e+00 
 1.82280000e-10  2.95007751e+00  2.83819271e+00 
 1.83280000e-10  2.95001569e+00  2.83767503e+00 
 1.84280000e-10  2.94989096e+00  2.83624514e+00 
 1.85280000e-10  2.94967606e+00  2.83399401e+00 
 1.86280000e-10  2.94936754e+00  2.83128194e+00 
 1.87280000e-10  2.94898758e+00  2.82859147e+00 
 1.88280000e-10  2.94857469e+00  2.82634613e+00 
 1.89280000e-10  2.94816989e+00  2.82479763e+00 
 1.90280000e-10  2.94780578e+00  2.82400568e+00 
 1.91280000e-10  2.94750172e+00  2.82388343e+00 
 1.92280000e-10  2.94726457e+00  2.82426822e+00 
 1.93280000e-10  2.94709223e+00  2.82498195e+00 
 1.94280000e-10  2.94697723e+00  2.82585851e+00 
 1.95280000e-10  2.94690817e+00  2.82673220e+00 
 1.96280000e-10  2.94686791e+00  2.82739971e+00 
 1.97280000e-10  2.94683045e+00  2.82758947e+00 
 1.98280000e-10  2.94676067e+00  2.82701348e+00 
 1.99280000e-10  2.94662194e+00  2.82551586e+00 
 2.00280000e-10  2.94639047e+00  2.82321370e+00 
 2.01280000e-10  2.94606683e+00  2.82048674e+00 
 2.02280000e-10  2.94567634e+00  2.81782137e+00 
 2.03280000e-10  2.94525865e+00  2.81563167e+00 
 2.04280000e-10  2.94485399e+00  2.81415433e+00 
 2.05280000e-10  2.94449290e+00  2.81343532e+00 
 2.06280000e-10  2.94419229e+00  2.81337887e+00 
 2.07280000e-10  2.94395684e+00  2.81381866e+00 
 2.08280000e-10  2.94378303e+00  2.81457690e+00 
 2.09280000e-10  2.94366247e+00  2.81548772e+00 
 2.10280000e-10  2.94358306e+00  2.81638495e+00 
 2.11280000e-10  2.94352768e+00  2.81706306e+00 
 2.12280000e-10  2.94347044e+00  2.81724898e+00 
 2.13280000e-10  2.94337698e+00  2.81666052e+00 
 2.14280000e-10  2.94321254e+00  2.81515726e+00 
 2.15280000e-10  2.94295614e+00  2.81287405e+00 
 2.16280000e-10  2.94261132e+00  2.81019985e+00 
 2.17280000e-10  2.94220525e+00  2.80761766e+00 
 2.18280000e-10  2.94177791e+00  2.80552927e+00 
 2.19280000e-10  2.94136839e+00  2.80415662e+00 
 2.20280000e-10  2.94100525e+00  2.80353366e+00 
 2.21280000e-10  2.94070327e+00  2.80355780e+00 
 2.22280000e-10  2.94046531e+00  2.80406103e+00 
 2.23280000e-10  2.94028659e+00  2.80486674e+00 
 2.24280000e-10  2.94015775e+00  2.80581005e+00 
 2.25280000e-10  2.94006625e+00  2.80672274e+00 
 2.26280000e-10  2.93999435e+00  2.80739329e+00 
 2.27280000e-10  2.93991551e+00  2.80754231e+00 
 2.28280000e-10  2.93979535e+00  2.80689161e+00 
 2.29280000e-10  2.93960048e+00  2.80532038e+00 
 2.30280000e-10  2.93931280e+00  2.80298977e+00 
 2.31280000e-10  2.93893920e+00  2.80030630e+00 
 2.32280000e-10  2.93850936e+00  2.79775450e+00 
 2.33280000e-10  2.93806409e+00  2.79572522e+00 
 2.34280000e-10  2.93764175e+00  2.79442498e+00 
 2.35280000e-10  2.93726918e+00  2.79387427e+00 
 2.36280000e-10  2.93695920e+00  2.79396222e+00 
 2.37280000e-10  2.93671296e+00  2.79451777e+00 
 2.38280000e-10  2.93652430e+00  2.79536418e+00 
 2.39280000e-10  2.93638327e+00  2.79633794e+00 
 2.40280000e-10  2.93627686e+00  2.79727004e+00 
 2.41280000e-10  2.93618695e+00  2.79794654e+00 
 2.42280000e-10  2.93608694e+00  2.79808712e+00 
 2.43280000e-10  2.93594306e+00  2.79742090e+00 
 2.44280000e-10  2.93572365e+00  2.79584358e+00 
 2.45280000e-10  2.93541320e+00  2.79353351e+00 
 2.46280000e-10  2.93502109e+00  2.79090472e+00 
 2.47280000e-10  2.93457847e+00  2.78843672e+00 
 2.48280000e-10  2.93412613e+00  2.78650732e+00 
 2.49280000e-10  2.93370119e+00  2.78530839e+00 
 2.50280000e-10  2.93332868e+00  2.78484900e+00 
 2.51280000e-10  2.93301951e+00  2.78501226e+00 
 2.52280000e-10  2.93277330e+00  2.78562601e+00 
 2.53280000e-10  2.93258285e+00  2.78651490e+00 
 2.54280000e-10  2.93243750e+00  2.78751617e+00 
 2.55280000e-10  2.93232365e+00  2.78845810e+00 
 2.56280000e-10  2.93222250e+00  2.78912044e+00 
 2.57280000e-10  2.93210682e+00  2.78921731e+00 
 2.58280000e-10  2.93194293e+00  2.78848409e+00 
 2.59280000e-10  2.93170068e+00  2.78683788e+00 
 2.60280000e-10  2.93136744e+00  2.78448287e+00 
 2.61280000e-10  2.93095566e+00  2.78184840e+00 
 2.62280000e-10  2.93049855e+00  2.77941325e+00 
 2.63280000e-10  2.93003733e+00  2.77754316e+00 
 2.64280000e-10  2.92960818e+00  2.77641457e+00 
 2.65280000e-10  2.92923436e+00  2.77602378e+00 
 2.66280000e-10  2.92892497e+00  2.77624648e+00 
 2.67280000e-10  2.92867814e+00  2.77690812e+00 
 2.68280000e-10  2.92848564e+00  2.77783386e+00 
 2.69280000e-10  2.92833615e+00  2.77886161e+00 
 2.70280000e-10  2.92821565e+00  2.77981861e+00 
 2.71280000e-10  2.92810505e+00  2.78048219e+00 
 2.72280000e-10  2.92797709e+00  2.78056619e+00 
 2.73280000e-10  2.92779880e+00  2.77981475e+00 
 2.74280000e-10  2.92754185e+00  2.77816231e+00 
 2.75280000e-10  2.92719609e+00  2.77582935e+00 
 2.76280000e-10  2.92677623e+00  2.77325092e+00 
 2.77280000e-10  2.92631653e+00  2.77089935e+00 
 2.78280000e-10  2.92585789e+00  2.76912678e+00 
 2.79280000e-10  2.92543510e+00  2.76809527e+00 
 2.80280000e-10  2.92506962e+00  2.76779049e+00 
 2.81280000e-10  2.92476883e+00  2.76808293e+00 
 2.82280000e-10  2.92452955e+00  2.76879748e+00 
 2.83280000e-10  2.92434269e+00  2.76976084e+00 
 2.84280000e-10  2.92419636e+00  2.77081126e+00 
 2.85280000e-10  2.92407602e+00  2.77177265e+00 
 2.86280000e-10  2.92396181e+00  2.77241411e+00 
 2.87280000e-10  2.92382604e+00  2.77244770e+00 
 2.88280000e-10  2.92363604e+00  2.77162561e+00 
 2.89280000e-10  2.92336519e+00  2.76990473e+00 
 2.90280000e-10  2.92300619e+00  2.76753033e+00 
 2.91280000e-10  2.92257655e+00  2.76495032e+00 
 2.92280000e-10  2.92211219e+00  2.76263416e+00 
 2.93280000e-10  2.92165407e+00  2.76092101e+00 
 2.94280000e-10  2.92123580e+00  2.75995772e+00 
 2.95280000e-10  2.92087711e+00  2.75971797e+00 
 2.96280000e-10  2.92058370e+00  2.76006569e+00 
 2.97280000e-10  2.92035106e+00  2.76082403e+00 
 2.98280000e-10  2.92016927e+00  2.76182036e+00 
 2.99280000e-10  2.92002594e+00  2.76289347e+00 
 3.00280000e-10  2.91990615e+00  2.76386587e+00 
 3.01280000e-10  2.91978980e+00  2.76450400e+00 
 3.02280000e-10  2.91964925e+00  2.76452083e+00 
 3.03280000e-10  2.91945266e+00  2.76367866e+00 
 3.04280000e-10  2.91917529e+00  2.76195221e+00 
 3.05280000e-10  2.91881225e+00  2.75960197e+00 
 3.06280000e-10  2.91838298e+00  2.75707969e+00 
 3.07280000e-10  2.91792414e+00  2.75484701e+00 
 3.08280000e-10  2.91747608e+00  2.75322910e+00 
 3.09280000e-10  2.91707096e+00  2.75235885e+00 
 3.10280000e-10  2.91672673e+00  2.75220008e+00 
 3.11280000e-10  2.91644754e+00  2.75261235e+00 
 3.12280000e-10  2.91622779e+00  2.75341875e+00 
 3.13280000e-10  2.91605686e+00  2.75444821e+00 
 3.14280000e-10  2.91592190e+00  2.75553945e+00 
 3.15280000e-10  2.91580754e+00  2.75651099e+00 
 3.16280000e-10  2.91569303e+00  2.75712234e+00 
 3.17280000e-10  2.91555029e+00  2.75708350e+00 
 3.18280000e-10  2.91534794e+00  2.75616758e+00 
 3.19280000e-10  2.91506311e+00  2.75437334e+00 
 3.20280000e-10  2.91469373e+00  2.75198502e+00 
 3.21280000e-10  2.91426179e+00  2.74946487e+00 
 3.22280000e-10  2.91380522e+00  2.74726974e+00 
 3.23280000e-10  2.91336415e+00  2.74571108e+00 
 3.24280000e-10  2.91296941e+00  2.74490681e+00 
 3.25280000e-10  2.91263726e+00  2.74480957e+00 
 3.26280000e-10  2.91237028e+00  2.74527320e+00 
 3.27280000e-10  2.91216176e+00  2.74611957e+00 
 3.28280000e-10  2.91200039e+00  2.74717843e+00 
 3.29280000e-10  2.91187292e+00  2.74828878e+00 
 3.30280000e-10  2.91176368e+00  2.74926740e+00 
 3.31280000e-10  2.91165172e+00  2.74987122e+00 
 3.32280000e-10  2.91150905e+00  2.74981212e+00 
 3.33280000e-10  2.91130527e+00  2.74887478e+00 
 3.34280000e-10  2.91101941e+00  2.74707612e+00 
 3.35280000e-10  2.91065168e+00  2.74471431e+00 
 3.36280000e-10  2.91022575e+00  2.74225364e+00 
 3.37280000e-10  2.90977994e+00  2.74014187e+00 
 3.38280000e-10  2.90935361e+00  2.73867620e+00 
 3.39280000e-10  2.90897604e+00  2.73796106e+00 
 3.40280000e-10  2.90866183e+00  2.73794003e+00 
 3.41280000e-10  2.90841217e+00  2.73846335e+00 
 3.42280000e-10  2.90821940e+00  2.73935330e+00 
 3.43280000e-10  2.90807170e+00  2.74044108e+00 
 3.44280000e-10  2.90795545e+00  2.74156518e+00 
 3.45280000e-10  2.90785453e+00  2.74253777e+00 
 3.46280000e-10  2.90774739e+00  2.74310881e+00 
 3.47280000e-10  2.90760570e+00  2.74298879e+00 
 3.48280000e-10  2.90739970e+00  2.74197544e+00 
 3.49280000e-10  2.90711042e+00  2.74011062e+00 
 3.50280000e-10  2.90674080e+00  2.73771481e+00 
 3.51280000e-10  2.90631679e+00  2.73526031e+00 
 3.52280000e-10  2.90587765e+00  2.73318832e+00 
 3.53280000e-10  2.90546225e+00  2.73178176e+00 
 3.54280000e-10  2.90509847e+00  2.73113046e+00 
 3.55280000e-10  2.90479925e+00  2.73116765e+00 
 3.56280000e-10  2.90456437e+00  2.73173867e+00 
 3.57280000e-10  2.90438524e+00  2.73266503e+00 
 3.58280000e-10  2.90424945e+00  2.73377887e+00 
 3.59280000e-10  2.90414308e+00  2.73491865e+00 
 3.60280000e-10  2.90404975e+00  2.73589449e+00 
 3.61280000e-10  2.90394775e+00  2.73645397e+00 
 3.62280000e-10  2.90380894e+00  2.73631056e+00 
 3.63280000e-10  2.90360459e+00  2.73527499e+00 
 3.64280000e-10  2.90331769e+00  2.73340738e+00 
 3.65280000e-10  2.90295329e+00  2.73104068e+00 
 3.66280000e-10  2.90253874e+00  2.72864744e+00 
 3.67280000e-10  2.90211347e+00  2.72665866e+00 
 3.68280000e-10  2.90171536e+00  2.72534285e+00 
 3.69280000e-10  2.90137076e+00  2.72477686e+00 
 3.70280000e-10  2.90109104e+00  2.72488572e+00 
 3.71280000e-10  2.90087474e+00  2.72551187e+00 
 3.72280000e-10  2.90071249e+00  2.72647760e+00 
 3.73280000e-10  2.90059148e+00  2.72761639e+00 
 3.74280000e-10  2.90049748e+00  2.72876564e+00 
 3.75280000e-10  2.90041369e+00  2.72973030e+00 
 3.76280000e-10  2.90031783e+00  2.73025117e+00 
 3.77280000e-10  2.90018152e+00  2.73004203e+00 
 3.78280000e-10  2.89997685e+00  2.72892892e+00 
 3.79280000e-10  2.89968889e+00  2.72699743e+00 
 3.80280000e-10  2.89932534e+00  2.72460110e+00 
 3.81280000e-10  2.89891554e+00  2.72221808e+00 
 3.82280000e-10  2.89849955e+00  2.72027119e+00 
 3.83280000e-10  2.89811456e+00  2.71901422e+00 
 3.84280000e-10  2.89778546e+00  2.71850993e+00 
 3.85280000e-10  2.89752203e+00  2.71867383e+00 
 3.86280000e-10  2.89732156e+00  2.71934421e+00 
 3.87280000e-10  2.89717385e+00  2.72034303e+00 
 3.88280000e-10  2.89706568e+00  2.72150470e+00 
 3.89280000e-10  2.89698255e+00  2.72266633e+00 
 3.90280000e-10  2.89690745e+00  2.72363048e+00 
 3.91280000e-10  2.89681793e+00  2.72413589e+00 
 3.92280000e-10  2.89668591e+00  2.72390064e+00 
 3.93280000e-10  2.89648460e+00  2.72276505e+00 
 3.94280000e-10  2.89620100e+00  2.72083279e+00 
 3.95280000e-10  2.89584480e+00  2.71846837e+00 
 3.96280000e-10  2.89544647e+00  2.71614838e+00 
 3.97280000e-10  2.89504598e+00  2.71428447e+00 
 3.98280000e-10  2.89467945e+00  2.71311598e+00 
 3.99280000e-10  2.89437022e+00  2.71269327e+00 
 4.00280000e-10  2.89412660e+00  2.71292447e+00 
 4.01280000e-10  2.89394479e+00  2.71364569e+00 
 4.02280000e-10  2.89381398e+00  2.71467993e+00 
 4.03280000e-10  2.89372062e+00  2.71586275e+00 
 4.04280000e-10  2.89364996e+00  2.71702965e+00 
 4.05280000e-10  2.89358456e+00  2.71797747e+00 
 4.06280000e-10  2.89350144e+00  2.71843860e+00 
 4.07280000e-10  2.89337238e+00  2.71813331e+00 
 4.08280000e-10  2.89317159e+00  2.71691937e+00 
 4.09280000e-10  2.89288822e+00  2.71492612e+00 
 4.10280000e-10  2.89253448e+00  2.71253669e+00 
 4.11280000e-10  2.89214257e+00  2.71023093e+00 
 4.12280000e-10  2.89175279e+00  2.70841084e+00 
 4.13280000e-10  2.89140040e+00  2.70730080e+00 
 4.14280000e-10  2.89110728e+00  2.70693764e+00 
 4.15280000e-10  2.89088046e+00  2.70722315e+00 
 4.16280000e-10  2.89071475e+00  2.70798621e+00 
 4.17280000e-10  2.89059862e+00  2.70905058e+00 
 4.18280000e-10  2.89051818e+00  2.71025324e+00 
 4.19280000e-10  2.89045852e+00  2.71142921e+00 
 4.20280000e-10  2.89040202e+00  2.71237271e+00 
 4.21280000e-10  2.89032559e+00  2.71281447e+00 
 4.22280000e-10  2.89020135e+00  2.71248047e+00 
 4.23280000e-10  2.89000473e+00  2.71124396e+00 
 4.24280000e-10  2.88972681e+00  2.70925203e+00 
 4.25280000e-10  2.88938159e+00  2.70689713e+00 
 4.26280000e-10  2.88900217e+00  2.70465591e+00 
 4.27280000e-10  2.88862859e+00  2.70291834e+00 
 4.28280000e-10  2.88829491e+00  2.70189437e+00 
 4.29280000e-10  2.88802151e+00  2.70160908e+00 
 4.30280000e-10  2.88781404e+00  2.70195757e+00 
 4.31280000e-10  2.88766638e+00  2.70276735e+00 
 4.32280000e-10  2.88756649e+00  2.70386339e+00 
 4.33280000e-10  2.88750025e+00  2.70508356e+00 
 4.34280000e-10  2.88745251e+00  2.70626062e+00 
 4.35280000e-10  2.88740522e+00  2.70718266e+00 
 4.36280000e-10  2.88733479e+00  2.70757463e+00 
 4.37280000e-10  2.88721334e+00  2.70716682e+00 
 4.38280000e-10  2.88701743e+00  2.70585188e+00 
 4.39280000e-10  2.88674036e+00  2.70380237e+00 
 4.40280000e-10  2.88639850e+00  2.70142728e+00 
 4.41280000e-10  2.88602640e+00  2.69920420e+00 
 4.42280000e-10  2.88566419e+00  2.69751218e+00 
 4.43280000e-10  2.88534496e+00  2.69654614e+00 
 4.44280000e-10  2.88508759e+00  2.69631821e+00 
 4.45280000e-10  2.88489611e+00  2.69671343e+00 
 4.46280000e-10  2.88476365e+00  2.69756018e+00 
 4.47280000e-10  2.88467766e+00  2.69868310e+00 
 4.48280000e-10  2.88462371e+00  2.69992028e+00 
 4.49280000e-10  2.88458649e+00  2.70110340e+00 
 4.50280000e-10  2.88454772e+00  2.70201772e+00 
 4.51280000e-10  2.88448373e+00  2.70238725e+00 
 4.52280000e-10  2.88436708e+00  2.70194943e+00 
 4.53280000e-10  2.88417563e+00  2.70061334e+00 
 4.54280000e-10  2.88390454e+00  2.69856856e+00 
 4.55280000e-10  2.88357182e+00  2.69623154e+00 
 4.56280000e-10  2.88321268e+00  2.69407501e+00 
 4.57280000e-10  2.88286678e+00  2.69246533e+00 
 4.58280000e-10  2.88256598e+00  2.69158315e+00 
 4.59280000e-10  2.88232767e+00  2.69142959e+00 
 4.60280000e-10  2.88215464e+00  2.69188394e+00 
 4.61280000e-10  2.88203921e+00  2.69277363e+00 
 4.62280000e-10  2.88196842e+00  2.69392472e+00 
 4.63280000e-10  2.88192769e+00  2.69517587e+00 
 4.64280000e-10  2.88190145e+00  2.69635595e+00 
 4.65280000e-10  2.88187102e+00  2.69724370e+00 
 4.66280000e-10  2.88181225e+00  2.69755822e+00 
 4.67280000e-10  2.88169783e+00  2.69704344e+00 
 4.68280000e-10  2.88150690e+00  2.69562958e+00 
 4.69280000e-10  2.88123687e+00  2.69353116e+00 
 4.70280000e-10  2.88090795e+00  2.69117889e+00 
 4.71280000e-10  2.88055655e+00  2.68904429e+00 
 4.72280000e-10  2.88022222e+00  2.68748172e+00 
 4.73280000e-10  2.87993569e+00  2.68665681e+00 
 4.74280000e-10  2.87971290e+00  2.68655841e+00 
 4.75280000e-10  2.87955534e+00  2.68705885e+00 
 4.76280000e-10  2.87945445e+00  2.68798342e+00 
 4.77280000e-10  2.87939679e+00  2.68915875e+00 
 4.78280000e-10  2.87936760e+00  2.69042411e+00 
 4.79280000e-10  2.87935116e+00  2.69160706e+00 
 4.80280000e-10  2.87932860e+00  2.69248340e+00 
 4.81280000e-10  2.87927574e+00  2.69277202e+00 
 4.82280000e-10  2.87916578e+00  2.69222555e+00 
 4.83280000e-10  2.87897923e+00  2.69079146e+00 
 4.84280000e-10  2.87871532e+00  2.68870050e+00 
 4.85280000e-10  2.87839572e+00  2.68638908e+00 
 4.86280000e-10  2.87805731e+00  2.68432237e+00 
 4.87280000e-10  2.87773900e+00  2.68284142e+00 
 4.88280000e-10  2.87747024e+00  2.68209787e+00 
 4.89280000e-10  2.87726556e+00  2.68207027e+00 
 4.90280000e-10  2.87712531e+00  2.68262596e+00 
 4.91280000e-10  2.87704020e+00  2.68358982e+00 
 4.92280000e-10  2.87699653e+00  2.68478996e+00 
 4.93280000e-10  2.87697937e+00  2.68606586e+00 
 4.94280000e-10  2.87697280e+00  2.68724160e+00 
 4.95280000e-10  2.87695750e+00  2.68808626e+00 
 4.96280000e-10  2.87690887e+00  2.68831488e+00 
 4.97280000e-10  2.87680038e+00  2.68768889e+00 
 4.98280000e-10  2.87661396e+00  2.68617837e+00 
 4.99280000e-10  2.87635109e+00  2.68403809e+00 
 5.00280000e-10  2.87603547e+00  2.68171642e+00 
 5.01280000e-10  2.87570492e+00  2.67967524e+00 
 5.02280000e-10  2.87539804e+00  2.67824272e+00 
 5.03280000e-10  2.87514310e+00  2.67755563e+00 
 5.04280000e-10  2.87495347e+00  2.67758434e+00 
 5.05280000e-10  2.87482797e+00  2.67818454e+00 
 5.06280000e-10  2.87475650e+00  2.67918065e+00 
 5.07280000e-10  2.87472500e+00  2.68040233e+00 
 5.08280000e-10  2.87471843e+00  2.68168966e+00 
 5.09280000e-10  2.87472075e+00  2.68286506e+00 
 5.10280000e-10  2.87471249e+00  2.68369460e+00 
 5.11280000e-10  2.87466904e+00  2.68389403e+00 
 5.12280000e-10  2.87456448e+00  2.68323500e+00 
 5.13280000e-10  2.87438216e+00  2.68170553e+00 
 5.14280000e-10  2.87412532e+00  2.67957562e+00 
 5.15280000e-10  2.87381897e+00  2.67729752e+00 
 5.16280000e-10  2.87350118e+00  2.67532539e+00 
 5.17280000e-10  2.87320980e+00  2.67397362e+00 
 5.18280000e-10  2.87297179e+00  2.67336533e+00 
 5.19280000e-10  2.87279914e+00  2.67346115e+00 
 5.20280000e-10  2.87268965e+00  2.67411285e+00 
 5.21280000e-10  2.87263264e+00  2.67514478e+00 
 5.22280000e-10  2.87261381e+00  2.67638805e+00 
 5.23280000e-10  2.87261808e+00  2.67768254e+00 
 5.24280000e-10  2.87262910e+00  2.67884654e+00 
 5.25280000e-10  2.87262693e+00  2.67963931e+00 
 5.26280000e-10  2.87258664e+00  2.67977407e+00 
 5.27280000e-10  2.87248269e+00  2.67903360e+00 
 5.28280000e-10  2.87230001e+00  2.67742967e+00 
 5.29280000e-10  2.87204405e+00  2.67525512e+00 
 5.30280000e-10  2.87174169e+00  2.67297176e+00 
 5.31280000e-10  2.87143169e+00  2.67102858e+00 
 5.32280000e-10  2.87115143e+00  2.66972635e+00 
 5.33280000e-10  2.87092661e+00  2.66917356e+00 
 5.34280000e-10  2.87076784e+00  2.66931997e+00 
 5.35280000e-10  2.87067181e+00  2.67001220e+00 
 5.36280000e-10  2.87062717e+00  2.67107354e+00 
 5.37280000e-10  2.87061933e+00  2.67233591e+00 
 5.38280000e-10  2.87063310e+00  2.67363930e+00 
 5.39280000e-10  2.87065200e+00  2.67480001e+00 
 5.40280000e-10  2.87065594e+00  2.67557445e+00 
 5.41280000e-10  2.87062001e+00  2.67567766e+00 
 5.42280000e-10  2.87051939e+00  2.67490412e+00 
 5.43280000e-10  2.87034047e+00  2.67328386e+00 
 5.44280000e-10  2.87009040e+00  2.67112359e+00 
 5.45280000e-10  2.86979716e+00  2.66888712e+00 
 5.46280000e-10  2.86949959e+00  2.66701442e+00 
 5.47280000e-10  2.86923420e+00  2.66579221e+00 
 5.48280000e-10  2.86902537e+00  2.66531578e+00 
 5.49280000e-10  2.86888239e+00  2.66552595e+00 
 5.50280000e-10  2.86880106e+00  2.66626615e+00 
 5.51280000e-10  2.86876952e+00  2.66736006e+00 
 5.52280000e-10  2.86877304e+00  2.66864095e+00 
 5.53280000e-10  2.86879631e+00  2.66994814e+00 
 5.54280000e-10  2.86882262e+00  2.67109325e+00 
 5.55280000e-10  2.86883142e+00  2.67182589e+00 
 5.56280000e-10  2.86879751e+00  2.67186017e+00 
 5.57280000e-10  2.86869663e+00  2.67100398e+00 
 5.58280000e-10  2.86851681e+00  2.66931190e+00 
 5.59280000e-10  2.86826742e+00  2.66711201e+00 
 5.60280000e-10  2.86797807e+00  2.66487528e+00 
 5.61280000e-10  2.86768812e+00  2.66303474e+00 
 5.62280000e-10  2.86743341e+00  2.66186295e+00 
 5.63280000e-10  2.86723705e+00  2.66144096e+00 
 5.64280000e-10  2.86710700e+00  2.66169950e+00 
 5.65280000e-10  2.86703802e+00  2.66247763e+00 
 5.66280000e-10  2.86701772e+00  2.66359841e+00 
 5.67280000e-10  2.86703111e+00  2.66489599e+00 
 5.68280000e-10  2.86706281e+00  2.66620952e+00 
 5.69280000e-10  2.86709598e+00  2.66734828e+00 
 5.70280000e-10  2.86710992e+00  2.66805927e+00 
 5.71280000e-10  2.86707953e+00  2.66805963e+00 
 5.72280000e-10  2.86698133e+00  2.66717043e+00 
 5.73280000e-10  2.86680488e+00  2.66546460e+00 
 5.74280000e-10  2.86656113e+00  2.66328265e+00 
 5.75280000e-10  2.86628066e+00  2.66109570e+00 
 5.76280000e-10  2.86600269e+00  2.65932669e+00 
 5.77280000e-10  2.86576214e+00  2.65823389e+00 
 5.78280000e-10  2.86558077e+00  2.65788567e+00 
 5.79280000e-10  2.86546532e+00  2.65820463e+00 
 5.80280000e-10  2.86540974e+00  2.65902733e+00 
 5.81280000e-10  2.86540121e+00  2.66017756e+00 
 5.82280000e-10  2.86542475e+00  2.66149081e+00 
 5.83280000e-10  2.86546477e+00  2.66280485e+00 
 5.84280000e-10  2.86550415e+00  2.66392375e+00 
 5.85280000e-10  2.86552176e+00  2.66458799e+00 
 5.86280000e-10  2.86549229e+00  2.66451554e+00 
 5.87280000e-10  2.86539297e+00  2.66354309e+00 
 5.88280000e-10  2.86521513e+00  2.66176861e+00 
 5.89280000e-10  2.86497183e+00  2.65955224e+00 
 5.90280000e-10  2.86469513e+00  2.65736991e+00 
 5.91280000e-10  2.86442454e+00  2.65563600e+00 
 5.92280000e-10  2.86419418e+00  2.65459426e+00 
 5.93280000e-10  2.86402453e+00  2.65429928e+00 
 5.94280000e-10  2.86392078e+00  2.65466186e+00 
 5.95280000e-10  2.86387626e+00  2.65551902e+00 
 5.96280000e-10  2.86387774e+00  2.65669356e+00 
 5.97280000e-10  2.86391001e+00  2.65802120e+00 
 5.98280000e-10  2.86395739e+00  2.65933912e+00 
 5.99280000e-10  2.86400264e+00  2.66044874e+00 
 6.00280000e-10  2.86402443e+00  2.66108834e+00 
 6.01280000e-10  2.86399765e+00  2.66098027e+00 
 6.02280000e-10  2.86390041e+00  2.65997572e+00 
 6.03280000e-10  2.86372556e+00  2.65819078e+00 
 6.04280000e-10  2.86348768e+00  2.65599640e+00 
 6.05280000e-10  2.86321958e+00  2.65386688e+00 
 6.06280000e-10  2.86296052e+00  2.65220549e+00 
 6.07280000e-10  2.86274359e+00  2.65124166e+00 
 6.08280000e-10  2.86258794e+00  2.65101787e+00 
 6.09280000e-10  2.86249764e+00  2.65143775e+00 
 6.10280000e-10  2.86246525e+00  2.65233629e+00 
 6.11280000e-10  2.86247726e+00  2.65353732e+00 
 6.12280000e-10  2.86251837e+00  2.65487763e+00 
 6.13280000e-10  2.86257283e+00  2.65619265e+00 
 6.14280000e-10  2.86262308e+00  2.65727809e+00 
 6.15280000e-10  2.86264737e+00  2.65786613e+00 
 6.16280000e-10  2.86262045e+00  2.65768190e+00 
 6.17280000e-10  2.86252130e+00  2.65659427e+00 
 6.18280000e-10  2.86234459e+00  2.65474446e+00 
 6.19280000e-10  2.86210697e+00  2.65252110e+00 
 6.20280000e-10  2.86184251e+00  2.65040096e+00 
 6.21280000e-10  2.86159056e+00  2.64877740e+00 
 6.22280000e-10  2.86138332e+00  2.64786506e+00 
 6.23280000e-10  2.86123862e+00  2.64769320e+00 
 6.24280000e-10  2.86115932e+00  2.64815715e+00 
 6.25280000e-10  2.86113717e+00  2.64908871e+00 
 6.26280000e-10  2.86115823e+00  2.65031192e+00 
 6.27280000e-10  2.86120709e+00  2.65166433e+00 
 6.28280000e-10  2.86126793e+00  2.65298063e+00 
 6.29280000e-10  2.86132308e+00  2.65405362e+00 
 6.30280000e-10  2.86135064e+00  2.65461374e+00 
 6.31280000e-10  2.86132559e+00  2.65439198e+00 
 6.32280000e-10  2.86122790e+00  2.65327290e+00 
 6.33280000e-10  2.86105380e+00  2.65141554e+00 
 6.34280000e-10  2.86082133e+00  2.64921768e+00 
 6.35280000e-10  2.86056515e+00  2.64715277e+00 
 6.36280000e-10  2.86032424e+00  2.64560220e+00 
 6.37280000e-10  2.86012966e+00  2.64476635e+00 
 6.38280000e-10  2.85999800e+00  2.64466294e+00 
 6.39280000e-10  2.85993101e+00  2.64518096e+00 
 6.40280000e-10  2.85991981e+00  2.64615075e+00 
 6.41280000e-10  2.85995022e+00  2.64739759e+00 
 6.42280000e-10  2.86000678e+00  2.64875984e+00 
 6.43280000e-10  2.86007358e+00  2.65006987e+00 
 6.44280000e-10  2.86013262e+00  2.65111430e+00 
 6.45280000e-10  2.86016156e+00  2.65161817e+00 
 6.46280000e-10  2.86013539e+00  2.65131733e+00 
 6.47280000e-10  2.86003507e+00  2.65011595e+00 
 6.48280000e-10  2.85985872e+00  2.64819790e+00 
 6.49280000e-10  2.85962635e+00  2.64597656e+00 
 6.50280000e-10  2.85937370e+00  2.64392560e+00 
 6.51280000e-10  2.85913962e+00  2.64241528e+00 
 6.52280000e-10  2.85895423e+00  2.64163112e+00 
 6.53280000e-10  2.85883277e+00  2.64157822e+00 
 6.54280000e-10  2.85877588e+00  2.64213808e+00 
 6.55280000e-10  2.85877391e+00  2.64313857e+00 
 6.56280000e-10  2.85881249e+00  2.64440569e+00 
 6.57280000e-10  2.85887590e+00  2.64577798e+00 
 6.58280000e-10  2.85894819e+00  2.64708678e+00 
 6.59280000e-10  2.85901122e+00  2.64811568e+00 
 6.60280000e-10  2.85904256e+00  2.64858869e+00 
 6.61280000e-10  2.85901752e+00  2.64824905e+00 
 6.62280000e-10  2.85891813e+00  2.64701764e+00 
 6.63280000e-10  2.85874406e+00  2.64509553e+00 
 6.64280000e-10  2.85851660e+00  2.64290346e+00 
 6.65280000e-10  2.85827195e+00  2.64091018e+00 
 6.66280000e-10  2.85804843e+00  2.63947326e+00 
 6.67280000e-10  2.85787500e+00  2.63876408e+00 
 6.68280000e-10  2.85776564e+00  2.63877692e+00 
 6.69280000e-10  2.85771999e+00  2.63938771e+00 
 6.70280000e-10  2.85772787e+00  2.64042342e+00 
 6.71280000e-10  2.85777469e+00  2.64171142e+00 
 6.72280000e-10  2.85784474e+00  2.64309075e+00 
 6.73280000e-10  2.85792194e+00  2.64438984e+00 
 6.74280000e-10  2.85798781e+00  2.64538576e+00 
 6.75280000e-10  2.85801950e+00  2.64579802e+00 
 6.76280000e-10  2.85799242e+00  2.64537696e+00 
 6.77280000e-10  2.85788976e+00  2.64406469e+00 
 6.78280000e-10  2.85771313e+00  2.64208651e+00 
 6.79280000e-10  2.85748567e+00  2.63987651e+00 
 6.80280000e-10  2.85724444e+00  2.63790155e+00 
 6.81280000e-10  2.85702751e+00  2.63650703e+00 
 6.82280000e-10  2.85686276e+00  2.63584952e+00 
 6.83280000e-10  2.85676290e+00  2.63591136e+00 
 6.84280000e-10  2.85672648e+00  2.63656180e+00 
 6.85280000e-10  2.85674267e+00  2.63762595e+00 
 6.86280000e-10  2.85679661e+00  2.63893178e+00 
 6.87280000e-10  2.85687254e+00  2.64031887e+00 
 6.88280000e-10  2.85695432e+00  2.64161417e+00 
 6.89280000e-10  2.85702331e+00  2.64259155e+00 
 6.90280000e-10  2.85705657e+00  2.64297029e+00 
 6.91280000e-10  2.85702994e+00  2.64250969e+00 
 6.92280000e-10  2.85692774e+00  2.64116943e+00 
 6.93280000e-10  2.85675313e+00  2.63919105e+00 
 6.94280000e-10  2.85653041e+00  2.63701418e+00 
 6.95280000e-10  2.85629693e+00  2.63509924e+00 
 6.96280000e-10  2.85609009e+00  2.63377834e+00 
 6.97280000e-10  2.85593662e+00  2.63319421e+00 
 6.98280000e-10  2.85584798e+00  2.63331906e+00 
 6.99280000e-10  2.85582182e+00  2.63401737e+00 
 7.00280000e-10  2.85584683e+00  2.63511388e+00 
 7.01280000e-10  2.85590801e+00  2.63643795e+00 
 7.02280000e-10  2.85598960e+00  2.63782931e+00 
 7.03280000e-10  2.85607531e+00  2.63911139e+00 
 7.04280000e-10  2.85614615e+00  2.64005133e+00 
 7.05280000e-10  2.85617879e+00  2.64036508e+00 
 7.06280000e-10  2.85614930e+00  2.63982128e+00 
 7.07280000e-10  2.85604329e+00  2.63840223e+00 
 7.08280000e-10  2.85586589e+00  2.63637275e+00 
 7.09280000e-10  2.85564310e+00  2.63418350e+00 
 7.10280000e-10  2.85541297e+00  2.63229101e+00 
 7.11280000e-10  2.85521249e+00  2.63101439e+00 
 7.12280000e-10  2.85506723e+00  2.63048168e+00 
 7.13280000e-10  2.85498741e+00  2.63065393e+00 
 7.14280000e-10  2.85496967e+00  2.63138974e+00 
 7.15280000e-10  2.85500228e+00  2.63251318e+00 
 7.16280000e-10  2.85506984e+00  2.63385331e+00 
 7.17280000e-10  2.85515653e+00  2.63525036e+00 
 7.18280000e-10  2.85524601e+00  2.63652585e+00 
 7.19280000e-10  2.85531915e+00  2.63744409e+00 
 7.20280000e-10  2.85535261e+00  2.63772175e+00 
 7.21280000e-10  2.85532294e+00  2.63713799e+00 
 7.22280000e-10  2.85521699e+00  2.63569323e+00 
 7.23280000e-10  2.85504139e+00  2.63366747e+00 
 7.24280000e-10  2.85482320e+00  2.63151501e+00 
 7.25280000e-10  2.85460058e+00  2.62968457e+00 
 7.26280000e-10  2.85440976e+00  2.62848153e+00 
 7.27280000e-10  2.85427513e+00  2.62802043e+00 
 7.28280000e-10  2.85420571e+00  2.62825293e+00 
 7.29280000e-10  2.85419731e+00  2.62903362e+00 
 7.30280000e-10  2.85423779e+00  2.63018660e+00 
 7.31280000e-10  2.85431166e+00  2.63154240e+00 
 7.32280000e-10  2.85440311e+00  2.63294094e+00 
 7.33280000e-10  2.85449564e+00  2.63419956e+00 
 7.34280000e-10  2.85456971e+00  2.63507587e+00 
 7.35280000e-10  2.85460164e+00  2.63528456e+00 
 7.36280000e-10  2.85456838e+00  2.63461644e+00 
 7.37280000e-10  2.85445817e+00  2.63309557e+00 
 7.38280000e-10  2.85427963e+00  2.63102399e+00 
 7.39280000e-10  2.85406137e+00  2.62886466e+00 
 7.40280000e-10  2.85384207e+00  2.62706055e+00 
 7.41280000e-10  2.85365738e+00  2.62590337e+00 
 7.42280000e-10  2.85353053e+00  2.62549327e+00 
 7.43280000e-10  2.85346930e+00  2.62577148e+00 
 7.44280000e-10  2.85346878e+00  2.62658899e+00 
 7.45280000e-10  2.85351607e+00  2.62776666e+00 
 7.46280000e-10  2.85359552e+00  2.62913636e+00 
 7.47280000e-10  2.85369129e+00  2.63053839e+00 
 7.48280000e-10  2.85378685e+00  2.63178792e+00 
 7.49280000e-10  2.85386250e+00  2.63263953e+00 
 7.50280000e-10  2.85389456e+00  2.63280984e+00 
 7.51280000e-10  2.85386058e+00  2.63210174e+00 
 7.52280000e-10  2.85375009e+00  2.63055781e+00 
 7.53280000e-10  2.85357320e+00  2.62849395e+00 
 7.54280000e-10  2.85335943e+00  2.62637494e+00 
 7.55280000e-10  2.85314743e+00  2.62463467e+00 
 7.56280000e-10  2.85297200e+00  2.62355080e+00 
 7.57280000e-10  2.85285516e+00  2.62321039e+00 
 7.58280000e-10  2.85280382e+00  2.62354892e+00 
 7.59280000e-10  2.85281200e+00  2.62440938e+00 
 7.60280000e-10  2.85286642e+00  2.62561405e+00 
 7.61280000e-10  2.85295139e+00  2.62699688e+00 
 7.62280000e-10  2.85305112e+00  2.62839751e+00 
 7.63280000e-10  2.85314888e+00  2.62962634e+00 
 7.64280000e-10  2.85322458e+00  2.63043134e+00 
 7.65280000e-10  2.85325427e+00  2.63052872e+00 
 7.66280000e-10  2.85321602e+00  2.62973531e+00 
 7.67280000e-10  2.85310091e+00  2.62811812e+00 
 7.68280000e-10  2.85292096e+00  2.62601359e+00 
 7.69280000e-10  2.85270715e+00  2.62389284e+00 
 7.70280000e-10  2.85249843e+00  2.62218232e+00 
 7.71280000e-10  2.85232893e+00  2.62114548e+00 
 7.72280000e-10  2.85221945e+00  2.62085539e+00 
 7.73280000e-10  2.85217570e+00  2.62123772e+00 
 7.74280000e-10  2.85219086e+00  2.62213128e+00 
 7.75280000e-10  2.85225121e+00  2.62335800e+00 
 7.76280000e-10  2.85234096e+00  2.62475269e+00 
 7.77280000e-10  2.85244430e+00  2.62615471e+00 
 7.78280000e-10  2.85254440e+00  2.62737184e+00 
 7.79280000e-10  2.85262100e+00  2.62814932e+00 
 7.80280000e-10  2.85265020e+00  2.62820658e+00 
 7.81280000e-10  2.85261078e+00  2.62737400e+00 
 7.82280000e-10  2.85249516e+00  2.62573712e+00 
 7.83280000e-10  2.85231680e+00  2.62364476e+00 
 7.84280000e-10  2.85210743e+00  2.62156798e+00 
 7.85280000e-10  2.85190585e+00  2.61992302e+00 
 7.86280000e-10  2.85174526e+00  2.61895910e+00 
 7.87280000e-10  2.85164523e+00  2.61873674e+00 
 7.88280000e-10  2.85161040e+00  2.61917368e+00 
 7.89280000e-10  2.85163326e+00  2.62010628e+00 
 7.90280000e-10  2.85169982e+00  2.62135729e+00 
 7.91280000e-10  2.85179429e+00  2.62276271e+00 
 7.92280000e-10  2.85190082e+00  2.62416056e+00 
 7.93280000e-10  2.85200236e+00  2.62535332e+00 
 7.94280000e-10  2.85207822e+00  2.62607998e+00 
 7.95280000e-10  2.85210432e+00  2.62606137e+00 
 7.96280000e-10  2.85206011e+00  2.62514395e+00 
 7.97280000e-10  2.85193963e+00  2.62343797e+00 
 7.98280000e-10  2.85175825e+00  2.62131096e+00 
 7.99280000e-10  2.85154897e+00  2.61923795e+00 
 8.00280000e-10  2.85135072e+00  2.61762622e+00 
 8.01280000e-10  2.85119590e+00  2.61671047e+00 
 8.02280000e-10  2.85110287e+00  2.61653769e+00 
 8.03280000e-10  2.85107510e+00  2.61701669e+00 
 8.04280000e-10  2.85110430e+00  2.61798035e+00 
 8.05280000e-10  2.85117615e+00  2.61925147e+00 
 8.06280000e-10  2.85127475e+00  2.62066687e+00 
 8.07280000e-10  2.85138426e+00  2.62206394e+00 
 8.08280000e-10  2.85148752e+00  2.62324231e+00 
 8.09280000e-10  2.85156365e+00  2.62393860e+00 
 8.10280000e-10  2.85158871e+00  2.62387831e+00 
 8.11280000e-10  2.85154293e+00  2.62292276e+00 
 8.12280000e-10  2.85142178e+00  2.62120058e+00 
 8.13280000e-10  2.85124196e+00  2.61909004e+00 
 8.14280000e-10  2.85103712e+00  2.61706432e+00 
 8.15280000e-10  2.85084586e+00  2.61551950e+00 
 8.16280000e-10  2.85069961e+00  2.61467601e+00 
 8.17280000e-10  2.85061550e+00  2.61456885e+00 
 8.18280000e-10  2.85059599e+00  2.61509972e+00 
 8.19280000e-10  2.85063218e+00  2.61609969e+00 
 8.20280000e-10  2.85070953e+00  2.61739262e+00 
 8.21280000e-10  2.85081216e+00  2.61881633e+00 
 8.22280000e-10  2.85092419e+00  2.62020632e+00 
 8.23280000e-10  2.85102817e+00  2.62135643e+00 
 8.24280000e-10  2.85110282e+00  2.62199755e+00 
 8.25280000e-10  2.85112411e+00  2.62185856e+00 
 8.26280000e-10  2.85107307e+00  2.62081888e+00 
 8.27280000e-10  2.85094690e+00  2.61903182e+00 
 8.28280000e-10  2.85076414e+00  2.61689240e+00 
 8.29280000e-10  2.85055952e+00  2.61487549e+00 
 8.30280000e-10  2.85037165e+00  2.61336689e+00 
 8.31280000e-10  2.85023102e+00  2.61257230e+00 
 8.32280000e-10  2.85015356e+00  2.61251376e+00 
 8.33280000e-10  2.85014037e+00  2.61308265e+00 
 8.34280000e-10  2.85018214e+00  2.61411083e+00 
 8.35280000e-10  2.85026408e+00  2.61542183e+00 
 8.36280000e-10  2.85037024e+00  2.61685368e+00 
 8.37280000e-10  2.85048467e+00  2.61824079e+00 
 8.38280000e-10  2.85058979e+00  2.61937388e+00 
 8.39280000e-10  2.85066415e+00  2.61998209e+00 
 8.40280000e-10  2.85068392e+00  2.61980047e+00 
 8.41280000e-10  2.85063104e+00  2.61872448e+00 
 8.42280000e-10  2.85050412e+00  2.61692529e+00 
 8.43280000e-10  2.85032298e+00  2.61480689e+00 
 8.44280000e-10  2.85012284e+00  2.61284057e+00 
 8.45280000e-10  2.84994186e+00  2.61140010e+00 
 8.46280000e-10  2.84980950e+00  2.61067698e+00 
 8.47280000e-10  2.84974048e+00  2.61068190e+00 
 8.48280000e-10  2.84973519e+00  2.61130217e+00 
 8.49280000e-10  2.84978350e+00  2.61236486e+00 
 8.50280000e-10  2.84987041e+00  2.61369543e+00 
 8.51280000e-10  2.84998001e+00  2.61513316e+00 
 8.52280000e-10  2.85009633e+00  2.61651011e+00 
 8.53280000e-10  2.85020152e+00  2.61761084e+00 
 8.54280000e-10  2.85027371e+00  2.61815946e+00 
 8.55280000e-10  2.85028907e+00  2.61789654e+00 
 8.56280000e-10  2.85023054e+00  2.61673742e+00 
 8.57280000e-10  2.85009849e+00  2.61487770e+00 
 8.58280000e-10  2.84991452e+00  2.61273599e+00 
 8.59280000e-10  2.84971477e+00  2.61078313e+00 
 8.60280000e-10  2.84953722e+00  2.60938144e+00 
 8.61280000e-10  2.84941036e+00  2.60870760e+00 
 8.62280000e-10  2.84934766e+00  2.60875999e+00 
 8.63280000e-10  2.84934847e+00  2.60941861e+00 
 8.64280000e-10  2.84940202e+00  2.61050837e+00 
 8.65280000e-10  2.84949310e+00  2.61185530e+00 
 8.66280000e-10  2.84960574e+00  2.61329928e+00 
 8.67280000e-10  2.84972396e+00  2.61467103e+00 
 8.68280000e-10  2.84982975e+00  2.61575181e+00 
 8.69280000e-10  2.84990112e+00  2.61626470e+00 
 8.70280000e-10  2.84991452e+00  2.61595800e+00 
 8.71280000e-10  2.84985387e+00  2.61476416e+00 
 8.72280000e-10  2.84972100e+00  2.61289598e+00 
 8.73280000e-10  2.84953871e+00  2.61077927e+00 
 8.74280000e-10  2.84934346e+00  2.60887970e+00 
 8.75280000e-10  2.84917270e+00  2.60754682e+00 
 8.76280000e-10  2.84905381e+00  2.60694330e+00 
 8.77280000e-10  2.84899909e+00  2.60705682e+00 
 8.78280000e-10  2.84900700e+00  2.60776188e+00 
 8.79280000e-10  2.84906630e+00  2.60888272e+00 
 8.80280000e-10  2.84916165e+00  2.61024674e+00 
 8.81280000e-10  2.84927714e+00  2.61169420e+00 
 8.82280000e-10  2.84939667e+00  2.61305277e+00 
 8.83280000e-10  2.84950192e+00  2.61409726e+00 
 8.84280000e-10  2.84957049e+00  2.61454669e+00 
 8.85280000e-10  2.84957897e+00  2.61415711e+00 
 8.86280000e-10  2.84951240e+00  2.61288240e+00 
 8.87280000e-10  2.84937443e+00  2.61095896e+00 
 8.88280000e-10  2.84918953e+00  2.60882502e+00 
 8.89280000e-10  2.84899491e+00  2.60694365e+00 
 8.90280000e-10  2.84882769e+00  2.60565201e+00 
 8.91280000e-10  2.84871419e+00  2.60509805e+00 
 8.92280000e-10  2.84866549e+00  2.60525784e+00 
 8.93280000e-10  2.84867908e+00  2.60599940e+00 
 8.94280000e-10  2.84874315e+00  2.60714539e+00 
 8.95280000e-10  2.84884219e+00  2.60852398e+00 
 8.96280000e-10  2.84896025e+00  2.60997583e+00 
 8.97280000e-10  2.84908121e+00  2.61132691e+00 
 8.98280000e-10  2.84918657e+00  2.61234863e+00 
 8.99280000e-10  2.84925385e+00  2.61275991e+00 
 9.00280000e-10  2.84925999e+00  2.61232613e+00 
 9.01280000e-10  2.84919114e+00  2.61101906e+00 
 9.02280000e-10  2.84905238e+00  2.60909138e+00 
 9.03280000e-10  2.84886927e+00  2.60698661e+00 
 9.04280000e-10  2.84867923e+00  2.60516119e+00 
 9.05280000e-10  2.84851872e+00  2.60393895e+00 
 9.06280000e-10  2.84841292e+00  2.60345404e+00 
 9.07280000e-10  2.84837179e+00  2.60367261e+00 
 9.08280000e-10  2.84839196e+00  2.60445793e+00 
 9.09280000e-10  2.84846124e+00  2.60563251e+00 
 9.10280000e-10  2.84856402e+00  2.60702592e+00 
 9.11280000e-10  2.84868441e+00  2.60847880e+00 
 9.12280000e-10  2.84880616e+00  2.60981350e+00 
 9.13280000e-10  2.84891040e+00  2.61079480e+00 
 9.14280000e-10  2.84897429e+00  2.61113877e+00 
 9.15280000e-10  2.84897505e+00  2.61062083e+00 
 9.16280000e-10  2.84890006e+00  2.60923540e+00 
 9.17280000e-10  2.84875628e+00  2.60725776e+00 
 9.18280000e-10  2.84857080e+00  2.60514151e+00 
 9.19280000e-10  2.84838164e+00  2.60333859e+00 
 9.20280000e-10  2.84822475e+00  2.60215960e+00 
 9.21280000e-10  2.84812425e+00  2.60172423e+00 
 9.22280000e-10  2.84808887e+00  2.60198770e+00 
 9.23280000e-10  2.84811412e+00  2.60280605e+00 
 9.24280000e-10  2.84818758e+00  2.60400328e+00 
 9.25280000e-10  2.84829353e+00  2.60540938e+00 
 9.26280000e-10  2.84841603e+00  2.60686479e+00 
 9.27280000e-10  2.84853876e+00  2.60818970e+00 
 9.28280000e-10  2.84864267e+00  2.60914555e+00 
 9.29280000e-10  2.84870485e+00  2.60944934e+00 
 9.30280000e-10  2.84870298e+00  2.60888742e+00 
 9.31280000e-10  2.84862562e+00  2.60747263e+00 
 9.32280000e-10  2.84848115e+00  2.60549533e+00 
 9.33280000e-10  2.84829765e+00  2.60341252e+00 
 9.34280000e-10  2.84811317e+00  2.60166806e+00 
 9.35280000e-10  2.84796294e+00  2.60055885e+00 
 9.36280000e-10  2.84786991e+00  2.60019115e+00 
 9.37280000e-10  2.84784196e+00  2.60051402e+00 
 9.38280000e-10  2.84787376e+00  2.60137624e+00 
 9.39280000e-10  2.84795221e+00  2.60260043e+00 
 9.40280000e-10  2.84806156e+00  2.60401917e+00 
 9.41280000e-10  2.84818596e+00  2.60547301e+00 
 9.42280000e-10  2.84830896e+00  2.60677771e+00 
 9.43280000e-10  2.84841117e+00  2.60768852e+00 
 9.44280000e-10  2.84846939e+00  2.60792096e+00 
 9.45280000e-10  2.84846169e+00  2.60727359e+00 
 9.46280000e-10  2.84837801e+00  2.60578293e+00 
 9.47280000e-10  2.84822860e+00  2.60376069e+00 
 9.48280000e-10  2.84804297e+00  2.60167165e+00 
 9.49280000e-10  2.84785959e+00  2.59995340e+00 
 9.50280000e-10  2.84771307e+00  2.59888898e+00 
 9.51280000e-10  2.84762522e+00  2.59857044e+00 
 9.52280000e-10  2.84760275e+00  2.59893655e+00 
 9.53280000e-10  2.84763946e+00  2.59983140e+00 
 9.54280000e-10  2.84772185e+00  2.60107699e+00 
 9.55280000e-10  2.84783405e+00  2.60250680e+00 
 9.56280000e-10  2.84796022e+00  2.60396122e+00 
 9.57280000e-10  2.84808381e+00  2.60525356e+00 
 9.58280000e-10  2.84818526e+00  2.60613594e+00 
 9.59280000e-10  2.84824136e+00  2.60632600e+00 
 9.60280000e-10  2.84823075e+00  2.60563483e+00 
 9.61280000e-10  2.84814462e+00  2.60411768e+00 
 9.62280000e-10  2.84799464e+00  2.60210000e+00 
 9.63280000e-10  2.84781115e+00  2.60004813e+00 
 9.64280000e-10  2.84763255e+00  2.59839035e+00 
 9.65280000e-10  2.84749262e+00  2.59739566e+00 
 9.66280000e-10  2.84741199e+00  2.59714315e+00 
 9.67280000e-10  2.84739630e+00  2.59756302e+00 
 9.68280000e-10  2.84743867e+00  2.59849638e+00 
 9.69280000e-10  2.84752531e+00  2.59976577e+00 
 9.70280000e-10  2.84764034e+00  2.60120594e+00 
 9.71280000e-10  2.84776792e+00  2.60265634e+00 
 9.72280000e-10  2.84789133e+00  2.60392545e+00 
 9.73280000e-10  2.84799061e+00  2.60475905e+00 
 9.74280000e-10  2.84804228e+00  2.60487498e+00 
 9.75280000e-10  2.84802556e+00  2.60409882e+00 
 9.76280000e-10  2.84793310e+00  2.60250999e+00 
 9.77280000e-10  2.84777844e+00  2.60045364e+00 
 9.78280000e-10  2.84759319e+00  2.59840147e+00 
 9.79280000e-10  2.84741599e+00  2.59677386e+00 
 9.80280000e-10  2.84727990e+00  2.59582554e+00 
 9.81280000e-10  2.84720438e+00  2.59562182e+00 
 9.82280000e-10  2.84719393e+00  2.59608343e+00 
 9.83280000e-10  2.84724089e+00  2.59704758e+00 
 9.84280000e-10  2.84733110e+00  2.59833660e+00 
 9.85280000e-10  2.84744862e+00  2.59978612e+00 
 9.86280000e-10  2.84757761e+00  2.60123516e+00 
 9.87280000e-10  2.84770124e+00  2.60248939e+00 
 9.88280000e-10  2.84779937e+00  2.60329178e+00 
 9.89280000e-10  2.84784858e+00  2.60336368e+00 
 9.90280000e-10  2.84782874e+00  2.60254460e+00 
 9.91280000e-10  2.84773385e+00  2.60093277e+00 
 9.92280000e-10  2.84757878e+00  2.59888553e+00 
 9.93280000e-10  2.84739589e+00  2.59687429e+00 
 9.94280000e-10  2.84722359e+00  2.59530903e+00 
 9.95280000e-10  2.84709404e+00  2.59443024e+00 
 9.96280000e-10  2.84702552e+00  2.59429079e+00 
 9.97280000e-10  2.84702150e+00  2.59480371e+00 
 9.98280000e-10  2.84707370e+00  2.59580382e+00 
 9.99140000e-10  2.84715002e+00  2.59692447e+00 
 1.00000000e-09  2.84724318e+00  2.59817458e+00 
