 time            v(detp)         v(detn)        
 0.00000000e+00  7.17023642e-01  7.17023642e-01 
 1.00000000e-14  7.17240882e-01  7.17106433e-01 
 2.00000000e-14  7.17446266e-01  7.17175510e-01 
 4.00000000e-14  7.17826099e-01  7.17275005e-01 
 8.00000000e-14  7.18475250e-01  7.17321321e-01 
 1.60000000e-13  7.19706277e-01  7.17202889e-01 
 3.20000000e-13  7.22055528e-01  7.16523309e-01 
 6.40000000e-13  7.26199366e-01  7.14312726e-01 
 1.07247689e-12  7.30784837e-01  7.11166478e-01 
 1.93743068e-12  7.36705758e-01  7.08401977e-01 
 2.69458275e-12  7.38694735e-01  7.12194996e-01 
 3.32644614e-12  7.38125172e-01  7.22499488e-01 
 4.02047320e-12  7.34720542e-01  7.45085913e-01 
 4.74465806e-12  7.28614304e-01  7.78638133e-01 
 5.69914928e-12  7.17683220e-01  8.30718182e-01 
 6.44977799e-12  7.07446285e-01  8.74472984e-01 
 7.31524387e-12  6.94324043e-01  9.24710974e-01 
 8.19838509e-12  6.80193261e-01  9.72638457e-01 
 9.19838509e-12  6.64465943e-01  1.01828071e+00 
 1.01983851e-11  6.50551156e-01  1.04974916e+00 
 1.11983851e-11  6.39918674e-01  1.06257764e+00 
 1.21983851e-11  6.33733164e-01  1.05394821e+00 
 1.31983851e-11  6.32774493e-01  1.02335780e+00 
 1.41983851e-11  6.37490202e-01  9.72736170e-01 
 1.51983851e-11  6.47487013e-01  9.10314978e-01 
 1.61983851e-11  6.61319794e-01  8.54446301e-01 
 1.71983851e-11  6.81204248e-01  8.12710815e-01 
 1.79976510e-11  7.10108444e-01  7.87773841e-01 
 1.89122302e-11  7.62174168e-01  7.64371189e-01 
 1.97937497e-11  8.20940024e-01  7.45394827e-01 
 2.07937497e-11  8.90900601e-01  7.25529529e-01 
 2.17595528e-11  9.58875066e-01  7.06490410e-01 
 2.27595528e-11  1.02670290e+00  6.86394381e-01 
 2.37595528e-11  1.08781812e+00  6.66453547e-01 
 2.47595528e-11  1.13681418e+00  6.48005663e-01 
 2.57595528e-11  1.16801199e+00  6.32684543e-01 
 2.67595528e-11  1.17696598e+00  6.21922547e-01 
 2.75263691e-11  1.16734142e+00  6.17514133e-01 
 2.82489792e-11  1.14503974e+00  6.16674662e-01 
 2.90410582e-11  1.10692835e+00  6.19430639e-01 
 3.00410582e-11  1.04198833e+00  6.28318844e-01 
 3.10410582e-11  9.64675456e-01  6.43388308e-01 
 3.20410582e-11  8.93175014e-01  6.63880636e-01 
 3.30410582e-11  8.37976848e-01  6.96309923e-01 
 3.40410582e-11  7.95768116e-01  7.53925003e-01 
 3.50410582e-11  7.63518847e-01  8.22551257e-01 
 3.60410582e-11  7.36998714e-01  8.94056949e-01 
 3.69616505e-11  7.14997229e-01  9.59443157e-01 
 3.79616505e-11  6.92281635e-01  1.02679706e+00 
 3.89616505e-11  6.70955857e-01  1.08586997e+00 
 3.99616505e-11  6.52150727e-01  1.13105763e+00 
 4.09616505e-11  6.37306409e-01  1.15692079e+00 
 4.19616505e-11  6.27660007e-01  1.15965084e+00 
 4.29616505e-11  6.24034845e-01  1.13793807e+00 
 4.39616505e-11  6.26872183e-01  1.09326274e+00 
 4.47912248e-11  6.34445005e-01  1.04138405e+00 
 4.56346152e-11  6.47237698e-01  9.78854307e-01 
 4.64907155e-11  6.65597983e-01  9.15736203e-01 
 4.73636976e-11  6.95824035e-01  8.61906612e-01 
 4.83636976e-11  7.55073582e-01  8.13370010e-01 
 4.93636976e-11  8.25121597e-01  7.76869120e-01 
 5.03636976e-11  8.98442486e-01  7.47927325e-01 
 5.11760688e-11  9.58643075e-01  7.27436229e-01 
 5.19797459e-11  1.01758997e+00  7.08256317e-01 
 5.29797459e-11  1.08776336e+00  6.84857690e-01 
 5.39797459e-11  1.15030094e+00  6.62469439e-01 
 5.46870913e-11  1.18708976e+00  6.48074022e-01 
 5.53424321e-11  1.21335019e+00  6.36387851e-01 
 5.60438956e-11  1.23107351e+00  6.26086153e-01 
 5.70438956e-11  1.23514913e+00  6.16018946e-01 
 5.76469310e-11  1.22512764e+00  6.13160292e-01 
 5.81694178e-11  1.20890702e+00  6.12808103e-01 
 5.87236864e-11  1.18449123e+00  6.14483449e-01 
 5.92548406e-11  1.15478349e+00  6.18079194e-01 
 5.99854663e-11  1.10559355e+00  6.26083010e-01 
 6.07387533e-11  1.04724774e+00  6.38415686e-01 
 6.15167710e-11  9.82557664e-01  6.56401070e-01 
 6.24017146e-11  9.13720599e-01  6.88975196e-01 
 6.34017146e-11  8.49798145e-01  7.50687119e-01 
 6.44017146e-11  8.01537411e-01  8.22684036e-01 
 6.52520542e-11  7.69633810e-01  8.86378839e-01 
 6.60150224e-11  7.45517573e-01  9.43997864e-01 
 6.67930146e-11  7.23385859e-01  1.00234422e+00 
 6.76909183e-11  6.99453919e-01  1.06768766e+00 
 6.82839376e-11  6.84556115e-01  1.10863454e+00 
 6.88700029e-11  6.70563597e-01  1.14613340e+00 
 6.95413873e-11  6.55626860e-01  1.18359837e+00 
 7.02198641e-11  6.42266365e-01  1.21343036e+00 
 7.12198641e-11  6.26746121e-01  1.23857727e+00 
 7.22198641e-11  6.17385033e-01  1.23851956e+00 
 7.28480522e-11  6.15199038e-01  1.22519481e+00 
 7.34239357e-11  6.15810662e-01  1.20421625e+00 
 7.40685349e-11  6.19356505e-01  1.17169021e+00 
 7.47508664e-11  6.26473172e-01  1.12841678e+00 
 7.55733795e-11  6.40051710e-01  1.06722717e+00 
 7.64161431e-11  6.61504336e-01  9.98306529e-01 
 7.73840285e-11  7.08360637e-01  9.20582361e-01 
 7.83840285e-11  7.76071952e-01  8.54407291e-01 
 7.93840285e-11  8.50158399e-01  8.04189224e-01 
 8.03840285e-11  9.26133935e-01  7.65535117e-01 
 8.12895658e-11  9.95243776e-01  7.36632057e-01 
 8.21416801e-11  1.05957525e+00  7.12267201e-01 
 8.27124798e-11  1.10171040e+00  6.96971279e-01 
 8.32780382e-11  1.14196735e+00  6.82323625e-01 
 8.39488497e-11  1.18634305e+00  6.65555121e-01 
 8.45878591e-11  1.22340276e+00  6.50671570e-01 
 8.55878591e-11  1.26602258e+00  6.30676623e-01 
 8.65732931e-11  1.28500639e+00  6.16512211e-01 
 8.75732931e-11  1.27823543e+00  6.08853082e-01 
 8.82476725e-11  1.25876036e+00  6.07968707e-01 
 8.89466735e-11  1.22676670e+00  6.10716943e-01 
 8.96093476e-11  1.18674499e+00  6.16813658e-01 
 9.05952656e-11  1.11437470e+00  6.32366964e-01 
 9.14856763e-11  1.04061717e+00  6.55226959e-01 
 9.24856763e-11  9.53868365e-01  7.05323205e-01 
 9.34856763e-11  8.79031421e-01  7.74442110e-01 
 9.44856763e-11  8.21169730e-01  8.49521917e-01 
 9.53521690e-11  7.82184575e-01  9.16094036e-01 
 9.62089547e-11  7.50417521e-01  9.82185480e-01 
 9.70407038e-11  7.23497582e-01  1.04579244e+00 
 9.77224491e-11  7.03271753e-01  1.09676378e+00 
 9.82791363e-11  6.87699366e-01  1.13685999e+00 
 9.88943977e-11  6.71341247e-01  1.17833394e+00 
 9.95774780e-11  6.54535027e-01  1.21882177e+00 
 1.00466817e-10  6.35749639e-01  1.25861058e+00 
 1.01466817e-10  6.20260189e-01  1.28103167e+00 
 1.02361258e-10  6.12395308e-01  1.27876361e+00 
 1.02980386e-10  6.10665383e-01  1.26460973e+00 
 1.03611332e-10  6.12052323e-01  1.24010865e+00 
 1.04253164e-10  6.16737371e-01  1.20584786e+00 
 1.05064175e-10  6.27548520e-01  1.15172602e+00 
 1.05866057e-10  6.44742839e-01  1.08971070e+00 
 1.06703977e-10  6.76209974e-01  1.01863708e+00 
 1.07703977e-10  7.39249733e-01  9.33237584e-01 
 1.08703977e-10  8.12528004e-01  8.62649256e-01 
 1.09703977e-10  8.88793224e-01  8.08429790e-01 
 1.10493963e-10  9.49844822e-01  7.74586302e-01 
 1.11426750e-10  1.02195225e+00  7.40990520e-01 
 1.12329915e-10  1.09093914e+00  7.12321140e-01 
 1.12930775e-10  1.13574785e+00  6.94715503e-01 
 1.13507440e-10  1.17708669e+00  6.78606908e-01 
 1.14203689e-10  1.22300063e+00  6.60162317e-01 
 1.14858668e-10  1.25999446e+00  6.44375589e-01 
 1.15858668e-10  1.29928860e+00  6.24455679e-01 
 1.16858668e-10  1.31329396e+00  6.11105825e-01 
 1.17550062e-10  1.30708313e+00  6.06376384e-01 
 1.18119282e-10  1.29219237e+00  6.05452988e-01 
 1.18771704e-10  1.26500000e+00  6.07580280e-01 
 1.19392166e-10  1.23023873e+00  6.12840011e-01 
 1.20258904e-10  1.17035086e+00  6.25711147e-01 
 1.21139570e-10  1.10025772e+00  6.47381065e-01 
 1.22064467e-10  1.01862471e+00  6.91953892e-01 
 1.23064467e-10  9.31661075e-01  7.60477533e-01 
 1.24064467e-10  8.60310362e-01  8.35650137e-01 
 1.25064467e-10  8.05284459e-01  9.12833853e-01 
 1.25987187e-10  7.65262222e-01  9.84605033e-01 
 1.26818225e-10  7.34929918e-01  1.04901377e+00 
 1.27520315e-10  7.11949603e-01  1.10266421e+00 
 1.28068087e-10  6.95220466e-01  1.14348697e+00 
 1.28664292e-10  6.77909757e-01  1.18592738e+00 
 1.29338649e-10  6.59607671e-01  1.22956472e+00 
 1.30127192e-10  6.40687621e-01  1.27129557e+00 
 1.31127192e-10  6.22019368e-01  1.30411876e+00 
 1.32127192e-10  6.10595259e-01  1.31056821e+00 
 1.32779365e-10  6.07572299e-01  1.29997127e+00 
 1.33413369e-10  6.08084681e-01  1.27881448e+00 
 1.34056469e-10  6.12093291e-01  1.24745139e+00 
 1.34849989e-10  6.22049978e-01  1.19743185e+00 
 1.35638129e-10  6.38524462e-01  1.13855783e+00 
 1.36458618e-10  6.69008531e-01  1.07009641e+00 
 1.37458618e-10  7.32035306e-01  9.79788106e-01 
 1.38458618e-10  8.05612651e-01  8.98824023e-01 
 1.39458618e-10  8.82200309e-01  8.34763347e-01 
 1.40269440e-10  9.45180547e-01  7.93845675e-01 
 1.41212153e-10  1.01856918e+00  7.54847103e-01 
 1.42101543e-10  1.08732037e+00  7.23391637e-01 
 1.42711537e-10  1.13371797e+00  7.03852034e-01 
 1.43291645e-10  1.17660099e+00  6.86291154e-01 
 1.43987608e-10  1.22486243e+00  6.66328205e-01 
 1.44641975e-10  1.26491021e+00  6.49121115e-01 
 1.45641975e-10  1.31002078e+00  6.27053734e-01 
 1.46641975e-10  1.33027605e+00  6.11757140e-01 
 1.47361286e-10  1.32790241e+00  6.05674084e-01 
 1.47928688e-10  1.31585666e+00  6.04033576e-01 
 1.48574575e-10  1.29184702e+00  6.05471184e-01 
 1.49177728e-10  1.26054471e+00  6.10075563e-01 
 1.50109076e-10  1.19901861e+00  6.23677820e-01 
 1.51002881e-10  1.12929941e+00  6.46875965e-01 
 1.51939627e-10  1.04655877e+00  6.95762810e-01 
 1.52939627e-10  9.55734110e-01  7.65924308e-01 
 1.53939627e-10  8.78544348e-01  8.41682846e-01 
 1.54939627e-10  8.18261407e-01  9.19202767e-01 
 1.55857895e-10  7.74726496e-01  9.90912524e-01 
 1.56697731e-10  7.41582831e-01  1.05635621e+00 
 1.57402623e-10  7.16940605e-01  1.11069385e+00 
 1.57952117e-10  6.99145896e-01  1.15221714e+00 
 1.58549723e-10  6.80809424e-01  1.19569116e+00 
 1.59225965e-10  6.61413364e-01  1.24096731e+00 
 1.60029324e-10  6.41010123e-01  1.28566097e+00 
 1.61029324e-10  6.21202994e-01  1.32127734e+00 
 1.62029324e-10  6.08956325e-01  1.33032069e+00 
 1.62687320e-10  6.05555352e-01  1.32106835e+00 
 1.63333958e-10  6.05923584e-01  1.30056440e+00 
 1.63959090e-10  6.09827938e-01  1.27097702e+00 
 1.64783600e-10  6.20523715e-01  1.21994416e+00 
 1.65593894e-10  6.38767641e-01  1.15986637e+00 
 1.66441139e-10  6.75484290e-01  1.08842843e+00 
 1.67441139e-10  7.41725398e-01  9.96657299e-01 
 1.68441139e-10  8.16371164e-01  9.12030027e-01 
 1.69441139e-10  8.93424348e-01  8.44035141e-01 
 1.70224221e-10  9.54478064e-01  8.01755755e-01 
 1.71153502e-10  1.02706277e+00  7.60597331e-01 
 1.72055858e-10  1.09710265e+00  7.26708138e-01 
 1.72651635e-10  1.14269066e+00  7.06624509e-01 
 1.73239224e-10  1.18650281e+00  6.87992935e-01 
 1.73928561e-10  1.23492271e+00  6.67382154e-01 
 1.74597178e-10  1.27651773e+00  6.49120399e-01 
 1.75597178e-10  1.32244943e+00  6.26356612e-01 
 1.76597178e-10  1.34322625e+00  6.10720459e-01 
 1.77289922e-10  1.34136560e+00  6.04766935e-01 
 1.77865474e-10  1.32954108e+00  6.03083516e-01 
 1.78530830e-10  1.30496743e+00  6.04752236e-01 
 1.79168625e-10  1.27166944e+00  6.10110947e-01 
 1.80027685e-10  1.21495330e+00  6.23656883e-01 
 1.80903238e-10  1.14696366e+00  6.48565534e-01 
 1.81849192e-10  1.06314333e+00  7.01641431e-01 
 1.82849192e-10  9.70655087e-01  7.73225385e-01 
 1.83849192e-10  8.90004407e-01  8.49452502e-01 
 1.84748634e-10  8.31986313e-01  9.19380117e-01 
 1.85565569e-10  7.89645749e-01  9.83314560e-01 
 1.86348742e-10  7.55733510e-01  1.04458867e+00 
 1.87134098e-10  7.26023919e-01  1.10558884e+00 
 1.87694934e-10  7.06714346e-01  1.14851128e+00 
 1.88287956e-10  6.87493757e-01  1.19264987e+00 
 1.88970756e-10  6.66758053e-01  1.24029930e+00 
 1.89693632e-10  6.46964424e-01  1.28420827e+00 
 1.90693632e-10  6.24726064e-01  1.32728522e+00 
 1.91693632e-10  6.10012391e-01  1.34449950e+00 
 1.92355564e-10  6.05022615e-01  1.34049786e+00 
 1.92957554e-10  6.03938611e-01  1.32620616e+00 
 1.93665268e-10  6.06819250e-01  1.29747065e+00 
 1.94383349e-10  6.14570239e-01  1.25698247e+00 
 1.95195152e-10  6.30228744e-01  1.20061997e+00 
 1.96027814e-10  6.60301759e-01  1.13372506e+00 
 1.97027814e-10  7.22811934e-01  1.04336433e+00 
 1.98027814e-10  7.96537002e-01  9.52194459e-01 
 1.99027814e-10  8.73357191e-01  8.75012676e-01 
 1.99865395e-10  9.38645676e-01  8.23342511e-01 
 2.00820242e-10  1.01337334e+00  7.76069290e-01 
 2.01682732e-10  1.08068758e+00  7.40703282e-01 
 2.02330715e-10  1.13078742e+00  7.17221204e-01 
 2.02888364e-10  1.17315865e+00  6.98453151e-01 
 2.03508988e-10  1.21861722e+00  6.78704200e-01 
 2.04184298e-10  1.26418495e+00  6.58707482e-01 
 2.05107380e-10  1.31458431e+00  6.34972849e-01 
 2.06107380e-10  1.34696251e+00  6.15779101e-01 
 2.06896563e-10  1.35337780e+00  6.06381009e-01 
 2.07476518e-10  1.34676998e+00  6.03069550e-01 
 2.08091381e-10  1.32957594e+00  6.02895604e-01 
 2.08708805e-10  1.30266915e+00  6.06218287e-01 
 2.09514514e-10  1.25547209e+00  6.16066627e-01 
 2.10304807e-10  1.19894860e+00  6.33293269e-01 
 2.11125396e-10  1.13132735e+00  6.67634889e-01 
 2.12125396e-10  1.03983904e+00  7.33047643e-01 
 2.13125396e-10  9.48672716e-01  8.07669839e-01 
 2.14125396e-10  8.71882596e-01  8.84840444e-01 
 2.14924633e-10  8.22581632e-01  9.47287148e-01 
 2.15862262e-10  7.75744892e-01  1.02076742e+00 
 2.16762922e-10  7.38407928e-01  1.09108758e+00 
 2.17388267e-10  7.15544740e-01  1.13939924e+00 
 2.17966392e-10  6.95904834e-01  1.18318992e+00 
 2.18670303e-10  6.73460543e-01  1.23401505e+00 
 2.19318146e-10  6.54541824e-01  1.27633911e+00 
 2.20318146e-10  6.29888909e-01  1.32666757e+00 
 2.21318146e-10  6.12536237e-01  1.35243640e+00 
 2.22021245e-10  6.05464800e-01  1.35395792e+00 
 2.22591518e-10  6.03098835e-01  1.34481636e+00 
 2.23243805e-10  6.04049354e-01  1.32354245e+00 
 2.23861016e-10  6.08665705e-01  1.29386877e+00 
 2.24829343e-10  6.23924749e-01  1.23269046e+00 
 2.25709773e-10  6.51722348e-01  1.16509003e+00 
 2.26686406e-10  7.09878803e-01  1.07850899e+00 
 2.27686406e-10  7.82651124e-01  9.84956614e-01 
 2.28686406e-10  8.59269845e-01  9.01264516e-01 
 2.29570736e-10  9.28160196e-01  8.41197078e-01 
 2.30397741e-10  9.92948407e-01  7.95913456e-01 
 2.31192294e-10  1.05518595e+00  7.59762674e-01 
 2.31956780e-10  1.11471799e+00  7.29558606e-01 
 2.32509447e-10  1.15724371e+00  7.09742933e-01 
 2.33100605e-10  1.20168729e+00  6.89828279e-01 
 2.33782891e-10  1.25019351e+00  6.68289600e-01 
 2.34514410e-10  1.29600583e+00  6.47418469e-01 
 2.35514410e-10  1.34132655e+00  6.24168180e-01 
 2.36514410e-10  1.36081792e+00  6.08664249e-01 
 2.37168191e-10  1.35830760e+00  6.03340103e-01 
 2.37775847e-10  1.34509999e+00  6.01974120e-01 
 2.38467892e-10  1.31827374e+00  6.04601860e-01 
 2.39198121e-10  1.27827869e+00  6.12453730e-01 
 2.40007441e-10  1.22305038e+00  6.28453655e-01 
 2.40837750e-10  1.15667777e+00  6.60246943e-01 
 2.41837750e-10  1.06634760e+00  7.23911434e-01 
 2.42837750e-10  9.72971683e-01  7.98064695e-01 
 2.43837750e-10  8.91213808e-01  8.75137979e-01 
 2.44666473e-10  8.36200904e-01  9.39872832e-01 
 2.45617662e-10  7.85473184e-01  1.01446549e+00 
 2.46488457e-10  7.47331163e-01  1.08261385e+00 
 2.47136025e-10  7.22516711e-01  1.13289027e+00 
 2.47695405e-10  7.02750106e-01  1.17566875e+00 
 2.48317874e-10  6.82064588e-01  1.22174422e+00 
 2.48993750e-10  6.61223198e-01  1.26815194e+00 
 2.49928081e-10  6.36247397e-01  1.32055434e+00 
 2.50928081e-10  6.16313864e-01  1.35445327e+00 
 2.51694110e-10  6.06743427e-01  1.36205340e+00 
 2.52265809e-10  6.03173615e-01  1.35673259e+00 
 2.52879537e-10  6.02754764e-01  1.34081657e+00 
 2.53489712e-10  6.05905211e-01  1.31539569e+00 
 2.54299977e-10  6.15897854e-01  1.26931618e+00 
 2.55090409e-10  6.33918841e-01  1.21379640e+00 
 2.55912115e-10  6.71112693e-01  1.14628254e+00 
 2.56912115e-10  7.37905742e-01  1.05478960e+00 
 2.57912115e-10  8.12909789e-01  9.61946248e-01 
 2.58912115e-10  8.90218682e-01  8.82115793e-01 
 2.59708866e-10  9.52500388e-01  8.30578133e-01 
 2.60645364e-10  1.02591483e+00  7.81552641e-01 
 2.61548685e-10  1.09652186e+00  7.42531909e-01 
 2.62175408e-10  1.14507932e+00  7.18793858e-01 
 2.62754492e-10  1.18920023e+00  6.98484898e-01 
 2.63458512e-10  1.24064880e+00  6.75339540e-01 
 2.64106624e-10  1.28393936e+00  6.55782927e-01 
 2.65106624e-10  1.33632323e+00  6.30180003e-01 
 2.66106624e-10  1.36443524e+00  6.11987855e-01 
 2.66808344e-10  1.36758780e+00  6.04437557e-01 
 2.67379350e-10  1.35967509e+00  6.01739244e-01 
 2.68033114e-10  1.33960607e+00  6.02416263e-01 
 2.68652831e-10  1.31081777e+00  6.06902771e-01 
 2.69627372e-10  1.25046162e+00  6.22364217e-01 
 2.70506859e-10  1.18343318e+00  6.51275974e-01 
 2.71490082e-10  1.09641546e+00  7.10815990e-01 
 2.72490082e-10  1.00220336e+00  7.83953294e-01 
 2.73490082e-10  9.15270880e-01  8.60788503e-01 
 2.74366211e-10  8.52437357e-01  9.29153177e-01 
 2.75198771e-10  8.04128525e-01  9.94463663e-01 
 2.76000550e-10  7.65652472e-01  1.05736646e+00 
 2.76764432e-10  7.34053876e-01  1.11698904e+00 
 2.77318113e-10  7.13391521e-01  1.15974506e+00 
 2.77910577e-10  6.92714643e-01  1.20454002e+00 
 2.78593515e-10  6.70455369e-01  1.25356441e+00 
 2.79336924e-10  6.48607435e-01  1.30078771e+00 
 2.80336924e-10  6.24721469e-01  1.34706032e+00 
 2.81336924e-10  6.08817492e-01  1.36746343e+00 
 2.81981613e-10  6.03413246e-01  1.36558979e+00 
 2.82597323e-10  6.01969565e-01  1.35273040e+00 
 2.83270003e-10  6.04566165e-01  1.32724656e+00 
 2.84017554e-10  6.12854842e-01  1.28694954e+00 
 2.84821531e-10  6.29641821e-01  1.23258823e+00 
 2.85646945e-10  6.64181868e-01  1.16650310e+00 
 2.86646945e-10  7.29443508e-01  1.07603344e+00 
 2.87646945e-10  8.04030908e-01  9.81996750e-01 
 2.88646945e-10  8.81260070e-01  8.98337778e-01 
 2.89467887e-10  9.45422006e-01  8.42078049e-01 
 2.90415752e-10  1.01976398e+00  7.89780875e-01 
 2.91293509e-10  1.08848640e+00  7.50123250e-01 
 2.91937108e-10  1.13852237e+00  7.24788613e-01 
 2.92499302e-10  1.18164332e+00  7.04429411e-01 
 2.93125455e-10  1.22825886e+00  6.83144320e-01 
 2.93801552e-10  1.27518447e+00  6.61823965e-01 
 2.94752818e-10  1.32939741e+00  6.35833275e-01 
 2.95752818e-10  1.36413172e+00  6.15495999e-01 
 2.96498850e-10  1.37233561e+00  6.05925260e-01 
 2.97063634e-10  1.36783808e+00  6.02206854e-01 
 2.97677917e-10  1.35270220e+00  6.01626279e-01 
 2.98280844e-10  1.32831525e+00  6.04642304e-01 
 2.99099041e-10  1.28263910e+00  6.14763390e-01 
 2.99891255e-10  1.22754970e+00  6.33309150e-01 
 3.00719029e-10  1.15962283e+00  6.72264460e-01 
 3.01719029e-10  1.06807623e+00  7.39794679e-01 
 3.02719029e-10  9.74142858e-01  8.15050222e-01 
 3.03719029e-10  8.91710098e-01  8.92509086e-01 
 3.04508434e-10  8.38430556e-01  9.54284013e-01 
 3.05441446e-10  7.87383936e-01  1.02749482e+00 
 3.06345919e-10  7.46724257e-01  1.09828753e+00 
 3.06973893e-10  7.22106456e-01  1.14704865e+00 
 3.07554626e-10  7.01117589e-01  1.19145351e+00 
 3.08258697e-10  6.77345552e-01  1.24324009e+00 
 3.08908561e-10  6.57235858e-01  1.28713113e+00 
 3.09908561e-10  6.30985930e-01  1.34050745e+00 
 3.10908561e-10  6.12310740e-01  1.36970809e+00 
 3.11603951e-10  6.04580390e-01  1.37362463e+00 
 3.12177388e-10  6.01722054e-01  1.36631365e+00 
 3.12836640e-10  6.02348448e-01  1.34667442e+00 
 3.13465862e-10  6.07005810e-01  1.31786153e+00 
 3.14336528e-10  6.20780416e-01  1.26499696e+00 
 3.15222675e-10  6.49656973e-01  1.19876423e+00 
 3.16151140e-10  7.05380083e-01  1.11749606e+00 
 3.17151140e-10  7.78095782e-01  1.02339230e+00 
 3.18151140e-10  8.54825744e-01  9.33237280e-01 
 3.19151140e-10  9.32787418e-01  8.58558113e-01 
 3.20055115e-10  1.00367269e+00  8.04913774e-01 
 3.20907201e-10  1.07049252e+00  7.63624076e-01 
 3.21630589e-10  1.12693290e+00  7.33494691e-01 
 3.22184555e-10  1.16970688e+00  7.12597332e-01 
 3.22782333e-10  1.21488909e+00  6.91507267e-01 
 3.23461307e-10  1.26358151e+00  6.69166445e-01 
 3.24267184e-10  1.31409909e+00  6.45455420e-01 
 3.25267184e-10  1.35835290e+00  6.22018397e-01 
 3.26267184e-10  1.37621260e+00  6.06853596e-01 
 3.26931595e-10  1.37227270e+00  6.01953595e-01 
 3.27591761e-10  1.35599717e+00  6.01343207e-01 
 3.28208600e-10  1.33057424e+00  6.04723718e-01 
 3.29071721e-10  1.28141775e+00  6.16323927e-01 
 3.29919273e-10  1.22105286e+00  6.39013939e-01 
 3.30794386e-10  1.14707188e+00  6.86036786e-01 
 3.31794386e-10  1.05416396e+00  7.56348127e-01 
 3.32794386e-10  9.60819355e-01  8.32421253e-01 
 3.33794386e-10  8.80604716e-01  9.10174607e-01 
 3.34577118e-10  8.29498137e-01  9.71522064e-01 
 3.35455668e-10  7.82553549e-01  1.04049536e+00 
 3.36382218e-10  7.41400527e-01  1.11297198e+00 
 3.36972897e-10  7.18416427e-01  1.15875383e+00 
 3.37563765e-10  6.97119075e-01  1.20375589e+00 
 3.38257406e-10  6.73804358e-01  1.25430080e+00 
 3.38968198e-10  6.52123283e-01  1.30099071e+00 
 3.39968198e-10  6.26907703e-01  1.35072357e+00 
 3.40968198e-10  6.09663795e-01  1.37517031e+00 
 3.41624206e-10  6.03358623e-01  1.37585574e+00 
 3.42227739e-10  6.01270994e-01  1.36551332e+00 
 3.42925589e-10  6.03303172e-01  1.34133278e+00 
 3.43645862e-10  6.10701893e-01  1.30444963e+00 
 3.44463794e-10  6.27137479e-01  1.25097280e+00 
 3.45302063e-10  6.61849881e-01  1.18500440e+00 
 3.46302063e-10  7.26907297e-01  1.09515235e+00 
 3.47302063e-10  8.01430894e-01  1.00055278e+00 
 3.48302063e-10  8.78706212e-01  9.13557231e-01 
 3.49132303e-10  9.43617791e-01  8.53486263e-01 
 3.50084378e-10  1.01832316e+00  7.98032976e-01 
 3.50952815e-10  1.08639327e+00  7.56848779e-01 
 3.51606647e-10  1.13734565e+00  7.30015483e-01 
 3.52163704e-10  1.18026679e+00  7.09113336e-01 
 3.52782155e-10  1.22674601e+00  6.87393403e-01 
 3.53458100e-10  1.27457208e+00  6.65347306e-01 
 3.54373549e-10  1.32919355e+00  6.39201646e-01 
 3.55373549e-10  1.36786106e+00  6.17452389e-01 
 3.56155667e-10  1.37936956e+00  6.06455421e-01 
 3.56733034e-10  1.37649638e+00  6.02118569e-01 
 3.57346019e-10  1.36300606e+00  6.01082338e-01 
 3.57962197e-10  1.33945446e+00  6.03818940e-01 
 3.58764582e-10  1.29615994e+00  6.13429853e-01 
 3.59557776e-10  1.24221361e+00  6.31848085e-01 
 3.60372249e-10  1.17623571e+00  6.70063221e-01 
 3.61372249e-10  1.08523886e+00  7.37379520e-01 
 3.62372249e-10  9.90590675e-01  8.12567656e-01 
 3.63372249e-10  9.05089229e-01  8.90053959e-01 
 3.64170609e-10  8.48507428e-01  9.52540536e-01 
 3.65108169e-10  7.94697914e-01  1.02613112e+00 
 3.66008281e-10  7.52502218e-01  1.09665498e+00 
 3.66644783e-10  7.26645112e-01  1.14619200e+00 
 3.67219475e-10  7.05229810e-01  1.19033820e+00 
 3.67929425e-10  6.80568209e-01  1.24307080e+00 
 3.68569987e-10  6.60140702e-01  1.28720952e+00 
 3.69569987e-10  6.32875767e-01  1.34282137e+00 
 3.70569987e-10  6.13196150e-01  1.37483140e+00 
 3.71274305e-10  6.04731432e-01  1.38078538e+00 
 3.71843173e-10  6.01448002e-01  1.37505007e+00 
 3.72491815e-10  6.01580907e-01  1.35743912e+00 
 3.73103952e-10  6.05643313e-01  1.33101523e+00 
 3.74056659e-10  6.20509934e-01  1.27479362e+00 
 3.74948649e-10  6.51056926e-01  1.20840864e+00 
 3.75900026e-10  7.09335546e-01  1.12508956e+00 
 3.76900026e-10  7.82509794e-01  1.03084816e+00 
 3.77900026e-10  8.59422313e-01  9.39600260e-01 
 3.78792421e-10  9.29081177e-01  8.70528838e-01 
 3.79615005e-10  9.93618981e-01  8.18620058e-01 
 3.80403887e-10  1.05555548e+00  7.77550536e-01 
 3.81204899e-10  1.11821339e+00  7.42038480e-01 
 3.81771083e-10  1.16213444e+00  7.19696618e-01 
 3.82365165e-10  1.20746286e+00  6.97936055e-01 
 3.83049648e-10  1.25754523e+00  6.74576501e-01 
 3.83767337e-10  1.30504282e+00  6.52353795e-01 
 3.84767337e-10  1.35538066e+00  6.26772117e-01 
 3.85767337e-10  1.38047207e+00  6.09266544e-01 
 3.86420464e-10  1.38157633e+00  6.02870174e-01 
 3.87025739e-10  1.37156712e+00  6.00706709e-01 
 3.87718793e-10  1.34794391e+00  6.02699367e-01 
 3.88443232e-10  1.31121815e+00  6.10200874e-01 
 3.89258001e-10  1.25827134e+00  6.26882757e-01 
 3.90093334e-10  1.19262473e+00  6.62421353e-01 
 3.91093334e-10  1.10281473e+00  7.27946906e-01 
 3.92093334e-10  1.00805466e+00  8.02610850e-01 
 3.93093334e-10  9.19703305e-01  8.79973315e-01 
 3.93919310e-10  8.58513468e-01  9.44588784e-01 
 3.94869601e-10  8.01735935e-01  1.01918353e+00 
 3.95742087e-10  7.59385579e-01  1.08760674e+00 
 3.96401342e-10  7.31791982e-01  1.13902362e+00 
 3.96958213e-10  7.10542741e-01  1.18198728e+00 
 3.97575055e-10  6.88554550e-01  1.22845949e+00 
 3.98251846e-10  6.66174140e-01  1.27656367e+00 
 3.99162670e-10  6.39793106e-01  1.33140481e+00 
 4.00162670e-10  6.17701534e-01  1.37078521e+00 
 4.00935412e-10  6.06607214e-01  1.38282885e+00 
 4.01508779e-10  6.02135700e-01  1.38056165e+00 
 4.02119117e-10  6.00952734e-01  1.36776408e+00 
 4.02733118e-10  6.03565100e-01  1.34490939e+00 
 4.03531966e-10  6.13064356e-01  1.30253863e+00 
 4.04326533e-10  6.31689088e-01  1.24906794e+00 
 4.05142544e-10  6.70591973e-01  1.18323775e+00 
 4.06142544e-10  7.38177180e-01  1.09239381e+00 
 4.07142544e-10  8.13430149e-01  9.97558157e-01 
 4.08142544e-10  8.90956037e-01  9.10811256e-01 
 4.08941720e-10  9.53512618e-01  8.52974690e-01 
 4.09879743e-10  1.02713949e+00  7.97961188e-01 
 4.10778750e-10  1.09759329e+00  7.54981910e-01 
 4.11418637e-10  1.14743090e+00  7.28541633e-01 
 4.11991668e-10  1.19152415e+00  7.06870042e-01 
 4.12629510e-10  1.23925675e+00  6.84352085e-01 
 4.13307543e-10  1.28670980e+00  6.62247559e-01 
 4.14307543e-10  1.34382806e+00  6.34289397e-01 
 4.15307543e-10  1.37787943e+00  6.13882532e-01 
 4.16020534e-10  1.38539132e+00  6.04833356e-01 
 4.16585225e-10  1.38081574e+00  6.01233465e-01 
 4.17224416e-10  1.36474316e+00  6.00976561e-01 
 4.17821101e-10  1.34021052e+00  6.04534061e-01 
 4.18732725e-10  1.28833152e+00  6.17796162e-01 
 4.19645123e-10  1.22219738e+00  6.47010249e-01 
 4.20541916e-10  1.14481132e+00  7.00386122e-01 
 4.21541916e-10  1.05109103e+00  7.72764846e-01 
 4.22541916e-10  9.57724281e-01  8.49461563e-01 
 4.23541916e-10  8.77697063e-01  9.27449911e-01 
 4.24372201e-10  8.23851258e-01  9.92585338e-01 
 4.25182222e-10  7.80657165e-01  1.05619074e+00 
 4.25998364e-10  7.43803707e-01  1.12005644e+00 
 4.26568270e-10  7.20981189e-01  1.16429587e+00 
 4.27161462e-10  6.98970429e-01  1.20961315e+00 
 4.27846933e-10  6.75300153e-01  1.25989085e+00 
 4.28574624e-10  6.52533396e-01  1.30819584e+00 
 4.29574624e-10  6.26748231e-01  1.35868120e+00 
 4.30574624e-10  6.09151101e-01  1.38388009e+00 
 4.31219708e-10  6.02812650e-01  1.38508750e+00 
 4.31831859e-10  6.00640868e-01  1.37506871e+00 
 4.32507738e-10  6.02639969e-01  1.35221213e+00 
 4.33246619e-10  6.10445638e-01  1.31499072e+00 
 4.34058460e-10  6.27640218e-01  1.26235931e+00 
 4.34891146e-10  6.64546355e-01  1.19678983e+00 
 4.35891146e-10  7.30789859e-01  1.10688328e+00 
 4.36891146e-10  8.05647221e-01  1.01202399e+00 
 4.37891146e-10  8.83082424e-01  9.23018280e-01 
 4.38712086e-10  9.47319261e-01  8.61490298e-01 
 4.39660243e-10  1.02174527e+00  8.04048675e-01 
 4.40536790e-10  1.09048741e+00  7.60904535e-01 
 4.41188178e-10  1.14130641e+00  7.33279054e-01 
 4.41747217e-10  1.18447520e+00  7.11671323e-01 
 4.42368009e-10  1.23132854e+00  6.89282071e-01 
 4.43044323e-10  1.27957517e+00  6.66670800e-01 
 4.43969923e-10  1.33555814e+00  6.39604148e-01 
 4.44969923e-10  1.37510428e+00  6.17365908e-01 
 4.45730725e-10  1.38720760e+00  6.06357930e-01 
 4.46300106e-10  1.38524691e+00  6.01848435e-01 
 4.46911346e-10  1.37274059e+00  6.00617189e-01 
 4.47520813e-10  1.35035871e+00  6.03202369e-01 
 4.48325783e-10  1.30801678e+00  6.12879934e-01 
 4.49120062e-10  1.25477115e+00  6.31980087e-01 
 4.49935339e-10  1.18899181e+00  6.71831734e-01 
 4.50935339e-10  1.09812556e+00  7.39870813e-01 
 4.51935339e-10  1.00313166e+00  8.15253221e-01 
 4.52935339e-10  9.15396216e-01  8.92846133e-01 
 4.53730724e-10  8.56815304e-01  9.55127191e-01 
 4.54666927e-10  8.00834491e-01  1.02862327e+00 
 4.55570560e-10  7.56853585e-01  1.09945765e+00 
 4.56210405e-10  7.30003939e-01  1.14931877e+00 
 4.56785474e-10  7.07956283e-01  1.19361427e+00 
 4.57425189e-10  6.85098807e-01  1.24157997e+00 
 4.58103475e-10  6.62739992e-01  1.28922338e+00 
 4.59103475e-10  6.34479269e-01  1.34672559e+00 
 4.60103475e-10  6.13851598e-01  1.38121526e+00 
 4.60811940e-10  6.04745536e-01  1.38902775e+00 
 4.61378492e-10  6.01068945e-01  1.38471555e+00 
 4.62021704e-10  6.00800258e-01  1.36878089e+00 
 4.62625311e-10  6.04477166e-01  1.34409497e+00 
 4.63554614e-10  6.18477100e-01  1.29121633e+00 
 4.64459065e-10  6.49151173e-01  1.22532099e+00 
 4.65377972e-10  7.05097116e-01  1.14570444e+00 
 4.66377972e-10  7.77997563e-01  1.05180424e+00 
 4.67377972e-10  8.54866896e-01  9.58315302e-01 
 4.68377972e-10  9.32922624e-01  8.78028488e-01 
 4.69289229e-10  1.00442188e+00  8.19204989e-01 
 4.70135851e-10  1.07088307e+00  7.74735879e-01 
 4.70880713e-10  1.12913382e+00  7.41452053e-01 
 4.71433214e-10  1.17198856e+00  7.19329774e-01 
 4.72025593e-10  1.21717382e+00  6.97289214e-01 
 4.72706686e-10  1.26695082e+00  6.73717889e-01 
 4.73487223e-10  1.31794579e+00  6.49430085e-01 
 4.74487223e-10  1.36618724e+00  6.24258529e-01 
 4.75487223e-10  1.38854037e+00  6.07536280e-01 
 4.76147142e-10  1.38761514e+00  6.01773078e-01 
 4.76795158e-10  1.37451506e+00  6.00395349e-01 
 4.77410785e-10  1.35169768e+00  6.03141346e-01 
 4.78237921e-10  1.30773357e+00  6.13528879e-01 
 4.79038503e-10  1.25346412e+00  6.33945451e-01 
 4.79878334e-10  1.18484339e+00  6.77238720e-01 
 4.80878334e-10  1.09336254e+00  7.46449663e-01 
 4.81878334e-10  9.98302094e-01  8.22194471e-01 
 4.82878334e-10  9.11219145e-01  8.99917483e-01 
 4.83654397e-10  8.54533623e-01  9.60729569e-01 
 4.84581104e-10  7.99370769e-01  1.03350294e+00 
 4.85489217e-10  7.55257252e-01  1.10468759e+00 
 4.86107006e-10  7.29330528e-01  1.15282013e+00 
 4.86689713e-10  7.06937615e-01  1.19767758e+00 
 4.87390269e-10  6.81924239e-01  1.24995302e+00 
 4.88045634e-10  6.60485308e-01  1.29545322e+00 
 4.89045634e-10  6.32618959e-01  1.35164268e+00 
 4.90045634e-10  6.12584957e-01  1.38420641e+00 
 4.90733524e-10  6.04176272e-01  1.39049992e+00 
 4.91308280e-10  6.00800756e-01  1.38513461e+00 
 4.91971036e-10  6.01056345e-01  1.36741541e+00 
 4.92607335e-10  6.05680763e-01  1.33993937e+00 
 4.93476684e-10  6.20019213e-01  1.28901916e+00 
 4.94361631e-10  6.52212291e-01  1.22364300e+00 
 4.95298220e-10  7.10590531e-01  1.14194583e+00 
 4.96298220e-10  7.84014031e-01  1.04783032e+00 
 4.97298220e-10  8.61041317e-01  9.54636058e-01 
 4.98189640e-10  9.30676508e-01  8.82590638e-01 
 4.99012454e-10  9.95244953e-01  8.27974905e-01 
 4.99801675e-10  1.05722518e+00  7.84807388e-01 
 5.00612862e-10  1.12073557e+00  7.47235566e-01 
 5.01184531e-10  1.16517054e+00  7.23810580e-01 
 5.01780596e-10  1.21083572e+00  7.01237138e-01 
 5.02465746e-10  1.26140903e+00  6.77124308e-01 
 5.03189973e-10  1.31014792e+00  6.53996387e-01 
 5.04189973e-10  1.36207082e+00  6.27548825e-01 
 5.05189973e-10  1.38899204e+00  6.09337359e-01 
 5.05840674e-10  1.39130356e+00  6.02605280e-01 
 5.06449690e-10  1.38228692e+00  6.00187129e-01 
 5.07135731e-10  1.36000353e+00  6.02016498e-01 
 5.07867372e-10  1.32395904e+00  6.09650837e-01 
 5.08680274e-10  1.27201054e+00  6.26980699e-01 
 5.09513937e-10  1.20676869e+00  6.64558820e-01 
 5.10513937e-10  1.11710402e+00  7.31076515e-01 
 5.11513937e-10  1.02220587e+00  8.06002976e-01 
 5.12513937e-10  9.31731814e-01  8.83497388e-01 
 5.13334906e-10  8.68478525e-01  9.47761245e-01 
 5.14283147e-10  8.09238009e-01  1.02220886e+00 
 5.15159642e-10  7.64818902e-01  1.09097435e+00 
 5.15823174e-10  7.35956030e-01  1.14278351e+00 
 5.16381483e-10  7.13909896e-01  1.18596349e+00 
 5.16998731e-10  6.91217608e-01  1.23270708e+00 
 5.17676469e-10  6.68137273e-01  1.28139638e+00 
 5.18592612e-10  6.40789025e-01  1.33769676e+00 
 5.19592612e-10  6.17956590e-01  1.37864240e+00 
 5.20353479e-10  6.06552978e-01  1.39189960e+00 
 5.20922753e-10  6.01792495e-01  1.39078795e+00 
 5.21533010e-10  6.00344809e-01  1.37916305e+00 
 5.22142891e-10  6.02776802e-01  1.35755111e+00 
 5.22944884e-10  6.12338557e-01  1.31627345e+00 
 5.23740084e-10  6.31722083e-01  1.26364978e+00 
 5.24556582e-10  6.72300182e-01  1.19812826e+00 
 5.25556582e-10  7.40615791e-01  1.10747803e+00 
 5.26556582e-10  8.16065078e-01  1.01239127e+00 
 5.27556582e-10  8.93708853e-01  9.23150537e-01 
 5.28352170e-10  9.56018043e-01  8.62977814e-01 
 5.29288647e-10  1.02953821e+00  8.05372299e-01 
 5.30190735e-10  1.10027078e+00  7.60304131e-01 
 5.30833315e-10  1.15038721e+00  7.32716414e-01 
 5.31405705e-10  1.19456100e+00  7.10328240e-01 
 5.32041883e-10  1.24247441e+00  6.87173706e-01 
 5.32719943e-10  1.29056391e+00  6.64395445e-01 
 5.33719943e-10  1.34925588e+00  6.35498591e-01 
 5.34719943e-10  1.38531784e+00  6.14260223e-01 
 5.35430073e-10  1.39432762e+00  6.04746080e-01 
 5.35994757e-10  1.39094570e+00  6.00812817e-01 
 5.36633908e-10  1.37612147e+00  6.00277813e-01 
 5.37231516e-10  1.35259340e+00  6.03694232e-01 
 5.38145153e-10  1.30192465e+00  6.17112137e-01 
 5.39058459e-10  1.23637901e+00  6.47876268e-01 
 5.39955621e-10  1.15925488e+00  7.02266873e-01 
 5.40955621e-10  1.06566466e+00  7.74974954e-01 
 5.41955621e-10  9.71227999e-01  8.51798897e-01 
 5.42955621e-10  8.88422151e-01  9.29865781e-01 
 5.43879577e-10  8.26481489e-01  1.00236410e+00 
 5.44713949e-10  7.81004930e-01  1.06788251e+00 
 5.45480368e-10  7.45628631e-01  1.12786865e+00 
 5.46034785e-10  7.22846304e-01  1.17094414e+00 
 5.46624273e-10  7.00413049e-01  1.21606883e+00 
 5.47306784e-10  6.76284990e-01  1.26634336e+00 
 5.48065260e-10  6.52084977e-01  1.31688305e+00 
 5.49065260e-10  6.25997285e-01  1.36732358e+00 
 5.50065260e-10  6.08364061e-01  1.39230435e+00 
 5.50719176e-10  6.02075241e-01  1.39321397e+00 
 5.51353825e-10  6.00154446e-01  1.38223168e+00 
 5.51989004e-10  6.02471961e-01  1.36032900e+00 
 5.52782482e-10  6.11781843e-01  1.31994220e+00 
 5.53579438e-10  6.31028956e-01  1.26758280e+00 
 5.54398523e-10  6.71588445e-01  1.20210662e+00 
 5.55398523e-10  7.39836299e-01  1.11160552e+00 
 5.56398523e-10  8.15269467e-01  1.01651602e+00 
 5.57398523e-10  8.92926585e-01  9.26687396e-01 
 5.58195951e-10  9.55390460e-01  8.65720214e-01 
 5.59133399e-10  1.02899799e+00  8.07382933e-01 
 5.60033025e-10  1.09955545e+00  7.61945251e-01 
 5.60668087e-10  1.14911254e+00  7.34402686e-01 
 5.61239116e-10  1.19322932e+00  7.11853241e-01 
 5.61876366e-10  1.24132854e+00  6.88456570e-01 
 5.62554044e-10  1.28961168e+00  6.65492330e-01 
 5.63554044e-10  1.34890142e+00  6.36289524e-01 
 5.64554044e-10  1.38579071e+00  6.14737901e-01 
 5.65268506e-10  1.39546122e+00  6.04962772e-01 
 5.65831205e-10  1.39254754e+00  6.00903055e-01 
 5.66466332e-10  1.37834969e+00  6.00213401e-01 
 5.67056947e-10  1.35561695e+00  6.03427729e-01 
 5.67953218e-10  1.30674923e+00  6.16212844e-01 
 5.68876650e-10  1.24125107e+00  6.46617773e-01 
 5.69752544e-10  1.16644999e+00  6.99204507e-01 
 5.70752544e-10  1.07314900e+00  7.71613878e-01 
 5.71752544e-10  9.78367393e-01  8.48337806e-01 
 5.72752544e-10  8.94283975e-01  9.26377704e-01 
 5.73573684e-10  8.37415950e-01  9.90803390e-01 
 5.74382298e-10  7.91304109e-01  1.05431446e+00 
 5.75232281e-10  7.50656401e-01  1.12089686e+00 
 5.75813588e-10  7.26283387e-01  1.16612662e+00 
 5.76408854e-10  7.03310674e-01  1.21182464e+00 
 5.77096129e-10  6.78710456e-01  1.26278317e+00 
 5.77813831e-10  6.55388573e-01  1.31156534e+00 
 5.78813831e-10  6.28382564e-01  1.36458001e+00 
 5.79813831e-10  6.09674649e-01  1.39280662e+00 
 5.80462484e-10  6.02685116e-01  1.39599812e+00 
 5.81071099e-10  6.00046831e-01  1.38780042e+00 
 5.81754636e-10  6.01679211e-01  1.36645244e+00 
 5.82485305e-10  6.09186123e-01  1.33127639e+00 
 5.83301336e-10  6.26721547e-01  1.27983572e+00 
 5.84137887e-10  6.65054604e-01  1.21473544e+00 
 5.85137887e-10  7.31828622e-01  1.12529386e+00 
 5.86137887e-10  8.06810791e-01  1.03041881e+00 
 5.87137887e-10  8.84346932e-01  9.38883943e-01 
 5.87959045e-10  9.48640951e-01  8.74247235e-01 
 5.88907469e-10  1.02310595e+00  8.13527265e-01 
 5.89783163e-10  1.09182025e+00  7.68087451e-01 
 5.90443669e-10  1.14342457e+00  7.38735331e-01 
 5.91000448e-10  1.18654835e+00  7.16321209e-01 
 5.91616727e-10  1.23336905e+00  6.93263873e-01 
 5.92293737e-10  1.28235571e+00  6.69809246e-01 
 5.93200644e-10  1.33905402e+00  6.42177485e-01 
 5.94200644e-10  1.38159181e+00  6.18698050e-01 
 5.94970233e-10  1.39626304e+00  6.06726380e-01 
 5.95542226e-10  1.39598898e+00  6.01682396e-01 
 5.96151243e-10  1.38521950e+00  6.00011563e-01 
 5.96764737e-10  1.36422234e+00  6.02291283e-01 
 5.97560923e-10  1.32407974e+00  6.11664816e-01 
 5.98357591e-10  1.27201657e+00  6.31198015e-01 
 5.99175959e-10  1.20672575e+00  6.72244108e-01 
 6.00175959e-10  1.11630896e+00  7.40705530e-01 
 6.01175959e-10  1.02120114e+00  8.16187953e-01 
 6.02175959e-10  9.30714418e-01  8.93870372e-01 
 6.02972624e-10  8.69022618e-01  9.56278415e-01 
 6.03909667e-10  8.09861692e-01  1.02984935e+00 
 6.04810684e-10  7.63725973e-01  1.10051691e+00 
 6.05456797e-10  7.35377598e-01  1.15094469e+00 
 6.06028182e-10  7.12602105e-01  1.19510802e+00 
 6.06662105e-10  6.89131820e-01  1.24301583e+00 
 6.07340000e-10  6.65971027e-01  1.29145444e+00 
 6.08340000e-10  6.36515162e-01  1.35110163e+00 
 6.09340000e-10  6.14753199e-01  1.38844800e+00 
 6.10051547e-10  6.04894099e-01  1.39844874e+00 
 6.10615565e-10  6.00745618e-01  1.39582113e+00 
 6.11253138e-10  6.00007908e-01  1.38184232e+00 
 6.11848236e-10  6.03263709e-01  1.35912128e+00 
 6.12755131e-10  6.16457448e-01  1.30980186e+00 
 6.13672942e-10  6.47712653e-01  1.24457999e+00 
 6.14560530e-10  7.01672347e-01  1.16865042e+00 
 6.15560530e-10  7.74372347e-01  1.07526543e+00 
 6.16560530e-10  8.51196332e-01  9.80367409e-01 
 6.17560530e-10  9.29281398e-01  8.95850129e-01 
 6.18389394e-10  9.94325366e-01  8.38069723e-01 
 6.19197247e-10  1.05778028e+00  7.91695390e-01 
 6.20028576e-10  1.12290786e+00  7.51615400e-01 
 6.20603622e-10  1.16766543e+00  7.27268571e-01 
 6.21197565e-10  1.21329617e+00  7.04127398e-01 
 6.21883885e-10  1.26426920e+00  6.79344284e-01 
 6.22604012e-10  1.31336797e+00  6.55748879e-01 
 6.23604012e-10  1.36666639e+00  6.28528908e-01 
 6.24604012e-10  1.39520678e+00  6.09673725e-01 
 6.25249446e-10  1.39860859e+00  6.02652986e-01 
 6.25859636e-10  1.39060210e+00  5.99970395e-01 
 6.26537605e-10  1.36967458e+00  6.01580572e-01 
 6.27271862e-10  1.33458821e+00  6.09180481e-01 
 6.28087284e-10  1.28338160e+00  6.27024661e-01 
 6.28923250e-10  1.21834963e+00  6.66082634e-01 
 6.29923250e-10  1.12891949e+00  7.33198635e-01 
 6.30923250e-10  1.03403573e+00  8.08270298e-01 
 6.31923250e-10  9.42060894e-01  8.85842630e-01 
 6.32741741e-10  8.76997265e-01  9.49937002e-01 
 6.33689031e-10  8.15617209e-01  1.02431037e+00 
 6.34567183e-10  7.69511785e-01  1.09321591e+00 
 6.35227695e-10  7.39851304e-01  1.14482755e+00 
 6.35785127e-10  7.17200001e-01  1.18802040e+00 
 6.36401935e-10  6.93929502e-01  1.23492977e+00 
 6.37078994e-10  6.70289644e-01  1.28403503e+00 
 6.37989851e-10  6.42326274e-01  1.34122630e+00 
 6.38989851e-10  6.18670522e-01  1.38408678e+00 
 6.39751906e-10  6.06694102e-01  1.39896476e+00 
 6.40321171e-10  6.01578792e-01  1.39902806e+00 
 6.40929856e-10  5.99823257e-01  1.38862585e+00 
 6.41540857e-10  6.02032204e-01  1.36806392e+00 
 6.42338630e-10  6.11409779e-01  1.32824813e+00 
 6.43135208e-10  6.31141121e-01  1.27647532e+00 
 6.43953423e-10  6.72544261e-01  1.21134362e+00 
 6.44953423e-10  7.41157274e-01  1.12102158e+00 
 6.45953423e-10  8.16680568e-01  1.02591126e+00 
 6.46953423e-10  8.94392631e-01  9.34804281e-01 
 6.47750142e-10  9.56816866e-01  8.72339055e-01 
 6.48687181e-10  1.03039279e+00  8.12336624e-01 
 6.49588499e-10  1.10109349e+00  7.65554783e-01 
 6.50233810e-10  1.15147651e+00  7.36894154e-01 
 6.50805786e-10  1.19571876e+00  7.13845357e-01 
 6.51440245e-10  1.24374395e+00  6.90126416e-01 
 6.52117980e-10  1.29233804e+00  6.66756778e-01 
 6.53117980e-10  1.35243041e+00  6.37006692e-01 
 6.54117980e-10  1.39037186e+00  6.14984111e-01 
 6.54830444e-10  1.40083043e+00  6.04959339e-01 
 6.55394469e-10  1.39853904e+00  6.00715299e-01 
 6.56032011e-10  1.38491478e+00  5.99901677e-01 
 6.56626783e-10  1.36250763e+00  6.03120561e-01 
 6.57532664e-10  1.31364321e+00  6.16355027e-01 
 6.58451313e-10  1.24855593e+00  6.48162647e-01 
 6.59337762e-10  1.17281767e+00  7.02341220e-01 
 6.60337762e-10  1.07948760e+00  7.75128551e-01 
 6.61337762e-10  9.84428857e-01  8.51978822e-01 
 6.62337762e-10  8.99161300e-01  9.30079865e-01 
 6.63167649e-10  8.40590919e-01  9.95203133e-01 
 6.63976979e-10  7.93540972e-01  1.05877045e+00 
 6.64812992e-10  7.52785671e-01  1.12426730e+00 
 6.65390129e-10  7.28122126e-01  1.16919747e+00 
 6.65984956e-10  7.04758920e-01  1.21492185e+00 
 6.66671746e-10  6.79779758e-01  1.26599950e+00 
 6.67395237e-10  6.55915408e-01  1.31545062e+00 
 6.68395237e-10  6.28524999e-01  1.36897320e+00 
 6.69395237e-10  6.09555747e-01  1.39776038e+00 
 6.70038081e-10  6.02515621e-01  1.40132412e+00 
 6.70651322e-10  5.99801631e-01  1.39342769e+00 
 6.71321812e-10  6.01401783e-01  1.37291347e+00 
 6.72062822e-10  6.09145722e-01  1.33770393e+00 
 6.72875695e-10  6.27274730e-01  1.28678069e+00 
 6.73709347e-10  6.66883811e-01  1.22193922e+00 
 6.74709347e-10  7.34293502e-01  1.13252388e+00 
 6.75709347e-10  8.09447613e-01  1.03763765e+00 
 6.76709347e-10  8.87058911e-01  9.45255385e-01 
 6.77525702e-10  9.51001219e-01  8.79741529e-01 
 6.78472055e-10  1.02530620e+00  8.17698020e-01 
 6.79352001e-10  1.09435746e+00  7.70958508e-01 
 6.80009361e-10  1.14573404e+00  7.41124449e-01 
 6.80567645e-10  1.18901460e+00  7.18215478e-01 
 6.81185869e-10  1.23608012e+00  6.94688921e-01 
 6.81862626e-10  1.28527281e+00  6.70871987e-01 
 6.82778351e-10  1.34299512e+00  6.42548575e-01 
 6.83778351e-10  1.38613793e+00  6.18725975e-01 
 6.84536521e-10  1.40121384e+00  6.06709358e-01 
 6.85104460e-10  1.40151677e+00  6.01539653e-01 
 6.85713371e-10  1.39135989e+00  5.99735896e-01 
 6.86322905e-10  1.37108423e+00  6.01923269e-01 
 6.87122503e-10  1.33145208e+00  6.11385318e-01 
 6.87919080e-10  1.27984428e+00  6.31472647e-01 
 6.88737129e-10  1.21476766e+00  6.73416693e-01 
 6.89737129e-10  1.12447619e+00  7.42265923e-01 
 6.90737129e-10  1.02936213e+00  8.17851216e-01 
 6.91737129e-10  9.37820094e-01  8.95591977e-01 
 6.92531678e-10  8.74938694e-01  9.57853648e-01 
 6.93467724e-10  8.14321501e-01  1.03135025e+00 
 6.94371206e-10  7.66911730e-01  1.10222133e+00 
 6.95018167e-10  7.37899351e-01  1.15274068e+00 
 6.95590657e-10  7.14633219e-01  1.19704091e+00 
 6.96225271e-10  6.90728270e-01  1.24512626e+00 
 6.96903343e-10  6.67180466e-01  1.29385280e+00 
 6.97903343e-10  6.37213518e-01  1.35422963e+00 
 6.98903343e-10  6.15014692e-01  1.39254019e+00 
 6.99612825e-10  6.04928794e-01  1.40326153e+00 
 7.00177782e-10  6.00610865e-01  1.40121715e+00 
 7.00817298e-10  5.99757593e-01  1.38778919e+00 
 7.01415727e-10  6.03014742e-01  1.36540874e+00 
 7.02330837e-10  6.16632051e-01  1.31616272e+00 
 7.03245021e-10  6.49248703e-01  1.25127000e+00 
 7.04142443e-10  7.04666997e-01  1.17447717e+00 
 7.05142443e-10  7.77696362e-01  1.08107633e+00 
 7.06142443e-10  8.54629614e-01  9.85953052e-01 
 7.07142443e-10  9.32765797e-01  9.00364529e-01 
 7.08063804e-10  1.00506788e+00  8.35683606e-01 
 7.08901014e-10  1.07080983e+00  7.87820618e-01 
 7.09670503e-10  1.13106673e+00  7.50740232e-01 
 7.10225876e-10  1.17428067e+00  7.27038815e-01 
 7.10815348e-10  1.21955875e+00  7.03840760e-01 
 7.11498234e-10  1.27026333e+00  6.78945839e-01 
 7.12255989e-10  1.32163293e+00  6.54000234e-01 
 7.13255989e-10  1.37385793e+00  6.26965793e-01 
 7.14255989e-10  1.40093688e+00  6.08532825e-01 
 7.14910764e-10  1.40322554e+00  6.01819996e-01 
 7.15546883e-10  1.39345780e+00  5.99602672e-01 
 7.16178586e-10  1.37280874e+00  6.01739883e-01 
 7.16975616e-10  1.33349264e+00  6.11148285e-01 
 7.17772491e-10  1.28199659e+00  6.31297944e-01 
 7.18591490e-10  1.21690764e+00  6.73415606e-01 
 7.19591490e-10  1.12665529e+00  7.42327159e-01 
 7.20591490e-10  1.03155000e+00  8.17936553e-01 
 7.21591490e-10  9.39750471e-01  8.95698496e-01 
 7.22384489e-10  8.76626273e-01  9.57851896e-01 
 7.23319992e-10  8.15614828e-01  1.03131693e+00 
 7.24223407e-10  7.67876052e-01  1.10219483e+00 
 7.24861908e-10  7.39048081e-01  1.15206940e+00 
 7.25432896e-10  7.15683813e-01  1.19628121e+00 
 7.26069085e-10  6.91569996e-01  1.24454344e+00 
 7.26747131e-10  6.67884091e-01  1.29338732e+00 
 7.27747131e-10  6.37717902e-01  1.35409619e+00 
 7.28747131e-10  6.15326823e-01  1.39287495e+00 
 7.29456765e-10  6.05113242e-01  1.40396729e+00 
 7.30020239e-10  6.00713992e-01  1.40223161e+00 
 7.30656996e-10  5.99761440e-01  1.38922054e+00 
 7.31251441e-10  6.02895353e-01  1.36733910e+00 
 7.32157139e-10  6.16157476e-01  1.31915005e+00 
 7.33076848e-10  6.48649795e-01  1.25434190e+00 
 7.33962534e-10  7.03119842e-01  1.17885562e+00 
 7.34962534e-10  7.76007059e-01  1.08563568e+00 
 7.35962534e-10  8.52886548e-01  9.90405165e-01 
 7.36962534e-10  9.31007953e-01  9.04081789e-01 
 7.37792095e-10  9.96103427e-01  8.44476257e-01 
 7.38600735e-10  1.05961084e+00  7.96566894e-01 
 7.39432115e-10  1.12475263e+00  7.55310843e-01 
 7.40007860e-10  1.16960077e+00  7.30305527e-01 
 7.40601817e-10  1.21532724e+00  7.06635088e-01 
 7.41287894e-10  1.26654576e+00  6.81342301e-01 
 7.42008866e-10  1.31626401e+00  6.57213592e-01 
 7.43008866e-10  1.37082408e+00  6.29319163e-01 
 7.44008866e-10  1.40092005e+00  6.09864991e-01 
 7.44654934e-10  1.40535903e+00  6.02512601e-01 
 7.45265294e-10  1.39827567e+00  5.99585636e-01 
 7.45943853e-10  1.37826166e+00  6.01017221e-01 
 7.46678239e-10  1.34404474e+00  6.08567821e-01 
 7.47494093e-10  1.29355104e+00  6.26780408e-01 
 7.48330462e-10  1.22885588e+00  6.66806472e-01 
 7.49330462e-10  1.13966264e+00  7.34331742e-01 
 7.50330462e-10  1.04483940e+00  8.09510225e-01 
 7.51330462e-10  9.51704231e-01  8.87148061e-01 
 7.52147502e-10  8.84988938e-01  9.51159243e-01 
 7.53094211e-10  8.21628415e-01  1.02549710e+00 
 7.53973574e-10  7.73963303e-01  1.09451239e+00 
 7.54637234e-10  7.43296988e-01  1.14640146e+00 
 7.55194743e-10  7.20064757e-01  1.18965808e+00 
 7.55810858e-10  6.96293547e-01  1.23665395e+00 
 7.56488377e-10  6.72136570e-01  1.28611747e+00 
 7.57397595e-10  6.43599175e-01  1.34404655e+00 
 7.58397595e-10  6.19316656e-01  1.38823330e+00 
 7.59157215e-10  6.06964920e-01  1.40421460e+00 
 7.59725531e-10  6.01591571e-01  1.40516080e+00 
 7.60333728e-10  5.99612761e-01  1.39567012e+00 
 7.60944061e-10  6.01671867e-01  1.37596627e+00 
 7.61741208e-10  6.11023161e-01  1.33714012e+00 
 7.62538202e-10  6.31290571e-01  1.28602208e+00 
 7.63356888e-10  6.73589753e-01  1.22120721e+00 
 7.64356888e-10  7.42555219e-01  1.13112278e+00 
 7.65356888e-10  8.18162536e-01  1.03605823e+00 
 7.66356888e-10  8.95924167e-01  9.43766404e-01 
 7.67152802e-10  9.58300327e-01  8.79739598e-01 
 7.68089557e-10  1.03184983e+00  8.17911552e-01 
 7.68991120e-10  1.10257442e+00  7.69712406e-01 
 7.69638198e-10  1.15312204e+00  7.40197585e-01 
 7.70209130e-10  1.19734599e+00  7.16640478e-01 
 7.70841847e-10  1.24540682e+00  6.92475993e-01 
 7.71519413e-10  1.29438074e+00  6.68621657e-01 
 7.72513064e-10  1.35525755e+00  6.38343321e-01 
 7.73513064e-10  1.39488809e+00  6.15617103e-01 
 7.74226053e-10  1.40666483e+00  6.05138401e-01 
 7.74788523e-10  1.40540790e+00  6.00598565e-01 
 7.75423071e-10  1.39297039e+00  5.99495319e-01 
 7.76013362e-10  1.37172651e+00  6.02468178e-01 
 7.76908139e-10  1.32484702e+00  6.15302575e-01 
 7.77833483e-10  1.26027821e+00  6.47592856e-01 
 7.78704641e-10  1.18642879e+00  7.00887563e-01 
 7.79704641e-10  1.09344274e+00  7.73600863e-01 
 7.80704641e-10  9.98054551e-01  8.50425362e-01 
 7.81704641e-10  9.10437428e-01  9.28551099e-01 
 7.82525860e-10  8.50096496e-01  9.92995449e-01 
 7.83332931e-10  8.01124277e-01  1.05638641e+00 
 7.84195043e-10  7.57527775e-01  1.12395465e+00 
 7.84779976e-10  7.31803956e-01  1.16953940e+00 
 7.85375884e-10  7.07823736e-01  1.21545551e+00 
 7.86064002e-10  6.82243538e-01  1.26692189e+00 
 7.86776975e-10  6.58174375e-01  1.31632787e+00 
 7.87776975e-10  6.29962201e-01  1.37151089e+00 
 7.88776975e-10  6.10207101e-01  1.40238722e+00 
 7.89422680e-10  6.02682733e-01  1.40735785e+00 
 7.90031278e-10  5.99614182e-01  1.40079864e+00 
 7.90710861e-10  6.00908845e-01  1.38127621e+00 
 7.91441405e-10  6.08304241e-01  1.34774191e+00 
 7.92258701e-10  6.26503615e-01  1.29762067e+00 
 7.93096417e-10  6.66677727e-01  1.23311556e+00 
 7.94096417e-10  7.34218683e-01  1.14411089e+00 
 7.95096417e-10  8.09389300e-01  1.04934925e+00 
 7.96096417e-10  8.87028457e-01  9.55848326e-01 
 7.96915774e-10  9.51224740e-01  8.88211370e-01 
 7.97863530e-10  1.02563923e+00  8.23960010e-01 
 7.98740455e-10  1.09446160e+00  7.75835122e-01 
 7.99403560e-10  1.14631680e+00  7.44853961e-01 
 7.99959557e-10  1.18948086e+00  7.21459704e-01 
 8.00573982e-10  1.23641691e+00  6.97546737e-01 
 8.01250829e-10  1.28601086e+00  6.73205645e-01 
 8.02149279e-10  1.34384797e+00  6.44683719e-01 
 8.03149279e-10  1.38913907e+00  6.19967099e-01 
 8.03921117e-10  1.40621510e+00  6.07118796e-01 
 8.04493491e-10  1.40766858e+00  6.01541355e-01 
 8.05100908e-10  1.39866722e+00  5.99419979e-01 
 8.05715849e-10  1.37922517e+00  6.01381701e-01 
 8.06507235e-10  1.34113027e+00  6.10552899e-01 
 8.07306098e-10  1.29027271e+00  6.30791680e-01 
 8.08126495e-10  1.22557210e+00  6.73167291e-01 
 8.09126495e-10  1.13564541e+00  7.42117829e-01 
 8.10126495e-10  1.04062199e+00  8.17719137e-01 
 8.11126495e-10  9.47812350e-01  8.95493629e-01 
 8.11923303e-10  8.83005447e-01  9.57949835e-01 
 8.12860532e-10  8.20358001e-01  1.03154301e+00 
 8.13761083e-10  7.71617956e-01  1.10219890e+00 
 8.14411814e-10  7.41611576e-01  1.15304749e+00 
 8.14981898e-10  7.17869433e-01  1.19723196e+00 
 8.15612897e-10  6.93568811e-01  1.24522635e+00 
 8.16290709e-10  6.69513470e-01  1.29436451e+00 
 8.17278298e-10  6.39129686e-01  1.35534799e+00 
 8.18278298e-10  6.16093954e-01  1.39572764e+00 
 8.18992471e-10  6.05395136e-01  1.40810509e+00 
 8.19553857e-10  6.00720640e-01  1.40730625e+00 
 8.20186289e-10  5.99472305e-01  1.39542093e+00 
 8.20773121e-10  6.02296479e-01  1.37476900e+00 
 8.21659359e-10  6.14782975e-01  1.32902308e+00 
 8.22589756e-10  6.46994424e-01  1.26467867e+00 
 8.23449152e-10  6.99373186e-01  1.19218099e+00 
 8.24449152e-10  7.71944816e-01  1.09941775e+00 
 8.25449152e-10  8.48714929e-01  1.00396890e+00 
 8.26449152e-10  9.26830110e-01  9.15477870e-01 
 8.27262278e-10  9.90632283e-01  8.54738907e-01 
 8.28083445e-10  1.05512326e+00  8.04064489e-01 
 8.29049896e-10  1.13084087e+00  7.54913678e-01 
 8.29644973e-10  1.17716578e+00  7.28900855e-01 
 8.30241517e-10  1.22303449e+00  7.05052119e-01 
 8.30938832e-10  1.27491533e+00  6.79312676e-01 
 8.31695423e-10  1.32640505e+00  6.54133670e-01 
 8.32695423e-10  1.37902491e+00  6.26806643e-01 
 8.33695423e-10  1.40651218e+00  6.08192205e-01 
 8.34353708e-10  1.40902233e+00  6.01405164e-01 
 8.34996384e-10  1.39924700e+00  5.99227544e-01 
 8.35619867e-10  1.37896047e+00  6.01483343e-01 
 8.36432606e-10  1.33896235e+00  6.11540004e-01 
 8.37223176e-10  1.28772501e+00  6.32958975e-01 
 8.38049112e-10  1.22177062e+00  6.77248434e-01 
 8.39049112e-10  1.13131369e+00  7.47003276e-01 
 8.40049112e-10  1.03615790e+00  8.22865796e-01 
 8.41049112e-10  9.43733208e-01  9.00736065e-01 
 8.41830096e-10  8.80644151e-01  9.61982093e-01 
 8.42759754e-10  8.18821975e-01  1.03500003e+00 
 8.43672986e-10  7.69618447e-01  1.10665318e+00 
 8.44307865e-10  7.40450640e-01  1.15625340e+00 
 8.44881455e-10  7.16597845e-01  1.20068506e+00 
 8.45521800e-10  6.91982142e-01  1.24929844e+00 
 8.46200464e-10  6.67988635e-01  1.29824673e+00 
 8.47200464e-10  6.37532496e-01  1.35904797e+00 
 8.48200464e-10  6.15012925e-01  1.39784541e+00 
 8.48897195e-10  6.04950862e-01  1.40883503e+00 
 8.49464770e-10  6.00521131e-01  1.40721146e+00 
 8.50110918e-10  5.99675622e-01  1.39401964e+00 
 8.50722114e-10  6.03200186e-01  1.37136006e+00 
 8.51671717e-10  6.18545791e-01  1.32015019e+00 
 8.52569615e-10  6.54325909e-01  1.25555498e+00 
 8.53508655e-10  7.14380979e-01  1.17454619e+00 
 8.54508655e-10  7.88230090e-01  1.08081925e+00 
 8.55508655e-10  8.65431842e-01  9.85696415e-01 
 8.56398403e-10  9.35046852e-01  9.08362384e-01 
 8.57222212e-10  9.99705243e-01  8.48076214e-01 
 8.58012810e-10  1.06179210e+00  8.00245491e-01 
 8.58833655e-10  1.12611547e+00  7.58592421e-01 
 8.59407997e-10  1.17088187e+00  7.33107948e-01 
 8.60003778e-10  1.21682205e+00  7.08899872e-01 
 8.60689298e-10  1.26820836e+00  6.83175913e-01 
 8.61404218e-10  1.31800896e+00  6.58800943e-01 
 8.62404218e-10  1.37380423e+00  6.30261898e-01 
 8.63404218e-10  1.40546501e+00  6.10208168e-01 
 8.64052685e-10  1.41096494e+00  6.02492363e-01 
 8.64660080e-10  1.40486316e+00  5.99314888e-01 
 8.65344690e-10  1.38562448e+00  6.00544808e-01 
 8.66072867e-10  1.35257339e+00  6.07919553e-01 
 8.66889727e-10  1.30281503e+00  6.26314572e-01 
 8.67727008e-10  1.23852530e+00  6.66908097e-01 
 8.68727008e-10  1.14965041e+00  7.34635984e-01 
 8.69727008e-10  1.05494017e+00  8.09859235e-01 
 8.70727008e-10  9.61031751e-01  8.87530778e-01 
 8.71545385e-10  8.92622803e-01  9.51671690e-01 
 8.72492670e-10  8.27335873e-01  1.02605983e+00 
 8.73371433e-10  7.78289935e-01  1.09503646e+00 
 8.74040153e-10  7.46571314e-01  1.14734514e+00 
 8.74596861e-10  7.22840289e-01  1.19058672e+00 
 8.75210566e-10  6.98680000e-01  1.23751925e+00 
 8.75888138e-10  6.74058699e-01  1.28728486e+00 
 8.76788222e-10  6.45200622e-01  1.34550821e+00 
 8.77788222e-10  6.20233740e-01  1.39122337e+00 
 8.78553971e-10  6.07323639e-01  1.40859597e+00 
 8.79124282e-10  6.01653303e-01  1.41042808e+00 
 8.79731706e-10  5.99441075e-01  1.40183110e+00 
 8.80344513e-10  6.01345650e-01  1.38284768e+00 
 8.81137617e-10  6.10581724e-01  1.34512125e+00 
 8.81935964e-10  6.31242675e-01  1.29458629e+00 
 8.82755898e-10  6.74174749e-01  1.23005885e+00 
 8.83755898e-10  7.43358086e-01  1.14023598e+00 
 8.84755898e-10  8.19013655e-01  1.04525451e+00 
 8.85755898e-10  8.96808069e-01  9.52047282e-01 
 8.86551908e-10  9.59204962e-01  8.86597096e-01 
 8.87488815e-10  1.03276275e+00  8.23097875e-01 
 8.88389623e-10  1.10343042e+00  7.73653570e-01 
 8.89040684e-10  1.15430904e+00  7.43241006e-01 
 8.89610093e-10  1.19846287e+00  7.19249162e-01 
 8.90240352e-10  1.24647057e+00  6.94719210e-01 
 8.90918201e-10  1.29578947e+00  6.70415051e-01 
 8.91901260e-10  1.35706624e+00  6.39806602e-01 
 8.92901260e-10  1.39832624e+00  6.16398695e-01 
 8.93615461e-10  1.41140152e+00  6.05458639e-01 
 8.94175770e-10  1.41115634e+00  6.00624996e-01 
 8.94806214e-10  1.39991762e+00  5.99215954e-01 
 8.95390124e-10  1.37991350e+00  6.01895481e-01 
 8.96269414e-10  1.33529603e+00  6.14117394e-01 
 8.97203716e-10  1.27128179e+00  6.46470710e-01 
 8.98053560e-10  1.19994675e+00  6.98217499e-01 
 8.99053560e-10  1.10741074e+00  7.70714105e-01 
 9.00053560e-10  1.01191046e+00  8.47457513e-01 
 9.01053560e-10  9.22289445e-01  9.25583827e-01 
 9.01861689e-10  8.60613475e-01  9.88998681e-01 
 9.02691237e-10  8.08226030e-01  1.05414915e+00 
 9.03651964e-10  7.58343462e-01  1.12943801e+00 
 9.04248825e-10  7.31766250e-01  1.17593831e+00 
 9.04844754e-10  7.07553515e-01  1.22184006e+00 
 9.05541160e-10  6.81460923e-01  1.27387679e+00 
 9.06283943e-10  6.56315034e-01  1.32502116e+00 
 9.07283943e-10  6.28319700e-01  1.37910992e+00 
 9.08283943e-10  6.09022858e-01  1.40845807e+00 
 9.08937394e-10  6.01842100e-01  1.41228474e+00 
 9.09570110e-10  5.99251332e-01  1.40403263e+00 
 9.10208303e-10  6.01149767e-01  1.38449943e+00 
 9.10996279e-10  6.10364299e-01  1.34705730e+00 
 9.11793766e-10  6.31111083e-01  1.29661401e+00 
 9.12613298e-10  6.74160651e-01  1.23213022e+00 
 9.13613298e-10  7.43412226e-01  1.14231754e+00 
 9.14613298e-10  8.19097569e-01  1.04733840e+00 
 9.15613298e-10  8.96916178e-01  9.53959223e-01 
 9.16407410e-10  9.59182061e-01  8.88335058e-01 
 9.17343563e-10  1.03269656e+00  8.24457849e-01 
 9.18244997e-10  1.10342824e+00  7.74634653e-01 
 9.18889230e-10  1.15378809e+00  7.44336251e-01 
 9.19455951e-10  1.19775541e+00  7.20294511e-01 
 9.20086274e-10  1.24581171e+00  6.95608022e-01 
 9.20763850e-10  1.29520160e+00  6.71172344e-01 
 9.21741629e-10  1.35646005e+00  6.40522304e-01 
 9.22741629e-10  1.39823235e+00  6.16892527e-01 
 9.23456331e-10  1.41172385e+00  6.05797982e-01 
 9.24014607e-10  1.41181346e+00  6.00873648e-01 
 9.24641530e-10  1.40104109e+00  5.99348182e-01 
 9.25219988e-10  1.38162520e+00  6.01874887e-01 
 9.26086920e-10  1.33828393e+00  6.13639362e-01 
 9.26919822e-10  1.28269936e+00  6.40120398e-01 
 9.27778331e-10  1.21228912e+00  6.90195035e-01 
 9.28778331e-10  1.12066100e+00  7.61786692e-01 
 9.29778331e-10  1.02527177e+00  8.38220309e-01 
 9.30778331e-10  9.34031228e-01  9.16258844e-01 
 9.31558109e-10  8.72430838e-01  9.77431875e-01 
 9.32441459e-10  8.14717815e-01  1.04679942e+00 
 9.33365423e-10  7.65425241e-01  1.11924354e+00 
 9.33975797e-10  7.37551547e-01  1.16687265e+00 
 9.34572920e-10  7.12787223e-01  1.21302407e+00 
 9.35264340e-10  6.86374508e-01  1.26514057e+00 
 9.35949821e-10  6.62504823e-01  1.31364364e+00 
 9.36949821e-10  6.32993405e-01  1.37167612e+00 
 9.37949821e-10  6.11844139e-01  1.40635011e+00 
 9.38610857e-10  6.03270939e-01  1.41400649e+00 
 9.39206056e-10  5.99542229e-01  1.40983785e+00 
 9.39917690e-10  6.00157431e-01  1.39170290e+00 
 9.40619552e-10  6.06620911e-01  1.36137780e+00 
 9.41450417e-10  6.24263202e-01  1.31236419e+00 
 9.42300632e-10  6.64328985e-01  1.24821878e+00 
 9.43300632e-10  7.31503189e-01  1.16002842e+00 
 9.44300632e-10  8.06537436e-01  1.06554710e+00 
 9.45300632e-10  8.84152920e-01  9.71024561e-01 
 9.46130735e-10  9.49209649e-01  9.00242342e-01 
 9.47083219e-10  1.02399929e+00  8.32964485e-01 
 9.47950189e-10  1.09205484e+00  7.83325029e-01 
 9.48625540e-10  1.14490734e+00  7.50517952e-01 
 9.49176895e-10  1.18778562e+00  7.26526850e-01 
 9.49783941e-10  1.23435326e+00  7.02176827e-01 
 9.50461279e-10  1.28448510e+00  6.77103110e-01 
 9.51325841e-10  1.34177069e+00  6.48656008e-01 
 9.52325841e-10  1.39032324e+00  6.22576108e-01 
 9.53133022e-10  1.41083989e+00  6.08164580e-01 
 9.53717197e-10  1.41391597e+00  6.01938275e-01 
 9.54323422e-10  1.40642776e+00  5.99369734e-01 
 9.54950589e-10  1.38793023e+00  6.01023283e-01 
 9.55727925e-10  1.35192172e+00  6.09749484e-01 
 9.56531154e-10  1.30195641e+00  6.30117908e-01 
 9.57355638e-10  1.23767479e+00  6.72962942e-01 
 9.58355638e-10  1.14822929e+00  7.41973435e-01 
 9.59355638e-10  1.05336231e+00  8.17563803e-01 
 9.60355638e-10  9.59546697e-01  8.95345768e-01 
 9.61157100e-10  8.92535052e-01  9.58174596e-01 
 9.62096637e-10  8.27541940e-01  1.03193611e+00 
 9.62991752e-10  7.77378080e-01  1.10216184e+00 
 9.63646337e-10  7.46207044e-01  1.15333563e+00 
 9.64212596e-10  7.21943213e-01  1.19728912e+00 
 9.64838534e-10  6.97205742e-01  1.24509030e+00 
 9.65515809e-10  6.72550226e-01  1.29467842e+00 
 9.66476587e-10  6.42007458e-01  1.35573058e+00 
 9.67476587e-10  6.17800060e-01  1.39902951e+00 
 9.68200201e-10  6.06158375e-01  1.41385569e+00 
 9.68753485e-10  6.00983034e-01  1.41482281e+00 
 9.69372841e-10  5.99118480e-01  1.40521947e+00 
 9.69954489e-10  6.01312907e-01  1.38661372e+00 
 9.70793414e-10  6.11993424e-01  1.34595910e+00 
 9.71595503e-10  6.35415334e-01  1.29399419e+00 
 9.72430794e-10  6.82057167e-01  1.22701389e+00 
 9.73430794e-10  7.52621487e-01  1.13637364e+00 
 9.74430794e-10  8.28716923e-01  1.04118126e+00 
 9.75430794e-10  9.06670341e-01  9.48279329e-01 
 9.76202362e-10  9.67195159e-01  8.85062705e-01 
 9.77126916e-10  1.03980103e+00  8.22351685e-01 
 9.78032360e-10  1.11082823e+00  7.72490093e-01 
 9.78663106e-10  1.16010731e+00  7.42873077e-01 
 9.79244497e-10  1.20516353e+00  7.18206428e-01 
 9.79949046e-10  1.25860505e+00  6.90723138e-01 
 9.80597712e-10  1.30530538e+00  6.67591149e-01 
 9.81597712e-10  1.36602077e+00  6.36915277e-01 
 9.82597712e-10  1.40452113e+00  6.14376129e-01 
 9.83283699e-10  1.41515523e+00  6.04534010e-01 
 9.83858692e-10  1.41334824e+00  6.00155944e-01 
 9.84521519e-10  1.39942143e+00  5.99592637e-01 
 9.85158795e-10  1.37516242e+00  6.03857750e-01 
 9.86030002e-10  1.32778960e+00  6.19021264e-01 
 9.86916663e-10  1.26401250e+00  6.56080151e-01 
 9.87851053e-10  1.18349497e+00  7.16588827e-01 
 9.88851053e-10  1.08985594e+00  7.90652647e-01 
 9.89851053e-10  9.94524898e-01  8.67921701e-01 
 9.90735309e-10  9.16344014e-01  9.37142111e-01 
 9.91561844e-10  8.54242949e-01  1.00201616e+00 
 9.92356024e-10  8.04814392e-01  1.06437483e+00 
 9.93183159e-10  7.61735731e-01  1.12918864e+00 
 9.93760100e-10  7.35545823e-01  1.17416973e+00 
 9.94357212e-10  7.10791358e-01  1.22025350e+00 
 9.95043713e-10  6.84569268e-01  1.27183677e+00 
 9.95767609e-10  6.59491044e-01  1.32249195e+00 
 9.96767609e-10  6.30537622e-01  1.37872799e+00 
 9.97767609e-10  6.10212534e-01  1.41089891e+00 
 9.98411099e-10  6.02449080e-01  1.41672456e+00 
 9.98994610e-10  5.99287331e-01  1.41141191e+00 
 9.99497305e-10  5.99651471e-01  1.39901701e+00 
 1.00000000e-09  6.02996496e-01  1.37999817e+00 
