 time            v(detp)         v(detn)        
 0.00000000e+00  2.89648133e+00  2.89648133e+00 
 1.25000000e-15  2.89648133e+00  2.89648133e+00 
 2.50000000e-15  2.89648133e+00  2.89648133e+00 
 5.00000000e-15  2.89648133e+00  2.89648133e+00 
 1.00000000e-14  2.89648133e+00  2.89648133e+00 
 2.00000000e-14  2.89648133e+00  2.89648133e+00 
 2.25000000e-14  2.89648133e+00  2.89648133e+00 
 2.75000000e-14  2.89648133e+00  2.89648133e+00 
 3.75000000e-14  2.89648133e+00  2.89648133e+00 
 5.75000000e-14  2.89648133e+00  2.89648133e+00 
 9.75000000e-14  2.89648133e+00  2.89648133e+00 
 1.77500000e-13  2.89648133e+00  2.89648133e+00 
 3.37500000e-13  2.89648133e+00  2.89648133e+00 
 6.57500000e-13  2.89648133e+00  2.89648133e+00 
 1.29750000e-12  2.89648133e+00  2.89648132e+00 
 2.29750000e-12  2.89648130e+00  2.89648131e+00 
 3.29750000e-12  2.89648118e+00  2.89648136e+00 
 4.29750000e-12  2.89648086e+00  2.89648162e+00 
 5.29750000e-12  2.89648017e+00  2.89648231e+00 
 6.29750000e-12  2.89647896e+00  2.89648365e+00 
 7.25004527e-12  2.89647715e+00  2.89648571e+00 
 8.25004527e-12  2.89647444e+00  2.89648886e+00 
 9.25004527e-12  2.89647079e+00  2.89649312e+00 
 1.02500453e-11  2.89646615e+00  2.89649852e+00 
 1.12500453e-11  2.89646054e+00  2.89650502e+00 
 1.20602532e-11  2.89645533e+00  2.89651103e+00 
 1.28717722e-11  2.89644957e+00  2.89651761e+00 
 1.36279833e-11  2.89644380e+00  2.89652415e+00 
 1.43484946e-11  2.89643801e+00  2.89653066e+00 
 1.51275761e-11  2.89643151e+00  2.89653788e+00 
 1.59809820e-11  2.89642420e+00  2.89654587e+00 
 1.68043990e-11  2.89641702e+00  2.89655356e+00 
 1.78043990e-11  2.89640815e+00  2.89656286e+00 
 1.88043990e-11  2.89639907e+00  2.89657224e+00 
 1.98043990e-11  2.89638968e+00  2.89658190e+00 
 2.08043990e-11  2.89637981e+00  2.89659208e+00 
 2.18043990e-11  2.89636930e+00  2.89660299e+00 
 2.28043990e-11  2.89635801e+00  2.89661482e+00 
 2.38043990e-11  2.89634582e+00  2.89662771e+00 
 2.48043990e-11  2.89633266e+00  2.89664173e+00 
 2.56012191e-11  2.89632147e+00  2.89665370e+00 
 2.63598886e-11  2.89631025e+00  2.89666572e+00 
 2.71192267e-11  2.89629852e+00  2.89667832e+00 
 2.80259057e-11  2.89628393e+00  2.89669396e+00 
 2.86702684e-11  2.89627324e+00  2.89670541e+00 
 2.93467595e-11  2.89626178e+00  2.89671765e+00 
 3.00676568e-11  2.89624938e+00  2.89673083e+00 
 3.09500543e-11  2.89623403e+00  2.89674703e+00 
 3.19500543e-11  2.89621647e+00  2.89676534e+00 
 3.29500543e-11  2.89619876e+00  2.89678363e+00 
 3.39500543e-11  2.89618083e+00  2.89680202e+00 
 3.49500543e-11  2.89616256e+00  2.89682071e+00 
 3.59500543e-11  2.89614380e+00  2.89683995e+00 
 3.69500543e-11  2.89612438e+00  2.89685995e+00 
 3.79500543e-11  2.89610417e+00  2.89688087e+00 
 3.89500543e-11  2.89608305e+00  2.89690286e+00 
 3.99500543e-11  2.89606097e+00  2.89692594e+00 
 4.07324563e-11  2.89604303e+00  2.89694477e+00 
 4.15003409e-11  2.89602488e+00  2.89696386e+00 
 4.22666512e-11  2.89600627e+00  2.89698344e+00 
 4.30854915e-11  2.89598591e+00  2.89700485e+00 
 4.37274146e-11  2.89596967e+00  2.89702193e+00 
 4.44341377e-11  2.89595157e+00  2.89704093e+00 
 4.51662625e-11  2.89593264e+00  2.89706073e+00 
 4.61394722e-11  2.89590731e+00  2.89708709e+00 
 4.71394722e-11  2.89588113e+00  2.89711411e+00 
 4.81394722e-11  2.89585480e+00  2.89714112e+00 
 4.91394722e-11  2.89582823e+00  2.89716826e+00 
 5.01394722e-11  2.89580129e+00  2.89719577e+00 
 5.11394722e-11  2.89577383e+00  2.89722386e+00 
 5.21394722e-11  2.89574567e+00  2.89725275e+00 
 5.31394722e-11  2.89571668e+00  2.89728259e+00 
 5.41394722e-11  2.89568678e+00  2.89731350e+00 
 5.51394722e-11  2.89565593e+00  2.89734550e+00 
 5.59088345e-11  2.89563155e+00  2.89737085e+00 
 5.67300749e-11  2.89560495e+00  2.89739854e+00 
 5.75288515e-11  2.89557857e+00  2.89742603e+00 
 5.82233697e-11  2.89555528e+00  2.89745029e+00 
 5.88604056e-11  2.89553368e+00  2.89747278e+00 
 5.95976794e-11  2.89550848e+00  2.89749899e+00 
 6.03506967e-11  2.89548258e+00  2.89752584e+00 
 6.13506967e-11  2.89544803e+00  2.89756150e+00 
 6.23506967e-11  2.89541336e+00  2.89759708e+00 
 6.33506967e-11  2.89537852e+00  2.89763267e+00 
 6.43506967e-11  2.89534342e+00  2.89766843e+00 
 6.53506967e-11  2.89530792e+00  2.89770461e+00 
 6.63506967e-11  2.89527186e+00  2.89774140e+00 
 6.73506967e-11  2.89523507e+00  2.89777903e+00 
 6.83506967e-11  2.89519745e+00  2.89781762e+00 
 6.93506967e-11  2.89515891e+00  2.89785727e+00 
 7.02203342e-11  2.89512462e+00  2.89789263e+00 
 7.09750848e-11  2.89509430e+00  2.89792395e+00 
 7.17365630e-11  2.89506322e+00  2.89795610e+00 
 7.25625804e-11  2.89502901e+00  2.89799151e+00 
 7.32277873e-11  2.89500114e+00  2.89802035e+00 
 7.38704657e-11  2.89497399e+00  2.89804843e+00 
 7.45956817e-11  2.89494317e+00  2.89808029e+00 
 7.53743320e-11  2.89490993e+00  2.89811456e+00 
 7.63743320e-11  2.89486710e+00  2.89815855e+00 
 7.73743320e-11  2.89482415e+00  2.89820247e+00 
 7.83743320e-11  2.89478104e+00  2.89824638e+00 
 7.93743320e-11  2.89473767e+00  2.89829050e+00 
 8.03743320e-11  2.89469388e+00  2.89833503e+00 
 8.13743320e-11  2.89464951e+00  2.89838019e+00 
 8.23743320e-11  2.89460442e+00  2.89842618e+00 
 8.33743320e-11  2.89455849e+00  2.89847315e+00 
 8.43743320e-11  2.89451163e+00  2.89852117e+00 
 8.52215620e-11  2.89447121e+00  2.89856268e+00 
 8.59784964e-11  2.89443454e+00  2.89860039e+00 
 8.67400027e-11  2.89439716e+00  2.89863887e+00 
 8.75889715e-11  2.89435499e+00  2.89868230e+00 
 8.82465620e-11  2.89432202e+00  2.89871627e+00 
 8.89043645e-11  2.89428882e+00  2.89875046e+00 
 8.96286930e-11  2.89425209e+00  2.89878825e+00 
 9.04493054e-11  2.89421033e+00  2.89883113e+00 
 9.14493054e-11  2.89415932e+00  2.89888334e+00 
 9.24493054e-11  2.89410820e+00  2.89893546e+00 
 9.34493054e-11  2.89405691e+00  2.89898760e+00 
 9.44493054e-11  2.89400534e+00  2.89903996e+00 
 9.54493054e-11  2.89395335e+00  2.89909274e+00 
 9.64493054e-11  2.89390077e+00  2.89914617e+00 
 9.74493054e-11  2.89384746e+00  2.89920043e+00 
 9.84493054e-11  2.89379331e+00  2.89925567e+00 
 9.94493054e-11  2.89373825e+00  2.89931193e+00 
 1.00264672e-10  2.89369267e+00  2.89935859e+00 
 1.01025498e-10  2.89364962e+00  2.89940271e+00 
 1.01787935e-10  2.89360600e+00  2.89944746e+00 
 1.02683611e-10  2.89355425e+00  2.89950057e+00 
 1.03342061e-10  2.89351590e+00  2.89953993e+00 
 1.04037435e-10  2.89347520e+00  2.89958169e+00 
 1.04773664e-10  2.89343195e+00  2.89962604e+00 
 1.05690915e-10  2.89337793e+00  2.89968132e+00 
 1.06690915e-10  2.89331892e+00  2.89974151e+00 
 1.07690915e-10  2.89325979e+00  2.89980163e+00 
 1.08690915e-10  2.89320048e+00  2.89986182e+00 
 1.09690915e-10  2.89314085e+00  2.89992227e+00 
 1.10690915e-10  2.89308075e+00  2.89998322e+00 
 1.11690915e-10  2.89302002e+00  2.90004487e+00 
 1.12690915e-10  2.89295852e+00  2.90010739e+00 
 1.13690915e-10  2.89289616e+00  2.90017089e+00 
 1.14690915e-10  2.89283289e+00  2.90023543e+00 
 1.15451562e-10  2.89278416e+00  2.90028521e+00 
 1.16227776e-10  2.89273393e+00  2.90033658e+00 
 1.17001017e-10  2.89268343e+00  2.90038825e+00 
 1.17756029e-10  2.89263374e+00  2.90043912e+00 
 1.18384821e-10  2.89259212e+00  2.90048173e+00 
 1.19150497e-10  2.89254123e+00  2.90053382e+00 
 1.19854040e-10  2.89249434e+00  2.90058179e+00 
 1.20854040e-10  2.89242754e+00  2.90064996e+00 
 1.21854040e-10  2.89236065e+00  2.90071804e+00 
 1.22854040e-10  2.89229364e+00  2.90078607e+00 
 1.23854040e-10  2.89222643e+00  2.90085420e+00 
 1.24854040e-10  2.89215887e+00  2.90092263e+00 
 1.25854040e-10  2.89209081e+00  2.90099159e+00 
 1.26854040e-10  2.89202211e+00  2.90106127e+00 
 1.27854040e-10  2.89195262e+00  2.90113184e+00 
 1.28854040e-10  2.89188227e+00  2.90120338e+00 
 1.29854040e-10  2.89181103e+00  2.90127595e+00 
 1.30629588e-10  2.89175518e+00  2.90133291e+00 
 1.31424991e-10  2.89169739e+00  2.90139190e+00 
 1.32238042e-10  2.89163786e+00  2.90145270e+00 
 1.32914785e-10  2.89158801e+00  2.90150364e+00 
 1.33557930e-10  2.89154043e+00  2.90155227e+00 
 1.34287918e-10  2.89148625e+00  2.90160761e+00 
 1.35063585e-10  2.89142856e+00  2.90166649e+00 
 1.36063585e-10  2.89135408e+00  2.90174235e+00 
 1.37063585e-10  2.89127951e+00  2.90181812e+00 
 1.38063585e-10  2.89120481e+00  2.90189386e+00 
 1.39063585e-10  2.89112988e+00  2.90196974e+00 
 1.40063585e-10  2.89105457e+00  2.90204599e+00 
 1.41063585e-10  2.89097872e+00  2.90212280e+00 
 1.42063585e-10  2.89090218e+00  2.90220038e+00 
 1.43063585e-10  2.89082484e+00  2.90227887e+00 
 1.44063585e-10  2.89074664e+00  2.90235834e+00 
 1.44913865e-10  2.89067945e+00  2.90242671e+00 
 1.45670506e-10  2.89061914e+00  2.90248815e+00 
 1.46431996e-10  2.89055798e+00  2.90255049e+00 
 1.47277656e-10  2.89048960e+00  2.90262023e+00 
 1.47935311e-10  2.89043614e+00  2.90267479e+00 
 1.48590218e-10  2.89038271e+00  2.90272931e+00 
 1.49313802e-10  2.89032353e+00  2.90278970e+00 
 1.50127349e-10  2.89025686e+00  2.90285765e+00 
 1.51127349e-10  2.89017482e+00  2.90294112e+00 
 1.52127349e-10  2.89009270e+00  2.90302448e+00 
 1.53127349e-10  2.89001045e+00  2.90310783e+00 
 1.54127349e-10  2.88992795e+00  2.90319134e+00 
 1.55127349e-10  2.88984507e+00  2.90327522e+00 
 1.56127349e-10  2.88976164e+00  2.90335969e+00 
 1.57127349e-10  2.88967752e+00  2.90344491e+00 
 1.58127349e-10  2.88959260e+00  2.90353104e+00 
 1.59127349e-10  2.88950683e+00  2.90361814e+00 
 1.59947603e-10  2.88943583e+00  2.90369032e+00 
 1.60707752e-10  2.88936953e+00  2.90375778e+00 
 1.61469956e-10  2.88930262e+00  2.90382592e+00 
 1.62356950e-10  2.88922428e+00  2.90390575e+00 
 1.63013853e-10  2.88916599e+00  2.90396516e+00 
 1.63701395e-10  2.88910480e+00  2.90402754e+00 
 1.64434049e-10  2.88903945e+00  2.90409414e+00 
 1.65331710e-10  2.88895928e+00  2.90417577e+00 
 1.66331710e-10  2.88886988e+00  2.90426661e+00 
 1.67331710e-10  2.88878041e+00  2.90435736e+00 
 1.68331710e-10  2.88869078e+00  2.90444813e+00 
 1.69331710e-10  2.88860088e+00  2.90453911e+00 
 1.70331710e-10  2.88851055e+00  2.90463050e+00 
 1.71331710e-10  2.88841964e+00  2.90472253e+00 
 1.72331710e-10  2.88832801e+00  2.90481534e+00 
 1.73331710e-10  2.88823557e+00  2.90490907e+00 
 1.74331710e-10  2.88814228e+00  2.90500377e+00 
 1.75099908e-10  2.88807005e+00  2.90507718e+00 
 1.75871766e-10  2.88799699e+00  2.90515148e+00 
 1.76641179e-10  2.88792373e+00  2.90522603e+00 
 1.77425294e-10  2.88784871e+00  2.90530242e+00 
 1.78057488e-10  2.88778800e+00  2.90536425e+00 
 1.78756496e-10  2.88772071e+00  2.90543280e+00 
 1.79480487e-10  2.88765089e+00  2.90550391e+00 
 1.80446326e-10  2.88755764e+00  2.90559877e+00 
 1.81446326e-10  2.88746103e+00  2.90569688e+00 
 1.82446326e-10  2.88736433e+00  2.90579491e+00 
 1.83446326e-10  2.88726747e+00  2.90589298e+00 
 1.84446326e-10  2.88717032e+00  2.90599128e+00 
 1.85446326e-10  2.88707272e+00  2.90609002e+00 
 1.86446326e-10  2.88697453e+00  2.90618939e+00 
 1.87446326e-10  2.88687561e+00  2.90628956e+00 
 1.88446326e-10  2.88677590e+00  2.90639064e+00 
 1.89446326e-10  2.88667535e+00  2.90649267e+00 
 1.90213251e-10  2.88659768e+00  2.90657156e+00 
 1.91046221e-10  2.88651281e+00  2.90665782e+00 
 1.91840323e-10  2.88643148e+00  2.90674055e+00 
 1.92540504e-10  2.88635947e+00  2.90681383e+00 
 1.93176488e-10  2.88629388e+00  2.90688059e+00 
 1.93915718e-10  2.88621749e+00  2.90695836e+00 
 1.94664351e-10  2.88614002e+00  2.90703719e+00 
 1.95664351e-10  2.88603646e+00  2.90714245e+00 
 1.96664351e-10  2.88593284e+00  2.90724760e+00 
 1.97664351e-10  2.88582913e+00  2.90735268e+00 
 1.98664351e-10  2.88572523e+00  2.90745784e+00 
 1.99664351e-10  2.88562099e+00  2.90756328e+00 
 2.00664351e-10  2.88551627e+00  2.90766921e+00 
 2.01664351e-10  2.88541093e+00  2.90777581e+00 
 2.02664351e-10  2.88530484e+00  2.90788322e+00 
 2.03664351e-10  2.88519795e+00  2.90799156e+00 
 2.04536389e-10  2.88510406e+00  2.90808679e+00 
 2.05290798e-10  2.88502235e+00  2.90816975e+00 
 2.06052206e-10  2.88493946e+00  2.90825396e+00 
 2.06875416e-10  2.88484942e+00  2.90834549e+00 
 2.07541922e-10  2.88477625e+00  2.90841990e+00 
 2.08181822e-10  2.88470584e+00  2.90849154e+00 
 2.08907257e-10  2.88462587e+00  2.90857290e+00 
 2.09678638e-10  2.88454074e+00  2.90865948e+00 
 2.10678638e-10  2.88443031e+00  2.90877167e+00 
 2.11678638e-10  2.88431983e+00  2.90888373e+00 
 2.12678638e-10  2.88420927e+00  2.90899573e+00 
 2.13678638e-10  2.88409850e+00  2.90910781e+00 
 2.14678638e-10  2.88398741e+00  2.90922017e+00 
 2.15678638e-10  2.88387583e+00  2.90933301e+00 
 2.16678638e-10  2.88376363e+00  2.90944651e+00 
 2.17678638e-10  2.88365069e+00  2.90956082e+00 
 2.18678638e-10  2.88353697e+00  2.90967602e+00 
 2.19531141e-10  2.88343939e+00  2.90977495e+00 
 2.20287494e-10  2.88335234e+00  2.90986327e+00 
 2.21048929e-10  2.88326430e+00  2.90995266e+00 
 2.21891719e-10  2.88316645e+00  2.91005207e+00 
 2.22550353e-10  2.88308973e+00  2.91013005e+00 
 2.23203239e-10  2.88301351e+00  2.91020753e+00 
 2.23926954e-10  2.88292890e+00  2.91029356e+00 
 2.24734791e-10  2.88283438e+00  2.91038963e+00 
 2.25734791e-10  2.88271731e+00  2.91050849e+00 
 2.26734791e-10  2.88260020e+00  2.91062722e+00 
 2.27734791e-10  2.88248299e+00  2.91074589e+00 
 2.28734791e-10  2.88236558e+00  2.91086466e+00 
 2.29734791e-10  2.88224782e+00  2.91098372e+00 
 2.30734791e-10  2.88212956e+00  2.91110327e+00 
 2.31734791e-10  2.88201068e+00  2.91122348e+00 
 2.32734791e-10  2.88189107e+00  2.91134450e+00 
 2.33734791e-10  2.88177067e+00  2.91146640e+00 
 2.34559263e-10  2.88167082e+00  2.91156758e+00 
 2.35318883e-10  2.88157837e+00  2.91166132e+00 
 2.36080937e-10  2.88148522e+00  2.91175583e+00 
 2.36961139e-10  2.88137722e+00  2.91186548e+00 
 2.37617275e-10  2.88129648e+00  2.91194749e+00 
 2.38299119e-10  2.88121242e+00  2.91203290e+00 
 2.39029468e-10  2.88112226e+00  2.91212450e+00 
 2.39912721e-10  2.88101316e+00  2.91223531e+00 
 2.40912721e-10  2.88088960e+00  2.91236066e+00 
 2.41912721e-10  2.88076599e+00  2.91248589e+00 
 2.42912721e-10  2.88064227e+00  2.91261107e+00 
 2.43912721e-10  2.88051832e+00  2.91273639e+00 
 2.44912721e-10  2.88039400e+00  2.91286202e+00 
 2.45912721e-10  2.88026917e+00  2.91298817e+00 
 2.46912721e-10  2.88014369e+00  2.91311499e+00 
 2.47912721e-10  2.88001749e+00  2.91324262e+00 
 2.48912721e-10  2.87989052e+00  2.91337111e+00 
 2.49686323e-10  2.87979178e+00  2.91347110e+00 
 2.50455009e-10  2.87969324e+00  2.91357096e+00 
 2.51221768e-10  2.87959457e+00  2.91367100e+00 
 2.52031824e-10  2.87948999e+00  2.91377710e+00 
 2.52668254e-10  2.87940763e+00  2.91386070e+00 
 2.53366359e-10  2.87931716e+00  2.91395256e+00 
 2.54092782e-10  2.87922292e+00  2.91404824e+00 
 2.55048713e-10  2.87909885e+00  2.91417414e+00 
 2.56048713e-10  2.87896902e+00  2.91430573e+00 
 2.57048713e-10  2.87883915e+00  2.91443719e+00 
 2.58048713e-10  2.87870916e+00  2.91456864e+00 
 2.59048713e-10  2.87857891e+00  2.91470024e+00 
 2.60048713e-10  2.87844827e+00  2.91483219e+00 
 2.61048713e-10  2.87831709e+00  2.91496467e+00 
 2.62048713e-10  2.87818526e+00  2.91509783e+00 
 2.63048713e-10  2.87805270e+00  2.91523179e+00 
 2.64048713e-10  2.87791940e+00  2.91536661e+00 
 2.64813726e-10  2.87781692e+00  2.91547032e+00 
 2.65655115e-10  2.87770375e+00  2.91558492e+00 
 2.66445354e-10  2.87759708e+00  2.91569300e+00 
 2.67151812e-10  2.87750146e+00  2.91578994e+00 
 2.67786804e-10  2.87741537e+00  2.91587726e+00 
 2.68528579e-10  2.87731466e+00  2.91597943e+00 
 2.69272345e-10  2.87721361e+00  2.91608194e+00 
 2.70272345e-10  2.87707771e+00  2.91621971e+00 
 2.71272345e-10  2.87694179e+00  2.91635734e+00 
 2.72272345e-10  2.87680581e+00  2.91649486e+00 
 2.73272345e-10  2.87666968e+00  2.91663240e+00 
 2.74272345e-10  2.87653327e+00  2.91677013e+00 
 2.75272345e-10  2.87639643e+00  2.91690823e+00 
 2.76272345e-10  2.87625903e+00  2.91704689e+00 
 2.77272345e-10  2.87612098e+00  2.91718624e+00 
 2.78272345e-10  2.87598221e+00  2.91732638e+00 
 2.79148473e-10  2.87586003e+00  2.91744985e+00 
 2.79902495e-10  2.87575445e+00  2.91755661e+00 
 2.80667829e-10  2.87564690e+00  2.91766542e+00 
 2.81487722e-10  2.87553134e+00  2.91778241e+00 
 2.82156631e-10  2.87543683e+00  2.91787814e+00 
 2.82795064e-10  2.87534649e+00  2.91796969e+00 
 2.83521420e-10  2.87524360e+00  2.91807397e+00 
 2.84288147e-10  2.87513493e+00  2.91818411e+00 
 2.85288147e-10  2.87499316e+00  2.91832769e+00 
 2.86288147e-10  2.87485139e+00  2.91847112e+00 
 2.87288147e-10  2.87470956e+00  2.91861444e+00 
 2.88288147e-10  2.87456757e+00  2.91875778e+00 
 2.89288147e-10  2.87442529e+00  2.91890131e+00 
 2.90288147e-10  2.87428259e+00  2.91904522e+00 
 2.91288147e-10  2.87413933e+00  2.91918967e+00 
 2.92288147e-10  2.87399541e+00  2.91933480e+00 
 2.93288147e-10  2.87385079e+00  2.91948072e+00 
 2.94144421e-10  2.87372639e+00  2.91960630e+00 
 2.94900381e-10  2.87361615e+00  2.91971766e+00 
 2.95661789e-10  2.87350475e+00  2.91983024e+00 
 2.96500457e-10  2.87338170e+00  2.91995468e+00 
 2.97160332e-10  2.87328468e+00  2.92005285e+00 
 2.97810415e-10  2.87318896e+00  2.92014975e+00 
 2.98534205e-10  2.87308230e+00  2.92025775e+00 
 2.99334314e-10  2.87296433e+00  2.92037718e+00 
 3.00334314e-10  2.87281688e+00  2.92052636e+00 
 3.01334314e-10  2.87266942e+00  2.92067539e+00 
 3.02334314e-10  2.87252190e+00  2.92082431e+00 
 3.03334314e-10  2.87237423e+00  2.92097324e+00 
 3.04334314e-10  2.87222625e+00  2.92112237e+00 
 3.05334314e-10  2.87207785e+00  2.92127187e+00 
 3.06334314e-10  2.87192890e+00  2.92142190e+00 
 3.07334314e-10  2.87177931e+00  2.92157260e+00 
 3.08334314e-10  2.87162903e+00  2.92172405e+00 
 3.09164667e-10  2.87150372e+00  2.92185039e+00 
 3.09923566e-10  2.87138880e+00  2.92196633e+00 
 3.10685438e-10  2.87127309e+00  2.92208313e+00 
 3.11556757e-10  2.87114042e+00  2.92221713e+00 
 3.12212424e-10  2.87104039e+00  2.92231822e+00 
 3.12887092e-10  2.87093735e+00  2.92242240e+00 
 3.13614944e-10  2.87082610e+00  2.92253489e+00 
 3.14479860e-10  2.87069387e+00  2.92266859e+00 
 3.15479860e-10  2.87054098e+00  2.92282305e+00 
 3.16479860e-10  2.87038808e+00  2.92297735e+00 
 3.17479860e-10  2.87023511e+00  2.92313155e+00 
 3.18479860e-10  2.87008196e+00  2.92328578e+00 
 3.19479860e-10  2.86992850e+00  2.92344023e+00 
 3.20479860e-10  2.86977458e+00  2.92359506e+00 
 3.21479860e-10  2.86962010e+00  2.92375043e+00 
 3.22479860e-10  2.86946499e+00  2.92390646e+00 
 3.23479860e-10  2.86930920e+00  2.92406323e+00 
 3.24262796e-10  2.86918676e+00  2.92418649e+00 
 3.25028262e-10  2.86906669e+00  2.92430744e+00 
 3.25792660e-10  2.86894646e+00  2.92442861e+00 
 3.26761168e-10  2.86879377e+00  2.92458259e+00 
 3.27475460e-10  2.86868097e+00  2.92469642e+00 
 3.28262758e-10  2.86855651e+00  2.92482205e+00 
 3.29050741e-10  2.86843190e+00  2.92494785e+00 
 3.30050741e-10  2.86827374e+00  2.92510744e+00 
 3.31050741e-10  2.86811559e+00  2.92526685e+00 
 3.32050741e-10  2.86795741e+00  2.92542612e+00 
 3.33050741e-10  2.86779910e+00  2.92558537e+00 
 3.34050741e-10  2.86764053e+00  2.92574473e+00 
 3.35050741e-10  2.86748157e+00  2.92590440e+00 
 3.36050741e-10  2.86732211e+00  2.92606452e+00 
 3.37050741e-10  2.86716205e+00  2.92622524e+00 
 3.38050741e-10  2.86700135e+00  2.92638664e+00 
 3.38910786e-10  2.86686262e+00  2.92652603e+00 
 3.39666474e-10  2.86674035e+00  2.92664894e+00 
 3.40427919e-10  2.86661683e+00  2.92677318e+00 
 3.41263496e-10  2.86648097e+00  2.92690990e+00 
 3.41922453e-10  2.86637365e+00  2.92701796e+00 
 3.42569084e-10  2.86626824e+00  2.92712417e+00 
 3.43291323e-10  2.86615042e+00  2.92724290e+00 
 3.44084069e-10  2.86602106e+00  2.92737326e+00 
 3.45084069e-10  2.86585790e+00  2.92753761e+00 
 3.46084069e-10  2.86569476e+00  2.92770178e+00 
 3.47084069e-10  2.86553158e+00  2.92786581e+00 
 3.48084069e-10  2.86536826e+00  2.92802981e+00 
 3.49084069e-10  2.86520467e+00  2.92819394e+00 
 3.50084069e-10  2.86504070e+00  2.92835837e+00 
 3.51084069e-10  2.86487622e+00  2.92852325e+00 
 3.52084069e-10  2.86471115e+00  2.92868871e+00 
 3.53084069e-10  2.86454545e+00  2.92885483e+00 
 3.53919872e-10  2.86440648e+00  2.92899422e+00 
 3.54678089e-10  2.86428005e+00  2.92912109e+00 
 3.55439792e-10  2.86415274e+00  2.92924891e+00 
 3.56303262e-10  2.86400812e+00  2.92939420e+00 
 3.56958900e-10  2.86389814e+00  2.92950475e+00 
 3.57627165e-10  2.86378594e+00  2.92961759e+00 
 3.58353129e-10  2.86366400e+00  2.92974027e+00 
 3.59201642e-10  2.86352145e+00  2.92988368e+00 
 3.60201642e-10  2.86335347e+00  2.93005257e+00 
 3.61201642e-10  2.86318550e+00  2.93022128e+00 
 3.62201642e-10  2.86301749e+00  2.93038986e+00 
 3.63201642e-10  2.86284933e+00  2.93055842e+00 
 3.64201642e-10  2.86268088e+00  2.93072712e+00 
 3.65201642e-10  2.86251203e+00  2.93089612e+00 
 3.66201642e-10  2.86234267e+00  2.93106556e+00 
 3.67201642e-10  2.86217273e+00  2.93123557e+00 
 3.68201642e-10  2.86200218e+00  2.93140623e+00 
 3.68996444e-10  2.86186620e+00  2.93154234e+00 
 3.69760132e-10  2.86173521e+00  2.93167351e+00 
 3.70523684e-10  2.86160395e+00  2.93180502e+00 
 3.71461520e-10  2.86144242e+00  2.93196694e+00 
 3.72144346e-10  2.86132465e+00  2.93208507e+00 
 3.72945159e-10  2.86118643e+00  2.93222376e+00 
 3.73688131e-10  2.86105815e+00  2.93235250e+00 
 3.74688131e-10  2.86088548e+00  2.93252572e+00 
 3.75688131e-10  2.86071283e+00  2.93269876e+00 
 3.76688131e-10  2.86054014e+00  2.93287162e+00 
 3.77688131e-10  2.86036734e+00  2.93304438e+00 
 3.78688131e-10  2.86019428e+00  2.93321719e+00 
 3.79688131e-10  2.86002085e+00  2.93339020e+00 
 3.80688131e-10  2.85984692e+00  2.93356355e+00 
 3.81688131e-10  2.85967241e+00  2.93373738e+00 
 3.82688131e-10  2.85949726e+00  2.93391177e+00 
 3.83578085e-10  2.85934084e+00  2.93406749e+00 
 3.84330893e-10  2.85920814e+00  2.93419959e+00 
 3.85115708e-10  2.85906944e+00  2.93433765e+00 
 3.85925927e-10  2.85892593e+00  2.93448052e+00 
 3.86602326e-10  2.85880592e+00  2.93460000e+00 
 3.87236771e-10  2.85869321e+00  2.93471221e+00 
 3.87965568e-10  2.85856363e+00  2.93484120e+00 
 3.88720236e-10  2.85842937e+00  2.93497480e+00 
 3.89720236e-10  2.85825139e+00  2.93515175e+00 
 3.90720236e-10  2.85807332e+00  2.93532852e+00 
 3.91720236e-10  2.85789510e+00  2.93550509e+00 
 3.92720236e-10  2.85771665e+00  2.93568156e+00 
 3.93720236e-10  2.85753782e+00  2.93585806e+00 
 3.94720236e-10  2.85735850e+00  2.93603473e+00 
 3.95720236e-10  2.85717856e+00  2.93621174e+00 
 3.96720236e-10  2.85699794e+00  2.93638920e+00 
 3.97720236e-10  2.85681659e+00  2.93656721e+00 
 3.98586282e-10  2.85665894e+00  2.93672185e+00 
 3.99341245e-10  2.85652108e+00  2.93685699e+00 
 4.00102618e-10  2.85638168e+00  2.93699358e+00 
 4.00931285e-10  2.85622959e+00  2.93714259e+00 
 4.01595213e-10  2.85610752e+00  2.93726216e+00 
 4.02238703e-10  2.85598905e+00  2.93737817e+00 
 4.02963420e-10  2.85585551e+00  2.93750893e+00 
 4.03744901e-10  2.85571142e+00  2.93764999e+00 
 4.04744901e-10  2.85552696e+00  2.93783049e+00 
 4.05744901e-10  2.85534241e+00  2.93801090e+00 
 4.06744901e-10  2.85515772e+00  2.93819119e+00 
 4.07744901e-10  2.85497280e+00  2.93837144e+00 
 4.08744901e-10  2.85478754e+00  2.93855176e+00 
 4.09744901e-10  2.85460183e+00  2.93873231e+00 
 4.10744901e-10  2.85441558e+00  2.93891320e+00 
 4.11744901e-10  2.85422873e+00  2.93909457e+00 
 4.12744901e-10  2.85404125e+00  2.93927648e+00 
 4.13589730e-10  2.85388238e+00  2.93943059e+00 
 4.14346954e-10  2.85373963e+00  2.93956902e+00 
 4.15108512e-10  2.85359578e+00  2.93970851e+00 
 4.15960511e-10  2.85343457e+00  2.93986490e+00 
 4.16617354e-10  2.85331014e+00  2.93998562e+00 
 4.17277203e-10  2.85318506e+00  2.94010698e+00 
 4.18001594e-10  2.85304770e+00  2.94024030e+00 
 4.18827919e-10  2.85289102e+00  2.94039244e+00 
 4.19827919e-10  2.85270146e+00  2.94057657e+00 
 4.20827919e-10  2.85251193e+00  2.94076061e+00 
 4.21827919e-10  2.85232238e+00  2.94094455e+00 
 4.22827919e-10  2.85213269e+00  2.94112845e+00 
 4.23827919e-10  2.85194278e+00  2.94131240e+00 
 4.24827919e-10  2.85175251e+00  2.94149654e+00 
 4.25827919e-10  2.85156182e+00  2.94168099e+00 
 4.26827919e-10  2.85137064e+00  2.94186585e+00 
 4.27827919e-10  2.85117895e+00  2.94205121e+00 
 4.28638823e-10  2.85102313e+00  2.94220183e+00 
 4.29400228e-10  2.85087656e+00  2.94234348e+00 
 4.30162855e-10  2.85072954e+00  2.94248558e+00 
 4.31066550e-10  2.85055514e+00  2.94265428e+00 
 4.31726422e-10  2.85042770e+00  2.94277758e+00 
 4.32428528e-10  2.85029206e+00  2.94290882e+00 
 4.33167980e-10  2.85014924e+00  2.94304708e+00 
 4.34102340e-10  2.84996885e+00  2.94322184e+00 
 4.35102340e-10  2.84977592e+00  2.94340883e+00 
 4.36102340e-10  2.84958305e+00  2.94359570e+00 
 4.37102340e-10  2.84939018e+00  2.94378243e+00 
 4.38102340e-10  2.84919719e+00  2.94396912e+00 
 4.39102340e-10  2.84900398e+00  2.94415586e+00 
 4.40102340e-10  2.84881043e+00  2.94434278e+00 
 4.41102340e-10  2.84861648e+00  2.94452999e+00 
 4.42102340e-10  2.84842207e+00  2.94471759e+00 
 4.43102340e-10  2.84822720e+00  2.94490563e+00 
 4.43863354e-10  2.84807861e+00  2.94504894e+00 
 4.44722513e-10  2.84791060e+00  2.94521099e+00 
 4.45505067e-10  2.84775739e+00  2.94535878e+00 
 4.46225717e-10  2.84761620e+00  2.94549499e+00 
 4.46859349e-10  2.84749201e+00  2.94561476e+00 
 4.47606773e-10  2.84734553e+00  2.94575609e+00 
 4.48341856e-10  2.84720153e+00  2.94589509e+00 
 4.49341856e-10  2.84700578e+00  2.94608425e+00 
 4.50341856e-10  2.84681015e+00  2.94627334e+00 
 4.51341856e-10  2.84661458e+00  2.94646228e+00 
 4.52341856e-10  2.84641899e+00  2.94665109e+00 
 4.53341856e-10  2.84622325e+00  2.94683986e+00 
 4.54341856e-10  2.84602727e+00  2.94702867e+00 
 4.55341856e-10  2.84583095e+00  2.94721765e+00 
 4.56341856e-10  2.84563422e+00  2.94740690e+00 
 4.57341856e-10  2.84543706e+00  2.94759651e+00 
 4.58225578e-10  2.84526246e+00  2.94776435e+00 
 4.58978911e-10  2.84511337e+00  2.94790755e+00 
 4.59754790e-10  2.84495963e+00  2.94805518e+00 
 4.60569110e-10  2.84479814e+00  2.94821032e+00 
 4.61242872e-10  2.84466444e+00  2.94833872e+00 
 4.61879529e-10  2.84453808e+00  2.94846004e+00 
 4.62607822e-10  2.84439357e+00  2.94859884e+00 
 4.63368231e-10  2.84424276e+00  2.94874378e+00 
 4.64368231e-10  2.84404458e+00  2.94893444e+00 
 4.65368231e-10  2.84384653e+00  2.94912502e+00 
 4.66368231e-10  2.84364852e+00  2.94931546e+00 
 4.67368231e-10  2.84345047e+00  2.94950576e+00 
 4.68368231e-10  2.84325226e+00  2.94969600e+00 
 4.69368231e-10  2.84305380e+00  2.94988628e+00 
 4.70368231e-10  2.84285500e+00  2.95007670e+00 
 4.71368231e-10  2.84265579e+00  2.95026737e+00 
 4.72368231e-10  2.84245616e+00  2.95045835e+00 
 4.73229867e-10  2.84228381e+00  2.95062313e+00 
 4.73985295e-10  2.84213247e+00  2.95076768e+00 
 4.74746693e-10  2.84197977e+00  2.95091348e+00 
 4.75579858e-10  2.84181256e+00  2.95107321e+00 
 4.76241869e-10  2.84167962e+00  2.95120014e+00 
 4.76888509e-10  2.84154976e+00  2.95132408e+00 
 4.77612780e-10  2.84140436e+00  2.95146291e+00 
 4.78403053e-10  2.84124580e+00  2.95161442e+00 
 4.79403053e-10  2.84104531e+00  2.95180618e+00 
 4.80403053e-10  2.84084494e+00  2.95199786e+00 
 4.81403053e-10  2.84064460e+00  2.95218937e+00 
 4.82403053e-10  2.84044421e+00  2.95238074e+00 
 4.83403053e-10  2.84024365e+00  2.95257204e+00 
 4.84403053e-10  2.84004284e+00  2.95276335e+00 
 4.85403053e-10  2.83984168e+00  2.95295479e+00 
 4.86403053e-10  2.83964013e+00  2.95314644e+00 
 4.87403053e-10  2.83943818e+00  2.95333837e+00 
 4.88241121e-10  2.83926862e+00  2.95349937e+00 
 4.88999119e-10  2.83911505e+00  2.95364505e+00 
 4.89760808e-10  2.83896058e+00  2.95379151e+00 
 4.90621474e-10  2.83878594e+00  2.95395720e+00 
 4.91277468e-10  2.83865278e+00  2.95408346e+00 
 4.91943981e-10  2.83851748e+00  2.95421170e+00 
 4.92669667e-10  2.83837023e+00  2.95435132e+00 
 4.93513387e-10  2.83819915e+00  2.95451368e+00 
 4.94513387e-10  2.83799654e+00  2.95470613e+00 
 4.95513387e-10  2.83779403e+00  2.95489847e+00 
 4.96513387e-10  2.83759154e+00  2.95509063e+00 
 4.97513387e-10  2.83738898e+00  2.95528264e+00 
 4.98513387e-10  2.83718623e+00  2.95547458e+00 
 4.99513387e-10  2.83698322e+00  2.95566652e+00 
 5.00513387e-10  2.83677986e+00  2.95585857e+00 
 5.01513387e-10  2.83657612e+00  2.95605081e+00 
 5.02513387e-10  2.83637200e+00  2.95624332e+00 
 5.03311718e-10  2.83620876e+00  2.95639707e+00 
 5.04074894e-10  2.83605254e+00  2.95654408e+00 
 5.04838223e-10  2.83589616e+00  2.95669119e+00 
 5.05767928e-10  2.83570561e+00  2.95687062e+00 
 5.06442317e-10  2.83556735e+00  2.95700074e+00 
 5.07248254e-10  2.83540216e+00  2.95715628e+00 
 5.07979400e-10  2.83525237e+00  2.95729732e+00 
 5.08979400e-10  2.83504766e+00  2.95749028e+00 
 5.09979400e-10  2.83484309e+00  2.95768315e+00 
 5.10979400e-10  2.83463859e+00  2.95787582e+00 
 5.11979400e-10  2.83443407e+00  2.95806829e+00 
 5.12979400e-10  2.83422942e+00  2.95826061e+00 
 5.13979400e-10  2.83402456e+00  2.95845286e+00 
 5.14979400e-10  2.83381940e+00  2.95864514e+00 
 5.15979400e-10  2.83361390e+00  2.95883753e+00 
 5.16979400e-10  2.83340803e+00  2.95903012e+00 
 5.17877513e-10  2.83322284e+00  2.95920321e+00 
 5.18629638e-10  2.83306755e+00  2.95934814e+00 
 5.19425541e-10  2.83290308e+00  2.95950158e+00 
 5.20230322e-10  2.83273670e+00  2.95965682e+00 
 5.20912818e-10  2.83259556e+00  2.95978843e+00 
 5.21546013e-10  2.83246462e+00  2.95991043e+00 
 5.22277434e-10  2.83231344e+00  2.96005136e+00 
 5.23026511e-10  2.83215872e+00  2.96019569e+00 
 5.24026511e-10  2.83195234e+00  2.96038845e+00 
 5.25026511e-10  2.83174611e+00  2.96058115e+00 
 5.26026511e-10  2.83153993e+00  2.96077366e+00 
 5.27026511e-10  2.83133372e+00  2.96096597e+00 
 5.28026511e-10  2.83112737e+00  2.96115815e+00 
 5.29026511e-10  2.83092080e+00  2.96135025e+00 
 5.30026511e-10  2.83071393e+00  2.96154237e+00 
 5.31026511e-10  2.83050674e+00  2.96173458e+00 
 5.32026511e-10  2.83029919e+00  2.96192697e+00 
 5.32897410e-10  2.83011816e+00  2.96209459e+00 
 5.33651911e-10  2.82996115e+00  2.96223977e+00 
 5.34413307e-10  2.82980259e+00  2.96238628e+00 
 5.35237457e-10  2.82963091e+00  2.96254498e+00 
 5.35903912e-10  2.82949205e+00  2.96267324e+00 
 5.36544804e-10  2.82935854e+00  2.96279648e+00 
 5.37270458e-10  2.82920745e+00  2.96293602e+00 
 5.38044102e-10  2.82904649e+00  2.96308479e+00 
 5.39044102e-10  2.82883862e+00  2.96327719e+00 
 5.40044102e-10  2.82863089e+00  2.96346950e+00 
 5.41044102e-10  2.82842321e+00  2.96366161e+00 
 5.42044102e-10  2.82821548e+00  2.96385351e+00 
 5.43044102e-10  2.82800762e+00  2.96404527e+00 
 5.44044102e-10  2.82779955e+00  2.96423694e+00 
 5.45044102e-10  2.82759119e+00  2.96442860e+00 
 5.46044102e-10  2.82738251e+00  2.96462033e+00 
 5.47044102e-10  2.82717351e+00  2.96481221e+00 
 5.47895235e-10  2.82699537e+00  2.96497554e+00 
 5.48651776e-10  2.82683688e+00  2.96512065e+00 
 5.49413257e-10  2.82667727e+00  2.96526671e+00 
 5.50257838e-10  2.82650019e+00  2.96542883e+00 
 5.50916241e-10  2.82636214e+00  2.96555510e+00 
 5.51570874e-10  2.82622492e+00  2.96568055e+00 
 5.52294876e-10  2.82607324e+00  2.96581928e+00 
 5.53107095e-10  2.82590323e+00  2.96597495e+00 
 5.54107095e-10  2.82569410e+00  2.96616668e+00 
 5.55107095e-10  2.82548510e+00  2.96635829e+00 
 5.56107095e-10  2.82527614e+00  2.96654969e+00 
 5.57107095e-10  2.82506713e+00  2.96674087e+00 
 5.58107095e-10  2.82485799e+00  2.96693189e+00 
 5.59107095e-10  2.82464862e+00  2.96712281e+00 
 5.60107095e-10  2.82443898e+00  2.96731371e+00 
 5.61107095e-10  2.82422904e+00  2.96750466e+00 
 5.62107095e-10  2.82401879e+00  2.96769574e+00 
 5.62928608e-10  2.82384586e+00  2.96785266e+00 
 5.63688634e-10  2.82368574e+00  2.96799776e+00 
 5.64450820e-10  2.82352509e+00  2.96814327e+00 
 5.65336002e-10  2.82333851e+00  2.96831243e+00 
 5.65992891e-10  2.82320005e+00  2.96843783e+00 
 5.66679315e-10  2.82305542e+00  2.96856877e+00 
 5.67411595e-10  2.82290123e+00  2.96870844e+00 
 5.68306229e-10  2.82271304e+00  2.96887916e+00 
 5.69306229e-10  2.82250287e+00  2.96906999e+00 
 5.70306229e-10  2.82229280e+00  2.96926065e+00 
 5.71306229e-10  2.82208277e+00  2.96945106e+00 
 5.72306229e-10  2.82187266e+00  2.96964125e+00 
 5.73306229e-10  2.82166241e+00  2.96983128e+00 
 5.74306229e-10  2.82145194e+00  2.97002120e+00 
 5.75306229e-10  2.82124120e+00  2.97021108e+00 
 5.76306229e-10  2.82103018e+00  2.97040101e+00 
 5.77306229e-10  2.82081888e+00  2.97059104e+00 
 5.78075735e-10  2.82065612e+00  2.97073714e+00 
 5.78846879e-10  2.82049292e+00  2.97088348e+00 
 5.79615686e-10  2.82033017e+00  2.97102938e+00 
 5.80405434e-10  2.82016301e+00  2.97117928e+00 
 5.81038759e-10  2.82002897e+00  2.97129933e+00 
 5.81737914e-10  2.81988108e+00  2.97143181e+00 
 5.82462700e-10  2.81972790e+00  2.97156912e+00 
 5.83427044e-10  2.81952429e+00  2.97175197e+00 
 5.84427044e-10  2.81931334e+00  2.97194156e+00 
 5.85427044e-10  2.81910248e+00  2.97213094e+00 
 5.86427044e-10  2.81889162e+00  2.97232006e+00 
 5.87427044e-10  2.81868069e+00  2.97250896e+00 
 5.88427044e-10  2.81846961e+00  2.97269770e+00 
 5.89427044e-10  2.81825830e+00  2.97288632e+00 
 5.90427044e-10  2.81804674e+00  2.97307489e+00 
 5.91427044e-10  2.81783491e+00  2.97326350e+00 
 5.92427044e-10  2.81762284e+00  2.97345220e+00 
 5.93193613e-10  2.81746012e+00  2.97359669e+00 
 5.94028221e-10  2.81728289e+00  2.97375400e+00 
 5.94821648e-10  2.81711438e+00  2.97390355e+00 
 5.95523053e-10  2.81696544e+00  2.97403564e+00 
 5.96159245e-10  2.81683038e+00  2.97415528e+00 
 5.96899053e-10  2.81667345e+00  2.97429444e+00 
 5.97647562e-10  2.81651482e+00  2.97443521e+00 
 5.98647562e-10  2.81630311e+00  2.97462343e+00 
 5.99647562e-10  2.81609156e+00  2.97481155e+00 
 6.00647562e-10  2.81588009e+00  2.97499943e+00 
 6.01647562e-10  2.81566861e+00  2.97518705e+00 
 6.02647562e-10  2.81545704e+00  2.97537444e+00 
 6.03647562e-10  2.81524531e+00  2.97556167e+00 
 6.04647562e-10  2.81503335e+00  2.97574877e+00 
 6.05647562e-10  2.81482115e+00  2.97593583e+00 
 6.06647562e-10  2.81460872e+00  2.97612291e+00 
 6.07520098e-10  2.81442318e+00  2.97628606e+00 
 6.08274489e-10  2.81426266e+00  2.97642696e+00 
 6.09035921e-10  2.81410061e+00  2.97656911e+00 
 6.09858825e-10  2.81392550e+00  2.97672280e+00 
 6.10525737e-10  2.81378360e+00  2.97684722e+00 
 6.11165890e-10  2.81364746e+00  2.97696648e+00 
 6.11891612e-10  2.81349325e+00  2.97710171e+00 
 6.12663255e-10  2.81332944e+00  2.97724553e+00 
 6.13663255e-10  2.81311737e+00  2.97743204e+00 
 6.14663255e-10  2.81290547e+00  2.97761845e+00 
 6.15663255e-10  2.81269363e+00  2.97780460e+00 
 6.16663255e-10  2.81248177e+00  2.97799050e+00 
 6.17663255e-10  2.81226982e+00  2.97817616e+00 
 6.18663255e-10  2.81205771e+00  2.97836165e+00 
 6.19663255e-10  2.81184538e+00  2.97854701e+00 
 6.20663255e-10  2.81163283e+00  2.97873231e+00 
 6.21663255e-10  2.81142006e+00  2.97891761e+00 
 6.22515960e-10  2.81123846e+00  2.97907549e+00 
 6.23272325e-10  2.81107731e+00  2.97921537e+00 
 6.24033784e-10  2.81091504e+00  2.97935613e+00 
 6.24876542e-10  2.81073550e+00  2.97951201e+00 
 6.25535441e-10  2.81059515e+00  2.97963371e+00 
 6.26188788e-10  2.81045606e+00  2.97975424e+00 
 6.26912776e-10  2.81030207e+00  2.97988782e+00 
 6.27721470e-10  2.81013024e+00  2.98003710e+00 
 6.28721470e-10  2.80991798e+00  2.98022180e+00 
 6.29721470e-10  2.80970588e+00  2.98040636e+00 
 6.30721470e-10  2.80949383e+00  2.98059065e+00 
 6.31721470e-10  2.80928176e+00  2.98077468e+00 
 6.32721470e-10  2.80906960e+00  2.98095847e+00 
 6.33721470e-10  2.80885728e+00  2.98114208e+00 
 6.34721470e-10  2.80864476e+00  2.98132554e+00 
 6.35721470e-10  2.80843203e+00  2.98150893e+00 
 6.36721470e-10  2.80821910e+00  2.98169231e+00 
 6.37545696e-10  2.80804347e+00  2.98184328e+00 
 6.38305386e-10  2.80788153e+00  2.98198227e+00 
 6.39067480e-10  2.80771907e+00  2.98212163e+00 
 6.39948354e-10  2.80753136e+00  2.98228287e+00 
 6.40604848e-10  2.80739152e+00  2.98240283e+00 
 6.41287787e-10  2.80724612e+00  2.98252751e+00 
 6.42018702e-10  2.80709066e+00  2.98266095e+00 
 6.42904438e-10  2.80690248e+00  2.98282279e+00 
 6.43904438e-10  2.80669024e+00  2.98300553e+00 
 6.44904438e-10  2.80647813e+00  2.98318808e+00 
 6.45904438e-10  2.80626607e+00  2.98337034e+00 
 6.46904438e-10  2.80605397e+00  2.98355233e+00 
 6.47904438e-10  2.80584176e+00  2.98373409e+00 
 6.48904438e-10  2.80562940e+00  2.98391565e+00 
 6.49904438e-10  2.80541684e+00  2.98409707e+00 
 6.50904438e-10  2.80520408e+00  2.98427841e+00 
 6.51904438e-10  2.80499116e+00  2.98445974e+00 
 6.52677319e-10  2.80482649e+00  2.98459964e+00 
 6.53446485e-10  2.80466258e+00  2.98473873e+00 
 6.54213640e-10  2.80449913e+00  2.98487741e+00 
 6.55019692e-10  2.80432747e+00  2.98502318e+00 
 6.55655761e-10  2.80419207e+00  2.98513798e+00 
 6.56354515e-10  2.80404343e+00  2.98526405e+00 
 6.57080935e-10  2.80388906e+00  2.98539511e+00 
 6.58039430e-10  2.80368562e+00  2.98556826e+00 
 6.59039430e-10  2.80347358e+00  2.98574889e+00 
 6.60039430e-10  2.80326164e+00  2.98592929e+00 
 6.61039430e-10  2.80304974e+00  2.98610939e+00 
 6.62039430e-10  2.80283779e+00  2.98628922e+00 
 6.63039430e-10  2.80262574e+00  2.98646882e+00 
 6.64039430e-10  2.80241353e+00  2.98664822e+00 
 6.65039430e-10  2.80220113e+00  2.98682748e+00 
 6.66039430e-10  2.80198856e+00  2.98700665e+00 
 6.67039430e-10  2.80177585e+00  2.98718580e+00 
 6.67804867e-10  2.80161295e+00  2.98732266e+00 
 6.68644465e-10  2.80143427e+00  2.98747275e+00 
 6.69435609e-10  2.80126595e+00  2.98761413e+00 
 6.70140732e-10  2.80111600e+00  2.98773998e+00 
 6.70776387e-10  2.80098089e+00  2.98785325e+00 
 6.71517713e-10  2.80082348e+00  2.98798540e+00 
 6.72263438e-10  2.80066531e+00  2.98811835e+00 
 6.73263438e-10  2.80045346e+00  2.98829683e+00 
 6.74263438e-10  2.80024178e+00  2.98847522e+00 
 6.75263438e-10  2.80003020e+00  2.98865334e+00 
 6.76263438e-10  2.79981863e+00  2.98883116e+00 
 6.77263438e-10  2.79960700e+00  2.98900871e+00 
 6.78263438e-10  2.79939525e+00  2.98918604e+00 
 6.79263438e-10  2.79918335e+00  2.98936316e+00 
 6.80263438e-10  2.79897127e+00  2.98954015e+00 
 6.81263438e-10  2.79875904e+00  2.98971706e+00 
 6.82138363e-10  2.79857326e+00  2.98987167e+00 
 6.82892529e-10  2.79841307e+00  2.99000470e+00 
 6.83656149e-10  2.79825090e+00  2.99013931e+00 
 6.84477110e-10  2.79807663e+00  2.99028409e+00 
 6.85145432e-10  2.79793483e+00  2.99040176e+00 
 6.85784751e-10  2.79779927e+00  2.99051416e+00 
 6.86511024e-10  2.79764542e+00  2.99064190e+00 
 6.87279977e-10  2.79748273e+00  2.99077721e+00 
 6.88279977e-10  2.79727139e+00  2.99095338e+00 
 6.89279977e-10  2.79706023e+00  2.99112945e+00 
 6.90279977e-10  2.79684916e+00  2.99130524e+00 
 6.91279977e-10  2.79663809e+00  2.99148075e+00 
 6.92279977e-10  2.79642696e+00  2.99165598e+00 
 6.93279977e-10  2.79621572e+00  2.99183099e+00 
 6.94279977e-10  2.79600433e+00  2.99200579e+00 
 6.95279977e-10  2.79579278e+00  2.99218045e+00 
 6.96279977e-10  2.79558110e+00  2.99235503e+00 
 6.97134886e-10  2.79540004e+00  2.99250406e+00 
 6.97891021e-10  2.79523988e+00  2.99263565e+00 
 6.98652464e-10  2.79507863e+00  2.99276807e+00 
 6.99492802e-10  2.79490078e+00  2.99291431e+00 
 7.00152418e-10  2.79476124e+00  2.99302888e+00 
 7.00804139e-10  2.79462348e+00  2.99314194e+00 
 7.01528164e-10  2.79447059e+00  2.99326759e+00 
 7.02332360e-10  2.79430097e+00  2.99340726e+00 
 7.03332360e-10  2.79409030e+00  2.99358110e+00 
 7.04332360e-10  2.79387980e+00  2.99375481e+00 
 7.05332360e-10  2.79366937e+00  2.99392824e+00 
 7.06332360e-10  2.79345895e+00  2.99410138e+00 
 7.07332360e-10  2.79324846e+00  2.99427425e+00 
 7.08332360e-10  2.79303785e+00  2.99444689e+00 
 7.09332360e-10  2.79282710e+00  2.99461933e+00 
 7.10332360e-10  2.79261621e+00  2.99479162e+00 
 7.11332360e-10  2.79240521e+00  2.99496382e+00 
 7.12160025e-10  2.79223050e+00  2.99510609e+00 
 7.12919291e-10  2.79207022e+00  2.99523639e+00 
 7.13681274e-10  2.79190941e+00  2.99536709e+00 
 7.14556853e-10  2.79172476e+00  2.99551742e+00 
 7.15212988e-10  2.79158647e+00  2.99562984e+00 
 7.15891633e-10  2.79144354e+00  2.99574600e+00 
 7.16620982e-10  2.79129011e+00  2.99587088e+00 
 7.17495751e-10  2.79110632e+00  2.99602085e+00 
 7.18495751e-10  2.79089645e+00  2.99619236e+00 
 7.19495751e-10  2.79068674e+00  2.99636369e+00 
 7.20495751e-10  2.79047708e+00  2.99653472e+00 
 7.21495751e-10  2.79026742e+00  2.99670547e+00 
 7.22495751e-10  2.79005768e+00  2.99687595e+00 
 7.23495751e-10  2.78984783e+00  2.99704620e+00 
 7.24495751e-10  2.78963785e+00  2.99721625e+00 
 7.25495751e-10  2.78942775e+00  2.99738615e+00 
 7.26495751e-10  2.78921755e+00  2.99755596e+00 
 7.27272690e-10  2.78905419e+00  2.99768758e+00 
 7.28039443e-10  2.78889299e+00  2.99781731e+00 
 7.28804640e-10  2.78873219e+00  2.99794673e+00 
 7.29640560e-10  2.78855667e+00  2.99808821e+00 
 7.30284906e-10  2.78842145e+00  2.99819701e+00 
 7.30989252e-10  2.78827378e+00  2.99831591e+00 
 7.31721391e-10  2.78812047e+00  2.99843954e+00 
 7.32684857e-10  2.78791897e+00  2.99860250e+00 
 7.33684857e-10  2.78771006e+00  2.99877164e+00 
 7.34684857e-10  2.78750127e+00  2.99894054e+00 
 7.35684857e-10  2.78729253e+00  2.99910914e+00 
 7.36684857e-10  2.78708376e+00  2.99927746e+00 
 7.37684857e-10  2.78687491e+00  2.99944552e+00 
 7.38684857e-10  2.78666595e+00  2.99961334e+00 
 7.39684857e-10  2.78645687e+00  2.99978098e+00 
 7.40684857e-10  2.78624768e+00  2.99994847e+00 
 7.41684857e-10  2.78603842e+00  3.00011589e+00 
 7.42451708e-10  2.78587792e+00  3.00024394e+00 
 7.43285188e-10  2.78570353e+00  3.00038307e+00 
 7.44079256e-10  2.78553748e+00  3.00051558e+00 
 7.44779371e-10  2.78539118e+00  3.00063224e+00 
 7.45415661e-10  2.78525832e+00  3.00073807e+00 
 7.46154855e-10  2.78510415e+00  3.00086113e+00 
 7.46904219e-10  2.78494805e+00  3.00098592e+00 
 7.47904219e-10  2.78474001e+00  3.00115273e+00 
 7.48904219e-10  2.78453217e+00  3.00131945e+00 
 7.49904219e-10  2.78432443e+00  3.00148590e+00 
 7.50904219e-10  2.78411672e+00  3.00165206e+00 
 7.51904219e-10  2.78390897e+00  3.00181795e+00 
 7.52904219e-10  2.78370114e+00  3.00198358e+00 
 7.53904219e-10  2.78349319e+00  3.00214899e+00 
 7.54904219e-10  2.78328514e+00  3.00231421e+00 
 7.55904219e-10  2.78307699e+00  3.00247930e+00 
 7.56776106e-10  2.78289548e+00  3.00262302e+00 
 7.57530561e-10  2.78273841e+00  3.00274710e+00 
 7.58291993e-10  2.78257996e+00  3.00287224e+00 
 7.59115510e-10  2.78240871e+00  3.00300766e+00 
 7.59782107e-10  2.78227019e+00  3.00311707e+00 
 7.60422716e-10  2.78213718e+00  3.00322206e+00 
 7.61148350e-10  2.78198669e+00  3.00334108e+00 
 7.61921250e-10  2.78182661e+00  3.00346795e+00 
 7.62921250e-10  2.78161975e+00  3.00363236e+00 
 7.63921250e-10  2.78141308e+00  3.00379668e+00 
 7.64921250e-10  2.78120650e+00  3.00396073e+00 
 7.65921250e-10  2.78099994e+00  3.00412449e+00 
 7.66921250e-10  2.78079334e+00  3.00428798e+00 
 7.67921250e-10  2.78058666e+00  3.00445123e+00 
 7.68921250e-10  2.78037987e+00  3.00461425e+00 
 7.69921250e-10  2.78017298e+00  3.00477709e+00 
 7.70921250e-10  2.77996602e+00  3.00493980e+00 
 7.71773071e-10  2.77978969e+00  3.00507814e+00 
 7.72529540e-10  2.77963312e+00  3.00520075e+00 
 7.73291014e-10  2.77947559e+00  3.00532408e+00 
 7.74134826e-10  2.77930116e+00  3.00546087e+00 
 7.74793516e-10  2.77916510e+00  3.00556741e+00 
 7.75447732e-10  2.77903009e+00  3.00567310e+00 
 7.76171807e-10  2.77888084e+00  3.00579017e+00 
 7.76982763e-10  2.77871390e+00  3.00592145e+00 
 7.77982763e-10  2.77850831e+00  3.00608354e+00 
 7.78982763e-10  2.77830289e+00  3.00624550e+00 
 7.79982763e-10  2.77809757e+00  3.00640719e+00 
 7.80982763e-10  2.77789225e+00  3.00656859e+00 
 7.81982763e-10  2.77768690e+00  3.00672974e+00 
 7.82982763e-10  2.77748146e+00  3.00689063e+00 
 7.83982763e-10  2.77727592e+00  3.00705130e+00 
 7.84982763e-10  2.77707030e+00  3.00721179e+00 
 7.85982763e-10  2.77686461e+00  3.00737216e+00 
 7.86805380e-10  2.77669540e+00  3.00750379e+00 
 7.87565281e-10  2.77653912e+00  3.00762516e+00 
 7.88327439e-10  2.77638246e+00  3.00774681e+00 
 7.89210941e-10  2.77620103e+00  3.00788804e+00 
 7.89867764e-10  2.77606625e+00  3.00799277e+00 
 7.90553004e-10  2.77592578e+00  3.00810194e+00 
 7.91284859e-10  2.77577594e+00  3.00821861e+00 
 7.92176371e-10  2.77559367e+00  3.00836099e+00 
 7.93176371e-10  2.77538946e+00  3.00852079e+00 
 7.94176371e-10  2.77518541e+00  3.00868041e+00 
 7.95176371e-10  2.77498143e+00  3.00883974e+00 
 7.96176371e-10  2.77477745e+00  3.00899880e+00 
 7.97176371e-10  2.77457342e+00  3.00915759e+00 
 7.98176371e-10  2.77436931e+00  3.00931614e+00 
 7.99176371e-10  2.77416510e+00  3.00947446e+00 
 8.00176371e-10  2.77396082e+00  3.00963262e+00 
 8.01176371e-10  2.77375650e+00  3.00979067e+00 
 8.01947129e-10  2.77359902e+00  3.00991213e+00 
 8.02717556e-10  2.77344166e+00  3.01003338e+00 
 8.03485759e-10  2.77328487e+00  3.01015425e+00 
 8.04281291e-10  2.77312265e+00  3.01027946e+00 
 8.04915658e-10  2.77299340e+00  3.01037906e+00 
 8.05614768e-10  2.77285112e+00  3.01048883e+00 
 8.06340219e-10  2.77270366e+00  3.01060281e+00 
 8.07302650e-10  2.77250832e+00  3.01075438e+00 
 8.08302650e-10  2.77230558e+00  3.01091190e+00 
 8.09302650e-10  2.77210298e+00  3.01106919e+00 
 8.10302650e-10  2.77190044e+00  3.01122620e+00 
 8.11302650e-10  2.77169789e+00  3.01138294e+00 
 8.12302650e-10  2.77149529e+00  3.01153942e+00 
 8.13302650e-10  2.77129260e+00  3.01169566e+00 
 8.14302650e-10  2.77108983e+00  3.01185169e+00 
 8.15302650e-10  2.77088700e+00  3.01200756e+00 
 8.16302650e-10  2.77068416e+00  3.01216333e+00 
 8.17068825e-10  2.77052876e+00  3.01228231e+00 
 8.17905193e-10  2.77035921e+00  3.01241216e+00 
 8.18697837e-10  2.77019865e+00  3.01253518e+00 
 8.19400541e-10  2.77005643e+00  3.01264407e+00 
 8.20036660e-10  2.76992781e+00  3.01274246e+00 
 8.20777022e-10  2.76977831e+00  3.01285712e+00 
 8.21524793e-10  2.76962751e+00  3.01297301e+00 
 8.22524793e-10  2.76942613e+00  3.01312830e+00 
 8.23524793e-10  2.76922496e+00  3.01328354e+00 
 8.24524793e-10  2.76902389e+00  3.01343853e+00 
 8.25524793e-10  2.76882287e+00  3.01359323e+00 
 8.26524793e-10  2.76862182e+00  3.01374767e+00 
 8.27524793e-10  2.76842072e+00  3.01390185e+00 
 8.28524793e-10  2.76821953e+00  3.01405580e+00 
 8.29524793e-10  2.76801827e+00  3.01420956e+00 
 8.30524793e-10  2.76781697e+00  3.01436316e+00 
 8.31398083e-10  2.76764117e+00  3.01449705e+00 
 8.32152409e-10  2.76748936e+00  3.01461242e+00 
 8.32913851e-10  2.76733620e+00  3.01472878e+00 
 8.33736113e-10  2.76717097e+00  3.01485454e+00 
 8.34403498e-10  2.76703697e+00  3.01495640e+00 
 8.35043410e-10  2.76690862e+00  3.01505392e+00 
 8.35769360e-10  2.76676320e+00  3.01516470e+00 
 8.36540107e-10  2.76660902e+00  3.01528244e+00 
 8.37540107e-10  2.76640925e+00  3.01543551e+00 
 8.38540107e-10  2.76620968e+00  3.01558851e+00 
 8.39540107e-10  2.76601022e+00  3.01574126e+00 
 8.40540107e-10  2.76581079e+00  3.01589373e+00 
 8.41540107e-10  2.76561134e+00  3.01604595e+00 
 8.42540107e-10  2.76541182e+00  3.01619792e+00 
 8.43540107e-10  2.76521224e+00  3.01634965e+00 
 8.44540107e-10  2.76501258e+00  3.01650120e+00 
 8.45540107e-10  2.76481290e+00  3.01665260e+00 
 8.46393642e-10  2.76464246e+00  3.01678155e+00 
 8.47149926e-10  2.76449149e+00  3.01689555e+00 
 8.47911384e-10  2.76433959e+00  3.01701024e+00 
 8.48753264e-10  2.76417182e+00  3.01713719e+00 
 8.49412479e-10  2.76404056e+00  3.01723636e+00 
 8.50065349e-10  2.76391070e+00  3.01733445e+00 
 8.50789411e-10  2.76376688e+00  3.01744337e+00 
 8.51596683e-10  2.76360675e+00  3.01756499e+00 
 8.52596683e-10  2.76340867e+00  3.01771591e+00 
 8.53596683e-10  2.76321077e+00  3.01786672e+00 
 8.54596683e-10  2.76301297e+00  3.01801728e+00 
 8.55596683e-10  2.76281519e+00  3.01816756e+00 
 8.56596683e-10  2.76261739e+00  3.01831759e+00 
 8.57596683e-10  2.76241953e+00  3.01846738e+00 
 8.58596683e-10  2.76222159e+00  3.01861694e+00 
 8.59596683e-10  2.76202360e+00  3.01876630e+00 
 8.60596683e-10  2.76182558e+00  3.01891553e+00 
 8.61422086e-10  2.76166216e+00  3.01903840e+00 
 8.62181638e-10  2.76151182e+00  3.01915123e+00 
 8.62943699e-10  2.76136110e+00  3.01926437e+00 
 8.63822790e-10  2.76118743e+00  3.01939511e+00 
 8.64479208e-10  2.76105787e+00  3.01949246e+00 
 8.65160807e-10  2.76092349e+00  3.01959347e+00 
 8.65891253e-10  2.76077968e+00  3.01970183e+00 
 8.66773505e-10  2.76060623e+00  3.01983300e+00 
 8.67773505e-10  2.76040990e+00  3.01998181e+00 
 8.68773505e-10  2.76021374e+00  3.02013047e+00 
 8.69773505e-10  2.76001765e+00  3.02027885e+00 
 8.70773505e-10  2.75982158e+00  3.02042698e+00 
 8.71773505e-10  2.75962548e+00  3.02057484e+00 
 8.72773505e-10  2.75942932e+00  3.02072247e+00 
 8.73773505e-10  2.75923309e+00  3.02086987e+00 
 8.74773505e-10  2.75903682e+00  3.02101709e+00 
 8.75773505e-10  2.75884054e+00  3.02116418e+00 
 8.76547729e-10  2.75868860e+00  3.02127770e+00 
 8.77316112e-10  2.75853789e+00  3.02139019e+00 
 8.78082626e-10  2.75838767e+00  3.02150239e+00 
 8.78895656e-10  2.75822851e+00  3.02162150e+00 
 8.79533057e-10  2.75810385e+00  3.02171461e+00 
 8.80232005e-10  2.75796733e+00  3.02181674e+00 
 8.80959324e-10  2.75782545e+00  3.02192311e+00 
 8.81916224e-10  2.75763909e+00  3.02206344e+00 
 8.82916224e-10  2.75744457e+00  3.02221016e+00 
 8.83916224e-10  2.75725019e+00  3.02235666e+00 
 8.84916224e-10  2.75705588e+00  3.02250289e+00 
 8.85916224e-10  2.75686157e+00  3.02264887e+00 
 8.86916224e-10  2.75666722e+00  3.02279460e+00 
 8.87916224e-10  2.75647281e+00  3.02294009e+00 
 8.88916224e-10  2.75627834e+00  3.02308536e+00 
 8.89916224e-10  2.75608384e+00  3.02323047e+00 
 8.90916224e-10  2.75588936e+00  3.02337546e+00 
 8.91681360e-10  2.75574058e+00  3.02348602e+00 
 8.92522305e-10  2.75557718e+00  3.02360751e+00 
 8.93312859e-10  2.75542371e+00  3.02372169e+00 
 8.94018987e-10  2.75528678e+00  3.02382352e+00 
 8.94654572e-10  2.75516365e+00  3.02391499e+00 
 8.95396315e-10  2.75502016e+00  3.02402192e+00 
 8.96141457e-10  2.75487622e+00  3.02412944e+00 
 8.97141457e-10  2.75468335e+00  3.02427409e+00 
 8.98141457e-10  2.75449069e+00  3.02441871e+00 
 8.99141457e-10  2.75429814e+00  3.02456309e+00 
 9.00141457e-10  2.75410565e+00  3.02470721e+00 
 9.01141457e-10  2.75391314e+00  3.02485106e+00 
 9.02141457e-10  2.75372059e+00  3.02499467e+00 
 9.03141457e-10  2.75352798e+00  3.02513805e+00 
 9.04141457e-10  2.75333532e+00  3.02528122e+00 
 9.05141457e-10  2.75314265e+00  3.02542424e+00 
 9.06016949e-10  2.75297398e+00  3.02554920e+00 
 9.06771065e-10  2.75282875e+00  3.02565653e+00 
 9.07535473e-10  2.75268165e+00  3.02576525e+00 
 9.08356021e-10  2.75252392e+00  3.02588207e+00 
 9.09024712e-10  2.75239550e+00  3.02597706e+00 
 9.09663962e-10  2.75227287e+00  3.02606773e+00 
 9.10390399e-10  2.75213372e+00  3.02617093e+00 
 9.11159005e-10  2.75198671e+00  3.02628028e+00 
 9.12159005e-10  2.75179572e+00  3.02642288e+00 
 9.13159005e-10  2.75160492e+00  3.02656543e+00 
 9.14159005e-10  2.75141424e+00  3.02670774e+00 
 9.15159005e-10  2.75122360e+00  3.02684979e+00 
 9.16159005e-10  2.75103295e+00  3.02699159e+00 
 9.17159005e-10  2.75084224e+00  3.02713315e+00 
 9.18159005e-10  2.75065148e+00  3.02727448e+00 
 9.19159005e-10  2.75046067e+00  3.02741561e+00 
 9.20159005e-10  2.75026985e+00  3.02755659e+00 
 9.21014268e-10  2.75010668e+00  3.02767689e+00 
 9.21770371e-10  2.74996248e+00  3.02778296e+00 
 9.22531815e-10  2.74981738e+00  3.02788972e+00 
 9.23371794e-10  2.74965751e+00  3.02800764e+00 
 9.24031562e-10  2.74953205e+00  3.02810003e+00 
 9.24683112e-10  2.74940830e+00  3.02819115e+00 
 9.25407187e-10  2.74927098e+00  3.02829257e+00 
 9.26210845e-10  2.74911880e+00  3.02840536e+00 
 9.27210845e-10  2.74892971e+00  3.02854598e+00 
 9.28210845e-10  2.74874081e+00  3.02868652e+00 
 9.29210845e-10  2.74855202e+00  3.02882681e+00 
 9.30210845e-10  2.74836326e+00  3.02896684e+00 
 9.31210845e-10  2.74817448e+00  3.02910663e+00 
 9.32210845e-10  2.74798565e+00  3.02924617e+00 
 9.33210845e-10  2.74779677e+00  3.02938549e+00 
 9.34210845e-10  2.74760785e+00  3.02952461e+00 
 9.35210845e-10  2.74741893e+00  3.02966360e+00 
 9.36038970e-10  2.74726251e+00  3.02977838e+00 
 9.36798183e-10  2.74711917e+00  3.02988337e+00 
 9.37560156e-10  2.74697544e+00  3.02998869e+00 
 9.38435071e-10  2.74681061e+00  3.03010985e+00 
 9.39091210e-10  2.74668713e+00  3.03020044e+00 
 9.39769385e-10  2.74655965e+00  3.03029401e+00 
 9.40498593e-10  2.74642278e+00  3.03039475e+00 
 9.41372118e-10  2.74625908e+00  3.03051573e+00 
 9.42372118e-10  2.74607195e+00  3.03065441e+00 
 9.43372118e-10  2.74588498e+00  3.03079294e+00 
 9.44372118e-10  2.74569811e+00  3.03093121e+00 
 9.45372118e-10  2.74551125e+00  3.03106924e+00 
 9.46372118e-10  2.74532436e+00  3.03120701e+00 
 9.47372118e-10  2.74513743e+00  3.03134455e+00 
 9.48372118e-10  2.74495044e+00  3.03148186e+00 
 9.49372118e-10  2.74476342e+00  3.03161898e+00 
 9.50372118e-10  2.74457642e+00  3.03175598e+00 
 9.51149533e-10  2.74443108e+00  3.03186211e+00 
 9.51916004e-10  2.74428787e+00  3.03196658e+00 
 9.52680976e-10  2.74414508e+00  3.03207082e+00 
 9.53522217e-10  2.74398825e+00  3.03218563e+00 
 9.54168523e-10  2.74386789e+00  3.03227357e+00 
 9.54874754e-10  2.74373654e+00  3.03236969e+00 
 9.55608311e-10  2.74360031e+00  3.03246963e+00 
 9.56574818e-10  2.74342113e+00  3.03260174e+00 
 9.57574818e-10  2.74323597e+00  3.03273848e+00 
 9.58574818e-10  2.74305096e+00  3.03287501e+00 
 9.59574818e-10  2.74286601e+00  3.03301129e+00 
 9.60574818e-10  2.74268108e+00  3.03314731e+00 
 9.61574818e-10  2.74249611e+00  3.03328310e+00 
 9.62574818e-10  2.74231109e+00  3.03341864e+00 
 9.63574818e-10  2.74212603e+00  3.03355397e+00 
 9.64574818e-10  2.74194095e+00  3.03368913e+00 
 9.65574818e-10  2.74175590e+00  3.03382417e+00 
 9.66342398e-10  2.74161391e+00  3.03392745e+00 
 9.67172705e-10  2.74146044e+00  3.03403913e+00 
 9.67968289e-10  2.74131354e+00  3.03414613e+00 
 9.68666062e-10  2.74118485e+00  3.03423981e+00 
 9.69302795e-10  2.74106755e+00  3.03432513e+00 
 9.70041027e-10  2.74093176e+00  3.03442424e+00 
 9.70792408e-10  2.74079377e+00  3.03452525e+00 
 9.71792408e-10  2.74061041e+00  3.03466005e+00 
 9.72792408e-10  2.74042726e+00  3.03479483e+00 
 9.73792408e-10  2.74024422e+00  3.03492937e+00 
 9.74792408e-10  2.74006123e+00  3.03506365e+00 
 9.75792408e-10  2.73987824e+00  3.03519769e+00 
 9.76792408e-10  2.73969520e+00  3.03533148e+00 
 9.77792408e-10  2.73951211e+00  3.03546504e+00 
 9.78792408e-10  2.73932898e+00  3.03559840e+00 
 9.79792408e-10  2.73914585e+00  3.03573161e+00 
 9.80662651e-10  2.73898652e+00  3.03584726e+00 
 9.81417266e-10  2.73884841e+00  3.03594725e+00 
 9.82178693e-10  2.73870918e+00  3.03604808e+00 
 9.83003742e-10  2.73855850e+00  3.03615747e+00 
 9.83669468e-10  2.73843705e+00  3.03624552e+00 
 9.84311037e-10  2.73832014e+00  3.03633024e+00 
 9.85036361e-10  2.73818817e+00  3.03642621e+00 
 9.85812083e-10  2.73804726e+00  3.03652903e+00 
 9.86812083e-10  2.73786588e+00  3.03666193e+00 
 9.87812083e-10  2.73768471e+00  3.03679478e+00 
 9.88812083e-10  2.73750364e+00  3.03692739e+00 
 9.89812083e-10  2.73732261e+00  3.03705975e+00 
 9.90812083e-10  2.73714157e+00  3.03719187e+00 
 9.91812083e-10  2.73696049e+00  3.03732376e+00 
 9.92812083e-10  2.73677936e+00  3.03745541e+00 
 9.93812083e-10  2.73659819e+00  3.03758687e+00 
 9.94812083e-10  2.73641702e+00  3.03771818e+00 
 9.95661702e-10  2.73626314e+00  3.03782945e+00 
 9.96418411e-10  2.73612615e+00  3.03792829e+00 
 9.97179912e-10  2.73598842e+00  3.03802770e+00 
 9.98026269e-10  2.73583554e+00  3.03813836e+00 
 9.98684378e-10  2.73571679e+00  3.03822417e+00 
 9.99342189e-10  2.73559823e+00  3.03830984e+00 
 1.00000000e-09  2.73547985e+00  3.03839553e+00 
