 frequency       v(finalp,finaln) v(finalp,finaln)
 1.00000000e+06 -4.10457620e+03 -7.72291051e+01 
 1.02329299e+06 -4.10464281e+03 -7.54065804e+01 
 1.04712855e+06 -4.10470632e+03 -7.36239255e+01 
 1.07151931e+06 -4.10476686e+03 -7.18802031e+01 
 1.09647820e+06 -4.10482457e+03 -7.01744959e+01 
 1.12201845e+06 -4.10487957e+03 -6.85059062e+01 
 1.14815362e+06 -4.10493197e+03 -6.68735559e+01 
 1.17489755e+06 -4.10498188e+03 -6.52765853e+01 
 1.20226443e+06 -4.10502941e+03 -6.37141533e+01 
 1.23026877e+06 -4.10507466e+03 -6.21854369e+01 
 1.25892541e+06 -4.10511773e+03 -6.06896304e+01 
 1.28824955e+06 -4.10515870e+03 -5.92259453e+01 
 1.31825674e+06 -4.10519767e+03 -5.77936101e+01 
 1.34896288e+06 -4.10523472e+03 -5.63918693e+01 
 1.38038426e+06 -4.10526991e+03 -5.50199838e+01 
 1.41253754e+06 -4.10530334e+03 -5.36772298e+01 
 1.44543977e+06 -4.10533507e+03 -5.23628988e+01 
 1.47910839e+06 -4.10536517e+03 -5.10762973e+01 
 1.51356125e+06 -4.10539369e+03 -4.98167463e+01 
 1.54881662e+06 -4.10542071e+03 -4.85835810e+01 
 1.58489319e+06 -4.10544628e+03 -4.73761505e+01 
 1.62181010e+06 -4.10547045e+03 -4.61938172e+01 
 1.65958691e+06 -4.10549327e+03 -4.50359569e+01 
 1.69824365e+06 -4.10551480e+03 -4.39019584e+01 
 1.73780083e+06 -4.10553508e+03 -4.27912229e+01 
 1.77827941e+06 -4.10555415e+03 -4.17031637e+01 
 1.81970086e+06 -4.10557205e+03 -4.06372064e+01 
 1.86208714e+06 -4.10558882e+03 -3.95927881e+01 
 1.90546072e+06 -4.10560449e+03 -3.85693574e+01 
 1.94984460e+06 -4.10561911e+03 -3.75663737e+01 
 1.99526231e+06 -4.10563269e+03 -3.65833076e+01 
 2.04173794e+06 -4.10564528e+03 -3.56196401e+01 
 2.08929613e+06 -4.10565689e+03 -3.46748624e+01 
 2.13796209e+06 -4.10566755e+03 -3.37484758e+01 
 2.18776162e+06 -4.10567728e+03 -3.28399916e+01 
 2.23872114e+06 -4.10568611e+03 -3.19489302e+01 
 2.29086765e+06 -4.10569405e+03 -3.10748217e+01 
 2.34422882e+06 -4.10570112e+03 -3.02172049e+01 
 2.39883292e+06 -4.10570733e+03 -2.93756277e+01 
 2.45470892e+06 -4.10571270e+03 -2.85496465e+01 
 2.51188643e+06 -4.10571725e+03 -2.77388259e+01 
 2.57039578e+06 -4.10572097e+03 -2.69427389e+01 
 2.63026799e+06 -4.10572388e+03 -2.61609663e+01 
 2.69153480e+06 -4.10572599e+03 -2.53930967e+01 
 2.75422870e+06 -4.10572729e+03 -2.46387260e+01 
 2.81838293e+06 -4.10572780e+03 -2.38974578e+01 
 2.88403150e+06 -4.10572751e+03 -2.31689025e+01 
 2.95120923e+06 -4.10572642e+03 -2.24526776e+01 
 3.01995172e+06 -4.10572454e+03 -2.17484072e+01 
 3.09029543e+06 -4.10572185e+03 -2.10557222e+01 
 3.16227766e+06 -4.10571836e+03 -2.03742597e+01 
 3.23593657e+06 -4.10571405e+03 -1.97036632e+01 
 3.31131121e+06 -4.10570892e+03 -1.90435820e+01 
 3.38844156e+06 -4.10570296e+03 -1.83936716e+01 
 3.46736850e+06 -4.10569615e+03 -1.77535930e+01 
 3.54813389e+06 -4.10568849e+03 -1.71230128e+01 
 3.63078055e+06 -4.10567995e+03 -1.65016032e+01 
 3.71535229e+06 -4.10567052e+03 -1.58890415e+01 
 3.80189396e+06 -4.10566019e+03 -1.52850102e+01 
 3.89045145e+06 -4.10564892e+03 -1.46891969e+01 
 3.98107171e+06 -4.10563670e+03 -1.41012941e+01 
 4.07380278e+06 -4.10562350e+03 -1.35209987e+01 
 4.16869383e+06 -4.10560930e+03 -1.29480128e+01 
 4.26579519e+06 -4.10559407e+03 -1.23820425e+01 
 4.36515832e+06 -4.10557778e+03 -1.18227986e+01 
 4.46683592e+06 -4.10556039e+03 -1.12699962e+01 
 4.57088190e+06 -4.10554188e+03 -1.07233545e+01 
 4.67735141e+06 -4.10552219e+03 -1.01825968e+01 
 4.78630092e+06 -4.10550131e+03 -9.64745046e+00 
 4.89778819e+06 -4.10547918e+03 -9.11764681e+00 
 5.01187234e+06 -4.10545575e+03 -8.59292100e+00 
 5.12861384e+06 -4.10543100e+03 -8.07301196e+00 
 5.24807460e+06 -4.10540486e+03 -7.55766237e+00 
 5.37031796e+06 -4.10537728e+03 -7.04661856e+00 
 5.49540874e+06 -4.10534822e+03 -6.53963048e+00 
 5.62341325e+06 -4.10531761e+03 -6.03645165e+00 
 5.75439937e+06 -4.10528539e+03 -5.53683912e+00 
 5.88843655e+06 -4.10525151e+03 -5.04055344e+00 
 6.02559586e+06 -4.10521590e+03 -4.54735866e+00 
 6.16595002e+06 -4.10517849e+03 -4.05702231e+00 
 6.30957344e+06 -4.10513920e+03 -3.56931535e+00 
 6.45654229e+06 -4.10509798e+03 -3.08401225e+00 
 6.60693448e+06 -4.10505473e+03 -2.60089095e+00 
 6.76082975e+06 -4.10500937e+03 -2.11973290e+00 
 6.91830971e+06 -4.10496183e+03 -1.64032310e+00 
 7.07945784e+06 -4.10491201e+03 -1.16245013e+00 
 7.24435960e+06 -4.10485983e+03 -6.85906230e-01 
 7.41310241e+06 -4.10480518e+03 -2.10487331e-01 
 7.58577575e+06 -4.10474797e+03  2.64006842e-01 
 7.76247117e+06 -4.10468809e+03  7.37772685e-01 
 7.94328235e+06 -4.10462544e+03  1.21100262e+00 
 8.12830516e+06 -4.10455990e+03  1.68388497e+00 
 8.31763771e+06 -4.10449137e+03  2.15660383e+00 
 8.51138038e+06 -4.10441972e+03  2.62933896e+00 
 8.70963590e+06 -4.10434482e+03  3.10226557e+00 
 8.91250938e+06 -4.10426655e+03  3.57555419e+00 
 9.12010839e+06 -4.10418477e+03  4.04937048e+00 
 9.33254301e+06 -4.10409936e+03  4.52387503e+00 
 9.54992586e+06 -4.10401016e+03  4.99922313e+00 
 9.77237221e+06 -4.10391703e+03  5.47556457e+00 
 1.00000000e+07 -4.10381982e+03  5.95304336e+00 
 1.02329299e+07 -4.10371838e+03  6.43179749e+00 
 1.04712855e+07 -4.10361254e+03  6.91195865e+00 
 1.07151931e+07 -4.10350214e+03  7.39365195e+00 
 1.09647820e+07 -4.10338702e+03  7.87699558e+00 
 1.12201845e+07 -4.10326699e+03  8.36210052e+00 
 1.14815362e+07 -4.10314188e+03  8.84907019e+00 
 1.17489755e+07 -4.10301152e+03  9.33800009e+00 
 1.20226443e+07 -4.10287570e+03  9.82897746e+00 
 1.23026877e+07 -4.10273426e+03  1.03220809e+01 
 1.25892541e+07 -4.10258698e+03  1.08173799e+01 
 1.28824955e+07 -4.10243368e+03  1.13149347e+01 
 1.31825674e+07 -4.10227416e+03  1.18147956e+01 
 1.34896288e+07 -4.10210821e+03  1.23170025e+01 
 1.38038426e+07 -4.10193563e+03  1.28215848e+01 
 1.41253754e+07 -4.10175621e+03  1.33285610e+01 
 1.44543977e+07 -4.10156975e+03  1.38379377e+01 
 1.47910839e+07 -4.10137602e+03  1.43497100e+01 
 1.51356125e+07 -4.10117483e+03  1.48638603e+01 
 1.54881662e+07 -4.10096596e+03  1.53803587e+01 
 1.58489319e+07 -4.10074919e+03  1.58991620e+01 
 1.62181010e+07 -4.10052433e+03  1.64202134e+01 
 1.65958691e+07 -4.10029116e+03  1.69434427e+01 
 1.69824365e+07 -4.10004948e+03  1.74687654e+01 
 1.73780083e+07 -4.09979908e+03  1.79960826e+01 
 1.77827941e+07 -4.09953977e+03  1.85252808e+01 
 1.81970086e+07 -4.09927136e+03  1.90562319e+01 
 1.86208714e+07 -4.09899366e+03  1.95887927e+01 
 1.90546072e+07 -4.09870648e+03  2.01228050e+01 
 1.94984460e+07 -4.09840967e+03  2.06580956e+01 
 1.99526231e+07 -4.09810305e+03  2.11944764e+01 
 2.04173794e+07 -4.09778649e+03  2.17317443e+01 
 2.08929613e+07 -4.09745983e+03  2.22696819e+01 
 2.13796209e+07 -4.09712296e+03  2.28080570e+01 
 2.18776162e+07 -4.09677576e+03  2.33466239e+01 
 2.23872114e+07 -4.09641813e+03  2.38851233e+01 
 2.29086765e+07 -4.09605000e+03  2.44232831e+01 
 2.34422882e+07 -4.09567131e+03  2.49608193e+01 
 2.39883292e+07 -4.09528202e+03  2.54974364e+01 
 2.45470892e+07 -4.09488209e+03  2.60328289e+01 
 2.51188643e+07 -4.09447155e+03  2.65666819e+01 
 2.57039578e+07 -4.09405040e+03  2.70986729e+01 
 2.63026799e+07 -4.09361870e+03  2.76284724e+01 
 2.69153480e+07 -4.09317652e+03  2.81557460e+01 
 2.75422870e+07 -4.09272396e+03  2.86801557e+01 
 2.81838293e+07 -4.09226115e+03  2.92013616e+01 
 2.88403150e+07 -4.09178824e+03  2.97190239e+01 
 2.95120923e+07 -4.09130542e+03  3.02328046e+01 
 3.01995172e+07 -4.09081290e+03  3.07423697e+01 
 3.09029543e+07 -4.09031093e+03  3.12473912e+01 
 3.16227766e+07 -4.08979976e+03  3.17475494e+01 
 3.23593657e+07 -4.08927972e+03  3.22425349e+01 
 3.31131121e+07 -4.08875112e+03  3.27320512e+01 
 3.38844156e+07 -4.08821433e+03  3.32158170e+01 
 3.46736850e+07 -4.08766974e+03  3.36935681e+01 
 3.54813389e+07 -4.08711777e+03  3.41650602e+01 
 3.63078055e+07 -4.08655886e+03  3.46300711e+01 
 3.71535229e+07 -4.08599347e+03  3.50884028e+01 
 3.80189396e+07 -4.08542212e+03  3.55398836e+01 
 3.89045145e+07 -4.08484530e+03  3.59843703e+01 
 3.98107171e+07 -4.08426357e+03  3.64217504e+01 
 4.07380278e+07 -4.08367749e+03  3.68519435e+01 
 4.16869383e+07 -4.08308762e+03  3.72749031e+01 
 4.26579519e+07 -4.08249456e+03  3.76906183e+01 
 4.36515832e+07 -4.08189892e+03  3.80991151e+01 
 4.46683592e+07 -4.08130131e+03  3.85004571e+01 
 4.57088190e+07 -4.08070235e+03  3.88947471e+01 
 4.67735141e+07 -4.08010267e+03  3.92821271e+01 
 4.78630092e+07 -4.07950291e+03  3.96627794e+01 
 4.89778819e+07 -4.07890369e+03  4.00369263e+01 
 5.01187234e+07 -4.07830564e+03  4.04048304e+01 
 5.12861384e+07 -4.07770939e+03  4.07667943e+01 
 5.24807460e+07 -4.07711554e+03  4.11231600e+01 
 5.37031796e+07 -4.07652471e+03  4.14743086e+01 
 5.49540874e+07 -4.07593748e+03  4.18206590e+01 
 5.62341325e+07 -4.07535443e+03  4.21626668e+01 
 5.75439937e+07 -4.07477612e+03  4.25008234e+01 
 5.88843655e+07 -4.07420309e+03  4.28356543e+01 
 6.02559586e+07 -4.07363584e+03  4.31677173e+01 
 6.16595002e+07 -4.07307489e+03  4.34976014e+01 
 6.30957344e+07 -4.07252068e+03  4.38259240e+01 
 6.45654229e+07 -4.07197368e+03  4.41533301e+01 
 6.60693448e+07 -4.07143428e+03  4.44804891e+01 
 6.76082975e+07 -4.07090289e+03  4.48080938e+01 
 6.91830971e+07 -4.07037985e+03  4.51368575e+01 
 7.07945784e+07 -4.06986549e+03  4.54675125e+01 
 7.24435960e+07 -4.06936012e+03  4.58008077e+01 
 7.41310241e+07 -4.06886399e+03  4.61375063e+01 
 7.58577575e+07 -4.06837736e+03  4.64783846e+01 
 7.76247117e+07 -4.06790042e+03  4.68242291e+01 
 7.94328235e+07 -4.06743335e+03  4.71758352e+01 
 8.12830516e+07 -4.06697630e+03  4.75340053e+01 
 8.31763771e+07 -4.06652940e+03  4.78995471e+01 
 8.51138038e+07 -4.06609274e+03  4.82732719e+01 
 8.70963590e+07 -4.06566638e+03  4.86559932e+01 
 8.91250938e+07 -4.06525036e+03  4.90485256e+01 
 9.12010839e+07 -4.06484470e+03  4.94516832e+01 
 9.33254301e+07 -4.06444939e+03  4.98662787e+01 
 9.54992586e+07 -4.06406440e+03  5.02931224e+01 
 9.77237221e+07 -4.06368967e+03  5.07330215e+01 
 1.00000000e+08 -4.06332514e+03  5.11867791e+01 
 1.02329299e+08 -4.06297072e+03  5.16551941e+01 
 1.04712855e+08 -4.06262629e+03  5.21390600e+01 
 1.07151931e+08 -4.06229172e+03  5.26391655e+01 
 1.09647820e+08 -4.06196689e+03  5.31562935e+01 
 1.12201845e+08 -4.06165163e+03  5.36912212e+01 
 1.14815362e+08 -4.06134577e+03  5.42447204e+01 
 1.17489755e+08 -4.06104915e+03  5.48175571e+01 
 1.20226443e+08 -4.06076156e+03  5.54104920e+01 
 1.23026877e+08 -4.06048282e+03  5.60242807e+01 
 1.25892541e+08 -4.06021271e+03  5.66596739e+01 
 1.28824955e+08 -4.05995102e+03  5.73174177e+01 
 1.31825674e+08 -4.05969754e+03  5.79982546e+01 
 1.34896288e+08 -4.05945203e+03  5.87029234e+01 
 1.38038426e+08 -4.05921427e+03  5.94321601e+01 
 1.41253754e+08 -4.05898401e+03  6.01866983e+01 
 1.44543977e+08 -4.05876104e+03  6.09672702e+01 
 1.47910839e+08 -4.05854510e+03  6.17746070e+01 
 1.51356125e+08 -4.05833595e+03  6.26094396e+01 
 1.54881662e+08 -4.05813336e+03  6.34724997e+01 
 1.58489319e+08 -4.05793707e+03  6.43645199e+01 
 1.62181010e+08 -4.05774685e+03  6.52862353e+01 
 1.65958691e+08 -4.05756245e+03  6.62383838e+01 
 1.69824365e+08 -4.05738363e+03  6.72217068e+01 
 1.73780083e+08 -4.05721014e+03  6.82369505e+01 
 1.77827941e+08 -4.05704174e+03  6.92848665e+01 
 1.81970086e+08 -4.05687820e+03  7.03662122e+01 
 1.86208714e+08 -4.05671927e+03  7.14817525e+01 
 1.90546072e+08 -4.05656471e+03  7.26322599e+01 
 1.94984460e+08 -4.05641429e+03  7.38185156e+01 
 1.99526231e+08 -4.05626778e+03  7.50413103e+01 
 2.04173794e+08 -4.05612494e+03  7.63014453e+01 
 2.08929613e+08 -4.05598554e+03  7.75997327e+01 
 2.13796209e+08 -4.05584934e+03  7.89369969e+01 
 2.18776162e+08 -4.05571613e+03  8.03140750e+01 
 2.23872114e+08 -4.05558568e+03  8.17318175e+01 
 2.29086765e+08 -4.05545775e+03  8.31910898e+01 
 2.34422882e+08 -4.05533214e+03  8.46927720e+01 
 2.39883292e+08 -4.05520860e+03  8.62377607e+01 
 2.45470892e+08 -4.05508692e+03  8.78269688e+01 
 2.51188643e+08 -4.05496689e+03  8.94613272e+01 
 2.57039578e+08 -4.05484827e+03  9.11417850e+01 
 2.63026799e+08 -4.05473085e+03  9.28693105e+01 
 2.69153480e+08 -4.05461441e+03  9.46448918e+01 
 2.75422870e+08 -4.05449873e+03  9.64695379e+01 
 2.81838293e+08 -4.05438358e+03  9.83442790e+01 
 2.88403150e+08 -4.05426875e+03  1.00270168e+02 
 2.95120923e+08 -4.05415400e+03  1.02248280e+02 
 3.01995172e+08 -4.05403913e+03  1.04279715e+02 
 3.09029543e+08 -4.05392389e+03  1.06365596e+02 
 3.16227766e+08 -4.05380806e+03  1.08507073e+02 
 3.23593657e+08 -4.05369141e+03  1.10705321e+02 
 3.31131121e+08 -4.05357371e+03  1.12961542e+02 
 3.38844156e+08 -4.05345472e+03  1.15276966e+02 
 3.46736850e+08 -4.05333420e+03  1.17652851e+02 
 3.54813389e+08 -4.05321190e+03  1.20090485e+02 
 3.63078055e+08 -4.05308757e+03  1.22591185e+02 
 3.71535229e+08 -4.05296097e+03  1.25156299e+02 
 3.80189396e+08 -4.05283182e+03  1.27787206e+02 
 3.89045145e+08 -4.05269987e+03  1.30485320e+02 
 3.98107171e+08 -4.05256485e+03  1.33252085e+02 
 4.07380278e+08 -4.05242646e+03  1.36088981e+02 
 4.16869383e+08 -4.05228444e+03  1.38997522e+02 
 4.26579519e+08 -4.05213847e+03  1.41979258e+02 
 4.36515832e+08 -4.05198827e+03  1.45035777e+02 
 4.46683592e+08 -4.05183351e+03  1.48168701e+02 
 4.57088190e+08 -4.05167388e+03  1.51379694e+02 
 4.67735141e+08 -4.05150903e+03  1.54670457e+02 
 4.78630092e+08 -4.05133864e+03  1.58042731e+02 
 4.89778819e+08 -4.05116234e+03  1.61498301e+02 
 5.01187234e+08 -4.05097976e+03  1.65038990e+02 
 5.12861384e+08 -4.05079053e+03  1.68666667e+02 
 5.24807460e+08 -4.05059424e+03  1.72383242e+02 
 5.37031796e+08 -4.05039049e+03  1.76190672e+02 
 5.49540874e+08 -4.05017885e+03  1.80090960e+02 
 5.62341325e+08 -4.04995887e+03  1.84086155e+02 
 5.75439937e+08 -4.04973010e+03  1.88178352e+02 
 5.88843655e+08 -4.04949207e+03  1.92369699e+02 
 6.02559586e+08 -4.04924426e+03  1.96662390e+02 
 6.16595002e+08 -4.04898616e+03  2.01058672e+02 
 6.30957344e+08 -4.04871723e+03  2.05560843e+02 
 6.45654229e+08 -4.04843691e+03  2.10171256e+02 
 6.60693448e+08 -4.04814462e+03  2.14892315e+02 
 6.76082975e+08 -4.04783973e+03  2.19726481e+02 
 6.91830971e+08 -4.04752162e+03  2.24676273e+02 
 7.07945784e+08 -4.04718961e+03  2.29744266e+02 
 7.24435960e+08 -4.04684302e+03  2.34933092e+02 
 7.41310241e+08 -4.04648111e+03  2.40245445e+02 
 7.58577575e+08 -4.04610313e+03  2.45684082e+02 
 7.76247117e+08 -4.04570829e+03  2.51251817e+02 
 7.94328235e+08 -4.04529577e+03  2.56951532e+02 
 8.12830516e+08 -4.04486470e+03  2.62786171e+02 
 8.31763771e+08 -4.04441418e+03  2.68758747e+02 
 8.51138038e+08 -4.04394327e+03  2.74872336e+02 
 8.70963590e+08 -4.04345099e+03  2.81130085e+02 
 8.91250938e+08 -4.04293631e+03  2.87535210e+02 
 9.12010839e+08 -4.04239815e+03  2.94090998e+02 
 9.33254301e+08 -4.04183539e+03  3.00800808e+02 
 9.54992586e+08 -4.04124685e+03  3.07668071e+02 
 9.77237221e+08 -4.04063131e+03  3.14696295e+02 
 1.00000000e+09 -4.03998749e+03  3.21889063e+02 
 1.02329299e+09 -4.03931403e+03  3.29250032e+02 
 1.04712855e+09 -4.03860954e+03  3.36782943e+02 
 1.07151931e+09 -4.03787255e+03  3.44491610e+02 
 1.09647820e+09 -4.03710152e+03  3.52379933e+02 
 1.12201845e+09 -4.03629485e+03  3.60451892e+02 
 1.14815362e+09 -4.03545085e+03  3.68711547e+02 
 1.17489755e+09 -4.03456778e+03  3.77163047e+02 
 1.20226443e+09 -4.03364379e+03  3.85810624e+02 
 1.23026877e+09 -4.03267697e+03  3.94658595e+02 
 1.25892541e+09 -4.03166530e+03  4.03711366e+02 
 1.28824955e+09 -4.03060669e+03  4.12973432e+02 
 1.31825674e+09 -4.02949894e+03  4.22449375e+02 
 1.34896288e+09 -4.02833975e+03  4.32143869e+02 
 1.38038426e+09 -4.02712672e+03  4.42061678e+02 
 1.41253754e+09 -4.02585735e+03  4.52207660e+02 
 1.44543977e+09 -4.02452901e+03  4.62586764e+02 
 1.47910839e+09 -4.02313895e+03  4.73204031e+02 
 1.51356125e+09 -4.02168431e+03  4.84064599e+02 
 1.54881662e+09 -4.02016209e+03  4.95173698e+02 
 1.58489319e+09 -4.01856916e+03  5.06536654e+02 
 1.62181010e+09 -4.01690225e+03  5.18158888e+02 
 1.65958691e+09 -4.01515792e+03  5.30045916e+02 
 1.69824365e+09 -4.01333262e+03  5.42203351e+02 
 1.73780083e+09 -4.01142260e+03  5.54636899e+02 
 1.77827941e+09 -4.00942395e+03  5.67352363e+02 
 1.81970086e+09 -4.00733261e+03  5.80355641e+02 
 1.86208714e+09 -4.00514432e+03  5.93652726e+02 
 1.90546072e+09 -4.00285462e+03  6.07249704e+02 
 1.94984460e+09 -4.00045888e+03  6.21152755e+02 
 1.99526231e+09 -3.99795225e+03  6.35368152e+02 
 2.04173794e+09 -3.99532966e+03  6.49902256e+02 
 2.08929613e+09 -3.99258582e+03  6.64761522e+02 
 2.13796209e+09 -3.98971523e+03  6.79952490e+02 
 2.18776162e+09 -3.98671211e+03  6.95481787e+02 
 2.23872114e+09 -3.98357048e+03  7.11356126e+02 
 2.29086765e+09 -3.98028404e+03  7.27582298e+02 
 2.34422882e+09 -3.97684626e+03  7.44167177e+02 
 2.39883292e+09 -3.97325033e+03  7.61117709e+02 
 2.45470892e+09 -3.96948911e+03  7.78440915e+02 
 2.51188643e+09 -3.96555519e+03  7.96143885e+02 
 2.57039578e+09 -3.96144083e+03  8.14233772e+02 
 2.63026799e+09 -3.95713795e+03  8.32717790e+02 
 2.69153480e+09 -3.95263814e+03  8.51603209e+02 
 2.75422870e+09 -3.94793264e+03  8.70897346e+02 
 2.81838293e+09 -3.94301231e+03  8.90607565e+02 
 2.88403150e+09 -3.93786762e+03  9.10741266e+02 
 2.95120923e+09 -3.93248865e+03  9.31305878e+02 
 3.01995172e+09 -3.92686507e+03  9.52308856e+02 
 3.09029543e+09 -3.92098612e+03  9.73757668e+02 
 3.16227766e+09 -3.91484059e+03  9.95659787e+02 
 3.23593657e+09 -3.90841681e+03  1.01802269e+03 
 3.31131121e+09 -3.90170262e+03  1.04085382e+03 
 3.38844156e+09 -3.89468539e+03  1.06416062e+03 
 3.46736850e+09 -3.88735195e+03  1.08795048e+03 
 3.54813389e+09 -3.87968861e+03  1.11223076e+03 
 3.63078055e+09 -3.87168113e+03  1.13700873e+03 
 3.71535229e+09 -3.86331468e+03  1.16229161e+03 
 3.80189396e+09 -3.85457385e+03  1.18808651e+03 
 3.89045145e+09 -3.84544262e+03  1.21440044e+03 
 3.98107171e+09 -3.83590431e+03  1.24124027e+03 
 4.07380278e+09 -3.82594161e+03  1.26861275e+03 
 4.16869383e+09 -3.81553651e+03  1.29652444e+03 
 4.26579519e+09 -3.80467029e+03  1.32498173e+03 
 4.36515832e+09 -3.79332351e+03  1.35399078e+03 
 4.46683592e+09 -3.78147596e+03  1.38355754e+03 
 4.57088190e+09 -3.76910667e+03  1.41368767e+03 
 4.67735141e+09 -3.75619383e+03  1.44438657e+03 
 4.78630092e+09 -3.74271480e+03  1.47565930e+03 
 4.89778819e+09 -3.72864608e+03  1.50751057e+03 
 5.01187234e+09 -3.71396327e+03  1.53994470e+03 
 5.12861384e+09 -3.69864103e+03  1.57296559e+03 
 5.24807460e+09 -3.68265308e+03  1.60657668e+03 
 5.37031796e+09 -3.66597212e+03  1.64078089e+03 
 5.49540874e+09 -3.64856985e+03  1.67558060e+03 
 5.62341325e+09 -3.63041689e+03  1.71097757e+03 
 5.75439937e+09 -3.61148279e+03  1.74697291e+03 
 5.88843655e+09 -3.59173594e+03  1.78356703e+03 
 6.02559586e+09 -3.57114358e+03  1.82075955e+03 
 6.16595002e+09 -3.54967175e+03  1.85854924e+03 
 6.30957344e+09 -3.52728526e+03  1.89693399e+03 
 6.45654229e+09 -3.50394761e+03  1.93591068e+03 
 6.60693448e+09 -3.47962102e+03  1.97547512e+03 
 6.76082975e+09 -3.45426634e+03  2.01562197e+03 
 6.91830971e+09 -3.42784305e+03  2.05634464e+03 
 7.07945784e+09 -3.40030920e+03  2.09763518e+03 
 7.24435960e+09 -3.37162138e+03  2.13948418e+03 
 7.41310241e+09 -3.34173469e+03  2.18188067e+03 
 7.58577575e+09 -3.31060273e+03  2.22481196e+03 
 7.76247117e+09 -3.27817751e+03  2.26826351e+03 
 7.94328235e+09 -3.24440952e+03  2.31221883e+03 
 8.12830516e+09 -3.20924761e+03  2.35665928e+03 
 8.31763771e+09 -3.17263904e+03  2.40156393e+03 
 8.51138038e+09 -3.13452943e+03  2.44690936e+03 
 8.70963590e+09 -3.09486278e+03  2.49266951e+03 
 8.91250938e+09 -3.05358147e+03  2.53881545e+03 
 9.12010839e+09 -3.01062622e+03  2.58531519e+03 
 9.33254301e+09 -2.96593619e+03  2.63213344e+03 
 9.54992586e+09 -2.91944893e+03  2.67923136e+03 
 9.77237221e+09 -2.87110049e+03  2.72656636e+03 
 1.00000000e+10 -2.82082541e+03  2.77409176e+03 
 1.02329299e+10 -2.76855683e+03  2.82175655e+03 
 1.04712855e+10 -2.71422657e+03  2.86950509e+03 
 1.07151931e+10 -2.65776523e+03  2.91727678e+03 
 1.09647820e+10 -2.59910231e+03  2.96500573e+03 
 1.12201845e+10 -2.53816637e+03  3.01262043e+03 
 1.14815362e+10 -2.47488521e+03  3.06004335e+03 
 1.17489755e+10 -2.40918608e+03  3.10719059e+03 
 1.20226443e+10 -2.34099588e+03  3.15397146e+03 
 1.23026877e+10 -2.27024149e+03  3.20028808e+03 
 1.25892541e+10 -2.19685005e+03  3.24603492e+03 
 1.28824955e+10 -2.12074932e+03  3.29109839e+03 
 1.31825674e+10 -2.04186810e+03  3.33535635e+03 
 1.34896288e+10 -1.96013668e+03  3.37867764e+03 
 1.38038426e+10 -1.87548737e+03  3.42092159e+03 
 1.41253754e+10 -1.78785507e+03  3.46193754e+03 
 1.44543977e+10 -1.69717791e+03  3.50156431e+03 
 1.47910839e+10 -1.60339804e+03  3.53962971e+03 
 1.51356125e+10 -1.50646239e+03  3.57595002e+03 
 1.54881662e+10 -1.40632360e+03  3.61032952e+03 
 1.58489319e+10 -1.30294107e+03  3.64255998e+03 
 1.62181010e+10 -1.19628202e+03  3.67242018e+03 
 1.65958691e+10 -1.08632280e+03  3.69967552e+03 
 1.69824365e+10 -9.73050246e+02  3.72407759e+03 
 1.73780083e+10 -8.56463188e+02  3.74536383e+03 
 1.77827941e+10 -7.36574153e+02  3.76325729e+03 
 1.81970086e+10 -6.13411191e+02  3.77746645e+03 
 1.86208714e+10 -4.87019889e+02  3.78768514e+03 
 1.90546072e+10 -3.57465567e+02  3.79359263e+03 
 1.94984460e+10 -2.24835673e+02  3.79485387e+03 
 1.99526231e+10 -8.92423629e+01  3.79111996e+03 
 2.04173794e+10  4.91747071e+01  3.78202882e+03 
 2.08929613e+10  1.90245394e+02  3.76720622e+03 
 2.13796209e+10  3.33765884e+02  3.74626709e+03 
 2.18776162e+10  4.79495326e+02  3.71881725e+03 
 2.23872114e+10  6.27152310e+02  3.68445564e+03 
 2.29086765e+10  7.76411203e+02  3.64277706e+03 
 2.34422882e+10  9.26898421e+02  3.59337548e+03 
 2.39883292e+10  1.07818866e+03  3.53584814e+03 
 2.45470892e+10  1.22980118e+03  3.46980034e+03 
 2.51188643e+10  1.38119629e+03  3.39485109e+03 
 2.57039578e+10  1.53177206e+03  3.31063972e+03 
 2.63026799e+10  1.68086148e+03  3.21683347e+03 
 2.69153480e+10  1.82773028e+03  3.11313609e+03 
 2.75422870e+10  1.97157557e+03  2.99929756e+03 
 2.81838293e+10  2.11152549e+03  2.87512482e+03 
 2.88403150e+10  2.24664032e+03  2.74049358e+03 
 2.95120923e+10  2.37591515e+03  2.59536099e+03 
 3.01995172e+10  2.49828457e+03  2.43977907e+03 
 3.09029543e+10  2.61262959e+03  2.27390867e+03 
 3.16227766e+10  2.71778714e+03  2.09803360e+03 
 3.23593657e+10  2.81256248e+03  1.91257448e+03 
 3.31131121e+10  2.89574466e+03  1.71810188e+03 
 3.38844156e+10  2.96612508e+03  1.51534800e+03 
 3.46736850e+10  3.02251943e+03  1.30521632e+03 
 3.54813389e+10  3.06379254e+03  1.08878842e+03 
 3.63078055e+10  3.08888612e+03  8.67327058e+02 
 3.71535229e+10  3.09684862e+03  6.42274949e+02 
 3.80189396e+10  3.08686672e+03  4.15248299e+02 
 3.89045145e+10  3.05829731e+03  1.88024637e+02 
 3.98107171e+10  3.01069900e+03 -3.74755335e+01 
 4.07380278e+10  2.94386179e+03 -2.59213434e+02 
 4.16869383e+10  2.85783353e+03 -4.75062932e+02 
 4.26579519e+10  2.75294187e+03 -6.82847271e+02 
 4.36515832e+10  2.62981029e+03 -8.80380817e+02 
 4.46683592e+10  2.48936720e+03 -1.06551475e+03 
 4.57088190e+10  2.33284699e+03 -1.23618533e+03 
 4.67735141e+10  2.16178270e+03 -1.39046323e+03 
 4.78630092e+10  1.97798990e+03 -1.52660216e+03 
 4.89778819e+10  1.78354194e+03 -1.64308524e+03 
 5.01187234e+10  1.58073716e+03 -1.73866740e+03 
 5.12861384e+10  1.37205875e+03 -1.81241245e+03 
 5.24807460e+10  1.16012829e+03 -1.86372350e+03 
 5.37031796e+10  9.47654298e+02 -1.89236594e+03 
 5.49540874e+10  7.37376900e+02 -1.89848196e+03 
 5.62341325e+10  5.32010045e+02 -1.88259630e+03 
 5.75439937e+10  3.34182602e+02 -1.84561282e+03 
 5.88843655e+10  1.46379678e+02 -1.78880160e+03 
 6.02559586e+10 -2.91144324e+01 -1.71377651e+03 
 6.16595002e+10 -1.90270162e+02 -1.62246330e+03 
 6.30957344e+10 -3.35361841e+02 -1.51705827e+03 
 6.45654229e+10 -4.63010356e+02 -1.39997821e+03 
 6.60693448e+10 -5.72217433e+02 -1.27380212e+03 
 6.76082975e+10 -6.62389654e+02 -1.14120638e+03 
 6.91830971e+10 -7.33350480e+02 -1.00489482e+03 
 7.07945784e+10 -7.85338851e+02 -8.67526494e+02 
 7.24435960e+10 -8.18993545e+02 -7.31643896e+02 
 7.41310241e+10 -8.35323218e+02 -5.99604955e+02 
 7.58577575e+10 -8.35663010e+02 -4.73522255e+02 
 7.76247117e+10 -8.21619542e+02 -3.55212612e+02 
 7.94328235e+10 -7.95007060e+02 -2.46159645e+02 
 8.12830516e+10 -7.57778146e+02 -1.47491124e+02 
 8.31763771e+10 -7.11952827e+02 -5.99718161e+01 
 8.51138038e+10 -6.59549906e+02  1.59885399e+01 
 8.70963590e+10 -6.02524040e+02  8.03135794e+01 
 8.91250938e+10 -5.42711379e+02  1.33227264e+02 
 9.12010839e+10 -4.81785790e+02  1.75212318e+02 
 9.33254301e+10 -4.21226691e+02  2.06963273e+02 
 9.54992586e+10 -3.62298653e+02  2.29337209e+02 
 9.77237221e+10 -3.06042108e+02  2.43304970e+02 
 1.00000000e+11 -2.53273924e+02  2.49905141e+02 
