 time            v(detp)         v(detn)        
 0.00000000e+00  2.89648133e+00  2.89648133e+00 
 1.25000000e-15  2.89648133e+00  2.89648133e+00 
 2.50000000e-15  2.89648133e+00  2.89648133e+00 
 5.00000000e-15  2.89648133e+00  2.89648133e+00 
 1.00000000e-14  2.89648133e+00  2.89648133e+00 
 2.00000000e-14  2.89648133e+00  2.89648133e+00 
 2.03125000e-14  2.89648133e+00  2.89648133e+00 
 2.09375000e-14  2.89648133e+00  2.89648133e+00 
 2.21875000e-14  2.89648133e+00  2.89648133e+00 
 2.46875000e-14  2.89648133e+00  2.89648133e+00 
 2.96875000e-14  2.89648133e+00  2.89648133e+00 
 3.96875000e-14  2.89648133e+00  2.89648133e+00 
 5.96875000e-14  2.89648133e+00  2.89648133e+00 
 9.96875000e-14  2.89648133e+00  2.89648133e+00 
 1.79687500e-13  2.89648133e+00  2.89648133e+00 
 3.39687500e-13  2.89648133e+00  2.89648133e+00 
 6.59687500e-13  2.89648133e+00  2.89648133e+00 
 1.29968750e-12  2.89648133e+00  2.89648133e+00 
 2.29968750e-12  2.89648132e+00  2.89648132e+00 
 3.29968750e-12  2.89648129e+00  2.89648133e+00 
 4.29968750e-12  2.89648119e+00  2.89648140e+00 
 5.29968750e-12  2.89648099e+00  2.89648159e+00 
 6.29968750e-12  2.89648062e+00  2.89648199e+00 
 7.29968750e-12  2.89648003e+00  2.89648266e+00 
 8.29968750e-12  2.89647916e+00  2.89648366e+00 
 9.29968750e-12  2.89647799e+00  2.89648504e+00 
 1.02996875e-11  2.89647650e+00  2.89648679e+00 
 1.12996875e-11  2.89647470e+00  2.89648891e+00 
 1.22996875e-11  2.89647261e+00  2.89649133e+00 
 1.32996875e-11  2.89647028e+00  2.89649401e+00 
 1.42996875e-11  2.89646776e+00  2.89649686e+00 
 1.52996875e-11  2.89646512e+00  2.89649979e+00 
 1.62996875e-11  2.89646239e+00  2.89650274e+00 
 1.72996875e-11  2.89645961e+00  2.89650568e+00 
 1.82996875e-11  2.89645678e+00  2.89650863e+00 
 1.92996875e-11  2.89645387e+00  2.89651162e+00 
 2.02996875e-11  2.89645083e+00  2.89651473e+00 
 2.12996875e-11  2.89644763e+00  2.89651803e+00 
 2.22996875e-11  2.89644419e+00  2.89652161e+00 
 2.32996875e-11  2.89644049e+00  2.89652552e+00 
 2.42996875e-11  2.89643647e+00  2.89652980e+00 
 2.52996875e-11  2.89643214e+00  2.89653445e+00 
 2.62996875e-11  2.89642750e+00  2.89653946e+00 
 2.72996875e-11  2.89642258e+00  2.89654478e+00 
 2.82996875e-11  2.89641742e+00  2.89655034e+00 
 2.92996875e-11  2.89641209e+00  2.89655605e+00 
 3.02996875e-11  2.89640664e+00  2.89656184e+00 
 3.12996875e-11  2.89640111e+00  2.89656765e+00 
 3.22996875e-11  2.89639553e+00  2.89657345e+00 
 3.32996875e-11  2.89638990e+00  2.89657924e+00 
 3.42996875e-11  2.89638419e+00  2.89658507e+00 
 3.52996875e-11  2.89637837e+00  2.89659103e+00 
 3.62996875e-11  2.89637237e+00  2.89659718e+00 
 3.72996875e-11  2.89636615e+00  2.89660361e+00 
 3.82996875e-11  2.89635965e+00  2.89661036e+00 
 3.92996875e-11  2.89635285e+00  2.89661748e+00 
 4.02996875e-11  2.89634574e+00  2.89662496e+00 
 4.12996875e-11  2.89633833e+00  2.89663279e+00 
 4.22996875e-11  2.89633064e+00  2.89664092e+00 
 4.32996875e-11  2.89632273e+00  2.89664928e+00 
 4.42996875e-11  2.89631466e+00  2.89665778e+00 
 4.52996875e-11  2.89630647e+00  2.89666635e+00 
 4.62996875e-11  2.89629821e+00  2.89667493e+00 
 4.72996875e-11  2.89628990e+00  2.89668349e+00 
 4.82996875e-11  2.89628155e+00  2.89669205e+00 
 4.92996875e-11  2.89627312e+00  2.89670066e+00 
 5.02996875e-11  2.89626457e+00  2.89670938e+00 
 5.12996875e-11  2.89625584e+00  2.89671831e+00 
 5.22996875e-11  2.89624689e+00  2.89672751e+00 
 5.32996875e-11  2.89623767e+00  2.89673704e+00 
 5.42996875e-11  2.89622814e+00  2.89674693e+00 
 5.52996875e-11  2.89621829e+00  2.89675719e+00 
 5.62996875e-11  2.89620815e+00  2.89676779e+00 
 5.72996875e-11  2.89619775e+00  2.89677868e+00 
 5.82996875e-11  2.89618712e+00  2.89678980e+00 
 5.92996875e-11  2.89617633e+00  2.89680105e+00 
 6.02996875e-11  2.89616544e+00  2.89681236e+00 
 6.12996875e-11  2.89615448e+00  2.89682367e+00 
 6.22996875e-11  2.89614348e+00  2.89683496e+00 
 6.32996875e-11  2.89613243e+00  2.89684625e+00 
 6.42996875e-11  2.89612131e+00  2.89685758e+00 
 6.52996875e-11  2.89611006e+00  2.89686903e+00 
 6.62996875e-11  2.89609864e+00  2.89688069e+00 
 6.72996875e-11  2.89608700e+00  2.89689262e+00 
 6.82996875e-11  2.89607508e+00  2.89690488e+00 
 6.92996875e-11  2.89606286e+00  2.89691749e+00 
 7.02996875e-11  2.89605033e+00  2.89693046e+00 
 7.12996875e-11  2.89603751e+00  2.89694377e+00 
 7.22996875e-11  2.89602443e+00  2.89695736e+00 
 7.32996875e-11  2.89601114e+00  2.89697115e+00 
 7.42996875e-11  2.89599770e+00  2.89698508e+00 
 7.52996875e-11  2.89598416e+00  2.89699906e+00 
 7.62996875e-11  2.89597056e+00  2.89701303e+00 
 7.72996875e-11  2.89595692e+00  2.89702698e+00 
 7.82996875e-11  2.89594323e+00  2.89704093e+00 
 7.92996875e-11  2.89592947e+00  2.89705492e+00 
 8.02996875e-11  2.89591558e+00  2.89706904e+00 
 8.12996875e-11  2.89590152e+00  2.89708337e+00 
 8.22996875e-11  2.89588722e+00  2.89709797e+00 
 8.32996875e-11  2.89587266e+00  2.89711290e+00 
 8.42996875e-11  2.89585779e+00  2.89712818e+00 
 8.52996875e-11  2.89584261e+00  2.89714383e+00 
 8.62996875e-11  2.89582715e+00  2.89715980e+00 
 8.72996875e-11  2.89581143e+00  2.89717605e+00 
 8.82996875e-11  2.89579550e+00  2.89719250e+00 
 8.92996875e-11  2.89577943e+00  2.89720907e+00 
 9.02996875e-11  2.89576326e+00  2.89722569e+00 
 9.12996875e-11  2.89574704e+00  2.89724230e+00 
 9.22996875e-11  2.89573078e+00  2.89725888e+00 
 9.32996875e-11  2.89571448e+00  2.89727546e+00 
 9.42996875e-11  2.89569810e+00  2.89729209e+00 
 9.52996875e-11  2.89568160e+00  2.89730884e+00 
 9.62996875e-11  2.89566492e+00  2.89732580e+00 
 9.72996875e-11  2.89564800e+00  2.89734304e+00 
 9.82996875e-11  2.89563082e+00  2.89736060e+00 
 9.92996875e-11  2.89561334e+00  2.89737852e+00 
 1.00299687e-10  2.89559555e+00  2.89739678e+00 
 1.01299687e-10  2.89557748e+00  2.89741537e+00 
 1.02299687e-10  2.89555917e+00  2.89743423e+00 
 1.03299687e-10  2.89554065e+00  2.89745328e+00 
 1.04299687e-10  2.89552200e+00  2.89747244e+00 
 1.05299687e-10  2.89550326e+00  2.89749164e+00 
 1.06299687e-10  2.89548447e+00  2.89751082e+00 
 1.07299687e-10  2.89546565e+00  2.89752998e+00 
 1.08299687e-10  2.89544678e+00  2.89754913e+00 
 1.09299687e-10  2.89542784e+00  2.89756834e+00 
 1.10299687e-10  2.89540877e+00  2.89758767e+00 
 1.11299687e-10  2.89538951e+00  2.89760722e+00 
 1.12299687e-10  2.89537002e+00  2.89762705e+00 
 1.13299687e-10  2.89535026e+00  2.89764720e+00 
 1.14299687e-10  2.89533020e+00  2.89766771e+00 
 1.15299687e-10  2.89530984e+00  2.89768857e+00 
 1.16299687e-10  2.89528920e+00  2.89770974e+00 
 1.17299687e-10  2.89526832e+00  2.89773118e+00 
 1.18299687e-10  2.89524724e+00  2.89775280e+00 
 1.19299687e-10  2.89522603e+00  2.89777453e+00 
 1.20299687e-10  2.89520474e+00  2.89779629e+00 
 1.21299687e-10  2.89518340e+00  2.89781803e+00 
 1.22299687e-10  2.89516203e+00  2.89783975e+00 
 1.23299687e-10  2.89514062e+00  2.89786146e+00 
 1.24299687e-10  2.89511913e+00  2.89788322e+00 
 1.25299687e-10  2.89509751e+00  2.89790512e+00 
 1.26299687e-10  2.89507570e+00  2.89792723e+00 
 1.27299687e-10  2.89505367e+00  2.89794962e+00 
 1.28299687e-10  2.89503136e+00  2.89797233e+00 
 1.29299687e-10  2.89500876e+00  2.89799539e+00 
 1.30299687e-10  2.89498586e+00  2.89801880e+00 
 1.31299687e-10  2.89496269e+00  2.89804252e+00 
 1.32299687e-10  2.89493928e+00  2.89806649e+00 
 1.33299687e-10  2.89491568e+00  2.89809064e+00 
 1.34299687e-10  2.89489196e+00  2.89811489e+00 
 1.35299687e-10  2.89486817e+00  2.89813916e+00 
 1.36299687e-10  2.89484433e+00  2.89816340e+00 
 1.37299687e-10  2.89482047e+00  2.89818762e+00 
 1.38299687e-10  2.89479656e+00  2.89821183e+00 
 1.39299687e-10  2.89477257e+00  2.89823611e+00 
 1.40299687e-10  2.89474845e+00  2.89826052e+00 
 1.41299687e-10  2.89472414e+00  2.89828515e+00 
 1.42299687e-10  2.89469960e+00  2.89831006e+00 
 1.43299687e-10  2.89467479e+00  2.89833530e+00 
 1.44299687e-10  2.89464968e+00  2.89836089e+00 
 1.45299687e-10  2.89462427e+00  2.89838682e+00 
 1.46299687e-10  2.89459859e+00  2.89841305e+00 
 1.47299687e-10  2.89457268e+00  2.89843954e+00 
 1.48299687e-10  2.89454660e+00  2.89846619e+00 
 1.49299687e-10  2.89452039e+00  2.89849294e+00 
 1.50299687e-10  2.89449411e+00  2.89851971e+00 
 1.51299687e-10  2.89446779e+00  2.89854644e+00 
 1.52299687e-10  2.89444145e+00  2.89857315e+00 
 1.53299687e-10  2.89441506e+00  2.89859986e+00 
 1.54299687e-10  2.89438860e+00  2.89862662e+00 
 1.55299687e-10  2.89436200e+00  2.89865353e+00 
 1.56299687e-10  2.89433521e+00  2.89868066e+00 
 1.57299687e-10  2.89430819e+00  2.89870806e+00 
 1.58299687e-10  2.89428090e+00  2.89873580e+00 
 1.59299687e-10  2.89425331e+00  2.89876387e+00 
 1.60299687e-10  2.89422543e+00  2.89879229e+00 
 1.61299687e-10  2.89419729e+00  2.89882100e+00 
 1.62299687e-10  2.89416893e+00  2.89884996e+00 
 1.63299687e-10  2.89414039e+00  2.89887907e+00 
 1.64299687e-10  2.89411174e+00  2.89890827e+00 
 1.65299687e-10  2.89408303e+00  2.89893748e+00 
 1.66299687e-10  2.89405429e+00  2.89896666e+00 
 1.67299687e-10  2.89402552e+00  2.89899580e+00 
 1.68299687e-10  2.89399670e+00  2.89902495e+00 
 1.69299687e-10  2.89396780e+00  2.89905417e+00 
 1.70299687e-10  2.89393877e+00  2.89908353e+00 
 1.71299687e-10  2.89390954e+00  2.89911311e+00 
 1.72299687e-10  2.89388008e+00  2.89914297e+00 
 1.73299687e-10  2.89385035e+00  2.89917317e+00 
 1.74299687e-10  2.89382032e+00  2.89920370e+00 
 1.75299687e-10  2.89379000e+00  2.89923458e+00 
 1.76299687e-10  2.89375943e+00  2.89926574e+00 
 1.77299687e-10  2.89372863e+00  2.89929715e+00 
 1.78299687e-10  2.89369767e+00  2.89932870e+00 
 1.79299687e-10  2.89366660e+00  2.89936034e+00 
 1.80299687e-10  2.89363547e+00  2.89939198e+00 
 1.81299687e-10  2.89360431e+00  2.89942358e+00 
 1.82299687e-10  2.89357313e+00  2.89945515e+00 
 1.83299687e-10  2.89354190e+00  2.89948673e+00 
 1.84299687e-10  2.89351059e+00  2.89951838e+00 
 1.85299687e-10  2.89347915e+00  2.89955017e+00 
 1.86299687e-10  2.89344751e+00  2.89958218e+00 
 1.87299687e-10  2.89341564e+00  2.89961448e+00 
 1.88299687e-10  2.89338349e+00  2.89964710e+00 
 1.89299687e-10  2.89335105e+00  2.89968007e+00 
 1.90299687e-10  2.89331834e+00  2.89971336e+00 
 1.91299687e-10  2.89328536e+00  2.89974694e+00 
 1.92299687e-10  2.89325218e+00  2.89978074e+00 
 1.93299687e-10  2.89321883e+00  2.89981470e+00 
 1.94299687e-10  2.89318539e+00  2.89984872e+00 
 1.95299687e-10  2.89315190e+00  2.89988274e+00 
 1.96299687e-10  2.89311837e+00  2.89991672e+00 
 1.97299687e-10  2.89308483e+00  2.89995067e+00 
 1.98299687e-10  2.89305124e+00  2.89998462e+00 
 1.99299687e-10  2.89301756e+00  2.90001865e+00 
 2.00299687e-10  2.89298375e+00  2.90005283e+00 
 2.01299687e-10  2.89294974e+00  2.90008724e+00 
 2.02299687e-10  2.89291549e+00  2.90012193e+00 
 2.03299687e-10  2.89288097e+00  2.90015695e+00 
 2.04299687e-10  2.89284616e+00  2.90019231e+00 
 2.05299687e-10  2.89281107e+00  2.90022800e+00 
 2.06299687e-10  2.89277572e+00  2.90026397e+00 
 2.07299687e-10  2.89274017e+00  2.90030015e+00 
 2.08299687e-10  2.89270447e+00  2.90033648e+00 
 2.09299687e-10  2.89266867e+00  2.90037287e+00 
 2.10299687e-10  2.89263283e+00  2.90040926e+00 
 2.11299687e-10  2.89259696e+00  2.90044560e+00 
 2.12299687e-10  2.89256107e+00  2.90048192e+00 
 2.13299687e-10  2.89252513e+00  2.90051824e+00 
 2.14299687e-10  2.89248911e+00  2.90055463e+00 
 2.15299687e-10  2.89245295e+00  2.90059118e+00 
 2.16299687e-10  2.89241659e+00  2.90062795e+00 
 2.17299687e-10  2.89237999e+00  2.90066501e+00 
 2.18299687e-10  2.89234312e+00  2.90070240e+00 
 2.19299687e-10  2.89230597e+00  2.90074012e+00 
 2.20299687e-10  2.89226854e+00  2.90077816e+00 
 2.21299687e-10  2.89223087e+00  2.90081647e+00 
 2.22299687e-10  2.89219300e+00  2.90085500e+00 
 2.23299687e-10  2.89215498e+00  2.90089366e+00 
 2.24299687e-10  2.89211688e+00  2.90093237e+00 
 2.25299687e-10  2.89207873e+00  2.90097107e+00 
 2.26299687e-10  2.89204056e+00  2.90100973e+00 
 2.27299687e-10  2.89200237e+00  2.90104835e+00 
 2.28299687e-10  2.89196414e+00  2.90108699e+00 
 2.29299687e-10  2.89192582e+00  2.90112570e+00 
 2.30299687e-10  2.89188735e+00  2.90116457e+00 
 2.31299687e-10  2.89184868e+00  2.90120367e+00 
 2.32299687e-10  2.89180978e+00  2.90124307e+00 
 2.33299687e-10  2.89177060e+00  2.90128278e+00 
 2.34299687e-10  2.89173114e+00  2.90132283e+00 
 2.35299687e-10  2.89169140e+00  2.90136320e+00 
 2.36299687e-10  2.89165142e+00  2.90140384e+00 
 2.37299687e-10  2.89161125e+00  2.90144468e+00 
 2.38299687e-10  2.89157094e+00  2.90148565e+00 
 2.39299687e-10  2.89153055e+00  2.90152667e+00 
 2.40299687e-10  2.89149012e+00  2.90156767e+00 
 2.41299687e-10  2.89144967e+00  2.90160862e+00 
 2.42299687e-10  2.89140920e+00  2.90164955e+00 
 2.43299687e-10  2.89136868e+00  2.90169048e+00 
 2.44299687e-10  2.89132807e+00  2.90173149e+00 
 2.45299687e-10  2.89128732e+00  2.90177267e+00 
 2.46299687e-10  2.89124638e+00  2.90181407e+00 
 2.47299687e-10  2.89120519e+00  2.90185577e+00 
 2.48299687e-10  2.89116373e+00  2.90189778e+00 
 2.49299687e-10  2.89112199e+00  2.90194013e+00 
 2.50299687e-10  2.89107998e+00  2.90198279e+00 
 2.51299687e-10  2.89103774e+00  2.90202571e+00 
 2.52299687e-10  2.89099531e+00  2.90206882e+00 
 2.53299687e-10  2.89095275e+00  2.90211205e+00 
 2.54299687e-10  2.89091012e+00  2.90215532e+00 
 2.55299687e-10  2.89086745e+00  2.90219857e+00 
 2.56299687e-10  2.89082476e+00  2.90224177e+00 
 2.57299687e-10  2.89078206e+00  2.90228494e+00 
 2.58299687e-10  2.89073931e+00  2.90232813e+00 
 2.59299687e-10  2.89069646e+00  2.90237140e+00 
 2.60299687e-10  2.89065347e+00  2.90241483e+00 
 2.61299687e-10  2.89061028e+00  2.90245850e+00 
 2.62299687e-10  2.89056684e+00  2.90250246e+00 
 2.63299687e-10  2.89052314e+00  2.90254675e+00 
 2.64299687e-10  2.89047915e+00  2.90259136e+00 
 2.65299687e-10  2.89043490e+00  2.90263628e+00 
 2.66299687e-10  2.89039042e+00  2.90268145e+00 
 2.67299687e-10  2.89034576e+00  2.90272682e+00 
 2.68299687e-10  2.89030097e+00  2.90277229e+00 
 2.69299687e-10  2.89025611e+00  2.90281780e+00 
 2.70299687e-10  2.89021122e+00  2.90286329e+00 
 2.71299687e-10  2.89016632e+00  2.90290872e+00 
 2.72299687e-10  2.89012140e+00  2.90295412e+00 
 2.73299687e-10  2.89007643e+00  2.90299954e+00 
 2.74299687e-10  2.89003136e+00  2.90304505e+00 
 2.75299687e-10  2.88998615e+00  2.90309072e+00 
 2.76299687e-10  2.88994074e+00  2.90313663e+00 
 2.77299687e-10  2.88989509e+00  2.90318283e+00 
 2.78299687e-10  2.88984916e+00  2.90322934e+00 
 2.79299687e-10  2.88980296e+00  2.90327619e+00 
 2.80299687e-10  2.88975651e+00  2.90332333e+00 
 2.81299687e-10  2.88970983e+00  2.90337072e+00 
 2.82299687e-10  2.88966297e+00  2.90341829e+00 
 2.83299687e-10  2.88961600e+00  2.90346596e+00 
 2.84299687e-10  2.88956896e+00  2.90351366e+00 
 2.85299687e-10  2.88952190e+00  2.90356133e+00 
 2.86299687e-10  2.88947482e+00  2.90360895e+00 
 2.87299687e-10  2.88942773e+00  2.90365653e+00 
 2.88299687e-10  2.88938059e+00  2.90370414e+00 
 2.89299687e-10  2.88933335e+00  2.90375184e+00 
 2.90299687e-10  2.88928596e+00  2.90379970e+00 
 2.91299687e-10  2.88923837e+00  2.90384781e+00 
 2.92299687e-10  2.88919053e+00  2.90389621e+00 
 2.93299687e-10  2.88914242e+00  2.90394493e+00 
 2.94299687e-10  2.88909404e+00  2.90399397e+00 
 2.95299687e-10  2.88904541e+00  2.90404331e+00 
 2.96299687e-10  2.88899655e+00  2.90409289e+00 
 2.97299687e-10  2.88894752e+00  2.90414265e+00 
 2.98299687e-10  2.88889839e+00  2.90419250e+00 
 2.99299687e-10  2.88884919e+00  2.90424237e+00 
 3.00299687e-10  2.88879997e+00  2.90429221e+00 
 3.01299687e-10  2.88875074e+00  2.90434200e+00 
 3.02299687e-10  2.88870149e+00  2.90439175e+00 
 3.03299687e-10  2.88865220e+00  2.90444153e+00 
 3.04299687e-10  2.88860280e+00  2.90449140e+00 
 3.05299687e-10  2.88855326e+00  2.90454144e+00 
 3.06299687e-10  2.88850351e+00  2.90459172e+00 
 3.07299687e-10  2.88845351e+00  2.90464230e+00 
 3.08299687e-10  2.88840325e+00  2.90469318e+00 
 3.09299687e-10  2.88835272e+00  2.90474439e+00 
 3.10299687e-10  2.88830194e+00  2.90479589e+00 
 3.11299687e-10  2.88825095e+00  2.90484762e+00 
 3.12299687e-10  2.88819979e+00  2.90489952e+00 
 3.13299687e-10  2.88814853e+00  2.90495150e+00 
 3.14299687e-10  2.88809722e+00  2.90500350e+00 
 3.15299687e-10  2.88804589e+00  2.90505546e+00 
 3.16299687e-10  2.88799456e+00  2.90510736e+00 
 3.17299687e-10  2.88794320e+00  2.90515924e+00 
 3.18299687e-10  2.88789179e+00  2.90521114e+00 
 3.19299687e-10  2.88784029e+00  2.90526314e+00 
 3.20299687e-10  2.88778862e+00  2.90531531e+00 
 3.21299687e-10  2.88773675e+00  2.90536773e+00 
 3.22299687e-10  2.88768464e+00  2.90542044e+00 
 3.23299687e-10  2.88763225e+00  2.90547347e+00 
 3.24299687e-10  2.88757960e+00  2.90552681e+00 
 3.25299687e-10  2.88752671e+00  2.90558044e+00 
 3.26299687e-10  2.88747360e+00  2.90563430e+00 
 3.27299687e-10  2.88742034e+00  2.90568832e+00 
 3.28299687e-10  2.88736698e+00  2.90574242e+00 
 3.29299687e-10  2.88731357e+00  2.90579653e+00 
 3.30299687e-10  2.88726014e+00  2.90585059e+00 
 3.31299687e-10  2.88720672e+00  2.90590461e+00 
 3.32299687e-10  2.88715327e+00  2.90595859e+00 
 3.33299687e-10  2.88709977e+00  2.90601260e+00 
 3.34299687e-10  2.88704617e+00  2.90606671e+00 
 3.35299687e-10  2.88699241e+00  2.90612099e+00 
 3.36299687e-10  2.88693844e+00  2.90617552e+00 
 3.37299687e-10  2.88688423e+00  2.90623034e+00 
 3.38299687e-10  2.88682976e+00  2.90628548e+00 
 3.39299687e-10  2.88677502e+00  2.90634092e+00 
 3.40299687e-10  2.88672005e+00  2.90639664e+00 
 3.41299687e-10  2.88666487e+00  2.90645259e+00 
 3.42299687e-10  2.88660954e+00  2.90650869e+00 
 3.43299687e-10  2.88655412e+00  2.90656486e+00 
 3.44299687e-10  2.88649866e+00  2.90662102e+00 
 3.45299687e-10  2.88644319e+00  2.90667715e+00 
 3.46299687e-10  2.88638771e+00  2.90673322e+00 
 3.47299687e-10  2.88633222e+00  2.90678926e+00 
 3.48299687e-10  2.88627667e+00  2.90684533e+00 
 3.49299687e-10  2.88622102e+00  2.90690151e+00 
 3.50299687e-10  2.88616520e+00  2.90695786e+00 
 3.51299687e-10  2.88610918e+00  2.90701447e+00 
 3.52299687e-10  2.88605291e+00  2.90707137e+00 
 3.53299687e-10  2.88599637e+00  2.90712858e+00 
 3.54299687e-10  2.88593958e+00  2.90718609e+00 
 3.55299687e-10  2.88588255e+00  2.90724389e+00 
 3.56299687e-10  2.88582532e+00  2.90730190e+00 
 3.57299687e-10  2.88576795e+00  2.90736005e+00 
 3.58299687e-10  2.88571049e+00  2.90741828e+00 
 3.59299687e-10  2.88565299e+00  2.90747649e+00 
 3.60299687e-10  2.88559549e+00  2.90753466e+00 
 3.61299687e-10  2.88553798e+00  2.90759277e+00 
 3.62299687e-10  2.88548046e+00  2.90765086e+00 
 3.63299687e-10  2.88542288e+00  2.90770898e+00 
 3.64299687e-10  2.88536519e+00  2.90776720e+00 
 3.65299687e-10  2.88530734e+00  2.90782561e+00 
 3.66299687e-10  2.88524928e+00  2.90788426e+00 
 3.67299687e-10  2.88519098e+00  2.90794321e+00 
 3.68299687e-10  2.88513242e+00  2.90800246e+00 
 3.69299687e-10  2.88507360e+00  2.90806202e+00 
 3.70299687e-10  2.88501455e+00  2.90812184e+00 
 3.71299687e-10  2.88495531e+00  2.90818188e+00 
 3.72299687e-10  2.88489594e+00  2.90824205e+00 
 3.73299687e-10  2.88483648e+00  2.90830228e+00 
 3.74299687e-10  2.88477700e+00  2.90836249e+00 
 3.75299687e-10  2.88471751e+00  2.90842266e+00 
 3.76299687e-10  2.88465801e+00  2.90848276e+00 
 3.77299687e-10  2.88459850e+00  2.90854285e+00 
 3.78299687e-10  2.88453893e+00  2.90860297e+00 
 3.79299687e-10  2.88447925e+00  2.90866320e+00 
 3.80299687e-10  2.88441941e+00  2.90872362e+00 
 3.81299687e-10  2.88435936e+00  2.90878429e+00 
 3.82299687e-10  2.88429906e+00  2.90884525e+00 
 3.83299687e-10  2.88423850e+00  2.90890652e+00 
 3.84299687e-10  2.88417768e+00  2.90896808e+00 
 3.85299687e-10  2.88411664e+00  2.90902992e+00 
 3.86299687e-10  2.88405541e+00  2.90909195e+00 
 3.87299687e-10  2.88399405e+00  2.90915412e+00 
 3.88299687e-10  2.88393262e+00  2.90921634e+00 
 3.89299687e-10  2.88387116e+00  2.90927854e+00 
 3.90299687e-10  2.88380970e+00  2.90934069e+00 
 3.91299687e-10  2.88374824e+00  2.90940278e+00 
 3.92299687e-10  2.88368675e+00  2.90946484e+00 
 3.93299687e-10  2.88362521e+00  2.90952695e+00 
 3.94299687e-10  2.88356356e+00  2.90958917e+00 
 3.95299687e-10  2.88350175e+00  2.90965158e+00 
 3.96299687e-10  2.88343972e+00  2.90971423e+00 
 3.97299687e-10  2.88337745e+00  2.90977718e+00 
 3.98299687e-10  2.88331492e+00  2.90984043e+00 
 3.99299687e-10  2.88325214e+00  2.90990397e+00 
 4.00299687e-10  2.88318914e+00  2.90996777e+00 
 4.01299687e-10  2.88312597e+00  2.91003177e+00 
 4.02299687e-10  2.88306267e+00  2.91009589e+00 
 4.03299687e-10  2.88299930e+00  2.91016005e+00 
 4.04299687e-10  2.88293591e+00  2.91022419e+00 
 4.05299687e-10  2.88287252e+00  2.91028827e+00 
 4.06299687e-10  2.88280914e+00  2.91035230e+00 
 4.07299687e-10  2.88274573e+00  2.91041630e+00 
 4.08299687e-10  2.88268226e+00  2.91048035e+00 
 4.09299687e-10  2.88261868e+00  2.91054452e+00 
 4.10299687e-10  2.88255492e+00  2.91060887e+00 
 4.11299687e-10  2.88249096e+00  2.91067348e+00 
 4.12299687e-10  2.88242675e+00  2.91073838e+00 
 4.13299687e-10  2.88236228e+00  2.91080358e+00 
 4.14299687e-10  2.88229757e+00  2.91086908e+00 
 4.15299687e-10  2.88223264e+00  2.91093482e+00 
 4.16299687e-10  2.88216754e+00  2.91100076e+00 
 4.17299687e-10  2.88210232e+00  2.91106681e+00 
 4.18299687e-10  2.88203703e+00  2.91113290e+00 
 4.19299687e-10  2.88197173e+00  2.91119896e+00 
 4.20299687e-10  2.88190643e+00  2.91126497e+00 
 4.21299687e-10  2.88184114e+00  2.91133091e+00 
 4.22299687e-10  2.88177582e+00  2.91139683e+00 
 4.23299687e-10  2.88171044e+00  2.91146280e+00 
 4.24299687e-10  2.88164494e+00  2.91152889e+00 
 4.25299687e-10  2.88157928e+00  2.91159518e+00 
 4.26299687e-10  2.88151340e+00  2.91166171e+00 
 4.27299687e-10  2.88144728e+00  2.91172853e+00 
 4.28299687e-10  2.88138091e+00  2.91179565e+00 
 4.29299687e-10  2.88131429e+00  2.91186306e+00 
 4.30299687e-10  2.88124747e+00  2.91193071e+00 
 4.31299687e-10  2.88118048e+00  2.91199855e+00 
 4.32299687e-10  2.88111337e+00  2.91206649e+00 
 4.33299687e-10  2.88104622e+00  2.91213446e+00 
 4.34299687e-10  2.88097905e+00  2.91220239e+00 
 4.35299687e-10  2.88091188e+00  2.91227027e+00 
 4.36299687e-10  2.88084472e+00  2.91233808e+00 
 4.37299687e-10  2.88077754e+00  2.91240588e+00 
 4.38299687e-10  2.88071029e+00  2.91247373e+00 
 4.39299687e-10  2.88064292e+00  2.91254171e+00 
 4.40299687e-10  2.88057538e+00  2.91260987e+00 
 4.41299687e-10  2.88050762e+00  2.91267830e+00 
 4.42299687e-10  2.88043962e+00  2.91274701e+00 
 4.43299687e-10  2.88037137e+00  2.91281602e+00 
 4.44299687e-10  2.88030288e+00  2.91288531e+00 
 4.45299687e-10  2.88023419e+00  2.91295484e+00 
 4.46299687e-10  2.88016533e+00  2.91302455e+00 
 4.47299687e-10  2.88009637e+00  2.91309436e+00 
 4.48299687e-10  2.88002735e+00  2.91316419e+00 
 4.49299687e-10  2.87995833e+00  2.91323399e+00 
 4.50299687e-10  2.87988931e+00  2.91330372e+00 
 4.51299687e-10  2.87982030e+00  2.91337339e+00 
 4.52299687e-10  2.87975127e+00  2.91344305e+00 
 4.53299687e-10  2.87968217e+00  2.91351276e+00 
 4.54299687e-10  2.87961295e+00  2.91358259e+00 
 4.55299687e-10  2.87954355e+00  2.91365262e+00 
 4.56299687e-10  2.87947394e+00  2.91372291e+00 
 4.57299687e-10  2.87940409e+00  2.91379347e+00 
 4.58299687e-10  2.87933400e+00  2.91386434e+00 
 4.59299687e-10  2.87926367e+00  2.91393548e+00 
 4.60299687e-10  2.87919314e+00  2.91400685e+00 
 4.61299687e-10  2.87912245e+00  2.91407839e+00 
 4.62299687e-10  2.87905167e+00  2.91415002e+00 
 4.63299687e-10  2.87898084e+00  2.91422167e+00 
 4.64299687e-10  2.87891001e+00  2.91429327e+00 
 4.65299687e-10  2.87883919e+00  2.91436481e+00 
 4.66299687e-10  2.87876837e+00  2.91443629e+00 
 4.67299687e-10  2.87869753e+00  2.91450776e+00 
 4.68299687e-10  2.87862662e+00  2.91457928e+00 
 4.69299687e-10  2.87855558e+00  2.91465093e+00 
 4.70299687e-10  2.87848437e+00  2.91472279e+00 
 4.71299687e-10  2.87841294e+00  2.91479489e+00 
 4.72299687e-10  2.87834128e+00  2.91486729e+00 
 4.73299687e-10  2.87826936e+00  2.91493997e+00 
 4.74299687e-10  2.87819722e+00  2.91501293e+00 
 4.75299687e-10  2.87812487e+00  2.91508612e+00 
 4.76299687e-10  2.87805238e+00  2.91515946e+00 
 4.77299687e-10  2.87797980e+00  2.91523290e+00 
 4.78299687e-10  2.87790718e+00  2.91530634e+00 
 4.79299687e-10  2.87783455e+00  2.91537974e+00 
 4.80299687e-10  2.87776194e+00  2.91545306e+00 
 4.81299687e-10  2.87768933e+00  2.91552633e+00 
 4.82299687e-10  2.87761670e+00  2.91559959e+00 
 4.83299687e-10  2.87754399e+00  2.91567291e+00 
 4.84299687e-10  2.87747116e+00  2.91574636e+00 
 4.85299687e-10  2.87739816e+00  2.91582000e+00 
 4.86299687e-10  2.87732494e+00  2.91589390e+00 
 4.87299687e-10  2.87725148e+00  2.91596809e+00 
 4.88299687e-10  2.87717778e+00  2.91604256e+00 
 4.89299687e-10  2.87710385e+00  2.91611729e+00 
 4.90299687e-10  2.87702974e+00  2.91619225e+00 
 4.91299687e-10  2.87695548e+00  2.91626736e+00 
 4.92299687e-10  2.87688114e+00  2.91634255e+00 
 4.93299687e-10  2.87680676e+00  2.91641774e+00 
 4.94299687e-10  2.87673239e+00  2.91649287e+00 
 4.95299687e-10  2.87665803e+00  2.91656794e+00 
 4.96299687e-10  2.87658367e+00  2.91664295e+00 
 4.97299687e-10  2.87650929e+00  2.91671795e+00 
 4.98299687e-10  2.87643483e+00  2.91679302e+00 
 4.99299687e-10  2.87636025e+00  2.91686821e+00 
 5.00299687e-10  2.87628548e+00  2.91694361e+00 
 5.01299687e-10  2.87621050e+00  2.91701927e+00 
 5.02299687e-10  2.87613528e+00  2.91709521e+00 
 5.03299687e-10  2.87605982e+00  2.91717143e+00 
 5.04299687e-10  2.87598414e+00  2.91724791e+00 
 5.05299687e-10  2.87590827e+00  2.91732461e+00 
 5.06299687e-10  2.87583227e+00  2.91740146e+00 
 5.07299687e-10  2.87575619e+00  2.91747838e+00 
 5.08299687e-10  2.87568007e+00  2.91755529e+00 
 5.09299687e-10  2.87560396e+00  2.91763215e+00 
 5.10299687e-10  2.87552787e+00  2.91770894e+00 
 5.11299687e-10  2.87545179e+00  2.91778567e+00 
 5.12299687e-10  2.87537567e+00  2.91786239e+00 
 5.13299687e-10  2.87529948e+00  2.91793917e+00 
 5.14299687e-10  2.87522316e+00  2.91801609e+00 
 5.15299687e-10  2.87514666e+00  2.91809322e+00 
 5.16299687e-10  2.87506994e+00  2.91817059e+00 
 5.17299687e-10  2.87499299e+00  2.91824825e+00 
 5.18299687e-10  2.87491580e+00  2.91832618e+00 
 5.19299687e-10  2.87483840e+00  2.91840437e+00 
 5.20299687e-10  2.87476082e+00  2.91848277e+00 
 5.21299687e-10  2.87468311e+00  2.91856130e+00 
 5.22299687e-10  2.87460532e+00  2.91863990e+00 
 5.23299687e-10  2.87452752e+00  2.91871848e+00 
 5.24299687e-10  2.87444972e+00  2.91879701e+00 
 5.25299687e-10  2.87437194e+00  2.91887545e+00 
 5.26299687e-10  2.87429416e+00  2.91895385e+00 
 5.27299687e-10  2.87421635e+00  2.91903224e+00 
 5.28299687e-10  2.87413846e+00  2.91911069e+00 
 5.29299687e-10  2.87406044e+00  2.91918929e+00 
 5.30299687e-10  2.87398224e+00  2.91926809e+00 
 5.31299687e-10  2.87390383e+00  2.91934714e+00 
 5.32299687e-10  2.87382517e+00  2.91942647e+00 
 5.33299687e-10  2.87374628e+00  2.91950608e+00 
 5.34299687e-10  2.87366718e+00  2.91958594e+00 
 5.35299687e-10  2.87358791e+00  2.91966600e+00 
 5.36299687e-10  2.87350851e+00  2.91974619e+00 
 5.37299687e-10  2.87342904e+00  2.91982643e+00 
 5.38299687e-10  2.87334956e+00  2.91990666e+00 
 5.39299687e-10  2.87327008e+00  2.91998683e+00 
 5.40299687e-10  2.87319063e+00  2.92006691e+00 
 5.41299687e-10  2.87311118e+00  2.92014694e+00 
 5.42299687e-10  2.87303169e+00  2.92022697e+00 
 5.43299687e-10  2.87295213e+00  2.92030706e+00 
 5.44299687e-10  2.87287243e+00  2.92038730e+00 
 5.45299687e-10  2.87279255e+00  2.92046774e+00 
 5.46299687e-10  2.87271246e+00  2.92054842e+00 
 5.47299687e-10  2.87263213e+00  2.92062939e+00 
 5.48299687e-10  2.87255157e+00  2.92071062e+00 
 5.49299687e-10  2.87247081e+00  2.92079210e+00 
 5.50299687e-10  2.87238988e+00  2.92087377e+00 
 5.51299687e-10  2.87230883e+00  2.92095556e+00 
 5.52299687e-10  2.87222772e+00  2.92103740e+00 
 5.53299687e-10  2.87214660e+00  2.92111921e+00 
 5.54299687e-10  2.87206549e+00  2.92120096e+00 
 5.55299687e-10  2.87198441e+00  2.92128263e+00 
 5.56299687e-10  2.87190332e+00  2.92136424e+00 
 5.57299687e-10  2.87182220e+00  2.92144585e+00 
 5.58299687e-10  2.87174100e+00  2.92152754e+00 
 5.59299687e-10  2.87165966e+00  2.92160937e+00 
 5.60299687e-10  2.87157814e+00  2.92169140e+00 
 5.61299687e-10  2.87149640e+00  2.92177369e+00 
 5.62299687e-10  2.87141443e+00  2.92185625e+00 
 5.63299687e-10  2.87133223e+00  2.92193908e+00 
 5.64299687e-10  2.87124983e+00  2.92202215e+00 
 5.65299687e-10  2.87116726e+00  2.92210541e+00 
 5.66299687e-10  2.87108459e+00  2.92218878e+00 
 5.67299687e-10  2.87100186e+00  2.92227219e+00 
 5.68299687e-10  2.87091911e+00  2.92235558e+00 
 5.69299687e-10  2.87083639e+00  2.92243889e+00 
 5.70299687e-10  2.87075369e+00  2.92252212e+00 
 5.71299687e-10  2.87067098e+00  2.92260531e+00 
 5.72299687e-10  2.87058825e+00  2.92268849e+00 
 5.73299687e-10  2.87050542e+00  2.92277175e+00 
 5.74299687e-10  2.87042247e+00  2.92285515e+00 
 5.75299687e-10  2.87033932e+00  2.92293875e+00 
 5.76299687e-10  2.87025597e+00  2.92302261e+00 
 5.77299687e-10  2.87017238e+00  2.92310674e+00 
 5.78299687e-10  2.87008857e+00  2.92319113e+00 
 5.79299687e-10  2.87000456e+00  2.92327575e+00 
 5.80299687e-10  2.86992040e+00  2.92336055e+00 
 5.81299687e-10  2.86983613e+00  2.92344546e+00 
 5.82299687e-10  2.86975182e+00  2.92353041e+00 
 5.83299687e-10  2.86966750e+00  2.92361532e+00 
 5.84299687e-10  2.86958320e+00  2.92370015e+00 
 5.85299687e-10  2.86949892e+00  2.92378490e+00 
 5.86299687e-10  2.86941464e+00  2.92386961e+00 
 5.87299687e-10  2.86933032e+00  2.92395432e+00 
 5.88299687e-10  2.86924592e+00  2.92403911e+00 
 5.89299687e-10  2.86916137e+00  2.92412404e+00 
 5.90299687e-10  2.86907665e+00  2.92420918e+00 
 5.91299687e-10  2.86899170e+00  2.92429458e+00 
 5.92299687e-10  2.86890652e+00  2.92438024e+00 
 5.93299687e-10  2.86882113e+00  2.92446617e+00 
 5.94299687e-10  2.86873554e+00  2.92455232e+00 
 5.95299687e-10  2.86864980e+00  2.92463865e+00 
 5.96299687e-10  2.86856396e+00  2.92472508e+00 
 5.97299687e-10  2.86847807e+00  2.92481154e+00 
 5.98299687e-10  2.86839219e+00  2.92489796e+00 
 5.99299687e-10  2.86830632e+00  2.92498430e+00 
 6.00299687e-10  2.86822048e+00  2.92507056e+00 
 6.01299687e-10  2.86813464e+00  2.92515677e+00 
 6.02299687e-10  2.86804876e+00  2.92524299e+00 
 6.03299687e-10  2.86796279e+00  2.92532929e+00 
 6.04299687e-10  2.86787668e+00  2.92541574e+00 
 6.05299687e-10  2.86779038e+00  2.92550239e+00 
 6.06299687e-10  2.86770387e+00  2.92558930e+00 
 6.07299687e-10  2.86761713e+00  2.92567647e+00 
 6.08299687e-10  2.86753018e+00  2.92576389e+00 
 6.09299687e-10  2.86744303e+00  2.92585154e+00 
 6.10299687e-10  2.86735575e+00  2.92593936e+00 
 6.11299687e-10  2.86726837e+00  2.92602726e+00 
 6.12299687e-10  2.86718095e+00  2.92611519e+00 
 6.13299687e-10  2.86709353e+00  2.92620308e+00 
 6.14299687e-10  2.86700614e+00  2.92629088e+00 
 6.15299687e-10  2.86691877e+00  2.92637861e+00 
 6.16299687e-10  2.86683139e+00  2.92646628e+00 
 6.17299687e-10  2.86674398e+00  2.92655397e+00 
 6.18299687e-10  2.86665647e+00  2.92664174e+00 
 6.19299687e-10  2.86656881e+00  2.92672967e+00 
 6.20299687e-10  2.86648096e+00  2.92681780e+00 
 6.21299687e-10  2.86639290e+00  2.92690618e+00 
 6.22299687e-10  2.86630461e+00  2.92699483e+00 
 6.23299687e-10  2.86621610e+00  2.92708373e+00 
 6.24299687e-10  2.86612741e+00  2.92717285e+00 
 6.25299687e-10  2.86603857e+00  2.92726213e+00 
 6.26299687e-10  2.86594965e+00  2.92735150e+00 
 6.27299687e-10  2.86586069e+00  2.92744088e+00 
 6.28299687e-10  2.86577173e+00  2.92753021e+00 
 6.29299687e-10  2.86568279e+00  2.92761946e+00 
 6.30299687e-10  2.86559387e+00  2.92770863e+00 
 6.31299687e-10  2.86550495e+00  2.92779775e+00 
 6.32299687e-10  2.86541597e+00  2.92788689e+00 
 6.33299687e-10  2.86532690e+00  2.92797611e+00 
 6.34299687e-10  2.86523767e+00  2.92806549e+00 
 6.35299687e-10  2.86514825e+00  2.92815507e+00 
 6.36299687e-10  2.86505861e+00  2.92824490e+00 
 6.37299687e-10  2.86496874e+00  2.92833498e+00 
 6.38299687e-10  2.86487865e+00  2.92842532e+00 
 6.39299687e-10  2.86478837e+00  2.92851587e+00 
 6.40299687e-10  2.86469795e+00  2.92860656e+00 
 6.41299687e-10  2.86460744e+00  2.92869734e+00 
 6.42299687e-10  2.86451688e+00  2.92878812e+00 
 6.43299687e-10  2.86442632e+00  2.92887885e+00 
 6.44299687e-10  2.86433578e+00  2.92896950e+00 
 6.45299687e-10  2.86424524e+00  2.92906006e+00 
 6.46299687e-10  2.86415469e+00  2.92915057e+00 
 6.47299687e-10  2.86406406e+00  2.92924111e+00 
 6.48299687e-10  2.86397332e+00  2.92933173e+00 
 6.49299687e-10  2.86388240e+00  2.92942250e+00 
 6.50299687e-10  2.86379128e+00  2.92951349e+00 
 6.51299687e-10  2.86369991e+00  2.92960472e+00 
 6.52299687e-10  2.86360830e+00  2.92969621e+00 
 6.53299687e-10  2.86351645e+00  2.92978794e+00 
 6.54299687e-10  2.86342440e+00  2.92987987e+00 
 6.55299687e-10  2.86333219e+00  2.92997196e+00 
 6.56299687e-10  2.86323987e+00  2.93006411e+00 
 6.57299687e-10  2.86314748e+00  2.93015627e+00 
 6.58299687e-10  2.86305508e+00  2.93024837e+00 
 6.59299687e-10  2.86296266e+00  2.93034038e+00 
 6.60299687e-10  2.86287022e+00  2.93043231e+00 
 6.61299687e-10  2.86277774e+00  2.93052420e+00 
 6.62299687e-10  2.86268515e+00  2.93061611e+00 
 6.63299687e-10  2.86259243e+00  2.93070812e+00 
 6.64299687e-10  2.86249950e+00  2.93080028e+00 
 6.65299687e-10  2.86240633e+00  2.93089265e+00 
 6.66299687e-10  2.86231290e+00  2.93098527e+00 
 6.67299687e-10  2.86221920e+00  2.93107814e+00 
 6.68299687e-10  2.86212524e+00  2.93117126e+00 
 6.69299687e-10  2.86203106e+00  2.93126458e+00 
 6.70299687e-10  2.86193670e+00  2.93135805e+00 
 6.71299687e-10  2.86184221e+00  2.93145159e+00 
 6.72299687e-10  2.86174765e+00  2.93154513e+00 
 6.73299687e-10  2.86165305e+00  2.93163862e+00 
 6.74299687e-10  2.86155841e+00  2.93173203e+00 
 6.75299687e-10  2.86146375e+00  2.93182536e+00 
 6.76299687e-10  2.86136902e+00  2.93191867e+00 
 6.77299687e-10  2.86127418e+00  2.93201201e+00 
 6.78299687e-10  2.86117917e+00  2.93210545e+00 
 6.79299687e-10  2.86108397e+00  2.93219907e+00 
 6.80299687e-10  2.86098852e+00  2.93229290e+00 
 6.81299687e-10  2.86089280e+00  2.93238699e+00 
 6.82299687e-10  2.86079681e+00  2.93248134e+00 
 6.83299687e-10  2.86070058e+00  2.93257594e+00 
 6.84299687e-10  2.86060413e+00  2.93267075e+00 
 6.85299687e-10  2.86050752e+00  2.93276570e+00 
 6.86299687e-10  2.86041081e+00  2.93286073e+00 
 6.87299687e-10  2.86031403e+00  2.93295576e+00 
 6.88299687e-10  2.86021724e+00  2.93305074e+00 
 6.89299687e-10  2.86012044e+00  2.93314563e+00 
 6.90299687e-10  2.86002362e+00  2.93324046e+00 
 6.91299687e-10  2.85992677e+00  2.93333526e+00 
 6.92299687e-10  2.85982983e+00  2.93343010e+00 
 6.93299687e-10  2.85973276e+00  2.93352504e+00 
 6.94299687e-10  2.85963550e+00  2.93362015e+00 
 6.95299687e-10  2.85953804e+00  2.93371547e+00 
 6.96299687e-10  2.85944034e+00  2.93381105e+00 
 6.97299687e-10  2.85934241e+00  2.93390687e+00 
 6.98299687e-10  2.85924426e+00  2.93400293e+00 
 6.99299687e-10  2.85914594e+00  2.93409919e+00 
 7.00299687e-10  2.85904750e+00  2.93419557e+00 
 7.01299687e-10  2.85894898e+00  2.93429202e+00 
 7.02299687e-10  2.85885045e+00  2.93438845e+00 
 7.03299687e-10  2.85875193e+00  2.93448481e+00 
 7.04299687e-10  2.85865344e+00  2.93458108e+00 
 7.05299687e-10  2.85855497e+00  2.93467728e+00 
 7.06299687e-10  2.85845648e+00  2.93477344e+00 
 7.07299687e-10  2.85835793e+00  2.93486963e+00 
 7.08299687e-10  2.85825928e+00  2.93496591e+00 
 7.09299687e-10  2.85816046e+00  2.93506235e+00 
 7.10299687e-10  2.85806146e+00  2.93515900e+00 
 7.11299687e-10  2.85796226e+00  2.93525588e+00 
 7.12299687e-10  2.85786284e+00  2.93535300e+00 
 7.13299687e-10  2.85776324e+00  2.93545033e+00 
 7.14299687e-10  2.85766349e+00  2.93554785e+00 
 7.15299687e-10  2.85756364e+00  2.93564548e+00 
 7.16299687e-10  2.85746375e+00  2.93574314e+00 
 7.17299687e-10  2.85736386e+00  2.93584078e+00 
 7.18299687e-10  2.85726400e+00  2.93593834e+00 
 7.19299687e-10  2.85716419e+00  2.93603579e+00 
 7.20299687e-10  2.85706442e+00  2.93613315e+00 
 7.21299687e-10  2.85696464e+00  2.93623046e+00 
 7.22299687e-10  2.85686481e+00  2.93632779e+00 
 7.23299687e-10  2.85676489e+00  2.93642521e+00 
 7.24299687e-10  2.85666482e+00  2.93652277e+00 
 7.25299687e-10  2.85656458e+00  2.93662052e+00 
 7.26299687e-10  2.85646414e+00  2.93671850e+00 
 7.27299687e-10  2.85636351e+00  2.93681670e+00 
 7.28299687e-10  2.85626271e+00  2.93691510e+00 
 7.29299687e-10  2.85616177e+00  2.93701365e+00 
 7.30299687e-10  2.85606075e+00  2.93711231e+00 
 7.31299687e-10  2.85595969e+00  2.93721098e+00 
 7.32299687e-10  2.85585865e+00  2.93730961e+00 
 7.33299687e-10  2.85575765e+00  2.93740815e+00 
 7.34299687e-10  2.85565671e+00  2.93750656e+00 
 7.35299687e-10  2.85555580e+00  2.93760488e+00 
 7.36299687e-10  2.85545488e+00  2.93770315e+00 
 7.37299687e-10  2.85535392e+00  2.93780143e+00 
 7.38299687e-10  2.85525287e+00  2.93789979e+00 
 7.39299687e-10  2.85515167e+00  2.93799830e+00 
 7.40299687e-10  2.85505029e+00  2.93809698e+00 
 7.41299687e-10  2.85494872e+00  2.93819588e+00 
 7.42299687e-10  2.85484695e+00  2.93829499e+00 
 7.43299687e-10  2.85474502e+00  2.93839430e+00 
 7.44299687e-10  2.85464296e+00  2.93849374e+00 
 7.45299687e-10  2.85454082e+00  2.93859328e+00 
 7.46299687e-10  2.85443865e+00  2.93869282e+00 
 7.47299687e-10  2.85433650e+00  2.93879230e+00 
 7.48299687e-10  2.85423440e+00  2.93889168e+00 
 7.49299687e-10  2.85413234e+00  2.93899094e+00 
 7.50299687e-10  2.85403032e+00  2.93909010e+00 
 7.51299687e-10  2.85392829e+00  2.93918919e+00 
 7.52299687e-10  2.85382622e+00  2.93928830e+00 
 7.53299687e-10  2.85372404e+00  2.93938748e+00 
 7.54299687e-10  2.85362172e+00  2.93948680e+00 
 7.55299687e-10  2.85351922e+00  2.93958629e+00 
 7.56299687e-10  2.85341653e+00  2.93968599e+00 
 7.57299687e-10  2.85331365e+00  2.93978589e+00 
 7.58299687e-10  2.85321060e+00  2.93988598e+00 
 7.59299687e-10  2.85310743e+00  2.93998619e+00 
 7.60299687e-10  2.85300419e+00  2.94008648e+00 
 7.61299687e-10  2.85290092e+00  2.94018676e+00 
 7.62299687e-10  2.85279767e+00  2.94028698e+00 
 7.63299687e-10  2.85269447e+00  2.94038709e+00 
 7.64299687e-10  2.85259131e+00  2.94048706e+00 
 7.65299687e-10  2.85248819e+00  2.94058693e+00 
 7.66299687e-10  2.85238505e+00  2.94068675e+00 
 7.67299687e-10  2.85228187e+00  2.94078657e+00 
 7.68299687e-10  2.85217857e+00  2.94088647e+00 
 7.69299687e-10  2.85207513e+00  2.94098650e+00 
 7.70299687e-10  2.85197150e+00  2.94108670e+00 
 7.71299687e-10  2.85186768e+00  2.94118711e+00 
 7.72299687e-10  2.85176368e+00  2.94128771e+00 
 7.73299687e-10  2.85165950e+00  2.94138848e+00 
 7.74299687e-10  2.85155521e+00  2.94148938e+00 
 7.75299687e-10  2.85145085e+00  2.94159035e+00 
 7.76299687e-10  2.85134646e+00  2.94169130e+00 
 7.77299687e-10  2.85124210e+00  2.94179218e+00 
 7.78299687e-10  2.85113778e+00  2.94189293e+00 
 7.79299687e-10  2.85103351e+00  2.94199356e+00 
 7.80299687e-10  2.85092926e+00  2.94209408e+00 
 7.81299687e-10  2.85082500e+00  2.94219454e+00 
 7.82299687e-10  2.85072069e+00  2.94229501e+00 
 7.83299687e-10  2.85061627e+00  2.94239555e+00 
 7.84299687e-10  2.85051169e+00  2.94249622e+00 
 7.85299687e-10  2.85040694e+00  2.94259706e+00 
 7.86299687e-10  2.85030199e+00  2.94269809e+00 
 7.87299687e-10  2.85019685e+00  2.94279931e+00 
 7.88299687e-10  2.85009156e+00  2.94290069e+00 
 7.89299687e-10  2.84998615e+00  2.94300219e+00 
 7.90299687e-10  2.84988068e+00  2.94310374e+00 
 7.91299687e-10  2.84977518e+00  2.94320528e+00 
 7.92299687e-10  2.84966972e+00  2.94330673e+00 
 7.93299687e-10  2.84956430e+00  2.94340805e+00 
 7.94299687e-10  2.84945892e+00  2.94350924e+00 
 7.95299687e-10  2.84935357e+00  2.94361032e+00 
 7.96299687e-10  2.84924821e+00  2.94371135e+00 
 7.97299687e-10  2.84914278e+00  2.94381238e+00 
 7.98299687e-10  2.84903724e+00  2.94391348e+00 
 7.99299687e-10  2.84893154e+00  2.94401471e+00 
 8.00299687e-10  2.84882566e+00  2.94411612e+00 
 8.01299687e-10  2.84871959e+00  2.94421771e+00 
 8.02299687e-10  2.84861334e+00  2.94431948e+00 
 8.03299687e-10  2.84850693e+00  2.94442141e+00 
 8.04299687e-10  2.84840040e+00  2.94452345e+00 
 8.05299687e-10  2.84829382e+00  2.94462553e+00 
 8.06299687e-10  2.84818722e+00  2.94472759e+00 
 8.07299687e-10  2.84808065e+00  2.94482956e+00 
 8.08299687e-10  2.84797412e+00  2.94493139e+00 
 8.09299687e-10  2.84786764e+00  2.94503309e+00 
 8.10299687e-10  2.84776119e+00  2.94513468e+00 
 8.11299687e-10  2.84765472e+00  2.94523622e+00 
 8.12299687e-10  2.84754818e+00  2.94533775e+00 
 8.13299687e-10  2.84744153e+00  2.94543936e+00 
 8.14299687e-10  2.84733472e+00  2.94554110e+00 
 8.15299687e-10  2.84722773e+00  2.94564300e+00 
 8.16299687e-10  2.84712055e+00  2.94574508e+00 
 8.17299687e-10  2.84701320e+00  2.94584734e+00 
 8.18299687e-10  2.84690569e+00  2.94594975e+00 
 8.19299687e-10  2.84679807e+00  2.94605225e+00 
 8.20299687e-10  2.84669040e+00  2.94615479e+00 
 8.21299687e-10  2.84658273e+00  2.94625730e+00 
 8.22299687e-10  2.84647508e+00  2.94635971e+00 
 8.23299687e-10  2.84636748e+00  2.94646198e+00 
 8.24299687e-10  2.84625993e+00  2.94656411e+00 
 8.25299687e-10  2.84615240e+00  2.94666613e+00 
 8.26299687e-10  2.84604485e+00  2.94676810e+00 
 8.27299687e-10  2.84593722e+00  2.94687008e+00 
 8.28299687e-10  2.84582949e+00  2.94697212e+00 
 8.29299687e-10  2.84572159e+00  2.94707429e+00 
 8.30299687e-10  2.84561352e+00  2.94717663e+00 
 8.31299687e-10  2.84550525e+00  2.94727914e+00 
 8.32299687e-10  2.84539681e+00  2.94738182e+00 
 8.33299687e-10  2.84528822e+00  2.94748465e+00 
 8.34299687e-10  2.84517953e+00  2.94758757e+00 
 8.35299687e-10  2.84507079e+00  2.94769052e+00 
 8.36299687e-10  2.84496204e+00  2.94779342e+00 
 8.37299687e-10  2.84485333e+00  2.94789622e+00 
 8.38299687e-10  2.84474467e+00  2.94799888e+00 
 8.39299687e-10  2.84463605e+00  2.94810139e+00 
 8.40299687e-10  2.84452746e+00  2.94820380e+00 
 8.41299687e-10  2.84441884e+00  2.94830615e+00 
 8.42299687e-10  2.84431015e+00  2.94840851e+00 
 8.43299687e-10  2.84420134e+00  2.94851094e+00 
 8.44299687e-10  2.84409238e+00  2.94861349e+00 
 8.45299687e-10  2.84398323e+00  2.94871620e+00 
 8.46299687e-10  2.84387391e+00  2.94881908e+00 
 8.47299687e-10  2.84376441e+00  2.94892212e+00 
 8.48299687e-10  2.84365477e+00  2.94902530e+00 
 8.49299687e-10  2.84354503e+00  2.94912856e+00 
 8.50299687e-10  2.84343525e+00  2.94923184e+00 
 8.51299687e-10  2.84332547e+00  2.94933507e+00 
 8.52299687e-10  2.84321573e+00  2.94943819e+00 
 8.53299687e-10  2.84310604e+00  2.94954116e+00 
 8.54299687e-10  2.84299640e+00  2.94964399e+00 
 8.55299687e-10  2.84288677e+00  2.94974672e+00 
 8.56299687e-10  2.84277712e+00  2.94984938e+00 
 8.57299687e-10  2.84266739e+00  2.94995205e+00 
 8.58299687e-10  2.84255755e+00  2.95005480e+00 
 8.59299687e-10  2.84244755e+00  2.95015767e+00 
 8.60299687e-10  2.84233736e+00  2.95026069e+00 
 8.61299687e-10  2.84222700e+00  2.95036388e+00 
 8.62299687e-10  2.84211646e+00  2.95046723e+00 
 8.63299687e-10  2.84200579e+00  2.95057071e+00 
 8.64299687e-10  2.84189503e+00  2.95067426e+00 
 8.65299687e-10  2.84178422e+00  2.95077783e+00 
 8.66299687e-10  2.84167343e+00  2.95088134e+00 
 8.67299687e-10  2.84156267e+00  2.95098473e+00 
 8.68299687e-10  2.84145197e+00  2.95108797e+00 
 8.69299687e-10  2.84134131e+00  2.95119107e+00 
 8.70299687e-10  2.84123067e+00  2.95129406e+00 
 8.71299687e-10  2.84112000e+00  2.95139699e+00 
 8.72299687e-10  2.84100926e+00  2.95149993e+00 
 8.73299687e-10  2.84089840e+00  2.95160294e+00 
 8.74299687e-10  2.84078738e+00  2.95170606e+00 
 8.75299687e-10  2.84067618e+00  2.95180934e+00 
 8.76299687e-10  2.84056480e+00  2.95191279e+00 
 8.77299687e-10  2.84045326e+00  2.95201638e+00 
 8.78299687e-10  2.84034159e+00  2.95212010e+00 
 8.79299687e-10  2.84022983e+00  2.95222388e+00 
 8.80299687e-10  2.84011804e+00  2.95232766e+00 
 8.81299687e-10  2.84000627e+00  2.95243138e+00 
 8.82299687e-10  2.83989454e+00  2.95253497e+00 
 8.83299687e-10  2.83978286e+00  2.95263841e+00 
 8.84299687e-10  2.83967122e+00  2.95274171e+00 
 8.85299687e-10  2.83955960e+00  2.95284490e+00 
 8.86299687e-10  2.83944795e+00  2.95294803e+00 
 8.87299687e-10  2.83933623e+00  2.95305117e+00 
 8.88299687e-10  2.83922438e+00  2.95315438e+00 
 8.89299687e-10  2.83911237e+00  2.95325771e+00 
 8.90299687e-10  2.83900018e+00  2.95336119e+00 
 8.91299687e-10  2.83888782e+00  2.95346483e+00 
 8.92299687e-10  2.83877529e+00  2.95356861e+00 
 8.93299687e-10  2.83866265e+00  2.95367251e+00 
 8.94299687e-10  2.83854992e+00  2.95377647e+00 
 8.95299687e-10  2.83843716e+00  2.95388043e+00 
 8.96299687e-10  2.83832442e+00  2.95398431e+00 
 8.97299687e-10  2.83821172e+00  2.95408806e+00 
 8.98299687e-10  2.83809909e+00  2.95419166e+00 
 8.99299687e-10  2.83798649e+00  2.95429511e+00 
 9.00299687e-10  2.83787391e+00  2.95439846e+00 
 9.01299687e-10  2.83776130e+00  2.95450174e+00 
 9.02299687e-10  2.83764860e+00  2.95460504e+00 
 9.03299687e-10  2.83753579e+00  2.95470840e+00 
 9.04299687e-10  2.83742281e+00  2.95481188e+00 
 9.05299687e-10  2.83730967e+00  2.95491551e+00 
 9.06299687e-10  2.83719635e+00  2.95501929e+00 
 9.07299687e-10  2.83708287e+00  2.95512320e+00 
 9.08299687e-10  2.83696928e+00  2.95522723e+00 
 9.09299687e-10  2.83685561e+00  2.95533130e+00 
 9.10299687e-10  2.83674192e+00  2.95543536e+00 
 9.11299687e-10  2.83662825e+00  2.95553934e+00 
 9.12299687e-10  2.83651463e+00  2.95564319e+00 
 9.13299687e-10  2.83640107e+00  2.95574688e+00 
 9.14299687e-10  2.83628755e+00  2.95585042e+00 
 9.15299687e-10  2.83617404e+00  2.95595385e+00 
 9.16299687e-10  2.83606050e+00  2.95605723e+00 
 9.17299687e-10  2.83594687e+00  2.95616062e+00 
 9.18299687e-10  2.83583312e+00  2.95626408e+00 
 9.19299687e-10  2.83571922e+00  2.95636765e+00 
 9.20299687e-10  2.83560513e+00  2.95647137e+00 
 9.21299687e-10  2.83549088e+00  2.95657523e+00 
 9.22299687e-10  2.83537648e+00  2.95667923e+00 
 9.23299687e-10  2.83526196e+00  2.95678333e+00 
 9.24299687e-10  2.83514737e+00  2.95688748e+00 
 9.25299687e-10  2.83503277e+00  2.95699161e+00 
 9.26299687e-10  2.83491819e+00  2.95709564e+00 
 9.27299687e-10  2.83480366e+00  2.95719954e+00 
 9.28299687e-10  2.83468919e+00  2.95730328e+00 
 9.29299687e-10  2.83457476e+00  2.95740687e+00 
 9.30299687e-10  2.83446034e+00  2.95751035e+00 
 9.31299687e-10  2.83434589e+00  2.95761378e+00 
 9.32299687e-10  2.83423135e+00  2.95771722e+00 
 9.33299687e-10  2.83411668e+00  2.95782072e+00 
 9.34299687e-10  2.83400186e+00  2.95792434e+00 
 9.35299687e-10  2.83388687e+00  2.95802809e+00 
 9.36299687e-10  2.83377172e+00  2.95813199e+00 
 9.37299687e-10  2.83365641e+00  2.95823602e+00 
 9.38299687e-10  2.83354100e+00  2.95834014e+00 
 9.39299687e-10  2.83342553e+00  2.95844430e+00 
 9.40299687e-10  2.83331005e+00  2.95854842e+00 
 9.41299687e-10  2.83319459e+00  2.95865246e+00 
 9.42299687e-10  2.83307919e+00  2.95875634e+00 
 9.43299687e-10  2.83296385e+00  2.95886007e+00 
 9.44299687e-10  2.83284855e+00  2.95896365e+00 
 9.45299687e-10  2.83273326e+00  2.95906712e+00 
 9.46299687e-10  2.83261792e+00  2.95917053e+00 
 9.47299687e-10  2.83250250e+00  2.95927396e+00 
 9.48299687e-10  2.83238696e+00  2.95937746e+00 
 9.49299687e-10  2.83227125e+00  2.95948107e+00 
 9.50299687e-10  2.83215538e+00  2.95958481e+00 
 9.51299687e-10  2.83203934e+00  2.95968870e+00 
 9.52299687e-10  2.83192316e+00  2.95979271e+00 
 9.53299687e-10  2.83180688e+00  2.95989680e+00 
 9.54299687e-10  2.83169054e+00  2.96000093e+00 
 9.55299687e-10  2.83157420e+00  2.96010502e+00 
 9.56299687e-10  2.83145788e+00  2.96020900e+00 
 9.57299687e-10  2.83134163e+00  2.96031284e+00 
 9.58299687e-10  2.83122543e+00  2.96041652e+00 
 9.59299687e-10  2.83110927e+00  2.96052005e+00 
 9.60299687e-10  2.83099312e+00  2.96062347e+00 
 9.61299688e-10  2.83087692e+00  2.96072683e+00 
 9.62299688e-10  2.83076064e+00  2.96083021e+00 
 9.63299688e-10  2.83064423e+00  2.96093366e+00 
 9.64299688e-10  2.83052767e+00  2.96103721e+00 
 9.65299688e-10  2.83041094e+00  2.96114090e+00 
 9.66299688e-10  2.83029405e+00  2.96124472e+00 
 9.67299688e-10  2.83017702e+00  2.96134865e+00 
 9.68299688e-10  2.83005990e+00  2.96145267e+00 
 9.69299688e-10  2.82994273e+00  2.96155671e+00 
 9.70299688e-10  2.82982555e+00  2.96166070e+00 
 9.71299688e-10  2.82970842e+00  2.96176459e+00 
 9.72299688e-10  2.82959134e+00  2.96186832e+00 
 9.73299688e-10  2.82947432e+00  2.96197189e+00 
 9.74299688e-10  2.82935734e+00  2.96207531e+00 
 9.75299688e-10  2.82924036e+00  2.96217862e+00 
 9.76299688e-10  2.82912334e+00  2.96228188e+00 
 9.77299688e-10  2.82900623e+00  2.96238516e+00 
 9.78299688e-10  2.82888899e+00  2.96248850e+00 
 9.79299688e-10  2.82877159e+00  2.96259195e+00 
 9.80299688e-10  2.82865403e+00  2.96269553e+00 
 9.81299688e-10  2.82853631e+00  2.96279924e+00 
 9.82299688e-10  2.82841846e+00  2.96290307e+00 
 9.83299688e-10  2.82830052e+00  2.96300696e+00 
 9.84299688e-10  2.82818253e+00  2.96311088e+00 
 9.85299688e-10  2.82806454e+00  2.96321474e+00 
 9.86299688e-10  2.82794660e+00  2.96331849e+00 
 9.87299688e-10  2.82782871e+00  2.96342208e+00 
 9.88299688e-10  2.82771089e+00  2.96352551e+00 
 9.89299688e-10  2.82759310e+00  2.96362879e+00 
 9.90299688e-10  2.82747531e+00  2.96373196e+00 
 9.91299688e-10  2.82735748e+00  2.96383508e+00 
 9.92299688e-10  2.82723955e+00  2.96393821e+00 
 9.93299688e-10  2.82712150e+00  2.96404141e+00 
 9.94299688e-10  2.82700330e+00  2.96414472e+00 
 9.95299688e-10  2.82688493e+00  2.96424815e+00 
 9.96299688e-10  2.82676641e+00  2.96435170e+00 
 9.97299688e-10  2.82664776e+00  2.96445537e+00 
 9.98299688e-10  2.82652903e+00  2.96455909e+00 
 9.99149844e-10  2.82642805e+00  2.96464715e+00 
 1.00000000e-09  2.82632708e+00  2.96473505e+00 
