 frequency       v(finalp,finaln) v(finalp,finaln)
 1.00000000e+06 -2.47234291e+03 -1.39334728e+01 
 1.02329299e+06 -2.47234661e+03 -1.36008316e+01 
 1.04712855e+06 -2.47235015e+03 -1.32753998e+01 
 1.07151931e+06 -2.47235353e+03 -1.29570052e+01 
 1.09647820e+06 -2.47235676e+03 -1.26454788e+01 
 1.12201845e+06 -2.47235984e+03 -1.23406557e+01 
 1.14815362e+06 -2.47236278e+03 -1.20423744e+01 
 1.17489755e+06 -2.47236559e+03 -1.17504767e+01 
 1.20226443e+06 -2.47236827e+03 -1.14648081e+01 
 1.23026877e+06 -2.47237083e+03 -1.11852171e+01 
 1.25892541e+06 -2.47237328e+03 -1.09115556e+01 
 1.28824955e+06 -2.47237562e+03 -1.06436785e+01 
 1.31825674e+06 -2.47237785e+03 -1.03814439e+01 
 1.34896288e+06 -2.47237998e+03 -1.01247128e+01 
 1.38038426e+06 -2.47238201e+03 -9.87334915e+00 
 1.41253754e+06 -2.47238396e+03 -9.62721969e+00 
 1.44543977e+06 -2.47238581e+03 -9.38619400e+00 
 1.47910839e+06 -2.47238758e+03 -9.15014433e+00 
 1.51356125e+06 -2.47238927e+03 -8.91894556e+00 
 1.54881662e+06 -2.47239089e+03 -8.69247515e+00 
 1.58489319e+06 -2.47239243e+03 -8.47061307e+00 
 1.62181010e+06 -2.47239390e+03 -8.25324171e+00 
 1.65958691e+06 -2.47239531e+03 -8.04024585e+00 
 1.69824365e+06 -2.47239665e+03 -7.83151260e+00 
 1.73780083e+06 -2.47239793e+03 -7.62693131e+00 
 1.77827941e+06 -2.47239916e+03 -7.42639354e+00 
 1.81970086e+06 -2.47240032e+03 -7.22979298e+00 
 1.86208714e+06 -2.47240144e+03 -7.03702541e+00 
 1.90546072e+06 -2.47240250e+03 -6.84798866e+00 
 1.94984460e+06 -2.47240352e+03 -6.66258251e+00 
 1.99526231e+06 -2.47240449e+03 -6.48070868e+00 
 2.04173794e+06 -2.47240542e+03 -6.30227076e+00 
 2.08929613e+06 -2.47240630e+03 -6.12717414e+00 
 2.13796209e+06 -2.47240715e+03 -5.95532601e+00 
 2.18776162e+06 -2.47240795e+03 -5.78663527e+00 
 2.23872114e+06 -2.47240872e+03 -5.62101248e+00 
 2.29086765e+06 -2.47240945e+03 -5.45836985e+00 
 2.34422882e+06 -2.47241015e+03 -5.29862116e+00 
 2.39883292e+06 -2.47241082e+03 -5.14168170e+00 
 2.45470892e+06 -2.47241146e+03 -4.98746829e+00 
 2.51188643e+06 -2.47241207e+03 -4.83589916e+00 
 2.57039578e+06 -2.47241265e+03 -4.68689396e+00 
 2.63026799e+06 -2.47241320e+03 -4.54037370e+00 
 2.69153480e+06 -2.47241373e+03 -4.39626069e+00 
 2.75422870e+06 -2.47241423e+03 -4.25447853e+00 
 2.81838293e+06 -2.47241471e+03 -4.11495206e+00 
 2.88403150e+06 -2.47241517e+03 -3.97760730e+00 
 2.95120923e+06 -2.47241560e+03 -3.84237144e+00 
 3.01995172e+06 -2.47241602e+03 -3.70917277e+00 
 3.09029543e+06 -2.47241642e+03 -3.57794068e+00 
 3.16227766e+06 -2.47241679e+03 -3.44860560e+00 
 3.23593657e+06 -2.47241715e+03 -3.32109894e+00 
 3.31131121e+06 -2.47241749e+03 -3.19535312e+00 
 3.38844156e+06 -2.47241782e+03 -3.07130146e+00 
 3.46736850e+06 -2.47241813e+03 -2.94887819e+00 
 3.54813389e+06 -2.47241842e+03 -2.82801841e+00 
 3.63078055e+06 -2.47241870e+03 -2.70865803e+00 
 3.71535229e+06 -2.47241897e+03 -2.59073378e+00 
 3.80189396e+06 -2.47241922e+03 -2.47418313e+00 
 3.89045145e+06 -2.47241946e+03 -2.35894429e+00 
 3.98107171e+06 -2.47241969e+03 -2.24495615e+00 
 4.07380278e+06 -2.47241990e+03 -2.13215829e+00 
 4.16869383e+06 -2.47242011e+03 -2.02049090e+00 
 4.26579519e+06 -2.47242030e+03 -1.90989477e+00 
 4.36515832e+06 -2.47242048e+03 -1.80031126e+00 
 4.46683592e+06 -2.47242066e+03 -1.69168228e+00 
 4.57088190e+06 -2.47242082e+03 -1.58395022e+00 
 4.67735141e+06 -2.47242097e+03 -1.47705797e+00 
 4.78630092e+06 -2.47242112e+03 -1.37094886e+00 
 4.89778819e+06 -2.47242125e+03 -1.26556663e+00 
 5.01187234e+06 -2.47242138e+03 -1.16085539e+00 
 5.12861384e+06 -2.47242150e+03 -1.05675964e+00 
 5.24807460e+06 -2.47242161e+03 -9.53224179e-01 
 5.37031796e+06 -2.47242171e+03 -8.50194115e-01 
 5.49540874e+06 -2.47242181e+03 -7.47614821e-01 
 5.62341325e+06 -2.47242189e+03 -6.45431907e-01 
 5.75439937e+06 -2.47242197e+03 -5.43591196e-01 
 5.88843655e+06 -2.47242205e+03 -4.42038692e-01 
 6.02559586e+06 -2.47242212e+03 -3.40720549e-01 
 6.16595002e+06 -2.47242218e+03 -2.39583050e-01 
 6.30957344e+06 -2.47242223e+03 -1.38572569e-01 
 6.45654229e+06 -2.47242228e+03 -3.76355494e-02 
 6.60693448e+06 -2.47242232e+03  6.32815257e-02 
 6.76082975e+06 -2.47242235e+03  1.64232164e-01 
 6.91830971e+06 -2.47242238e+03  2.65269891e-01 
 7.07945784e+06 -2.47242240e+03  3.66448277e-01 
 7.24435960e+06 -2.47242242e+03  4.67820969e-01 
 7.41310241e+06 -2.47242243e+03  5.69441716e-01 
 7.58577575e+06 -2.47242243e+03  6.71364399e-01 
 7.76247117e+06 -2.47242243e+03  7.73643057e-01 
 7.94328235e+06 -2.47242242e+03  8.76331921e-01 
 8.12830516e+06 -2.47242241e+03  9.79485437e-01 
 8.31763771e+06 -2.47242239e+03  1.08315830e+00 
 8.51138038e+06 -2.47242236e+03  1.18740548e+00 
 8.70963590e+06 -2.47242233e+03  1.29228224e+00 
 8.91250938e+06 -2.47242229e+03  1.39784420e+00 
 9.12010839e+06 -2.47242225e+03  1.50414733e+00 
 9.33254301e+06 -2.47242220e+03  1.61124799e+00 
 9.54992586e+06 -2.47242214e+03  1.71920296e+00 
 9.77237221e+06 -2.47242207e+03  1.82806949e+00 
 1.00000000e+07 -2.47242200e+03  1.93790530e+00 
 1.02329299e+07 -2.47242192e+03  2.04876862e+00 
 1.04712855e+07 -2.47242184e+03  2.16071825e+00 
 1.07151931e+07 -2.47242175e+03  2.27381352e+00 
 1.09647820e+07 -2.47242165e+03  2.38811442e+00 
 1.12201845e+07 -2.47242154e+03  2.50368154e+00 
 1.14815362e+07 -2.47242142e+03  2.62057616e+00 
 1.17489755e+07 -2.47242130e+03  2.73886026e+00 
 1.20226443e+07 -2.47242117e+03  2.85859655e+00 
 1.23026877e+07 -2.47242103e+03  2.97984853e+00 
 1.25892541e+07 -2.47242088e+03  3.10268048e+00 
 1.28824955e+07 -2.47242072e+03  3.22715753e+00 
 1.31825674e+07 -2.47242055e+03  3.35334568e+00 
 1.34896288e+07 -2.47242037e+03  3.48131184e+00 
 1.38038426e+07 -2.47242018e+03  3.61112386e+00 
 1.41253754e+07 -2.47241998e+03  3.74285057e+00 
 1.44543977e+07 -2.47241977e+03  3.87656180e+00 
 1.47910839e+07 -2.47241954e+03  4.01232846e+00 
 1.51356125e+07 -2.47241931e+03  4.15022254e+00 
 1.54881662e+07 -2.47241906e+03  4.29031714e+00 
 1.58489319e+07 -2.47241880e+03  4.43268654e+00 
 1.62181010e+07 -2.47241852e+03  4.57740625e+00 
 1.65958691e+07 -2.47241823e+03  4.72455297e+00 
 1.69824365e+07 -2.47241793e+03  4.87420475e+00 
 1.73780083e+07 -2.47241761e+03  5.02644091e+00 
 1.77827941e+07 -2.47241727e+03  5.18134219e+00 
 1.81970086e+07 -2.47241692e+03  5.33899071e+00 
 1.86208714e+07 -2.47241655e+03  5.49947006e+00 
 1.90546072e+07 -2.47241616e+03  5.66286532e+00 
 1.94984460e+07 -2.47241575e+03  5.82926313e+00 
 1.99526231e+07 -2.47241532e+03  5.99875172e+00 
 2.04173794e+07 -2.47241487e+03  6.17142095e+00 
 2.08929613e+07 -2.47241439e+03  6.34736236e+00 
 2.13796209e+07 -2.47241390e+03  6.52666925e+00 
 2.18776162e+07 -2.47241338e+03  6.70943668e+00 
 2.23872114e+07 -2.47241283e+03  6.89576155e+00 
 2.29086765e+07 -2.47241226e+03  7.08574265e+00 
 2.34422882e+07 -2.47241166e+03  7.27948070e+00 
 2.39883292e+07 -2.47241103e+03  7.47707843e+00 
 2.45470892e+07 -2.47241037e+03  7.67864060e+00 
 2.51188643e+07 -2.47240968e+03  7.88427406e+00 
 2.57039578e+07 -2.47240896e+03  8.09408785e+00 
 2.63026799e+07 -2.47240820e+03  8.30819319e+00 
 2.69153480e+07 -2.47240740e+03  8.52670360e+00 
 2.75422870e+07 -2.47240657e+03  8.74973492e+00 
 2.81838293e+07 -2.47240569e+03  8.97740540e+00 
 2.88403150e+07 -2.47240478e+03  9.20983572e+00 
 2.95120923e+07 -2.47240382e+03  9.44714912e+00 
 3.01995172e+07 -2.47240281e+03  9.68947140e+00 
 3.09029543e+07 -2.47240176e+03  9.93693101e+00 
 3.16227766e+07 -2.47240066e+03  1.01896591e+01 
 3.23593657e+07 -2.47239950e+03  1.04477898e+01 
 3.31131121e+07 -2.47239829e+03  1.07114597e+01 
 3.38844156e+07 -2.47239703e+03  1.09808088e+01 
 3.46736850e+07 -2.47239570e+03  1.12559798e+01 
 3.54813389e+07 -2.47239431e+03  1.15371184e+01 
 3.63078055e+07 -2.47239285e+03  1.18243739e+01 
 3.71535229e+07 -2.47239132e+03  1.21178983e+01 
 3.80189396e+07 -2.47238972e+03  1.24178474e+01 
 3.89045145e+07 -2.47238805e+03  1.27243800e+01 
 3.98107171e+07 -2.47238629e+03  1.30376587e+01 
 4.07380278e+07 -2.47238446e+03  1.33578495e+01 
 4.16869383e+07 -2.47238253e+03  1.36851221e+01 
 4.26579519e+07 -2.47238052e+03  1.40196499e+01 
 4.36515832e+07 -2.47237841e+03  1.43616103e+01 
 4.46683592e+07 -2.47237620e+03  1.47111844e+01 
 4.57088190e+07 -2.47237388e+03  1.50685575e+01 
 4.67735141e+07 -2.47237146e+03  1.54339190e+01 
 4.78630092e+07 -2.47236892e+03  1.58074626e+01 
 4.89778819e+07 -2.47236626e+03  1.61893861e+01 
 5.01187234e+07 -2.47236347e+03  1.65798919e+01 
 5.12861384e+07 -2.47236056e+03  1.69791870e+01 
 5.24807460e+07 -2.47235750e+03  1.73874830e+01 
 5.37031796e+07 -2.47235431e+03  1.78049961e+01 
 5.49540874e+07 -2.47235096e+03  1.82319476e+01 
 5.62341325e+07 -2.47234745e+03  1.86685638e+01 
 5.75439937e+07 -2.47234378e+03  1.91150759e+01 
 5.88843655e+07 -2.47233994e+03  1.95717205e+01 
 6.02559586e+07 -2.47233591e+03  2.00387396e+01 
 6.16595002e+07 -2.47233169e+03  2.05163806e+01 
 6.30957344e+07 -2.47232728e+03  2.10048964e+01 
 6.45654229e+07 -2.47232266e+03  2.15045460e+01 
 6.60693448e+07 -2.47231782e+03  2.20155940e+01 
 6.76082975e+07 -2.47231276e+03  2.25383112e+01 
 6.91830971e+07 -2.47230745e+03  2.30729744e+01 
 7.07945784e+07 -2.47230190e+03  2.36198669e+01 
 7.24435960e+07 -2.47229608e+03  2.41792784e+01 
 7.41310241e+07 -2.47229000e+03  2.47515052e+01 
 7.58577575e+07 -2.47228362e+03  2.53368504e+01 
 7.76247117e+07 -2.47227695e+03  2.59356241e+01 
 7.94328235e+07 -2.47226997e+03  2.65481434e+01 
 8.12830516e+07 -2.47226265e+03  2.71747328e+01 
 8.31763771e+07 -2.47225500e+03  2.78157242e+01 
 8.51138038e+07 -2.47224698e+03  2.84714571e+01 
 8.70963590e+07 -2.47223859e+03  2.91422788e+01 
 8.91250938e+07 -2.47222981e+03  2.98285445e+01 
 9.12010839e+07 -2.47222061e+03  3.05306179e+01 
 9.33254301e+07 -2.47221099e+03  3.12488706e+01 
 9.54992586e+07 -2.47220091e+03  3.19836832e+01 
 9.77237221e+07 -2.47219036e+03  3.27354448e+01 
 1.00000000e+08 -2.47217931e+03  3.35045534e+01 
 1.02329299e+08 -2.47216775e+03  3.42914165e+01 
 1.04712855e+08 -2.47215565e+03  3.50964508e+01 
 1.07151931e+08 -2.47214298e+03  3.59200825e+01 
 1.09647820e+08 -2.47212971e+03  3.67627478e+01 
 1.12201845e+08 -2.47211583e+03  3.76248930e+01 
 1.14815362e+08 -2.47210129e+03  3.85069746e+01 
 1.17489755e+08 -2.47208608e+03  3.94094595e+01 
 1.20226443e+08 -2.47207015e+03  4.03328258e+01 
 1.23026877e+08 -2.47205347e+03  4.12775623e+01 
 1.25892541e+08 -2.47203602e+03  4.22441692e+01 
 1.28824955e+08 -2.47201774e+03  4.32331581e+01 
 1.31825674e+08 -2.47199861e+03  4.42450528e+01 
 1.34896288e+08 -2.47197858e+03  4.52803888e+01 
 1.38038426e+08 -2.47195762e+03  4.63397142e+01 
 1.41253754e+08 -2.47193567e+03  4.74235897e+01 
 1.44543977e+08 -2.47191269e+03  4.85325890e+01 
 1.47910839e+08 -2.47188864e+03  4.96672990e+01 
 1.51356125e+08 -2.47186346e+03  5.08283202e+01 
 1.54881662e+08 -2.47183710e+03  5.20162668e+01 
 1.58489319e+08 -2.47180950e+03  5.32317676e+01 
 1.62181010e+08 -2.47178061e+03  5.44754654e+01 
 1.65958691e+08 -2.47175036e+03  5.57480184e+01 
 1.69824365e+08 -2.47171869e+03  5.70500995e+01 
 1.73780083e+08 -2.47168554e+03  5.83823974e+01 
 1.77827941e+08 -2.47165083e+03  5.97456167e+01 
 1.81970086e+08 -2.47161449e+03  6.11404783e+01 
 1.86208714e+08 -2.47157644e+03  6.25677195e+01 
 1.90546072e+08 -2.47153661e+03  6.40280948e+01 
 1.94984460e+08 -2.47149491e+03  6.55223760e+01 
 1.99526231e+08 -2.47145125e+03  6.70513530e+01 
 2.04173794e+08 -2.47140554e+03  6.86158334e+01 
 2.08929613e+08 -2.47135768e+03  7.02166439e+01 
 2.13796209e+08 -2.47130758e+03  7.18546299e+01 
 2.18776162e+08 -2.47125512e+03  7.35306565e+01 
 2.23872114e+08 -2.47120019e+03  7.52456085e+01 
 2.29086765e+08 -2.47114268e+03  7.70003912e+01 
 2.34422882e+08 -2.47108247e+03  7.87959308e+01 
 2.39883292e+08 -2.47101942e+03  8.06331745e+01 
 2.45470892e+08 -2.47095342e+03  8.25130917e+01 
 2.51188643e+08 -2.47088430e+03  8.44366737e+01 
 2.57039578e+08 -2.47081194e+03  8.64049347e+01 
 2.63026799e+08 -2.47073618e+03  8.84189122e+01 
 2.69153480e+08 -2.47065685e+03  9.04796674e+01 
 2.75422870e+08 -2.47057379e+03  9.25882859e+01 
 2.81838293e+08 -2.47048682e+03  9.47458781e+01 
 2.88403150e+08 -2.47039576e+03  9.69535799e+01 
 2.95120923e+08 -2.47030042e+03  9.92125531e+01 
 3.01995172e+08 -2.47020058e+03  1.01523986e+02 
 3.09029543e+08 -2.47009606e+03  1.03889094e+02 
 3.16227766e+08 -2.46998661e+03  1.06309121e+02 
 3.23593657e+08 -2.46987201e+03  1.08785338e+02 
 3.31131121e+08 -2.46975202e+03  1.11319046e+02 
 3.38844156e+08 -2.46962638e+03  1.13911574e+02 
 3.46736850e+08 -2.46949483e+03  1.16564284e+02 
 3.54813389e+08 -2.46935709e+03  1.19278566e+02 
 3.63078055e+08 -2.46921286e+03  1.22055843e+02 
 3.71535229e+08 -2.46906185e+03  1.24897570e+02 
 3.80189396e+08 -2.46890373e+03  1.27805236e+02 
 3.89045145e+08 -2.46873817e+03  1.30780361e+02 
 3.98107171e+08 -2.46856481e+03  1.33824501e+02 
 4.07380278e+08 -2.46838329e+03  1.36939249e+02 
 4.16869383e+08 -2.46819324e+03  1.40126229e+02 
 4.26579519e+08 -2.46799423e+03  1.43387105e+02 
 4.36515832e+08 -2.46778586e+03  1.46723579e+02 
 4.46683592e+08 -2.46756768e+03  1.50137387e+02 
 4.57088190e+08 -2.46733924e+03  1.53630309e+02 
 4.67735141e+08 -2.46710005e+03  1.57204160e+02 
 4.78630092e+08 -2.46684959e+03  1.60860798e+02 
 4.89778819e+08 -2.46658736e+03  1.64602121e+02 
 5.01187234e+08 -2.46631278e+03  1.68430071e+02 
 5.12861384e+08 -2.46602528e+03  1.72346630e+02 
 5.24807460e+08 -2.46572426e+03  1.76353826e+02 
 5.37031796e+08 -2.46540908e+03  1.80453730e+02 
 5.49540874e+08 -2.46507906e+03  1.84648460e+02 
 5.62341325e+08 -2.46473352e+03  1.88940178e+02 
 5.75439937e+08 -2.46437173e+03  1.93331095e+02 
 5.88843655e+08 -2.46399292e+03  1.97823469e+02 
 6.02559586e+08 -2.46359630e+03  2.02419608e+02 
 6.16595002e+08 -2.46318102e+03  2.07121868e+02 
 6.30957344e+08 -2.46274622e+03  2.11932655e+02 
 6.45654229e+08 -2.46229097e+03  2.16854431e+02 
 6.60693448e+08 -2.46181431e+03  2.21889704e+02 
 6.76082975e+08 -2.46131525e+03  2.27041039e+02 
 6.91830971e+08 -2.46079274e+03  2.32311055e+02 
 7.07945784e+08 -2.46024566e+03  2.37702425e+02 
 7.24435960e+08 -2.45967288e+03  2.43217877e+02 
 7.41310241e+08 -2.45907318e+03  2.48860197e+02 
 7.58577575e+08 -2.45844531e+03  2.54632228e+02 
 7.76247117e+08 -2.45778794e+03  2.60536870e+02 
 7.94328235e+08 -2.45709970e+03  2.66577084e+02 
 8.12830516e+08 -2.45637914e+03  2.72755889e+02 
 8.31763771e+08 -2.45562475e+03  2.79076365e+02 
 8.51138038e+08 -2.45483494e+03  2.85541654e+02 
 8.70963590e+08 -2.45400806e+03  2.92154959e+02 
 8.91250938e+08 -2.45314238e+03  2.98919545e+02 
 9.12010839e+08 -2.45223608e+03  3.05838743e+02 
 9.33254301e+08 -2.45128728e+03  3.12915944e+02 
 9.54992586e+08 -2.45029397e+03  3.20154605e+02 
 9.77237221e+08 -2.44925409e+03  3.27558247e+02 
 1.00000000e+09 -2.44816547e+03  3.35130459e+02 
 1.02329299e+09 -2.44702583e+03  3.42874890e+02 
 1.04712855e+09 -2.44583279e+03  3.50795260e+02 
 1.07151931e+09 -2.44458387e+03  3.58895351e+02 
 1.09647820e+09 -2.44327648e+03  3.67179013e+02 
 1.12201845e+09 -2.44190788e+03  3.75650161e+02 
 1.14815362e+09 -2.44047523e+03  3.84312776e+02 
 1.17489755e+09 -2.43897557e+03  3.93170904e+02 
 1.20226443e+09 -2.43740577e+03  4.02228658e+02 
 1.23026877e+09 -2.43576258e+03  4.11490213e+02 
 1.25892541e+09 -2.43404261e+03  4.20959810e+02 
 1.28824955e+09 -2.43224229e+03  4.30641752e+02 
 1.31825674e+09 -2.43035791e+03  4.40540404e+02 
 1.34896288e+09 -2.42838558e+03  4.50660194e+02 
 1.38038426e+09 -2.42632124e+03  4.61005607e+02 
 1.41253754e+09 -2.42416063e+03  4.71581186e+02 
 1.44543977e+09 -2.42189933e+03  4.82391534e+02 
 1.47910839e+09 -2.41953268e+03  4.93441302e+02 
 1.51356125e+09 -2.41705586e+03  5.04735198e+02 
 1.54881662e+09 -2.41446378e+03  5.16277976e+02 
 1.58489319e+09 -2.41175116e+03  5.28074437e+02 
 1.62181010e+09 -2.40891247e+03  5.40129423e+02 
 1.65958691e+09 -2.40594194e+03  5.52447816e+02 
 1.69824365e+09 -2.40283353e+03  5.65034534e+02 
 1.73780083e+09 -2.39958095e+03  5.77894522e+02 
 1.77827941e+09 -2.39617763e+03  5.91032754e+02 
 1.81970086e+09 -2.39261669e+03  6.04454219e+02 
 1.86208714e+09 -2.38889098e+03  6.18163925e+02 
 1.90546072e+09 -2.38499301e+03  6.32166883e+02 
 1.94984460e+09 -2.38091497e+03  6.46468104e+02 
 1.99526231e+09 -2.37664873e+03  6.61072595e+02 
 2.04173794e+09 -2.37218579e+03  6.75985342e+02 
 2.08929613e+09 -2.36751729e+03  6.91211309e+02 
 2.13796209e+09 -2.36263397e+03  7.06755421e+02 
 2.18776162e+09 -2.35752621e+03  7.22622561e+02 
 2.23872114e+09 -2.35218396e+03  7.38817550e+02 
 2.29086765e+09 -2.34659675e+03  7.55345141e+02 
 2.34422882e+09 -2.34075366e+03  7.72210003e+02 
 2.39883292e+09 -2.33464333e+03  7.89416704e+02 
 2.45470892e+09 -2.32825391e+03  8.06969701e+02 
 2.51188643e+09 -2.32157308e+03  8.24873317e+02 
 2.57039578e+09 -2.31458799e+03  8.43131728e+02 
 2.63026799e+09 -2.30728529e+03  8.61748940e+02 
 2.69153480e+09 -2.29965106e+03  8.80728770e+02 
 2.75422870e+09 -2.29167085e+03  9.00074822e+02 
 2.81838293e+09 -2.28332960e+03  9.19790466e+02 
 2.88403150e+09 -2.27461169e+03  9.39878812e+02 
 2.95120923e+09 -2.26550085e+03  9.60342679e+02 
 3.01995172e+09 -2.25598021e+03  9.81184571e+02 
 3.09029543e+09 -2.24603222e+03  1.00240664e+03 
 3.16227766e+09 -2.23563867e+03  1.02401067e+03 
 3.23593657e+09 -2.22478066e+03  1.04599801e+03 
 3.31131121e+09 -2.21343858e+03  1.06836957e+03 
 3.38844156e+09 -2.20159211e+03  1.09112576e+03 
 3.46736850e+09 -2.18922016e+03  1.11426647e+03 
 3.54813389e+09 -2.17630090e+03  1.13779098e+03 
 3.63078055e+09 -2.16281171e+03  1.16169797e+03 
 3.71535229e+09 -2.14872918e+03  1.18598545e+03 
 3.80189396e+09 -2.13402909e+03  1.21065066e+03 
 3.89045145e+09 -2.11868640e+03  1.23569010e+03 
 3.98107171e+09 -2.10267521e+03  1.26109940e+03 
 4.07380278e+09 -2.08596880e+03  1.28687328e+03 
 4.16869383e+09 -2.06853956e+03  1.31300550e+03 
 4.26579519e+09 -2.05035901e+03  1.33948877e+03 
 4.36515832e+09 -2.03139782e+03  1.36631467e+03 
 4.46683592e+09 -2.01162573e+03  1.39347361e+03 
 4.57088190e+09 -1.99101162e+03  1.42095469e+03 
 4.67735141e+09 -1.96952345e+03  1.44874568e+03 
 4.78630092e+09 -1.94712832e+03  1.47683286e+03 
 4.89778819e+09 -1.92379241e+03  1.50520099e+03 
 5.01187234e+09 -1.89948104e+03  1.53383316e+03 
 5.12861384e+09 -1.87415865e+03  1.56271072e+03 
 5.24807460e+09 -1.84778882e+03  1.59181313e+03 
 5.37031796e+09 -1.82033430e+03  1.62111788e+03 
 5.49540874e+09 -1.79175702e+03  1.65060035e+03 
 5.62341325e+09 -1.76201812e+03  1.68023370e+03 
 5.75439937e+09 -1.73107800e+03  1.70998870e+03 
 5.88843655e+09 -1.69889634e+03  1.73983361e+03 
 6.02559586e+09 -1.66543215e+03  1.76973404e+03 
 6.16595002e+09 -1.63064383e+03  1.79965279e+03 
 6.30957344e+09 -1.59448924e+03  1.82954966e+03 
 6.45654229e+09 -1.55692575e+03  1.85938133e+03 
 6.60693448e+09 -1.51791036e+03  1.88910114e+03 
 6.76082975e+09 -1.47739972e+03  1.91865890e+03 
 6.91830971e+09 -1.43535032e+03  1.94800073e+03 
 7.07945784e+09 -1.39171854e+03  1.97706882e+03 
 7.24435960e+09 -1.34646081e+03  2.00580123e+03 
 7.41310241e+09 -1.29953373e+03  2.03413163e+03 
 7.58577575e+09 -1.25089428e+03  2.06198912e+03 
 7.76247117e+09 -1.20049995e+03  2.08929793e+03 
 7.94328235e+09 -1.14830896e+03  2.11597717e+03 
 8.12830516e+09 -1.09428050e+03  2.14194056e+03 
 8.31763771e+09 -1.03837496e+03  2.16709613e+03 
 8.51138038e+09 -9.80554224e+02  2.19134590e+03 
 8.70963590e+09 -9.20781965e+02  2.21458561e+03 
 8.91250938e+09 -8.59024015e+02  2.23670432e+03 
 9.12010839e+09 -7.95248743e+02  2.25758408e+03 
 9.33254301e+09 -7.29427494e+02  2.27709957e+03 
 9.54992586e+09 -6.61535080e+02  2.29511768e+03 
 9.77237221e+09 -5.91550325e+02  2.31149713e+03 
 1.00000000e+10 -5.19456689e+02  2.32608802e+03 
 1.02329299e+10 -4.45242953e+02  2.33873139e+03 
 1.04712855e+10 -3.68904011e+02  2.34925878e+03 
 1.07151931e+10 -2.90441748e+02  2.35749170e+03 
 1.09647820e+10 -2.09866039e+02  2.36324122e+03 
 1.12201845e+10 -1.27195879e+02  2.36630742e+03 
 1.14815362e+10 -4.24606643e+01  2.36647892e+03 
 1.17489755e+10  4.42983563e+01  2.36353242e+03 
 1.20226443e+10  1.33026436e+02  2.35723221e+03 
 1.23026877e+10  2.23653461e+02  2.34732981e+03 
 1.25892541e+10  3.16091826e+02  2.33356359e+03 
 1.28824955e+10  4.10234032e+02  2.31565851e+03 
 1.31825674e+10  5.05949950e+02  2.29332604e+03 
 1.34896288e+10  6.03083741e+02  2.26626420e+03 
 1.38038426e+10  7.01450356e+02  2.23415788e+03 
 1.41253754e+10  8.00831612e+02  2.19667944e+03 
 1.44543977e+10  9.00971767e+02  2.15348979e+03 
 1.47910839e+10  1.00157260e+03  2.10423993e+03 
 1.51356125e+10  1.10228790e+03  2.04857325e+03 
 1.54881662e+10  1.20271748e+03  1.98612861e+03 
 1.58489319e+10  1.30240053e+03  1.91654457e+03 
 1.62181010e+10  1.40080855e+03  1.83946494e+03 
 1.65958691e+10  1.49733780e+03  1.75454591e+03 
 1.69824365e+10  1.59130156e+03  1.66146528e+03 
 1.73780083e+10  1.68192229e+03  1.55993401e+03 
 1.77827941e+10  1.76832422e+03  1.44971057e+03 
 1.81970086e+10  1.84952683e+03  1.33061873e+03 
 1.86208714e+10  1.92443989e+03  1.20256889e+03 
 1.90546072e+10  1.99186126e+03  1.06558372e+03 
 1.94984460e+10  2.05047849e+03  9.19828092e+02 
 1.99526231e+10  2.09887606e+03  7.65643487e+02 
 2.04173794e+10  2.13555007e+03  6.03586362e+02 
 2.08929613e+10  2.15893289e+03  4.34469603e+02 
 2.13796209e+10  2.16742999e+03  2.59405187e+02 
 2.18776162e+10  2.15947176e+03  7.98451393e+01 
 2.23872114e+10  2.13358218e+03 -1.02383450e+02 
 2.29086765e+10  2.08846565e+03 -2.85055118e+02 
 2.34422882e+10  2.02311128e+03 -4.65541600e+02 
 2.39883292e+10  1.93691157e+03 -6.40834527e+02 
 2.45470892e+10  1.82978869e+03 -8.07603624e+02 
 2.51188643e+10  1.70231743e+03 -9.62297467e+02 
 2.57039578e+10  1.55582974e+03 -1.10129046e+03 
 2.63026799e+10  1.39248252e+03 -1.22107392e+03 
 2.69153480e+10  1.21526956e+03 -1.31848136e+03 
 2.75422870e+10  1.02796127e+03 -1.39092901e+03 
 2.81838293e+10  8.34963450e+02 -1.43664488e+03 
 2.88403150e+10  6.41097721e+02 -1.45485471e+03 
 2.95120923e+10  4.51320237e+02 -1.44589469e+03 
 3.01995172e+10  2.70408155e+02 -1.41122847e+03 
 3.09029543e+10  1.02651879e+02 -1.35335999e+03 
 3.16227766e+10 -4.84079457e+01 -1.27565071e+03 
 3.23593657e+10 -1.80166730e+02 -1.18206526e+03 
 3.31131121e+10 -2.91047076e+02 -1.07688027e+03 
 3.38844156e+10 -3.80492535e+02 -9.64394061e+02 
 3.46736850e+10 -4.48876652e+02 -8.48670101e+02 
 3.54813389e+10 -4.97350235e+02 -7.33337298e+02 
 3.63078055e+10 -5.27654073e+02 -6.21458024e+02 
 3.71535229e+10 -5.41923056e+02 -5.15463363e+02 
 3.80189396e+10 -5.42502491e+02 -4.17146785e+02 
 3.89045145e+10 -5.31790548e+02 -3.27702678e+02 
 3.98107171e+10 -5.12113850e+02 -2.47794851e+02 
 4.07380278e+10 -4.85637608e+02 -1.77641286e+02 
 4.16869383e+10 -4.54307704e+02 -1.17103930e+02 
 4.26579519e+10 -4.19819873e+02 -6.57754152e+01 
 4.36515832e+10 -3.83610217e+02 -2.30574828e+01 
 4.46683592e+10 -3.46861327e+02  1.17716439e+01 
 4.57088190e+10 -3.10518969e+02  3.95018862e+01 
 4.67735141e+10 -2.75315108e+02  6.09476223e+01 
 4.78630092e+10 -2.41794078e+02  7.69146279e+01 
 4.89778819e+10 -2.10339511e+02  8.81762077e+01 
 5.01187234e+10 -1.81200441e+02  9.54569599e+01 
 5.12861384e+10 -1.54515551e+02  9.94226698e+01 
 5.24807460e+10 -1.30335010e+02  1.00674966e+02 
 5.37031796e+10 -1.08639657e+02  9.97495632e+01 
 5.49540874e+10 -8.93575085e+01  9.71171154e+01 
 5.62341325e+10 -7.23777251e+01  9.31858856e+01 
 5.75439937e+10 -5.75622314e+01  8.83056158e+01 
 5.88843655e+10 -4.47552429e+01  8.27721208e+01 
 6.02559586e+10 -3.37909596e+01  7.68322521e+01 
 6.16595002e+10 -2.44996766e+01  7.06889727e+01 
 6.30957344e+10 -1.67125505e+01  6.45063605e+01 
 6.45654229e+10 -1.02652323e+01  5.84144165e+01 
 6.60693448e+10 -5.00055578e+00  5.25135957e+01 
 6.76082975e+10 -7.70444626e-01  4.68790117e+01 
 6.91830971e+10  2.56282177e+00  4.15642889e+01 
 7.07945784e+10  5.12586273e+00  3.66050507e+01 
 7.24435960e+10  7.03386924e+00  3.20220477e+01 
 7.41310241e+10  8.39060775e+00  2.78239322e+01 
 7.58577575e+10  9.28868104e+00  2.40096958e+01 
 7.76247117e+10  9.80998275e+00  2.05707885e+01 
 7.94328235e+10  1.00262925e+01  1.74929403e+01 
 8.12830516e+10  9.99996636e+00  1.47577087e+01 
 8.31763771e+10  9.78468550e+00  1.23437772e+01 
 8.51138038e+10  9.42623190e+00  1.02280290e+01 
 8.70963590e+10  8.96326666e+00  8.38642112e+00 
 8.91250938e+10  8.42809137e+00  6.79468379e+00 
 9.12010839e+10  7.84737811e+00  5.42886777e+00 
 9.33254301e+10  7.24285768e+00  4.26576233e+00 
 9.54992586e+10  6.63195946e+00  3.28320396e+00 
 9.77237221e+10  6.02839896e+00  2.46029430e+00 
 1.00000000e+11  5.44271206e+00  1.77754364e+00 
