 time            v(bufinp)       v(bufinn)       v(outp)         v(outn)        
 0.00000000e+00  2.23500000e+00  2.23500000e+00  2.85831609e+00  2.85831609e+00 
 2.00000000e-14  2.23502309e+00  2.23497691e+00  2.85832082e+00  2.85831135e+00 
 4.00000000e-14  2.23504618e+00  2.23495382e+00  2.85832583e+00  2.85830634e+00 
 8.00000000e-14  2.23509236e+00  2.23490764e+00  2.85833633e+00  2.85829584e+00 
 1.60000000e-13  2.23518473e+00  2.23481527e+00  2.85835793e+00  2.85827424e+00 
 3.20000000e-13  2.23536945e+00  2.23463055e+00  2.85839476e+00  2.85823741e+00 
 6.40000000e-13  2.23573890e+00  2.23426110e+00  2.85841312e+00  2.85821902e+00 
 1.28000000e-12  2.23647779e+00  2.23352221e+00  2.85819513e+00  2.85843663e+00 
 2.56000000e-12  2.23795548e+00  2.23204452e+00  2.85702795e+00  2.85960020e+00 
 4.56000000e-12  2.24026396e+00  2.22973604e+00  2.85430344e+00  2.86230993e+00 
 6.56000000e-12  2.24257161e+00  2.22742839e+00  2.85120688e+00  2.86538159e+00 
 8.56000000e-12  2.24487806e+00  2.22512194e+00  2.84805563e+00  2.86850019e+00 
 1.05600000e-11  2.24718295e+00  2.22281705e+00  2.84492903e+00  2.87158884e+00 
 1.25600000e-11  2.24948592e+00  2.22051408e+00  2.84182667e+00  2.87464990e+00 
 1.45600000e-11  2.25178660e+00  2.21821340e+00  2.83873679e+00  2.87769646e+00 
 1.65600000e-11  2.25408463e+00  2.21591537e+00  2.83565283e+00  2.88073583e+00 
 1.85600000e-11  2.25637964e+00  2.21362036e+00  2.83257310e+00  2.88377010e+00 
 2.05600000e-11  2.25867128e+00  2.21132872e+00  2.82949796e+00  2.88679909e+00 
 2.25600000e-11  2.26095918e+00  2.20904082e+00  2.82642834e+00  2.88982196e+00 
 2.45600000e-11  2.26324298e+00  2.20675702e+00  2.82336514e+00  2.89283786e+00 
 2.65600000e-11  2.26552232e+00  2.20447768e+00  2.82030916e+00  2.89584598e+00 
 2.85600000e-11  2.26779685e+00  2.20220315e+00  2.81726159e+00  2.89884525e+00 
 3.05600000e-11  2.27006619e+00  2.19993381e+00  2.81422277e+00  2.90183524e+00 
 3.25600000e-11  2.27233000e+00  2.19767000e+00  2.81119314e+00  2.90481543e+00 
 3.45600000e-11  2.27458791e+00  2.19541209e+00  2.80817345e+00  2.90778506e+00 
 3.65600000e-11  2.27683957e+00  2.19316043e+00  2.80516452e+00  2.91074335e+00 
 3.85600000e-11  2.27908462e+00  2.19091538e+00  2.80216709e+00  2.91368954e+00 
 4.05600000e-11  2.28132271e+00  2.18867729e+00  2.79918189e+00  2.91662292e+00 
 4.25600000e-11  2.28355349e+00  2.18644651e+00  2.79620961e+00  2.91954280e+00 
 4.45600000e-11  2.28577660e+00  2.18422340e+00  2.79325095e+00  2.92244847e+00 
 4.65600000e-11  2.28799169e+00  2.18200831e+00  2.79030658e+00  2.92533926e+00 
 4.85600000e-11  2.29019841e+00  2.17980159e+00  2.78737720e+00  2.92821445e+00 
 5.05600000e-11  2.29239642e+00  2.17760358e+00  2.78446349e+00  2.93107338e+00 
 5.25600000e-11  2.29458536e+00  2.17541464e+00  2.78156613e+00  2.93391536e+00 
 5.45600000e-11  2.29676489e+00  2.17323511e+00  2.77868580e+00  2.93673970e+00 
 5.65600000e-11  2.29893467e+00  2.17106533e+00  2.77582317e+00  2.93954573e+00 
 5.85600000e-11  2.30109436e+00  2.16890564e+00  2.77297891e+00  2.94233277e+00 
 6.05600000e-11  2.30324360e+00  2.16675640e+00  2.77015369e+00  2.94510017e+00 
 6.25600000e-11  2.30538207e+00  2.16461793e+00  2.76734817e+00  2.94784725e+00 
 6.45600000e-11  2.30750943e+00  2.16249057e+00  2.76456302e+00  2.95057335e+00 
 6.65600000e-11  2.30962534e+00  2.16037466e+00  2.76179888e+00  2.95327782e+00 
 6.85600000e-11  2.31172946e+00  2.15827054e+00  2.75905642e+00  2.95596000e+00 
 7.05600000e-11  2.31382147e+00  2.15617853e+00  2.75633627e+00  2.95861924e+00 
 7.25600000e-11  2.31590102e+00  2.15409898e+00  2.75363909e+00  2.96125491e+00 
 7.45600000e-11  2.31796781e+00  2.15203219e+00  2.75096551e+00  2.96386636e+00 
 7.65600000e-11  2.32002149e+00  2.14997851e+00  2.74831617e+00  2.96645296e+00 
 7.85600000e-11  2.32206175e+00  2.14793825e+00  2.74569169e+00  2.96901408e+00 
 8.05600000e-11  2.32408826e+00  2.14591174e+00  2.74309271e+00  2.97154910e+00 
 8.25600000e-11  2.32610070e+00  2.14389930e+00  2.74051985e+00  2.97405741e+00 
 8.45600000e-11  2.32809875e+00  2.14190125e+00  2.73797371e+00  2.97653839e+00 
 8.65600000e-11  2.33008210e+00  2.13991790e+00  2.73545490e+00  2.97899145e+00 
 8.85600000e-11  2.33205044e+00  2.13794956e+00  2.73296404e+00  2.98141598e+00 
 9.05600000e-11  2.33400345e+00  2.13599655e+00  2.73050171e+00  2.98381141e+00 
 9.25600000e-11  2.33594083e+00  2.13405917e+00  2.72806849e+00  2.98617716e+00 
 9.45600000e-11  2.33786227e+00  2.13213773e+00  2.72566499e+00  2.98851265e+00 
 9.65600000e-11  2.33976747e+00  2.13023253e+00  2.72329175e+00  2.99081733e+00 
 9.85600000e-11  2.34165612e+00  2.12834388e+00  2.72094936e+00  2.99309065e+00 
 1.00560000e-10  2.34352793e+00  2.12647207e+00  2.71863836e+00  2.99533208e+00 
 1.02560000e-10  2.34538260e+00  2.12461740e+00  2.71635931e+00  2.99754108e+00 
 1.04560000e-10  2.34721985e+00  2.12278015e+00  2.71411273e+00  2.99971714e+00 
 1.06560000e-10  2.34903937e+00  2.12096063e+00  2.71189916e+00  3.00185976e+00 
 1.08560000e-10  2.35084088e+00  2.11915912e+00  2.70971910e+00  3.00396847e+00 
 1.10560000e-10  2.35262410e+00  2.11737590e+00  2.70757307e+00  3.00604278e+00 
 1.12560000e-10  2.35438875e+00  2.11561125e+00  2.70546155e+00  3.00808226e+00 
 1.14560000e-10  2.35613454e+00  2.11386546e+00  2.70338501e+00  3.01008645e+00 
 1.16560000e-10  2.35786120e+00  2.11213880e+00  2.70134393e+00  3.01205495e+00 
 1.18560000e-10  2.35956847e+00  2.11043153e+00  2.69933873e+00  3.01398736e+00 
 1.20560000e-10  2.36125606e+00  2.10874394e+00  2.69736987e+00  3.01588330e+00 
 1.22560000e-10  2.36292371e+00  2.10707629e+00  2.69543773e+00  3.01774242e+00 
 1.24560000e-10  2.36457117e+00  2.10542883e+00  2.69354274e+00  3.01956440e+00 
 1.26560000e-10  2.36619816e+00  2.10380184e+00  2.69168524e+00  3.02134892e+00 
 1.28560000e-10  2.36780444e+00  2.10219556e+00  2.68986561e+00  3.02309571e+00 
 1.30560000e-10  2.36938974e+00  2.10061026e+00  2.68808418e+00  3.02480452e+00 
 1.32560000e-10  2.37095383e+00  2.09904617e+00  2.68634125e+00  3.02647512e+00 
 1.34560000e-10  2.37249644e+00  2.09750356e+00  2.68463712e+00  3.02810734e+00 
 1.36560000e-10  2.37401734e+00  2.09598266e+00  2.68297203e+00  3.02970101e+00 
 1.38560000e-10  2.37551629e+00  2.09448371e+00  2.68134624e+00  3.03125600e+00 
 1.40560000e-10  2.37699305e+00  2.09300695e+00  2.67975995e+00  3.03277223e+00 
 1.42560000e-10  2.37844739e+00  2.09155261e+00  2.67821332e+00  3.03424965e+00 
 1.44560000e-10  2.37987908e+00  2.09012092e+00  2.67670653e+00  3.03568823e+00 
 1.46560000e-10  2.38128788e+00  2.08871212e+00  2.67523967e+00  3.03708800e+00 
 1.48560000e-10  2.38267359e+00  2.08732641e+00  2.67381284e+00  3.03844903e+00 
 1.50560000e-10  2.38403598e+00  2.08596402e+00  2.67242608e+00  3.03977141e+00 
 1.52560000e-10  2.38537483e+00  2.08462517e+00  2.67107943e+00  3.04105528e+00 
 1.54560000e-10  2.38668994e+00  2.08331006e+00  2.66977286e+00  3.04230084e+00 
 1.56560000e-10  2.38798109e+00  2.08201891e+00  2.66850630e+00  3.04350831e+00 
 1.58560000e-10  2.38924809e+00  2.08075191e+00  2.66727965e+00  3.04467795e+00 
 1.60560000e-10  2.39049073e+00  2.07950927e+00  2.66609281e+00  3.04581007e+00 
 1.62560000e-10  2.39170881e+00  2.07829119e+00  2.66494558e+00  3.04690503e+00 
 1.64560000e-10  2.39290215e+00  2.07709785e+00  2.66383778e+00  3.04796322e+00 
 1.66560000e-10  2.39407056e+00  2.07592944e+00  2.66276916e+00  3.04898508e+00 
 1.68560000e-10  2.39521384e+00  2.07478616e+00  2.66173942e+00  3.04997106e+00 
 1.70560000e-10  2.39633183e+00  2.07366817e+00  2.66074825e+00  3.05092170e+00 
 1.72560000e-10  2.39742434e+00  2.07257566e+00  2.65979528e+00  3.05183752e+00 
 1.74560000e-10  2.39849120e+00  2.07150880e+00  2.65888012e+00  3.05271910e+00 
 1.76560000e-10  2.39953224e+00  2.07046776e+00  2.65800233e+00  3.05356707e+00 
 1.78560000e-10  2.40054730e+00  2.06945270e+00  2.65716145e+00  3.05438207e+00 
 1.80560000e-10  2.40153622e+00  2.06846378e+00  2.65635697e+00  3.05516475e+00 
 1.82560000e-10  2.40249885e+00  2.06750115e+00  2.65558835e+00  3.05591581e+00 
 1.84560000e-10  2.40343502e+00  2.06656498e+00  2.65485504e+00  3.05663597e+00 
 1.86560000e-10  2.40434459e+00  2.06565541e+00  2.65415643e+00  3.05732596e+00 
 1.88560000e-10  2.40522743e+00  2.06477257e+00  2.65349191e+00  3.05798653e+00 
 1.90560000e-10  2.40608338e+00  2.06391662e+00  2.65286083e+00  3.05861843e+00 
 1.92560000e-10  2.40691231e+00  2.06308769e+00  2.65226254e+00  3.05922243e+00 
 1.94560000e-10  2.40771410e+00  2.06228590e+00  2.65169634e+00  3.05979930e+00 
 1.96560000e-10  2.40848862e+00  2.06151138e+00  2.65116154e+00  3.06034983e+00 
 1.98560000e-10  2.40923574e+00  2.06076426e+00  2.65065743e+00  3.06087476e+00 
 2.00560000e-10  2.40995534e+00  2.06004466e+00  2.65018329e+00  3.06137489e+00 
 2.02560000e-10  2.41064732e+00  2.05935268e+00  2.64973838e+00  3.06185096e+00 
 2.04560000e-10  2.41131156e+00  2.05868844e+00  2.64932198e+00  3.06230372e+00 
 2.06560000e-10  2.41194796e+00  2.05805204e+00  2.64893336e+00  3.06273391e+00 
 2.08560000e-10  2.41255642e+00  2.05744358e+00  2.64857178e+00  3.06314224e+00 
 2.10560000e-10  2.41313684e+00  2.05686316e+00  2.64823652e+00  3.06352942e+00 
 2.12560000e-10  2.41368913e+00  2.05631087e+00  2.64792685e+00  3.06389612e+00 
 2.14560000e-10  2.41421320e+00  2.05578680e+00  2.64764207e+00  3.06424299e+00 
 2.16560000e-10  2.41470898e+00  2.05529102e+00  2.64738148e+00  3.06457067e+00 
 2.18560000e-10  2.41517637e+00  2.05482363e+00  2.64714441e+00  3.06487976e+00 
 2.20560000e-10  2.41561531e+00  2.05438469e+00  2.64693017e+00  3.06517082e+00 
 2.22560000e-10  2.41602574e+00  2.05397426e+00  2.64673813e+00  3.06544441e+00 
 2.24560000e-10  2.41640757e+00  2.05359243e+00  2.64656766e+00  3.06570103e+00 
 2.26560000e-10  2.41676076e+00  2.05323924e+00  2.64641817e+00  3.06594116e+00 
 2.28560000e-10  2.41708525e+00  2.05291475e+00  2.64628906e+00  3.06616526e+00 
 2.30560000e-10  2.41738098e+00  2.05261902e+00  2.64617980e+00  3.06637373e+00 
 2.32560000e-10  2.41764791e+00  2.05235209e+00  2.64608985e+00  3.06656695e+00 
 2.34560000e-10  2.41788601e+00  2.05211399e+00  2.64601872e+00  3.06674526e+00 
 2.36560000e-10  2.41809522e+00  2.05190478e+00  2.64596594e+00  3.06690897e+00 
 2.38560000e-10  2.41827552e+00  2.05172448e+00  2.64593107e+00  3.06705835e+00 
 2.40560000e-10  2.41842687e+00  2.05157313e+00  2.64591370e+00  3.06719364e+00 
 2.42560000e-10  2.41854926e+00  2.05145074e+00  2.64591346e+00  3.06731502e+00 
 2.44560000e-10  2.41864267e+00  2.05135733e+00  2.64593000e+00  3.06742267e+00 
 2.46560000e-10  2.41870708e+00  2.05129292e+00  2.64596302e+00  3.06751671e+00 
 2.48560000e-10  2.41874248e+00  2.05125752e+00  2.64601224e+00  3.06759721e+00 
 2.50560000e-10  2.41874886e+00  2.05125114e+00  2.64607741e+00  3.06766424e+00 
 2.52560000e-10  2.41872623e+00  2.05127377e+00  2.64615833e+00  3.06771779e+00 
 2.54560000e-10  2.41867459e+00  2.05132541e+00  2.64625481e+00  3.06775785e+00 
 2.56560000e-10  2.41859394e+00  2.05140606e+00  2.64636671e+00  3.06778434e+00 
 2.58560000e-10  2.41848429e+00  2.05151571e+00  2.64649394e+00  3.06779717e+00 
 2.60560000e-10  2.41834568e+00  2.05165432e+00  2.64663641e+00  3.06779620e+00 
 2.62560000e-10  2.41817811e+00  2.05182189e+00  2.64679410e+00  3.06778124e+00 
 2.64560000e-10  2.41798162e+00  2.05201838e+00  2.64696698e+00  3.06775207e+00 
 2.66560000e-10  2.41775623e+00  2.05224377e+00  2.64715512e+00  3.06770845e+00 
 2.68560000e-10  2.41750198e+00  2.05249802e+00  2.64735855e+00  3.06765007e+00 
 2.70560000e-10  2.41721892e+00  2.05278108e+00  2.64757741e+00  3.06757661e+00 
 2.72560000e-10  2.41690707e+00  2.05309293e+00  2.64781181e+00  3.06748769e+00 
 2.74560000e-10  2.41656651e+00  2.05343349e+00  2.64806194e+00  3.06738290e+00 
 2.76560000e-10  2.41619727e+00  2.05380273e+00  2.64832801e+00  3.06726180e+00 
 2.78560000e-10  2.41579942e+00  2.05420058e+00  2.64861026e+00  3.06712391e+00 
 2.80560000e-10  2.41537302e+00  2.05462698e+00  2.64890897e+00  3.06696870e+00 
 2.82560000e-10  2.41491813e+00  2.05508187e+00  2.64922446e+00  3.06679562e+00 
 2.84560000e-10  2.41443484e+00  2.05556516e+00  2.64955709e+00  3.06660407e+00 
 2.86560000e-10  2.41392320e+00  2.05607680e+00  2.64990722e+00  3.06639344e+00 
 2.88560000e-10  2.41338332e+00  2.05661668e+00  2.65027529e+00  3.06616306e+00 
 2.90560000e-10  2.41281527e+00  2.05718473e+00  2.65066174e+00  3.06591224e+00 
 2.92560000e-10  2.41221913e+00  2.05778087e+00  2.65106706e+00  3.06564026e+00 
 2.94560000e-10  2.41159502e+00  2.05840498e+00  2.65149176e+00  3.06534639e+00 
 2.96560000e-10  2.41094301e+00  2.05905699e+00  2.65193640e+00  3.06502983e+00 
 2.98560000e-10  2.41026323e+00  2.05973677e+00  2.65240153e+00  3.06468981e+00 
 3.00560000e-10  2.40955576e+00  2.06044424e+00  2.65288777e+00  3.06432549e+00 
 3.02560000e-10  2.40882073e+00  2.06117927e+00  2.65339575e+00  3.06393606e+00 
 3.04560000e-10  2.40805826e+00  2.06194174e+00  2.65392610e+00  3.06352065e+00 
 3.06560000e-10  2.40726845e+00  2.06273155e+00  2.65447951e+00  3.06307842e+00 
 3.08560000e-10  2.40645145e+00  2.06354855e+00  2.65505667e+00  3.06260850e+00 
 3.10560000e-10  2.40560737e+00  2.06439263e+00  2.65565829e+00  3.06211001e+00 
 3.12560000e-10  2.40473634e+00  2.06526366e+00  2.65628509e+00  3.06158210e+00 
 3.14560000e-10  2.40383852e+00  2.06616148e+00  2.65693780e+00  3.06102390e+00 
 3.16560000e-10  2.40291403e+00  2.06708597e+00  2.65761716e+00  3.06043456e+00 
 3.18560000e-10  2.40196303e+00  2.06803697e+00  2.65832392e+00  3.05981323e+00 
 3.20560000e-10  2.40098566e+00  2.06901434e+00  2.65905882e+00  3.05915910e+00 
 3.22560000e-10  2.39998208e+00  2.07001792e+00  2.65982261e+00  3.05847136e+00 
 3.24560000e-10  2.39895245e+00  2.07104755e+00  2.66061603e+00  3.05774924e+00 
 3.26560000e-10  2.39789693e+00  2.07210307e+00  2.66143979e+00  3.05699200e+00 
 3.28560000e-10  2.39681568e+00  2.07318432e+00  2.66229463e+00  3.05619892e+00 
 3.30560000e-10  2.39570888e+00  2.07429112e+00  2.66318122e+00  3.05536932e+00 
 3.32560000e-10  2.39457671e+00  2.07542329e+00  2.66410026e+00  3.05450258e+00 
 3.34560000e-10  2.39341933e+00  2.07658067e+00  2.66505239e+00  3.05359809e+00 
 3.36560000e-10  2.39223694e+00  2.07776306e+00  2.66603823e+00  3.05265530e+00 
 3.38560000e-10  2.39102972e+00  2.07897028e+00  2.66705839e+00  3.05167371e+00 
 3.40560000e-10  2.38979786e+00  2.08020214e+00  2.66811342e+00  3.05065286e+00 
 3.42560000e-10  2.38854156e+00  2.08145844e+00  2.66920386e+00  3.04959234e+00 
 3.44560000e-10  2.38726101e+00  2.08273899e+00  2.67033019e+00  3.04849180e+00 
 3.46560000e-10  2.38595642e+00  2.08404358e+00  2.67149286e+00  3.04735091e+00 
 3.48560000e-10  2.38462799e+00  2.08537201e+00  2.67269229e+00  3.04616943e+00 
 3.50560000e-10  2.38327593e+00  2.08672407e+00  2.67392884e+00  3.04494714e+00 
 3.52560000e-10  2.38190045e+00  2.08809955e+00  2.67520285e+00  3.04368387e+00 
 3.54560000e-10  2.38050178e+00  2.08949822e+00  2.67651458e+00  3.04237952e+00 
 3.56560000e-10  2.37908014e+00  2.09091986e+00  2.67786429e+00  3.04103402e+00 
 3.58560000e-10  2.37763574e+00  2.09236426e+00  2.67925216e+00  3.03964734e+00 
 3.60560000e-10  2.37616881e+00  2.09383119e+00  2.68067834e+00  3.03821950e+00 
 3.62560000e-10  2.37467960e+00  2.09532040e+00  2.68214295e+00  3.03675056e+00 
 3.64560000e-10  2.37316833e+00  2.09683167e+00  2.68364603e+00  3.03524064e+00 
 3.66560000e-10  2.37163523e+00  2.09836477e+00  2.68518763e+00  3.03368986e+00 
 3.68560000e-10  2.37008057e+00  2.09991943e+00  2.68676771e+00  3.03209842e+00 
 3.70560000e-10  2.36850457e+00  2.10149543e+00  2.68838623e+00  3.03046652e+00 
 3.72560000e-10  2.36690749e+00  2.10309251e+00  2.69004308e+00  3.02879440e+00 
 3.74560000e-10  2.36528958e+00  2.10471042e+00  2.69173813e+00  3.02708235e+00 
 3.76560000e-10  2.36365110e+00  2.10634890e+00  2.69347121e+00  3.02533068e+00 
 3.78560000e-10  2.36199230e+00  2.10800770e+00  2.69524212e+00  3.02353970e+00 
 3.80560000e-10  2.36031345e+00  2.10968655e+00  2.69705063e+00  3.02170979e+00 
 3.82560000e-10  2.35861480e+00  2.11138520e+00  2.69889647e+00  3.01984132e+00 
 3.84560000e-10  2.35689664e+00  2.11310336e+00  2.70077934e+00  3.01793470e+00 
 3.86560000e-10  2.35515923e+00  2.11484077e+00  2.70269893e+00  3.01599035e+00 
 3.88560000e-10  2.35340285e+00  2.11659715e+00  2.70465489e+00  3.01400873e+00 
 3.90560000e-10  2.35162777e+00  2.11837223e+00  2.70664684e+00  3.01199028e+00 
 3.92560000e-10  2.34983427e+00  2.12016573e+00  2.70867437e+00  3.00993549e+00 
 3.94560000e-10  2.34802264e+00  2.12197736e+00  2.71073707e+00  3.00784485e+00 
 3.96560000e-10  2.34619316e+00  2.12380684e+00  2.71283452e+00  3.00571888e+00 
 3.98560000e-10  2.34434612e+00  2.12565388e+00  2.71496624e+00  3.00355808e+00 
 4.00560000e-10  2.34248181e+00  2.12751819e+00  2.71713176e+00  3.00136300e+00 
 4.02560000e-10  2.34060053e+00  2.12939947e+00  2.71933060e+00  2.99913418e+00 
 4.04560000e-10  2.33870258e+00  2.13129742e+00  2.72156225e+00  2.99687218e+00 
 4.06560000e-10  2.33678825e+00  2.13321175e+00  2.72382617e+00  2.99457756e+00 
 4.08560000e-10  2.33485785e+00  2.13514215e+00  2.72612185e+00  2.99225089e+00 
 4.10560000e-10  2.33291167e+00  2.13708833e+00  2.72844872e+00  2.98989276e+00 
 4.12560000e-10  2.33095004e+00  2.13904996e+00  2.73080623e+00  2.98750376e+00 
 4.14560000e-10  2.32897326e+00  2.14102674e+00  2.73319381e+00  2.98508448e+00 
 4.16560000e-10  2.32698163e+00  2.14301837e+00  2.73561088e+00  2.98263553e+00 
 4.18560000e-10  2.32497548e+00  2.14502452e+00  2.73805684e+00  2.98015751e+00 
 4.20560000e-10  2.32295512e+00  2.14704488e+00  2.74053111e+00  2.97765105e+00 
 4.22560000e-10  2.32092088e+00  2.14907912e+00  2.74303306e+00  2.97511676e+00 
 4.24560000e-10  2.31887306e+00  2.15112694e+00  2.74556209e+00  2.97255526e+00 
 4.26560000e-10  2.31681200e+00  2.15318800e+00  2.74811757e+00  2.96996720e+00 
 4.28560000e-10  2.31473802e+00  2.15526198e+00  2.75069888e+00  2.96735320e+00 
 4.30560000e-10  2.31265146e+00  2.15734854e+00  2.75330538e+00  2.96471390e+00 
 4.32560000e-10  2.31055262e+00  2.15944738e+00  2.75593643e+00  2.96204994e+00 
 4.34560000e-10  2.30844186e+00  2.16155814e+00  2.75859138e+00  2.95936198e+00 
 4.36560000e-10  2.30631950e+00  2.16368050e+00  2.76126959e+00  2.95665065e+00 
 4.38560000e-10  2.30418588e+00  2.16581412e+00  2.76397040e+00  2.95391662e+00 
 4.40560000e-10  2.30204133e+00  2.16795867e+00  2.76669314e+00  2.95116054e+00 
 4.42560000e-10  2.29988620e+00  2.17011380e+00  2.76943716e+00  2.94838306e+00 
 4.44560000e-10  2.29772082e+00  2.17227918e+00  2.77220179e+00  2.94558485e+00 
 4.46560000e-10  2.29554553e+00  2.17445447e+00  2.77498636e+00  2.94276657e+00 
 4.48560000e-10  2.29336069e+00  2.17663931e+00  2.77779018e+00  2.93992888e+00 
 4.50560000e-10  2.29116663e+00  2.17883337e+00  2.78061260e+00  2.93707246e+00 
 4.52560000e-10  2.28896370e+00  2.18103630e+00  2.78345292e+00  2.93419798e+00 
 4.54560000e-10  2.28675224e+00  2.18324776e+00  2.78631046e+00  2.93130610e+00 
 4.56560000e-10  2.28453262e+00  2.18546738e+00  2.78918455e+00  2.92839751e+00 
 4.58560000e-10  2.28230517e+00  2.18769483e+00  2.79207448e+00  2.92547288e+00 
 4.60560000e-10  2.28007026e+00  2.18992974e+00  2.79497890e+00  2.92253324e+00 
 4.62560000e-10  2.27782822e+00  2.19217178e+00  2.79789777e+00  2.91957894e+00 
 4.64560000e-10  2.27557943e+00  2.19442057e+00  2.80083081e+00  2.91661042e+00 
 4.66560000e-10  2.27332422e+00  2.19667578e+00  2.80377721e+00  2.91362844e+00 
 4.68560000e-10  2.27106297e+00  2.19893703e+00  2.80673663e+00  2.91063348e+00 
 4.70560000e-10  2.26879602e+00  2.20120398e+00  2.80970776e+00  2.90762656e+00 
 4.72560000e-10  2.26652373e+00  2.20347627e+00  2.81268956e+00  2.90460856e+00 
 4.74560000e-10  2.26424646e+00  2.20575354e+00  2.81568141e+00  2.90158010e+00 
 4.76560000e-10  2.26196458e+00  2.20803542e+00  2.81868276e+00  2.89854181e+00 
 4.78560000e-10  2.25967844e+00  2.21032156e+00  2.82169297e+00  2.89549431e+00 
 4.80560000e-10  2.25738840e+00  2.21261160e+00  2.82471137e+00  2.89243831e+00 
 4.82560000e-10  2.25509482e+00  2.21490518e+00  2.82773726e+00  2.88937449e+00 
 4.84560000e-10  2.25279808e+00  2.21720192e+00  2.83076991e+00  2.88630355e+00 
 4.86560000e-10  2.25049852e+00  2.21950148e+00  2.83380864e+00  2.88322620e+00 
 4.88560000e-10  2.24819651e+00  2.22180349e+00  2.83685272e+00  2.88014311e+00 
 4.90560000e-10  2.24589242e+00  2.22410758e+00  2.83990145e+00  2.87705499e+00 
 4.92560000e-10  2.24358661e+00  2.22641339e+00  2.84295413e+00  2.87396252e+00 
 4.94560000e-10  2.24127945e+00  2.22872055e+00  2.84601005e+00  2.87086642e+00 
 4.96560000e-10  2.23897129e+00  2.23102871e+00  2.84906850e+00  2.86776737e+00 
 4.98560000e-10  2.23666251e+00  2.23333749e+00  2.85212877e+00  2.86466607e+00 
 5.00560000e-10  2.23435346e+00  2.23564654e+00  2.85519016e+00  2.86156322e+00 
 5.02560000e-10  2.23204452e+00  2.23795548e+00  2.85825197e+00  2.85845951e+00 
 5.04560000e-10  2.22973604e+00  2.24026396e+00  2.86131347e+00  2.85535564e+00 
 5.06560000e-10  2.22742839e+00  2.24257161e+00  2.86437398e+00  2.85225231e+00 
 5.08560000e-10  2.22512194e+00  2.24487806e+00  2.86743278e+00  2.84915022e+00 
 5.10560000e-10  2.22281705e+00  2.24718295e+00  2.87048916e+00  2.84605005e+00 
 5.12560000e-10  2.22051408e+00  2.24948592e+00  2.87354243e+00  2.84295252e+00 
 5.14560000e-10  2.21821340e+00  2.25178660e+00  2.87659188e+00  2.83985831e+00 
 5.16560000e-10  2.21591537e+00  2.25408463e+00  2.87963680e+00  2.83676813e+00 
 5.18560000e-10  2.21362036e+00  2.25637964e+00  2.88267649e+00  2.83368266e+00 
 5.20560000e-10  2.21132872e+00  2.25867128e+00  2.88571056e+00  2.83060211e+00 
 5.22560000e-10  2.20904082e+00  2.26095918e+00  2.88873802e+00  2.82752761e+00 
 5.24560000e-10  2.20675702e+00  2.26324298e+00  2.89175799e+00  2.82446014e+00 
 5.26560000e-10  2.20447768e+00  2.26552232e+00  2.89476983e+00  2.82140033e+00 
 5.28560000e-10  2.20220315e+00  2.26779685e+00  2.89777291e+00  2.81834877e+00 
 5.30560000e-10  2.19993381e+00  2.27006619e+00  2.90076657e+00  2.81530609e+00 
 5.32560000e-10  2.19767000e+00  2.27233000e+00  2.90374972e+00  2.81227369e+00 
 5.34560000e-10  2.19541209e+00  2.27458791e+00  2.90672203e+00  2.80925161e+00 
 5.36560000e-10  2.19316043e+00  2.27683957e+00  2.90968306e+00  2.80624010e+00 
 5.38560000e-10  2.19091538e+00  2.27908462e+00  2.91263207e+00  2.80323993e+00 
 5.40560000e-10  2.18867729e+00  2.28132271e+00  2.91556826e+00  2.80025195e+00 
 5.42560000e-10  2.18644651e+00  2.28355349e+00  2.91849090e+00  2.79727694e+00 
 5.44560000e-10  2.18422340e+00  2.28577660e+00  2.92139929e+00  2.79431559e+00 
 5.46560000e-10  2.18200831e+00  2.28799169e+00  2.92429277e+00  2.79136859e+00 
 5.48560000e-10  2.17980159e+00  2.29019841e+00  2.92717065e+00  2.78843661e+00 
 5.50560000e-10  2.17760358e+00  2.29239642e+00  2.93003226e+00  2.78552031e+00 
 5.52560000e-10  2.17541464e+00  2.29458536e+00  2.93287692e+00  2.78262037e+00 
 5.54560000e-10  2.17323511e+00  2.29676489e+00  2.93570397e+00  2.77973746e+00 
 5.56560000e-10  2.17106533e+00  2.29893467e+00  2.93851273e+00  2.77687224e+00 
 5.58560000e-10  2.16890564e+00  2.30109436e+00  2.94130255e+00  2.77402537e+00 
 5.60560000e-10  2.16675640e+00  2.30324360e+00  2.94407276e+00  2.77119751e+00 
 5.62560000e-10  2.16461793e+00  2.30538207e+00  2.94682270e+00  2.76838933e+00 
 5.64560000e-10  2.16249057e+00  2.30750943e+00  2.94955172e+00  2.76560147e+00 
 5.66560000e-10  2.16037466e+00  2.30962534e+00  2.95225917e+00  2.76283458e+00 
 5.68560000e-10  2.15827054e+00  2.31172946e+00  2.95494441e+00  2.76008931e+00 
 5.70560000e-10  2.15617853e+00  2.31382147e+00  2.95760678e+00  2.75736631e+00 
 5.72560000e-10  2.15409898e+00  2.31590102e+00  2.96024565e+00  2.75466621e+00 
 5.74560000e-10  2.15203219e+00  2.31796781e+00  2.96286040e+00  2.75198965e+00 
 5.76560000e-10  2.14997851e+00  2.32002149e+00  2.96545039e+00  2.74933725e+00 
 5.78560000e-10  2.14793825e+00  2.32206175e+00  2.96801499e+00  2.74670965e+00 
 5.80560000e-10  2.14591174e+00  2.32408826e+00  2.97055360e+00  2.74410746e+00 
 5.82560000e-10  2.14389930e+00  2.32610070e+00  2.97306560e+00  2.74153131e+00 
 5.84560000e-10  2.14190125e+00  2.32809875e+00  2.97555040e+00  2.73898179e+00 
 5.86560000e-10  2.13991790e+00  2.33008210e+00  2.97800738e+00  2.73645951e+00 
 5.88560000e-10  2.13794956e+00  2.33205044e+00  2.98043597e+00  2.73396508e+00 
 5.90560000e-10  2.13599655e+00  2.33400345e+00  2.98283558e+00  2.73149908e+00 
 5.92560000e-10  2.13405917e+00  2.33594083e+00  2.98520563e+00  2.72906209e+00 
 5.94560000e-10  2.13213773e+00  2.33786227e+00  2.98754557e+00  2.72665470e+00 
 5.96560000e-10  2.13023253e+00  2.33976747e+00  2.98985484e+00  2.72427747e+00 
 5.98560000e-10  2.12834388e+00  2.34165612e+00  2.99213290e+00  2.72193096e+00 
 6.00560000e-10  2.12647207e+00  2.34352793e+00  2.99437921e+00  2.71961572e+00 
 6.02560000e-10  2.12461740e+00  2.34538260e+00  2.99659326e+00  2.71733230e+00 
 6.04560000e-10  2.12278015e+00  2.34721985e+00  2.99877453e+00  2.71508123e+00 
 6.06560000e-10  2.12096063e+00  2.34903937e+00  3.00092253e+00  2.71286302e+00 
 6.08560000e-10  2.11915912e+00  2.35084088e+00  3.00303677e+00  2.71067820e+00 
 6.10560000e-10  2.11737590e+00  2.35262410e+00  3.00511681e+00  2.70852726e+00 
 6.12560000e-10  2.11561125e+00  2.35438875e+00  3.00716217e+00  2.70641068e+00 
 6.14560000e-10  2.11386546e+00  2.35613454e+00  3.00917244e+00  2.70432893e+00 
 6.16560000e-10  2.11213880e+00  2.35786120e+00  3.01114720e+00  2.70228248e+00 
 6.18560000e-10  2.11043153e+00  2.35956847e+00  3.01308606e+00  2.70027177e+00 
 6.20560000e-10  2.10874394e+00  2.36125606e+00  3.01498864e+00  2.69829722e+00 
 6.22560000e-10  2.10707629e+00  2.36292371e+00  3.01685459e+00  2.69635925e+00 
 6.24560000e-10  2.10542883e+00  2.36457117e+00  3.01868359e+00  2.69445824e+00 
 6.26560000e-10  2.10380184e+00  2.36619816e+00  3.02047534e+00  2.69259457e+00 
 6.28560000e-10  2.10219556e+00  2.36780444e+00  3.02222955e+00  2.69076858e+00 
 6.30560000e-10  2.10061026e+00  2.36938974e+00  3.02394597e+00  2.68898062e+00 
 6.32560000e-10  2.09904617e+00  2.37095383e+00  3.02562440e+00  2.68723099e+00 
 6.34560000e-10  2.09750356e+00  2.37249644e+00  3.02726463e+00  2.68551997e+00 
 6.36560000e-10  2.09598266e+00  2.37401734e+00  3.02886651e+00  2.68384783e+00 
 6.38560000e-10  2.09448371e+00  2.37551629e+00  3.03042990e+00  2.68221480e+00 
 6.40560000e-10  2.09300695e+00  2.37699305e+00  3.03195473e+00  2.68062109e+00 
 6.42560000e-10  2.09155261e+00  2.37844739e+00  3.03344093e+00  2.67906689e+00 
 6.44560000e-10  2.09012092e+00  2.37987908e+00  3.03488847e+00  2.67755233e+00 
 6.46560000e-10  2.08871212e+00  2.38128788e+00  3.03629739e+00  2.67607754e+00 
 6.48560000e-10  2.08732641e+00  2.38267359e+00  3.03766772e+00  2.67464259e+00 
 6.50560000e-10  2.08596402e+00  2.38403598e+00  3.03899957e+00  2.67324755e+00 
 6.52560000e-10  2.08462517e+00  2.38537483e+00  3.04029306e+00  2.67189244e+00 
 6.54560000e-10  2.08331006e+00  2.38668994e+00  3.04154838e+00  2.67057725e+00 
 6.56560000e-10  2.08201891e+00  2.38798109e+00  3.04276574e+00  2.66930192e+00 
 6.58560000e-10  2.08075191e+00  2.38924809e+00  3.04394539e+00  2.66806637e+00 
 6.60560000e-10  2.07950927e+00  2.39049073e+00  3.04508764e+00  2.66687048e+00 
 6.62560000e-10  2.07829119e+00  2.39170881e+00  3.04619282e+00  2.66571408e+00 
 6.64560000e-10  2.07709785e+00  2.39290215e+00  3.04726130e+00  2.66459699e+00 
 6.66560000e-10  2.07592944e+00  2.39407056e+00  3.04829351e+00  2.66351896e+00 
 6.68560000e-10  2.07478616e+00  2.39521384e+00  3.04928991e+00  2.66247972e+00 
 6.70560000e-10  2.07366817e+00  2.39633183e+00  3.05025097e+00  2.66147896e+00 
 6.72560000e-10  2.07257566e+00  2.39742434e+00  3.05117724e+00  2.66051633e+00 
 6.74560000e-10  2.07150880e+00  2.39849120e+00  3.05206927e+00  2.65959145e+00 
 6.76560000e-10  2.07046776e+00  2.39953224e+00  3.05292766e+00  2.65870390e+00 
 6.78560000e-10  2.06945270e+00  2.40054730e+00  3.05375302e+00  2.65785322e+00 
 6.80560000e-10  2.06846378e+00  2.40153622e+00  3.05454601e+00  2.65703892e+00 
 6.82560000e-10  2.06750115e+00  2.40249885e+00  3.05530731e+00  2.65626049e+00 
 6.84560000e-10  2.06656498e+00  2.40343502e+00  3.05603760e+00  2.65551738e+00 
 6.86560000e-10  2.06565541e+00  2.40434459e+00  3.05673760e+00  2.65480901e+00 
 6.88560000e-10  2.06477257e+00  2.40522743e+00  3.05740804e+00  2.65413478e+00 
 6.90560000e-10  2.06391662e+00  2.40608338e+00  3.05804965e+00  2.65349406e+00 
 6.92560000e-10  2.06308769e+00  2.40691231e+00  3.05866320e+00  2.65288621e+00 
 6.94560000e-10  2.06228590e+00  2.40771410e+00  3.05924942e+00  2.65231055e+00 
 6.96560000e-10  2.06151138e+00  2.40848862e+00  3.05980909e+00  2.65176641e+00 
 6.98560000e-10  2.06076426e+00  2.40923574e+00  3.06034295e+00  2.65125310e+00 
 7.00560000e-10  2.06004466e+00  2.40995534e+00  3.06085176e+00  2.65076990e+00 
 7.02560000e-10  2.05935268e+00  2.41064732e+00  3.06133627e+00  2.65031611e+00 
 7.04560000e-10  2.05868844e+00  2.41131156e+00  3.06179720e+00  2.64989101e+00 
 7.06560000e-10  2.05805204e+00  2.41194796e+00  3.06223528e+00  2.64949387e+00 
 7.08560000e-10  2.05744358e+00  2.41255642e+00  3.06265123e+00  2.64912399e+00 
 7.10560000e-10  2.05686316e+00  2.41313684e+00  3.06304571e+00  2.64878066e+00 
 7.12560000e-10  2.05631087e+00  2.41368913e+00  3.06341942e+00  2.64846315e+00 
 7.14560000e-10  2.05578680e+00  2.41421320e+00  3.06377298e+00  2.64817078e+00 
 7.16560000e-10  2.05529102e+00  2.41470898e+00  3.06410703e+00  2.64790285e+00 
 7.18560000e-10  2.05482363e+00  2.41517637e+00  3.06442215e+00  2.64765871e+00 
 7.20560000e-10  2.05438469e+00  2.41561531e+00  3.06471892e+00  2.64743768e+00 
 7.22560000e-10  2.05397426e+00  2.41602574e+00  3.06499787e+00  2.64723914e+00 
 7.24560000e-10  2.05359243e+00  2.41640757e+00  3.06525951e+00  2.64706246e+00 
 7.26560000e-10  2.05323924e+00  2.41676076e+00  3.06550431e+00  2.64690706e+00 
 7.28560000e-10  2.05291475e+00  2.41708525e+00  3.06573273e+00  2.64677235e+00 
 7.30560000e-10  2.05261902e+00  2.41738098e+00  3.06594516e+00  2.64665779e+00 
 7.32560000e-10  2.05235209e+00  2.41764791e+00  3.06614199e+00  2.64656286e+00 
 7.34560000e-10  2.05211399e+00  2.41788601e+00  3.06632355e+00  2.64648707e+00 
 7.36560000e-10  2.05190478e+00  2.41809522e+00  3.06649015e+00  2.64642996e+00 
 7.38560000e-10  2.05172448e+00  2.41827552e+00  3.06664206e+00  2.64639109e+00 
 7.40560000e-10  2.05157313e+00  2.41842687e+00  3.06677951e+00  2.64637005e+00 
 7.42560000e-10  2.05145074e+00  2.41854926e+00  3.06690270e+00  2.64636648e+00 
 7.44560000e-10  2.05135733e+00  2.41864267e+00  3.06701179e+00  2.64638002e+00 
 7.46560000e-10  2.05129292e+00  2.41870708e+00  3.06710689e+00  2.64641038e+00 
 7.48560000e-10  2.05125752e+00  2.41874248e+00  3.06718810e+00  2.64645727e+00 
 7.50560000e-10  2.05125114e+00  2.41874886e+00  3.06725547e+00  2.64652046e+00 
 7.52560000e-10  2.05127377e+00  2.41872623e+00  3.06730900e+00  2.64659974e+00 
 7.54560000e-10  2.05132541e+00  2.41867459e+00  3.06734866e+00  2.64669492e+00 
 7.56560000e-10  2.05140606e+00  2.41859394e+00  3.06737440e+00  2.64680587e+00 
 7.58560000e-10  2.05151571e+00  2.41848429e+00  3.06738610e+00  2.64693249e+00 
 7.60560000e-10  2.05165432e+00  2.41834568e+00  3.06738363e+00  2.64707470e+00 
 7.62560000e-10  2.05182189e+00  2.41817811e+00  3.06736681e+00  2.64723246e+00 
 7.64560000e-10  2.05201838e+00  2.41798162e+00  3.06733541e+00  2.64740578e+00 
 7.66560000e-10  2.05224377e+00  2.41775623e+00  3.06728920e+00  2.64759468e+00 
 7.68560000e-10  2.05249802e+00  2.41750198e+00  3.06722786e+00  2.64779923e+00 
 7.70560000e-10  2.05278108e+00  2.41721892e+00  3.06715106e+00  2.64801955e+00 
 7.72560000e-10  2.05309293e+00  2.41690707e+00  3.06705845e+00  2.64825576e+00 
 7.74560000e-10  2.05343349e+00  2.41656651e+00  3.06694961e+00  2.64850805e+00 
 7.76560000e-10  2.05380273e+00  2.41619727e+00  3.06682410e+00  2.64877662e+00 
 7.78560000e-10  2.05420058e+00  2.41579942e+00  3.06668143e+00  2.64906171e+00 
 7.80560000e-10  2.05462698e+00  2.41537302e+00  3.06652110e+00  2.64936361e+00 
 7.82560000e-10  2.05508187e+00  2.41491813e+00  3.06634254e+00  2.64968263e+00 
 7.84560000e-10  2.05556516e+00  2.41443484e+00  3.06614517e+00  2.65001912e+00 
 7.86560000e-10  2.05607680e+00  2.41392320e+00  3.06592837e+00  2.65037346e+00 
 7.88560000e-10  2.05661668e+00  2.41338332e+00  3.06569149e+00  2.65074606e+00 
 7.90560000e-10  2.05718473e+00  2.41281527e+00  3.06543384e+00  2.65113738e+00 
 7.92560000e-10  2.05778087e+00  2.41221913e+00  3.06515472e+00  2.65154789e+00 
 7.94560000e-10  2.05840498e+00  2.41159502e+00  3.06485339e+00  2.65197811e+00 
 7.96560000e-10  2.05905699e+00  2.41094301e+00  3.06452908e+00  2.65242858e+00 
 7.98560000e-10  2.05973677e+00  2.41026323e+00  3.06418102e+00  2.65289985e+00 
 8.00560000e-10  2.06044424e+00  2.40955576e+00  3.06380839e+00  2.65339253e+00 
 8.02560000e-10  2.06117927e+00  2.40882073e+00  3.06341038e+00  2.65390724e+00 
 8.04560000e-10  2.06194174e+00  2.40805826e+00  3.06298616e+00  2.65444462e+00 
 8.06560000e-10  2.06273155e+00  2.40726845e+00  3.06253488e+00  2.65500532e+00 
 8.08560000e-10  2.06354855e+00  2.40645145e+00  3.06205570e+00  2.65559004e+00 
 8.10560000e-10  2.06439263e+00  2.40560737e+00  3.06154777e+00  2.65619946e+00 
 8.12560000e-10  2.06526366e+00  2.40473634e+00  3.06101023e+00  2.65683430e+00 
 8.14560000e-10  2.06616148e+00  2.40383852e+00  3.06044226e+00  2.65749527e+00 
 8.16560000e-10  2.06708597e+00  2.40291403e+00  3.05984301e+00  2.65818310e+00 
 8.18560000e-10  2.06803697e+00  2.40196303e+00  3.05921166e+00  2.65889852e+00 
 8.20560000e-10  2.06901434e+00  2.40098566e+00  3.05854743e+00  2.65964226e+00 
 8.22560000e-10  2.07001792e+00  2.39998208e+00  3.05784952e+00  2.66041505e+00 
 8.24560000e-10  2.07104755e+00  2.39895245e+00  3.05711720e+00  2.66121760e+00 
 8.26560000e-10  2.07210307e+00  2.39789693e+00  3.05634972e+00  2.66205061e+00 
 8.28560000e-10  2.07318432e+00  2.39681568e+00  3.05554641e+00  2.66291480e+00 
 8.30560000e-10  2.07429112e+00  2.39570888e+00  3.05470661e+00  2.66381082e+00 
 8.32560000e-10  2.07542329e+00  2.39457671e+00  3.05382970e+00  2.66473935e+00 
 8.34560000e-10  2.07658067e+00  2.39341933e+00  3.05291511e+00  2.66570101e+00 
 8.36560000e-10  2.07776306e+00  2.39223694e+00  3.05196230e+00  2.66669641e+00 
 8.38560000e-10  2.07897028e+00  2.39102972e+00  3.05097080e+00  2.66772612e+00 
 8.40560000e-10  2.08020214e+00  2.38979786e+00  3.04994016e+00  2.66879069e+00 
 8.42560000e-10  2.08145844e+00  2.38854156e+00  3.04886998e+00  2.66989063e+00 
 8.44560000e-10  2.08273899e+00  2.38726101e+00  3.04775992e+00  2.67102641e+00 
 8.46560000e-10  2.08404358e+00  2.38595642e+00  3.04660969e+00  2.67219847e+00 
 8.48560000e-10  2.08537201e+00  2.38462799e+00  3.04541903e+00  2.67340720e+00 
 8.50560000e-10  2.08672407e+00  2.38327593e+00  3.04418775e+00  2.67465295e+00 
 8.52560000e-10  2.08809955e+00  2.38190045e+00  3.04291570e+00  2.67593603e+00 
 8.54560000e-10  2.08949822e+00  2.38050178e+00  3.04160276e+00  2.67725672e+00 
 8.56560000e-10  2.09091986e+00  2.37908014e+00  3.04024887e+00  2.67861524e+00 
 8.58560000e-10  2.09236426e+00  2.37763574e+00  3.03885403e+00  2.68001177e+00 
 8.60560000e-10  2.09383119e+00  2.37616881e+00  3.03741824e+00  2.68144646e+00 
 8.62560000e-10  2.09532040e+00  2.37467960e+00  3.03594158e+00  2.68291939e+00 
 8.64560000e-10  2.09683167e+00  2.37316833e+00  3.03442416e+00  2.68443064e+00 
 8.66560000e-10  2.09836477e+00  2.37163523e+00  3.03286612e+00  2.68598020e+00 
 8.68560000e-10  2.09991943e+00  2.37008057e+00  3.03126762e+00  2.68756807e+00 
 8.70560000e-10  2.10149543e+00  2.36850457e+00  3.02962890e+00  2.68919418e+00 
 8.72560000e-10  2.10309251e+00  2.36690749e+00  3.02795019e+00  2.69085842e+00 
 8.74560000e-10  2.10471042e+00  2.36528958e+00  3.02623176e+00  2.69256067e+00 
 8.76560000e-10  2.10634890e+00  2.36365110e+00  3.02447393e+00  2.69430075e+00 
 8.78560000e-10  2.10800770e+00  2.36199230e+00  3.02267701e+00  2.69607846e+00 
 8.80560000e-10  2.10968655e+00  2.36031345e+00  3.02084137e+00  2.69789356e+00 
 8.82560000e-10  2.11138520e+00  2.35861480e+00  3.01896738e+00  2.69974581e+00 
 8.84560000e-10  2.11310336e+00  2.35689664e+00  3.01705544e+00  2.70163489e+00 
 8.86560000e-10  2.11484077e+00  2.35515923e+00  3.01510598e+00  2.70356047e+00 
 8.88560000e-10  2.11659715e+00  2.35340285e+00  3.01311942e+00  2.70552223e+00 
 8.90560000e-10  2.11837223e+00  2.35162777e+00  3.01109624e+00  2.70751977e+00 
 8.92560000e-10  2.12016573e+00  2.34983427e+00  3.00903690e+00  2.70955272e+00 
 8.94560000e-10  2.12197736e+00  2.34802264e+00  3.00694189e+00  2.71162066e+00 
 8.96560000e-10  2.12380684e+00  2.34619316e+00  3.00481171e+00  2.71372316e+00 
 8.98560000e-10  2.12565388e+00  2.34434612e+00  3.00264689e+00  2.71585975e+00 
 9.00560000e-10  2.12751819e+00  2.34248181e+00  3.00044795e+00  2.71802998e+00 
 9.02560000e-10  2.12939947e+00  2.34060053e+00  2.99821542e+00  2.72023335e+00 
 9.04560000e-10  2.13129742e+00  2.33870258e+00  2.99594987e+00  2.72246935e+00 
 9.06560000e-10  2.13321175e+00  2.33678825e+00  2.99365184e+00  2.72473748e+00 
 9.08560000e-10  2.13514215e+00  2.33485785e+00  2.99132191e+00  2.72703719e+00 
 9.10560000e-10  2.13708833e+00  2.33291167e+00  2.98896066e+00  2.72936795e+00 
 9.12560000e-10  2.13904996e+00  2.33095004e+00  2.98656867e+00  2.73172920e+00 
 9.14560000e-10  2.14102674e+00  2.32897326e+00  2.98414653e+00  2.73412037e+00 
 9.16560000e-10  2.14301837e+00  2.32698163e+00  2.98169484e+00  2.73654089e+00 
 9.18560000e-10  2.14502452e+00  2.32497548e+00  2.97921421e+00  2.73899018e+00 
 9.20560000e-10  2.14704488e+00  2.32295512e+00  2.97670525e+00  2.74146762e+00 
 9.22560000e-10  2.14907912e+00  2.32092088e+00  2.97416857e+00  2.74397263e+00 
 9.24560000e-10  2.15112694e+00  2.31887306e+00  2.97160479e+00  2.74650459e+00 
 9.26560000e-10  2.15318800e+00  2.31681200e+00  2.96901455e+00  2.74906289e+00 
 9.28560000e-10  2.15526198e+00  2.31473802e+00  2.96639848e+00  2.75164689e+00 
 9.30560000e-10  2.15734854e+00  2.31265146e+00  2.96375720e+00  2.75425598e+00 
 9.32560000e-10  2.15944738e+00  2.31055262e+00  2.96109135e+00  2.75688950e+00 
 9.34560000e-10  2.16155814e+00  2.30844186e+00  2.95840159e+00  2.75954682e+00 
 9.36560000e-10  2.16368050e+00  2.30631950e+00  2.95568856e+00  2.76222730e+00 
 9.38560000e-10  2.16581412e+00  2.30418588e+00  2.95295290e+00  2.76493028e+00 
 9.40560000e-10  2.16795867e+00  2.30204133e+00  2.95019527e+00  2.76765509e+00 
 9.42560000e-10  2.17011380e+00  2.29988620e+00  2.94741632e+00  2.77040110e+00 
 9.44560000e-10  2.17227918e+00  2.29772082e+00  2.94461672e+00  2.77316762e+00 
 9.46560000e-10  2.17445447e+00  2.29554553e+00  2.94179711e+00  2.77595399e+00 
 9.48560000e-10  2.17663931e+00  2.29336069e+00  2.93895818e+00  2.77875954e+00 
 9.50560000e-10  2.17883337e+00  2.29116663e+00  2.93610058e+00  2.78158359e+00 
 9.52560000e-10  2.18103630e+00  2.28896370e+00  2.93322498e+00  2.78442548e+00 
 9.54560000e-10  2.18324776e+00  2.28675224e+00  2.93033205e+00  2.78728450e+00 
 9.56560000e-10  2.18546738e+00  2.28453262e+00  2.92742246e+00  2.79016000e+00 
 9.58560000e-10  2.18769483e+00  2.28230517e+00  2.92449730e+00  2.79305036e+00 
 9.60560000e-10  2.18992974e+00  2.28007026e+00  2.92155686e+00  2.79595579e+00 
 9.62560000e-10  2.19217178e+00  2.27782822e+00  2.91860156e+00  2.79887613e+00 
 9.64560000e-10  2.19442057e+00  2.27557943e+00  2.91563176e+00  2.80181135e+00 
 9.66560000e-10  2.19667578e+00  2.27332422e+00  2.91264864e+00  2.80475974e+00 
 9.68560000e-10  2.19893703e+00  2.27106297e+00  2.90965315e+00  2.80772004e+00 
 9.70560000e-10  2.20120398e+00  2.26879602e+00  2.90664592e+00  2.81069161e+00 
 9.72560000e-10  2.20347627e+00  2.26652373e+00  2.90362753e+00  2.81367398e+00 
 9.74560000e-10  2.20575354e+00  2.26424646e+00  2.90059860e+00  2.81666655e+00 
 9.76560000e-10  2.20803542e+00  2.26196458e+00  2.89755982e+00  2.81966865e+00 
 9.78560000e-10  2.21032156e+00  2.25967844e+00  2.89451190e+00  2.82267959e+00 
 9.80560000e-10  2.21261160e+00  2.25738840e+00  2.89145551e+00  2.82569866e+00 
 9.82560000e-10  2.21490518e+00  2.25509482e+00  2.88839136e+00  2.82872515e+00 
 9.84560000e-10  2.21720192e+00  2.25279808e+00  2.88532014e+00  2.83175836e+00 
 9.86560000e-10  2.21950148e+00  2.25049852e+00  2.88224254e+00  2.83479758e+00 
 9.88560000e-10  2.22180349e+00  2.24819651e+00  2.87915924e+00  2.83784211e+00 
 9.90560000e-10  2.22410758e+00  2.24589242e+00  2.87607096e+00  2.84089124e+00 
 9.92560000e-10  2.22641339e+00  2.24358661e+00  2.87297837e+00  2.84394426e+00 
 9.94560000e-10  2.22872055e+00  2.24127945e+00  2.86988219e+00  2.84700048e+00 
 9.96560000e-10  2.23102871e+00  2.23897129e+00  2.86678310e+00  2.85005917e+00 
 9.98560000e-10  2.23333749e+00  2.23666251e+00  2.86368179e+00  2.85311964e+00 
 1.00056000e-09  2.23564654e+00  2.23435346e+00  2.86057898e+00  2.85618118e+00 
 1.00256000e-09  2.23795548e+00  2.23204452e+00  2.85747535e+00  2.85924308e+00 
 1.00456000e-09  2.24026396e+00  2.22973604e+00  2.85437160e+00  2.86230464e+00 
 1.00656000e-09  2.24257161e+00  2.22742839e+00  2.85126842e+00  2.86536515e+00 
 1.00856000e-09  2.24487806e+00  2.22512194e+00  2.84816653e+00  2.86842390e+00 
 1.01056000e-09  2.24718295e+00  2.22281705e+00  2.84506660e+00  2.87148019e+00 
 1.01256000e-09  2.24948592e+00  2.22051408e+00  2.84196934e+00  2.87453332e+00 
 1.01456000e-09  2.25178660e+00  2.21821340e+00  2.83887545e+00  2.87758257e+00 
 1.01656000e-09  2.25408463e+00  2.21591537e+00  2.83578562e+00  2.88062725e+00 
 1.01856000e-09  2.25637964e+00  2.21362036e+00  2.83270054e+00  2.88366666e+00 
 1.02056000e-09  2.25867128e+00  2.21132872e+00  2.82962092e+00  2.88670008e+00 
 1.02256000e-09  2.26095918e+00  2.20904082e+00  2.82654744e+00  2.88972683e+00 
 1.02456000e-09  2.26324298e+00  2.20675702e+00  2.82348080e+00  2.89274620e+00 
 1.02656000e-09  2.26552232e+00  2.20447768e+00  2.82042169e+00  2.89575749e+00 
 1.02856000e-09  2.26779685e+00  2.20220315e+00  2.81737081e+00  2.89876000e+00 
 1.03056000e-09  2.27006619e+00  2.19993381e+00  2.81432884e+00  2.90175304e+00 
 1.03256000e-09  2.27233000e+00  2.19767000e+00  2.81129647e+00  2.90473592e+00 
 1.03456000e-09  2.27458791e+00  2.19541209e+00  2.80827440e+00  2.90770793e+00 
 1.03656000e-09  2.27683957e+00  2.19316043e+00  2.80526330e+00  2.91066840e+00 
 1.03856000e-09  2.27908462e+00  2.19091538e+00  2.80226387e+00  2.91361662e+00 
 1.04056000e-09  2.28132271e+00  2.18867729e+00  2.79927679e+00  2.91655191e+00 
 1.04256000e-09  2.28355349e+00  2.18644651e+00  2.79630190e+00  2.91947396e+00 
 1.04456000e-09  2.28577660e+00  2.18422340e+00  2.79334064e+00  2.92238173e+00 
 1.04656000e-09  2.28799169e+00  2.18200831e+00  2.79039418e+00  2.92527431e+00 
 1.04856000e-09  2.29019841e+00  2.17980159e+00  2.78746407e+00  2.92815068e+00 
 1.05056000e-09  2.29239642e+00  2.17760358e+00  2.78454991e+00  2.93101063e+00 
 1.05256000e-09  2.29458536e+00  2.17541464e+00  2.78165171e+00  2.93385379e+00 
 1.05456000e-09  2.29676489e+00  2.17323511e+00  2.77877022e+00  2.93667943e+00 
 1.05656000e-09  2.29893467e+00  2.17106533e+00  2.77590632e+00  2.93948676e+00 
 1.05856000e-09  2.30109436e+00  2.16890564e+00  2.77306081e+00  2.94227507e+00 
 1.06056000e-09  2.30324360e+00  2.16675640e+00  2.77023438e+00  2.94504368e+00 
 1.06256000e-09  2.30538207e+00  2.16461793e+00  2.76742770e+00  2.94779193e+00 
 1.06456000e-09  2.30750943e+00  2.16249057e+00  2.76464142e+00  2.95051918e+00 
 1.06656000e-09  2.30962534e+00  2.16037466e+00  2.76187618e+00  2.95322477e+00 
 1.06856000e-09  2.31172946e+00  2.15827054e+00  2.75913265e+00  2.95590806e+00 
 1.07056000e-09  2.31382147e+00  2.15617853e+00  2.75641145e+00  2.95856839e+00 
 1.07256000e-09  2.31590102e+00  2.15409898e+00  2.75371323e+00  2.96120513e+00 
 1.07456000e-09  2.31796781e+00  2.15203219e+00  2.75103863e+00  2.96381763e+00 
 1.07656000e-09  2.32002149e+00  2.14997851e+00  2.74838829e+00  2.96640527e+00 
 1.07856000e-09  2.32206175e+00  2.14793825e+00  2.74576282e+00  2.96896743e+00 
 1.08056000e-09  2.32408826e+00  2.14591174e+00  2.74316286e+00  2.97150347e+00 
 1.08256000e-09  2.32610070e+00  2.14389930e+00  2.74058902e+00  2.97401279e+00 
 1.08456000e-09  2.32809875e+00  2.14190125e+00  2.73804191e+00  2.97649478e+00 
 1.08656000e-09  2.33008210e+00  2.13991790e+00  2.73552214e+00  2.97894884e+00 
 1.08856000e-09  2.33205044e+00  2.13794956e+00  2.73303032e+00  2.98137438e+00 
 1.09056000e-09  2.33400345e+00  2.13599655e+00  2.73056703e+00  2.98377080e+00 
 1.09256000e-09  2.33594083e+00  2.13405917e+00  2.72813287e+00  2.98613754e+00 
 1.09456000e-09  2.33786227e+00  2.13213773e+00  2.72572841e+00  2.98847402e+00 
 1.09656000e-09  2.33976747e+00  2.13023253e+00  2.72335423e+00  2.99077969e+00 
 1.09856000e-09  2.34165612e+00  2.12834388e+00  2.72101090e+00  2.99305400e+00 
 1.10056000e-09  2.34352793e+00  2.12647207e+00  2.71869895e+00  2.99529640e+00 
 1.10256000e-09  2.34538260e+00  2.12461740e+00  2.71641896e+00  2.99750638e+00 
 1.10456000e-09  2.34721985e+00  2.12278015e+00  2.71417144e+00  2.99968343e+00 
 1.10656000e-09  2.34903937e+00  2.12096063e+00  2.71195692e+00  3.00182703e+00 
 1.10856000e-09  2.35084088e+00  2.11915912e+00  2.70977593e+00  3.00393672e+00 
 1.11056000e-09  2.35262410e+00  2.11737590e+00  2.70762895e+00  3.00601201e+00 
 1.11256000e-09  2.35438875e+00  2.11561125e+00  2.70551649e+00  3.00805246e+00 
 1.11456000e-09  2.35613454e+00  2.11386546e+00  2.70343901e+00  3.01005764e+00 
 1.11656000e-09  2.35786120e+00  2.11213880e+00  2.70139698e+00  3.01202711e+00 
 1.11856000e-09  2.35956847e+00  2.11043153e+00  2.69939085e+00  3.01396049e+00 
 1.12056000e-09  2.36125606e+00  2.10874394e+00  2.69742104e+00  3.01585740e+00 
 1.12256000e-09  2.36292371e+00  2.10707629e+00  2.69548797e+00  3.01771750e+00 
 1.12456000e-09  2.36457117e+00  2.10542883e+00  2.69359204e+00  3.01954043e+00 
 1.12656000e-09  2.36619816e+00  2.10380184e+00  2.69173361e+00  3.02132592e+00 
 1.12856000e-09  2.36780444e+00  2.10219556e+00  2.68991304e+00  3.02307366e+00 
 1.13056000e-09  2.36938974e+00  2.10061026e+00  2.68813068e+00  3.02478342e+00 
 1.13256000e-09  2.37095383e+00  2.09904617e+00  2.68638682e+00  3.02645498e+00 
 1.13456000e-09  2.37249644e+00  2.09750356e+00  2.68468176e+00  3.02808813e+00 
 1.13656000e-09  2.37401734e+00  2.09598266e+00  2.68301575e+00  3.02968273e+00 
 1.13856000e-09  2.37551629e+00  2.09448371e+00  2.68138904e+00  3.03123865e+00 
 1.14056000e-09  2.37699305e+00  2.09300695e+00  2.67980185e+00  3.03275580e+00 
 1.14256000e-09  2.37844739e+00  2.09155261e+00  2.67825433e+00  3.03423413e+00 
 1.14456000e-09  2.37987908e+00  2.09012092e+00  2.67674664e+00  3.03567361e+00 
 1.14656000e-09  2.38128788e+00  2.08871212e+00  2.67527889e+00  3.03707428e+00 
 1.14856000e-09  2.38267359e+00  2.08732641e+00  2.67385117e+00  3.03843618e+00 
 1.15056000e-09  2.38403598e+00  2.08596402e+00  2.67246354e+00  3.03975942e+00 
 1.15256000e-09  2.38537483e+00  2.08462517e+00  2.67111601e+00  3.04104414e+00 
 1.15456000e-09  2.38668994e+00  2.08331006e+00  2.66980856e+00  3.04229053e+00 
 1.15656000e-09  2.38798109e+00  2.08201891e+00  2.66854115e+00  3.04349882e+00 
 1.15856000e-09  2.38924809e+00  2.08075191e+00  2.66731367e+00  3.04466926e+00 
 1.16056000e-09  2.39049073e+00  2.07950927e+00  2.66612600e+00  3.04580217e+00 
 1.16256000e-09  2.39170881e+00  2.07829119e+00  2.66497797e+00  3.04689790e+00 
 1.16456000e-09  2.39290215e+00  2.07709785e+00  2.66386938e+00  3.04795684e+00 
 1.16656000e-09  2.39407056e+00  2.07592944e+00  2.66279997e+00  3.04897942e+00 
 1.16856000e-09  2.39521384e+00  2.07478616e+00  2.66176947e+00  3.04996612e+00 
 1.17056000e-09  2.39633183e+00  2.07366817e+00  2.66077755e+00  3.05091744e+00 
 1.17256000e-09  2.39742434e+00  2.07257566e+00  2.65982386e+00  3.05183393e+00 
 1.17456000e-09  2.39849120e+00  2.07150880e+00  2.65890799e+00  3.05271616e+00 
 1.17656000e-09  2.39953224e+00  2.07046776e+00  2.65802951e+00  3.05356476e+00 
 1.17856000e-09  2.40054730e+00  2.06945270e+00  2.65718795e+00  3.05438035e+00 
 1.18056000e-09  2.40153622e+00  2.06846378e+00  2.65638282e+00  3.05516361e+00 
 1.18256000e-09  2.40249885e+00  2.06750115e+00  2.65561357e+00  3.05591523e+00 
 1.18456000e-09  2.40343502e+00  2.06656498e+00  2.65487964e+00  3.05663593e+00 
 1.18656000e-09  2.40434459e+00  2.06565541e+00  2.65418044e+00  3.05732643e+00 
 1.18856000e-09  2.40522743e+00  2.06477257e+00  2.65351535e+00  3.05798748e+00 
 1.19056000e-09  2.40608338e+00  2.06391662e+00  2.65288373e+00  3.05861985e+00 
 1.19256000e-09  2.40691231e+00  2.06308769e+00  2.65228490e+00  3.05922429e+00 
 1.19456000e-09  2.40771410e+00  2.06228590e+00  2.65171820e+00  3.05980158e+00 
 1.19656000e-09  2.40848862e+00  2.06151138e+00  2.65118292e+00  3.06035250e+00 
 1.19856000e-09  2.40923574e+00  2.06076426e+00  2.65067834e+00  3.06087782e+00 
 1.20056000e-09  2.40995534e+00  2.06004466e+00  2.65020376e+00  3.06137830e+00 
 1.20256000e-09  2.41064732e+00  2.05935268e+00  2.64975843e+00  3.06185470e+00 
 1.20456000e-09  2.41131156e+00  2.05868844e+00  2.64934164e+00  3.06230778e+00 
 1.20656000e-09  2.41194796e+00  2.05805204e+00  2.64895263e+00  3.06273826e+00 
 1.20856000e-09  2.41255642e+00  2.05744358e+00  2.64859069e+00  3.06314687e+00 
 1.21056000e-09  2.41313684e+00  2.05686316e+00  2.64825509e+00  3.06353431e+00 
 1.21256000e-09  2.41368913e+00  2.05631087e+00  2.64794511e+00  3.06390125e+00 
 1.21456000e-09  2.41421320e+00  2.05578680e+00  2.64766003e+00  3.06424834e+00 
 1.21656000e-09  2.41470898e+00  2.05529102e+00  2.64739916e+00  3.06457623e+00 
 1.21856000e-09  2.41517637e+00  2.05482363e+00  2.64716182e+00  3.06488551e+00 
 1.22056000e-09  2.41561531e+00  2.05438469e+00  2.64694734e+00  3.06517675e+00 
 1.22256000e-09  2.41602574e+00  2.05397426e+00  2.64675507e+00  3.06545050e+00 
 1.22456000e-09  2.41640757e+00  2.05359243e+00  2.64658439e+00  3.06570726e+00 
 1.22656000e-09  2.41676076e+00  2.05323924e+00  2.64643470e+00  3.06594753e+00 
 1.22856000e-09  2.41708525e+00  2.05291475e+00  2.64630542e+00  3.06617175e+00 
 1.23056000e-09  2.41738098e+00  2.05261902e+00  2.64619598e+00  3.06638033e+00 
 1.23256000e-09  2.41764791e+00  2.05235209e+00  2.64610588e+00  3.06657364e+00 
 1.23456000e-09  2.41788601e+00  2.05211399e+00  2.64603461e+00  3.06675204e+00 
 1.23656000e-09  2.41809522e+00  2.05190478e+00  2.64598170e+00  3.06691583e+00 
 1.23856000e-09  2.41827552e+00  2.05172448e+00  2.64594672e+00  3.06706527e+00 
 1.24056000e-09  2.41842687e+00  2.05157313e+00  2.64592925e+00  3.06720061e+00 
 1.24256000e-09  2.41854926e+00  2.05145074e+00  2.64592892e+00  3.06732204e+00 
 1.24456000e-09  2.41864267e+00  2.05135733e+00  2.64594539e+00  3.06742972e+00 
 1.24656000e-09  2.41870708e+00  2.05129292e+00  2.64597834e+00  3.06752378e+00 
 1.24856000e-09  2.41874248e+00  2.05125752e+00  2.64602750e+00  3.06760430e+00 
 1.25056000e-09  2.41874886e+00  2.05125114e+00  2.64609263e+00  3.06767132e+00 
 1.25256000e-09  2.41872623e+00  2.05127377e+00  2.64617351e+00  3.06772487e+00 
 1.25456000e-09  2.41867459e+00  2.05132541e+00  2.64626997e+00  3.06776491e+00 
 1.25656000e-09  2.41859394e+00  2.05140606e+00  2.64638186e+00  3.06779138e+00 
 1.25856000e-09  2.41848429e+00  2.05151571e+00  2.64650908e+00  3.06780418e+00 
 1.26056000e-09  2.41834568e+00  2.05165432e+00  2.64665156e+00  3.06780316e+00 
 1.26256000e-09  2.41817811e+00  2.05182189e+00  2.64680926e+00  3.06778814e+00 
 1.26456000e-09  2.41798162e+00  2.05201838e+00  2.64698217e+00  3.06775891e+00 
 1.26656000e-09  2.41775623e+00  2.05224377e+00  2.64717034e+00  3.06771521e+00 
 1.26856000e-09  2.41750198e+00  2.05249802e+00  2.64737383e+00  3.06765674e+00 
 1.27056000e-09  2.41721892e+00  2.05278108e+00  2.64759274e+00  3.06758318e+00 
 1.27256000e-09  2.41690707e+00  2.05309293e+00  2.64782721e+00  3.06749415e+00 
 1.27456000e-09  2.41656651e+00  2.05343349e+00  2.64807742e+00  3.06738923e+00 
 1.27656000e-09  2.41619727e+00  2.05380273e+00  2.64834358e+00  3.06726800e+00 
 1.27856000e-09  2.41579942e+00  2.05420058e+00  2.64862593e+00  3.06712995e+00 
 1.28056000e-09  2.41537302e+00  2.05462698e+00  2.64892476e+00  3.06697458e+00 
 1.28256000e-09  2.41491813e+00  2.05508187e+00  2.64924038e+00  3.06680131e+00 
 1.28456000e-09  2.41443484e+00  2.05556516e+00  2.64957314e+00  3.06660957e+00 
 1.28656000e-09  2.41392320e+00  2.05607680e+00  2.64992342e+00  3.06639872e+00 
 1.28856000e-09  2.41338332e+00  2.05661668e+00  2.65029166e+00  3.06616811e+00 
 1.29056000e-09  2.41281527e+00  2.05718473e+00  2.65067829e+00  3.06591704e+00 
 1.29256000e-09  2.41221913e+00  2.05778087e+00  2.65108381e+00  3.06564480e+00 
 1.29456000e-09  2.41159502e+00  2.05840498e+00  2.65150873e+00  3.06535064e+00 
 1.29656000e-09  2.41094301e+00  2.05905699e+00  2.65195359e+00  3.06503378e+00 
 1.29856000e-09  2.41026323e+00  2.05973677e+00  2.65241897e+00  3.06469343e+00 
 1.30056000e-09  2.40955576e+00  2.06044424e+00  2.65290547e+00  3.06432877e+00 
 1.30256000e-09  2.40882073e+00  2.06117927e+00  2.65341373e+00  3.06393896e+00 
 1.30456000e-09  2.40805826e+00  2.06194174e+00  2.65394439e+00  3.06352316e+00 
 1.30656000e-09  2.40726845e+00  2.06273155e+00  2.65449812e+00  3.06308052e+00 
 1.30856000e-09  2.40645145e+00  2.06354855e+00  2.65507562e+00  3.06261016e+00 
 1.31056000e-09  2.40560737e+00  2.06439263e+00  2.65567760e+00  3.06211121e+00 
 1.31256000e-09  2.40473634e+00  2.06526366e+00  2.65630478e+00  3.06158281e+00 
 1.31456000e-09  2.40383852e+00  2.06616148e+00  2.65695789e+00  3.06102410e+00 
 1.31656000e-09  2.40291403e+00  2.06708597e+00  2.65763768e+00  3.06043423e+00 
 1.31856000e-09  2.40196303e+00  2.06803697e+00  2.65834489e+00  3.05981234e+00 
 1.32056000e-09  2.40098566e+00  2.06901434e+00  2.65908026e+00  3.05915763e+00 
 1.32256000e-09  2.39998208e+00  2.07001792e+00  2.65984455e+00  3.05846929e+00 
 1.32456000e-09  2.39895245e+00  2.07104755e+00  2.66063848e+00  3.05774654e+00 
 1.32656000e-09  2.39789693e+00  2.07210307e+00  2.66146279e+00  3.05698865e+00 
 1.32856000e-09  2.39681568e+00  2.07318432e+00  2.66231818e+00  3.05619489e+00 
 1.33056000e-09  2.39570888e+00  2.07429112e+00  2.66320537e+00  3.05536460e+00 
 1.33256000e-09  2.39457671e+00  2.07542329e+00  2.66412501e+00  3.05449714e+00 
 1.33456000e-09  2.39341933e+00  2.07658067e+00  2.66507777e+00  3.05359191e+00 
 1.33656000e-09  2.39223694e+00  2.07776306e+00  2.66606426e+00  3.05264837e+00 
 1.33856000e-09  2.39102972e+00  2.07897028e+00  2.66708509e+00  3.05166600e+00 
 1.34056000e-09  2.38979786e+00  2.08020214e+00  2.66814082e+00  3.05064436e+00 
 1.34256000e-09  2.38854156e+00  2.08145844e+00  2.66923196e+00  3.04958304e+00 
 1.34456000e-09  2.38726101e+00  2.08273899e+00  2.67035903e+00  3.04848167e+00 
 1.34656000e-09  2.38595642e+00  2.08404358e+00  2.67152245e+00  3.04733995e+00 
 1.34856000e-09  2.38462799e+00  2.08537201e+00  2.67272265e+00  3.04615761e+00 
 1.35056000e-09  2.38327593e+00  2.08672407e+00  2.67395999e+00  3.04493446e+00 
 1.35256000e-09  2.38190045e+00  2.08809955e+00  2.67523480e+00  3.04367032e+00 
 1.35456000e-09  2.38050178e+00  2.08949822e+00  2.67654735e+00  3.04236509e+00 
 1.35656000e-09  2.37908014e+00  2.09091986e+00  2.67789788e+00  3.04101869e+00 
 1.35856000e-09  2.37763574e+00  2.09236426e+00  2.67928659e+00  3.03963111e+00 
 1.36056000e-09  2.37616881e+00  2.09383119e+00  2.68071363e+00  3.03820236e+00 
 1.36256000e-09  2.37467960e+00  2.09532040e+00  2.68217910e+00  3.03673252e+00 
 1.36456000e-09  2.37316833e+00  2.09683167e+00  2.68368306e+00  3.03522168e+00 
 1.36656000e-09  2.37163523e+00  2.09836477e+00  2.68522554e+00  3.03366999e+00 
 1.36856000e-09  2.37008057e+00  2.09991943e+00  2.68680652e+00  3.03207762e+00 
 1.37056000e-09  2.36850457e+00  2.10149543e+00  2.68842593e+00  3.03044480e+00 
 1.37256000e-09  2.36690749e+00  2.10309251e+00  2.69008368e+00  3.02877176e+00 
 1.37456000e-09  2.36528958e+00  2.10471042e+00  2.69177964e+00  3.02705879e+00 
 1.37656000e-09  2.36365110e+00  2.10634890e+00  2.69351364e+00  3.02530619e+00 
 1.37856000e-09  2.36199230e+00  2.10800770e+00  2.69528546e+00  3.02351429e+00 
 1.38056000e-09  2.36031345e+00  2.10968655e+00  2.69709489e+00  3.02168346e+00 
 1.38256000e-09  2.35861480e+00  2.11138520e+00  2.69894166e+00  3.01981407e+00 
 1.38456000e-09  2.35689664e+00  2.11310336e+00  2.70082546e+00  3.01790654e+00 
 1.38656000e-09  2.35515923e+00  2.11484077e+00  2.70274597e+00  3.01596129e+00 
 1.38856000e-09  2.35340285e+00  2.11659715e+00  2.70470284e+00  3.01397875e+00 
 1.39056000e-09  2.35162777e+00  2.11837223e+00  2.70669570e+00  3.01195940e+00 
 1.39256000e-09  2.34983427e+00  2.12016573e+00  2.70872415e+00  3.00990371e+00 
 1.39456000e-09  2.34802264e+00  2.12197736e+00  2.71078777e+00  3.00781218e+00 
 1.39656000e-09  2.34619316e+00  2.12380684e+00  2.71288612e+00  3.00568531e+00 
 1.39856000e-09  2.34434612e+00  2.12565388e+00  2.71501876e+00  3.00352363e+00 
 1.40056000e-09  2.34248181e+00  2.12751819e+00  2.71718519e+00  3.00132768e+00 
 1.40256000e-09  2.34060053e+00  2.12939947e+00  2.71938494e+00  2.99909799e+00 
 1.40456000e-09  2.33870258e+00  2.13129742e+00  2.72161748e+00  2.99683512e+00 
 1.40656000e-09  2.33678825e+00  2.13321175e+00  2.72388230e+00  2.99453964e+00 
 1.40856000e-09  2.33485785e+00  2.13514215e+00  2.72617887e+00  2.99221212e+00 
 1.41056000e-09  2.33291167e+00  2.13708833e+00  2.72850663e+00  2.98985314e+00 
 1.41256000e-09  2.33095004e+00  2.13904996e+00  2.73086502e+00  2.98746329e+00 
 1.41456000e-09  2.32897326e+00  2.14102674e+00  2.73325348e+00  2.98504318e+00 
 1.41656000e-09  2.32698163e+00  2.14301837e+00  2.73567142e+00  2.98259340e+00 
 1.41856000e-09  2.32497548e+00  2.14502452e+00  2.73811825e+00  2.98011456e+00 
 1.42056000e-09  2.32295512e+00  2.14704488e+00  2.74059337e+00  2.97760728e+00 
 1.42256000e-09  2.32092088e+00  2.14907912e+00  2.74309618e+00  2.97507218e+00 
 1.42456000e-09  2.31887306e+00  2.15112694e+00  2.74562606e+00  2.97250988e+00 
 1.42656000e-09  2.31681200e+00  2.15318800e+00  2.74818238e+00  2.96992102e+00 
 1.42856000e-09  2.31473802e+00  2.15526198e+00  2.75076453e+00  2.96730623e+00 
 1.43056000e-09  2.31265146e+00  2.15734854e+00  2.75337186e+00  2.96466615e+00 
 1.43256000e-09  2.31055262e+00  2.15944738e+00  2.75600374e+00  2.96200142e+00 
 1.43456000e-09  2.30844186e+00  2.16155814e+00  2.75865951e+00  2.95931268e+00 
 1.43656000e-09  2.30631950e+00  2.16368050e+00  2.76133853e+00  2.95660059e+00 
 1.43856000e-09  2.30418588e+00  2.16581412e+00  2.76404014e+00  2.95386580e+00 
 1.44056000e-09  2.30204133e+00  2.16795867e+00  2.76676369e+00  2.95110896e+00 
 1.44256000e-09  2.29988620e+00  2.17011380e+00  2.76950851e+00  2.94833074e+00 
 1.44456000e-09  2.29772082e+00  2.17227918e+00  2.77227393e+00  2.94553178e+00 
 1.44656000e-09  2.29554553e+00  2.17445447e+00  2.77505928e+00  2.94271277e+00 
 1.44856000e-09  2.29336069e+00  2.17663931e+00  2.77786287e+00  2.93987473e+00 
 1.45056000e-09  2.29116663e+00  2.17883337e+00  2.78068500e+00  2.93701798e+00 
 1.45256000e-09  2.28896370e+00  2.18103630e+00  2.78352654e+00  2.93414260e+00 
 1.45456000e-09  2.28675224e+00  2.18324776e+00  2.78638575e+00  2.93124967e+00 
 1.45656000e-09  2.28453262e+00  2.18546738e+00  2.78926114e+00  2.92834019e+00 
 1.45856000e-09  2.28230517e+00  2.18769483e+00  2.79215200e+00  2.92541483e+00 
 1.46056000e-09  2.28007026e+00  2.18992974e+00  2.79505785e+00  2.92247415e+00 
 1.46256000e-09  2.27782822e+00  2.19217178e+00  2.79797813e+00  2.91951879e+00 
 1.46456000e-09  2.27557943e+00  2.19442057e+00  2.80091218e+00  2.91654942e+00 
 1.46656000e-09  2.27332422e+00  2.19667578e+00  2.80385932e+00  2.91356673e+00 
 1.46856000e-09  2.27106297e+00  2.19893703e+00  2.80681885e+00  2.91057142e+00 
 1.47056000e-09  2.26879602e+00  2.20120398e+00  2.80979006e+00  2.90756416e+00 
 1.47256000e-09  2.26652373e+00  2.20347627e+00  2.81277225e+00  2.90454565e+00 
 1.47456000e-09  2.26424646e+00  2.20575354e+00  2.81576472e+00  2.90151656e+00 
 1.47656000e-09  2.26196458e+00  2.20803542e+00  2.81876678e+00  2.89847760e+00 
 1.47856000e-09  2.25967844e+00  2.21032156e+00  2.82177771e+00  2.89542945e+00 
 1.48056000e-09  2.25738840e+00  2.21261160e+00  2.82479682e+00  2.89237280e+00 
 1.48256000e-09  2.25509482e+00  2.21490518e+00  2.82782340e+00  2.88930834e+00 
 1.48456000e-09  2.25279808e+00  2.21720192e+00  2.83085674e+00  2.88623677e+00 
 1.48656000e-09  2.25049852e+00  2.21950148e+00  2.83389615e+00  2.88315878e+00 
 1.48856000e-09  2.24819651e+00  2.22180349e+00  2.83694090e+00  2.88007506e+00 
 1.49056000e-09  2.24589242e+00  2.22410758e+00  2.83999031e+00  2.87698632e+00 
 1.49256000e-09  2.24358661e+00  2.22641339e+00  2.84304365e+00  2.87389323e+00 
 1.49456000e-09  2.24127945e+00  2.22872055e+00  2.84610023e+00  2.87079652e+00 
 1.49656000e-09  2.23897129e+00  2.23102871e+00  2.84915933e+00  2.86769685e+00 
 1.49856000e-09  2.23666251e+00  2.23333749e+00  2.85222026e+00  2.86459495e+00 
 1.50056000e-09  2.23435346e+00  2.23564654e+00  2.85528229e+00  2.86149149e+00 
 1.50256000e-09  2.23204452e+00  2.23795548e+00  2.85834474e+00  2.85838718e+00 
 1.50456000e-09  2.22973604e+00  2.24026396e+00  2.86140688e+00  2.85528272e+00 
 1.50656000e-09  2.22742839e+00  2.24257161e+00  2.86446802e+00  2.85217880e+00 
 1.50856000e-09  2.22512194e+00  2.24487806e+00  2.86752744e+00  2.84907612e+00 
 1.51056000e-09  2.22281705e+00  2.24718295e+00  2.87058445e+00  2.84597537e+00 
 1.51256000e-09  2.22051408e+00  2.24948592e+00  2.87363834e+00  2.84287726e+00 
 1.51456000e-09  2.21821340e+00  2.25178660e+00  2.87668840e+00  2.83978248e+00 
 1.51656000e-09  2.21591537e+00  2.25408463e+00  2.87973393e+00  2.83669172e+00 
 1.51856000e-09  2.21362036e+00  2.25637964e+00  2.88277422e+00  2.83360569e+00 
 1.52056000e-09  2.21132872e+00  2.25867128e+00  2.88580859e+00  2.83052506e+00 
 1.52256000e-09  2.20904082e+00  2.26095918e+00  2.88883632e+00  2.82745055e+00 
 1.52456000e-09  2.20675702e+00  2.26324298e+00  2.89185672e+00  2.82438284e+00 
 1.52656000e-09  2.20447768e+00  2.26552232e+00  2.89486909e+00  2.82132262e+00 
 1.52856000e-09  2.20220315e+00  2.26779685e+00  2.89787273e+00  2.81827058e+00 
 1.53056000e-09  2.19993381e+00  2.27006619e+00  2.90086695e+00  2.81522742e+00 
 1.53256000e-09  2.19767000e+00  2.27233000e+00  2.90385106e+00  2.81219382e+00 
 1.53456000e-09  2.19541209e+00  2.27458791e+00  2.90682435e+00  2.80917048e+00 
 1.53656000e-09  2.19316043e+00  2.27683957e+00  2.90978614e+00  2.80615806e+00 
 1.53856000e-09  2.19091538e+00  2.27908462e+00  2.91273575e+00  2.80315728e+00 
 1.54056000e-09  2.18867729e+00  2.28132271e+00  2.91567248e+00  2.80016879e+00 
 1.54256000e-09  2.18644651e+00  2.28355349e+00  2.91859564e+00  2.79719329e+00 
 1.54456000e-09  2.18422340e+00  2.28577660e+00  2.92150457e+00  2.79423146e+00 
 1.54656000e-09  2.18200831e+00  2.28799169e+00  2.92439899e+00  2.79128287e+00 
 1.54856000e-09  2.17980159e+00  2.29019841e+00  2.92727783e+00  2.78834921e+00 
 1.55056000e-09  2.17760358e+00  2.29239642e+00  2.93013971e+00  2.78543296e+00 
 1.55256000e-09  2.17541464e+00  2.29458536e+00  2.93298445e+00  2.78253359e+00 
 1.55456000e-09  2.17323511e+00  2.29676489e+00  2.93581176e+00  2.77965084e+00 
 1.55656000e-09  2.17106533e+00  2.29893467e+00  2.93862097e+00  2.77678535e+00 
 1.55856000e-09  2.16890564e+00  2.30109436e+00  2.94141127e+00  2.77393803e+00 
 1.56056000e-09  2.16675640e+00  2.30324360e+00  2.94418196e+00  2.77110969e+00 
 1.56256000e-09  2.16461793e+00  2.30538207e+00  2.94693236e+00  2.76830102e+00 
 1.56456000e-09  2.16249057e+00  2.30750943e+00  2.94966182e+00  2.76551270e+00 
 1.56656000e-09  2.16037466e+00  2.30962534e+00  2.95236970e+00  2.76274537e+00 
 1.56856000e-09  2.15827054e+00  2.31172946e+00  2.95505536e+00  2.75999968e+00 
 1.57056000e-09  2.15617853e+00  2.31382147e+00  2.95771815e+00  2.75727625e+00 
 1.57256000e-09  2.15409898e+00  2.31590102e+00  2.96035743e+00  2.75457574e+00 
 1.57456000e-09  2.15203219e+00  2.31796781e+00  2.96297256e+00  2.75189878e+00 
 1.57656000e-09  2.14997851e+00  2.32002149e+00  2.96556293e+00  2.74924600e+00 
 1.57856000e-09  2.14793825e+00  2.32206175e+00  2.96812790e+00  2.74661801e+00 
 1.58056000e-09  2.14591174e+00  2.32408826e+00  2.97066687e+00  2.74401546e+00 
 1.58256000e-09  2.14389930e+00  2.32610070e+00  2.97317921e+00  2.74143894e+00 
 1.58456000e-09  2.14190125e+00  2.32809875e+00  2.97566432e+00  2.73888908e+00 
 1.58656000e-09  2.13991790e+00  2.33008210e+00  2.97812161e+00  2.73636647e+00 
 1.58856000e-09  2.13794956e+00  2.33205044e+00  2.98055049e+00  2.73387171e+00 
 1.59056000e-09  2.13599655e+00  2.33400345e+00  2.98295036e+00  2.73140540e+00 
 1.59256000e-09  2.13405917e+00  2.33594083e+00  2.98532067e+00  2.72896812e+00 
 1.59456000e-09  2.13213773e+00  2.33786227e+00  2.98766085e+00  2.72656044e+00 
 1.59656000e-09  2.13023253e+00  2.33976747e+00  2.98997034e+00  2.72418295e+00 
 1.59856000e-09  2.12834388e+00  2.34165612e+00  2.99224859e+00  2.72183619e+00 
 1.60056000e-09  2.12647207e+00  2.34352793e+00  2.99449507e+00  2.71952072e+00 
 1.60256000e-09  2.12461740e+00  2.34538260e+00  2.99670927e+00  2.71723708e+00 
 1.60456000e-09  2.12278015e+00  2.34721985e+00  2.99889066e+00  2.71498581e+00 
 1.60656000e-09  2.12096063e+00  2.34903937e+00  3.00103876e+00  2.71276743e+00 
 1.60856000e-09  2.11915912e+00  2.35084088e+00  3.00315308e+00  2.71058245e+00 
 1.61056000e-09  2.11737590e+00  2.35262410e+00  3.00523317e+00  2.70843137e+00 
 1.61256000e-09  2.11561125e+00  2.35438875e+00  3.00727855e+00  2.70631467e+00 
 1.61456000e-09  2.11386546e+00  2.35613454e+00  3.00928882e+00  2.70423283e+00 
 1.61656000e-09  2.11213880e+00  2.35786120e+00  3.01126354e+00  2.70218631e+00 
 1.61856000e-09  2.11043153e+00  2.35956847e+00  3.01320234e+00  2.70017555e+00 
 1.62056000e-09  2.10874394e+00  2.36125606e+00  3.01510482e+00  2.69820098e+00 
 1.62256000e-09  2.10707629e+00  2.36292371e+00  3.01697065e+00  2.69626300e+00 
 1.62456000e-09  2.10542883e+00  2.36457117e+00  3.01879949e+00  2.69436202e+00 
 1.62656000e-09  2.10380184e+00  2.36619816e+00  3.02059104e+00  2.69249840e+00 
 1.62856000e-09  2.10219556e+00  2.36780444e+00  3.02234502e+00  2.69067250e+00 
 1.63056000e-09  2.10061026e+00  2.36938974e+00  3.02406118e+00  2.68888466e+00 
 1.63256000e-09  2.09904617e+00  2.37095383e+00  3.02573931e+00  2.68713517e+00 
 1.63456000e-09  2.09750356e+00  2.37249644e+00  3.02737920e+00  2.68542432e+00 
 1.63656000e-09  2.09598266e+00  2.37401734e+00  3.02898071e+00  2.68375239e+00 
 1.63856000e-09  2.09448371e+00  2.37551629e+00  3.03054369e+00  2.68211959e+00 
 1.64056000e-09  2.09300695e+00  2.37699305e+00  3.03206807e+00  2.68052616e+00 
 1.64256000e-09  2.09155261e+00  2.37844739e+00  3.03355379e+00  2.67897226e+00 
 1.64456000e-09  2.09012092e+00  2.37987908e+00  3.03500081e+00  2.67745803e+00 
 1.64656000e-09  2.08871212e+00  2.38128788e+00  3.03640916e+00  2.67598360e+00 
 1.64856000e-09  2.08732641e+00  2.38267359e+00  3.03777889e+00  2.67454906e+00 
 1.65056000e-09  2.08596402e+00  2.38403598e+00  3.03911010e+00  2.67315446e+00 
 1.65256000e-09  2.08462517e+00  2.38537483e+00  3.04040292e+00  2.67179982e+00 
 1.65456000e-09  2.08331006e+00  2.38668994e+00  3.04165753e+00  2.67048513e+00 
 1.65656000e-09  2.08201891e+00  2.38798109e+00  3.04287415e+00  2.66921035e+00 
 1.65856000e-09  2.08075191e+00  2.38924809e+00  3.04405302e+00  2.66797538e+00 
 1.66056000e-09  2.07950927e+00  2.39049073e+00  3.04519445e+00  2.66678010e+00 
 1.66256000e-09  2.07829119e+00  2.39170881e+00  3.04629878e+00  2.66562435e+00 
 1.66456000e-09  2.07709785e+00  2.39290215e+00  3.04736639e+00  2.66450793e+00 
 1.66656000e-09  2.07592944e+00  2.39407056e+00  3.04839770e+00  2.66343061e+00 
 1.66856000e-09  2.07478616e+00  2.39521384e+00  3.04939316e+00  2.66239211e+00 
 1.67056000e-09  2.07366817e+00  2.39633183e+00  3.05035326e+00  2.66139212e+00 
 1.67256000e-09  2.07257566e+00  2.39742434e+00  3.05127855e+00  2.66043029e+00 
 1.67456000e-09  2.07150880e+00  2.39849120e+00  3.05216958e+00  2.65950623e+00 
 1.67656000e-09  2.07046776e+00  2.39953224e+00  3.05302695e+00  2.65861953e+00 
 1.67856000e-09  2.06945270e+00  2.40054730e+00  3.05385128e+00  2.65776972e+00 
 1.68056000e-09  2.06846378e+00  2.40153622e+00  3.05464323e+00  2.65695632e+00 
 1.68256000e-09  2.06750115e+00  2.40249885e+00  3.05540347e+00  2.65617881e+00 
 1.68456000e-09  2.06656498e+00  2.40343502e+00  3.05613269e+00  2.65543663e+00 
 1.68656000e-09  2.06565541e+00  2.40434459e+00  3.05683163e+00  2.65472921e+00 
 1.68856000e-09  2.06477257e+00  2.40522743e+00  3.05750100e+00  2.65405593e+00 
 1.69056000e-09  2.06391662e+00  2.40608338e+00  3.05814155e+00  2.65341619e+00 
 1.69256000e-09  2.06308769e+00  2.40691231e+00  3.05875403e+00  2.65280931e+00 
 1.69456000e-09  2.06228590e+00  2.40771410e+00  3.05933920e+00  2.65223464e+00 
 1.69656000e-09  2.06151138e+00  2.40848862e+00  3.05989783e+00  2.65169149e+00 
 1.69856000e-09  2.06076426e+00  2.40923574e+00  3.06043066e+00  2.65117916e+00 
 1.70056000e-09  2.06004466e+00  2.40995534e+00  3.06093846e+00  2.65069695e+00 
 1.70256000e-09  2.05935268e+00  2.41064732e+00  3.06142197e+00  2.65024414e+00 
 1.70456000e-09  2.05868844e+00  2.41131156e+00  3.06188193e+00  2.64982001e+00 
 1.70656000e-09  2.05805204e+00  2.41194796e+00  3.06231907e+00  2.64942384e+00 
 1.70856000e-09  2.05744358e+00  2.41255642e+00  3.06273409e+00  2.64905491e+00 
 1.71056000e-09  2.05686316e+00  2.41313684e+00  3.06312768e+00  2.64871250e+00 
 1.71256000e-09  2.05631087e+00  2.41368913e+00  3.06350052e+00  2.64839591e+00 
 1.71456000e-09  2.05578680e+00  2.41421320e+00  3.06385325e+00  2.64810444e+00 
 1.71656000e-09  2.05529102e+00  2.41470898e+00  3.06418650e+00  2.64783739e+00 
 1.71856000e-09  2.05482363e+00  2.41517637e+00  3.06450087e+00  2.64759409e+00 
 1.72056000e-09  2.05438469e+00  2.41561531e+00  3.06479691e+00  2.64737389e+00 
 1.72256000e-09  2.05397426e+00  2.41602574e+00  3.06507518e+00  2.64717614e+00 
 1.72456000e-09  2.05359243e+00  2.41640757e+00  3.06533617e+00  2.64700023e+00 
 1.72656000e-09  2.05323924e+00  2.41676076e+00  3.06558038e+00  2.64684556e+00 
 1.72856000e-09  2.05291475e+00  2.41708525e+00  3.06580823e+00  2.64671155e+00 
 1.73056000e-09  2.05261902e+00  2.41738098e+00  3.06602015e+00  2.64659766e+00 
 1.73256000e-09  2.05235209e+00  2.41764791e+00  3.06621651e+00  2.64650337e+00 
 1.73456000e-09  2.05211399e+00  2.41788601e+00  3.06639764e+00  2.64642817e+00 
 1.73656000e-09  2.05190478e+00  2.41809522e+00  3.06656386e+00  2.64637162e+00 
 1.73856000e-09  2.05172448e+00  2.41827552e+00  3.06671543e+00  2.64633326e+00 
 1.74056000e-09  2.05157313e+00  2.41842687e+00  3.06685260e+00  2.64631270e+00 
 1.74256000e-09  2.05145074e+00  2.41854926e+00  3.06697554e+00  2.64630956e+00 
 1.74456000e-09  2.05135733e+00  2.41864267e+00  3.06708444e+00  2.64632351e+00 
 1.74656000e-09  2.05129292e+00  2.41870708e+00  3.06717940e+00  2.64635422e+00 
 1.74856000e-09  2.05125752e+00  2.41874248e+00  3.06726051e+00  2.64640142e+00 
 1.75056000e-09  2.05125114e+00  2.41874886e+00  3.06732782e+00  2.64646488e+00 
 1.75256000e-09  2.05127377e+00  2.41872623e+00  3.06738135e+00  2.64654438e+00 
 1.75456000e-09  2.05132541e+00  2.41867459e+00  3.06742106e+00  2.64663974e+00 
 1.75656000e-09  2.05140606e+00  2.41859394e+00  3.06744689e+00  2.64675083e+00 
 1.75856000e-09  2.05151571e+00  2.41848429e+00  3.06745874e+00  2.64687754e+00 
 1.76056000e-09  2.05165432e+00  2.41834568e+00  3.06745646e+00  2.64701980e+00 
 1.76256000e-09  2.05182189e+00  2.41817811e+00  3.06743987e+00  2.64717756e+00 
 1.76456000e-09  2.05201838e+00  2.41798162e+00  3.06740876e+00  2.64735084e+00 
 1.76656000e-09  2.05224377e+00  2.41775623e+00  3.06736287e+00  2.64753966e+00 
 1.76856000e-09  2.05249802e+00  2.41750198e+00  3.06730191e+00  2.64774408e+00 
 1.77056000e-09  2.05278108e+00  2.41721892e+00  3.06722555e+00  2.64796423e+00 
 1.77256000e-09  2.05309293e+00  2.41690707e+00  3.06713340e+00  2.64820022e+00 
 1.77456000e-09  2.05343349e+00  2.41656651e+00  3.06702508e+00  2.64845225e+00 
 1.77656000e-09  2.05380273e+00  2.41619727e+00  3.06690012e+00  2.64872051e+00 
 1.77856000e-09  2.05420058e+00  2.41579942e+00  3.06675805e+00  2.64900526e+00 
 1.78056000e-09  2.05462698e+00  2.41537302e+00  3.06659836e+00  2.64930677e+00 
 1.78256000e-09  2.05508187e+00  2.41491813e+00  3.06642048e+00  2.64962536e+00 
 1.78456000e-09  2.05556516e+00  2.41443484e+00  3.06622383e+00  2.64996138e+00 
 1.78656000e-09  2.05607680e+00  2.41392320e+00  3.06600779e+00  2.65031521e+00 
 1.78856000e-09  2.05661668e+00  2.41338332e+00  3.06577170e+00  2.65068727e+00 
 1.79056000e-09  2.05718473e+00  2.41281527e+00  3.06551488e+00  2.65107800e+00 
 1.79256000e-09  2.05778087e+00  2.41221913e+00  3.06523662e+00  2.65148789e+00 
 1.79456000e-09  2.05840498e+00  2.41159502e+00  3.06493618e+00  2.65191746e+00 
 1.79656000e-09  2.05905699e+00  2.41094301e+00  3.06461278e+00  2.65236723e+00 
 1.79856000e-09  2.05973677e+00  2.41026323e+00  3.06426566e+00  2.65283779e+00 
 1.80056000e-09  2.06044424e+00  2.40955576e+00  3.06389399e+00  2.65332972e+00 
 1.80256000e-09  2.06117927e+00  2.40882073e+00  3.06349696e+00  2.65384365e+00 
 1.80456000e-09  2.06194174e+00  2.40805826e+00  3.06307373e+00  2.65438022e+00 
 1.80656000e-09  2.06273155e+00  2.40726845e+00  3.06262346e+00  2.65494010e+00 
 1.80856000e-09  2.06354855e+00  2.40645145e+00  3.06214530e+00  2.65552396e+00 
 1.81056000e-09  2.06439263e+00  2.40560737e+00  3.06163840e+00  2.65613252e+00 
 1.81256000e-09  2.06526366e+00  2.40473634e+00  3.06110189e+00  2.65676647e+00 
 1.81456000e-09  2.06616148e+00  2.40383852e+00  3.06053495e+00  2.65742655e+00 
 1.81656000e-09  2.06708597e+00  2.40291403e+00  3.05993672e+00  2.65811347e+00 
 1.81856000e-09  2.06803697e+00  2.40196303e+00  3.05930640e+00  2.65882798e+00 
 1.82056000e-09  2.06901434e+00  2.40098566e+00  3.05864317e+00  2.65957080e+00 
 1.82256000e-09  2.07001792e+00  2.39998208e+00  3.05794627e+00  2.66034266e+00 
 1.82456000e-09  2.07104755e+00  2.39895245e+00  3.05721492e+00  2.66114429e+00 
 1.82656000e-09  2.07210307e+00  2.39789693e+00  3.05644840e+00  2.66197639e+00 
 1.82856000e-09  2.07318432e+00  2.39681568e+00  3.05564603e+00  2.66283966e+00 
 1.83056000e-09  2.07429112e+00  2.39570888e+00  3.05480714e+00  2.66373479e+00 
 1.83256000e-09  2.07542329e+00  2.39457671e+00  3.05393112e+00  2.66466243e+00 
 1.83456000e-09  2.07658067e+00  2.39341933e+00  3.05301739e+00  2.66562321e+00 
 1.83656000e-09  2.07776306e+00  2.39223694e+00  3.05206541e+00  2.66661776e+00 
 1.83856000e-09  2.07897028e+00  2.39102972e+00  3.05107469e+00  2.66764663e+00 
 1.84056000e-09  2.08020214e+00  2.38979786e+00  3.05004480e+00  2.66871039e+00 
 1.84256000e-09  2.08145844e+00  2.38854156e+00  3.04897534e+00  2.66980955e+00 
 1.84456000e-09  2.08273899e+00  2.38726101e+00  3.04786596e+00  2.67094457e+00 
 1.84656000e-09  2.08404358e+00  2.38595642e+00  3.04671637e+00  2.67211590e+00 
 1.84856000e-09  2.08537201e+00  2.38462799e+00  3.04552632e+00  2.67332392e+00 
 1.85056000e-09  2.08672407e+00  2.38327593e+00  3.04429560e+00  2.67456901e+00 
 1.85256000e-09  2.08809955e+00  2.38190045e+00  3.04302406e+00  2.67585146e+00 
 1.85456000e-09  2.08949822e+00  2.38050178e+00  3.04171160e+00  2.67717155e+00 
 1.85656000e-09  2.09091986e+00  2.37908014e+00  3.04035815e+00  2.67852950e+00 
 1.85856000e-09  2.09236426e+00  2.37763574e+00  3.03896370e+00  2.67992550e+00 
 1.86056000e-09  2.09383119e+00  2.37616881e+00  3.03752827e+00  2.68135970e+00 
 1.86256000e-09  2.09532040e+00  2.37467960e+00  3.03605192e+00  2.68283218e+00 
 1.86456000e-09  2.09683167e+00  2.37316833e+00  3.03453478e+00  2.68434301e+00 
 1.86656000e-09  2.09836477e+00  2.37163523e+00  3.03297697e+00  2.68589219e+00 
 1.86856000e-09  2.09991943e+00  2.37008057e+00  3.03137867e+00  2.68747972e+00 
 1.87056000e-09  2.10149543e+00  2.36850457e+00  3.02974011e+00  2.68910552e+00 
 1.87256000e-09  2.10309251e+00  2.36690749e+00  3.02806153e+00  2.69076949e+00 
 1.87456000e-09  2.10471042e+00  2.36528958e+00  3.02634319e+00  2.69247151e+00 
 1.87656000e-09  2.10634890e+00  2.36365110e+00  3.02458541e+00  2.69421139e+00 
 1.87856000e-09  2.10800770e+00  2.36199230e+00  3.02278852e+00  2.69598893e+00 
 1.88056000e-09  2.10968655e+00  2.36031345e+00  3.02095287e+00  2.69780391e+00 
 1.88256000e-09  2.11138520e+00  2.35861480e+00  3.01907884e+00  2.69965605e+00 
 1.88456000e-09  2.11310336e+00  2.35689664e+00  3.01716684e+00  2.70154507e+00 
 1.88656000e-09  2.11484077e+00  2.35515923e+00  3.01521728e+00  2.70347062e+00 
 1.88856000e-09  2.11659715e+00  2.35340285e+00  3.01323061e+00  2.70543237e+00 
 1.89056000e-09  2.11837223e+00  2.35162777e+00  3.01120728e+00  2.70742994e+00 
 1.89256000e-09  2.12016573e+00  2.34983427e+00  3.00914777e+00  2.70946295e+00 
 1.89456000e-09  2.12197736e+00  2.34802264e+00  3.00705256e+00  2.71153097e+00 
 1.89656000e-09  2.12380684e+00  2.34619316e+00  3.00492217e+00  2.71363357e+00 
 1.89856000e-09  2.12565388e+00  2.34434612e+00  3.00275711e+00  2.71577030e+00 
 1.90056000e-09  2.12751819e+00  2.34248181e+00  3.00055791e+00  2.71794068e+00 
 1.90256000e-09  2.12939947e+00  2.34060053e+00  2.99832510e+00  2.72014423e+00 
 1.90456000e-09  2.13129742e+00  2.33870258e+00  2.99605925e+00  2.72238044e+00 
 1.90656000e-09  2.13321175e+00  2.33678825e+00  2.99376091e+00  2.72464879e+00 
 1.90856000e-09  2.13514215e+00  2.33485785e+00  2.99143065e+00  2.72694875e+00 
 1.91056000e-09  2.13708833e+00  2.33291167e+00  2.98906906e+00  2.72927977e+00 
 1.91256000e-09  2.13904996e+00  2.33095004e+00  2.98667670e+00  2.73164130e+00 
 1.91456000e-09  2.14102674e+00  2.32897326e+00  2.98425419e+00  2.73403278e+00 
 1.91656000e-09  2.14301837e+00  2.32698163e+00  2.98180211e+00  2.73645361e+00 
 1.91856000e-09  2.14502452e+00  2.32497548e+00  2.97932108e+00  2.73890323e+00 
 1.92056000e-09  2.14704488e+00  2.32295512e+00  2.97681170e+00  2.74138103e+00 
 1.92256000e-09  2.14907912e+00  2.32092088e+00  2.97427460e+00  2.74388640e+00 
 1.92456000e-09  2.15112694e+00  2.31887306e+00  2.97171039e+00  2.74641874e+00 
 1.92656000e-09  2.15318800e+00  2.31681200e+00  2.96911971e+00  2.74897742e+00 
 1.92856000e-09  2.15526198e+00  2.31473802e+00  2.96650318e+00  2.75156183e+00 
 1.93056000e-09  2.15734854e+00  2.31265146e+00  2.96386143e+00  2.75417133e+00 
 1.93256000e-09  2.15944738e+00  2.31055262e+00  2.96119512e+00  2.75680528e+00 
 1.93456000e-09  2.16155814e+00  2.30844186e+00  2.95850488e+00  2.75946304e+00 
 1.93656000e-09  2.16368050e+00  2.30631950e+00  2.95579136e+00  2.76214397e+00 
 1.93856000e-09  2.16581412e+00  2.30418588e+00  2.95305520e+00  2.76484740e+00 
 1.94056000e-09  2.16795867e+00  2.30204133e+00  2.95029707e+00  2.76757268e+00 
 1.94256000e-09  2.17011380e+00  2.29988620e+00  2.94751762e+00  2.77031916e+00 
 1.94456000e-09  2.17227918e+00  2.29772082e+00  2.94471750e+00  2.77308617e+00 
 1.94656000e-09  2.17445447e+00  2.29554553e+00  2.94189778e+00  2.77587180e+00 
 1.94856000e-09  2.17663931e+00  2.29336069e+00  2.93905875e+00  2.77867658e+00 
 1.95056000e-09  2.17883337e+00  2.29116663e+00  2.93620042e+00  2.78150169e+00 
 1.95256000e-09  2.18103630e+00  2.28896370e+00  2.93332390e+00  2.78434518e+00 
 1.95456000e-09  2.18324776e+00  2.28675224e+00  2.93043024e+00  2.78720539e+00 
 1.95656000e-09  2.18546738e+00  2.28453262e+00  2.92752009e+00  2.79008163e+00 
 1.95856000e-09  2.18769483e+00  2.28230517e+00  2.92459399e+00  2.79297345e+00 
 1.96056000e-09  2.18992974e+00  2.28007026e+00  2.92165258e+00  2.79588032e+00 
 1.96256000e-09  2.19217178e+00  2.27782822e+00  2.91869652e+00  2.79880160e+00 
 1.96456000e-09  2.19442057e+00  2.27557943e+00  2.91572651e+00  2.80173661e+00 
 1.96656000e-09  2.19667578e+00  2.27332422e+00  2.91274323e+00  2.80468465e+00 
 1.96856000e-09  2.19893703e+00  2.27106297e+00  2.90974736e+00  2.80764502e+00 
 1.97056000e-09  2.20120398e+00  2.26879602e+00  2.90673960e+00  2.81061702e+00 
 1.97256000e-09  2.20347627e+00  2.26652373e+00  2.90372062e+00  2.81359995e+00 
 1.97456000e-09  2.20575354e+00  2.26424646e+00  2.90069111e+00  2.81659311e+00 
 1.97656000e-09  2.20803542e+00  2.26196458e+00  2.89765176e+00  2.81959581e+00 
 1.97856000e-09  2.21032156e+00  2.25967844e+00  2.89460325e+00  2.82260734e+00 
 1.98056000e-09  2.21261160e+00  2.25738840e+00  2.89154629e+00  2.82562700e+00 
 1.98256000e-09  2.21490518e+00  2.25509482e+00  2.88848156e+00  2.82865408e+00 
 1.98456000e-09  2.21720192e+00  2.25279808e+00  2.88540975e+00  2.83168788e+00 
 1.98656000e-09  2.21950148e+00  2.25049852e+00  2.88233156e+00  2.83472770e+00 
 1.98856000e-09  2.22180349e+00  2.24819651e+00  2.87924767e+00  2.83777282e+00 
 1.99056000e-09  2.22410758e+00  2.24589242e+00  2.87615879e+00  2.84082255e+00 
 1.99256000e-09  2.22641339e+00  2.24358661e+00  2.87306561e+00  2.84387618e+00 
 1.99456000e-09  2.22872055e+00  2.24127945e+00  2.86996883e+00  2.84693301e+00 
 1.99656000e-09  2.23102871e+00  2.23897129e+00  2.86686914e+00  2.84999231e+00 
 1.99828000e-09  2.23301424e+00  2.23698576e+00  2.86420159e+00  2.85262479e+00 
 2.00000000e-09  2.23500000e+00  2.23500000e+00  2.86153285e+00  2.85525812e+00 
