 time            v(detp)         v(detn)        
 0.00000000e+00  7.17023642e-01  7.17023642e-01 
 1.00000000e-14  7.17266091e-01  7.17081224e-01 
 2.00000000e-14  7.17497033e-01  7.17124743e-01 
 4.00000000e-14  7.17929429e-01  7.17171676e-01 
 8.00000000e-14  7.18691623e-01  7.17104970e-01 
 1.60000000e-13  7.20175801e-01  7.16733643e-01 
 3.20000000e-13  7.23094525e-01  7.15487710e-01 
 6.40000000e-13  7.28448415e-01  7.12103625e-01 
 1.00735564e-12  7.33762350e-01  7.08186067e-01 
 1.74206691e-12  7.41535222e-01  7.04020433e-01 
 2.42131047e-12  7.45537668e-01  7.07623208e-01 
 2.98203218e-12  7.46258609e-01  7.20536715e-01 
 3.56234595e-12  7.44361425e-01  7.45817893e-01 
 4.17811355e-12  7.40283513e-01  7.81342477e-01 
 4.93902533e-12  7.32955827e-01  8.31596771e-01 
 5.68395164e-12  7.23589019e-01  8.84468438e-01 
 6.35630609e-12  7.13359872e-01  9.33939369e-01 
 7.13297326e-12  6.99354896e-01  9.91883172e-01 
 7.94599551e-12  6.82446267e-01  1.05196965e+00 
 8.94599551e-12  6.59604127e-01  1.12111932e+00 
 9.94599551e-12  6.37042497e-01  1.17757588e+00 
 1.09459955e-11  6.17838050e-01  1.21192573e+00 
 1.19459955e-11  6.04538518e-01  1.21644149e+00 
 1.29459955e-11  5.98721509e-01  1.18749067e+00 
 1.38847080e-11  6.00733277e-01  1.13083929e+00 
 1.48847080e-11  6.10886651e-01  1.04470668e+00 
 1.58847080e-11  6.27863848e-01  9.50590113e-01 
 1.68847080e-11  6.50692940e-01  8.76423657e-01 
 1.75978194e-11  6.77898849e-01  8.38367630e-01 
 1.82885643e-11  7.20907214e-01  8.10551237e-01 
 1.90590379e-11  7.76540592e-01  7.87804313e-01 
 2.00590379e-11  8.52069791e-01  7.64800450e-01 
 2.09821864e-11  9.23487916e-01  7.45482801e-01 
 2.18627197e-11  9.92579217e-01  7.26171528e-01 
 2.28154146e-11  1.06790354e+00  7.02798699e-01 
 2.38154146e-11  1.14638428e+00  6.75281769e-01 
 2.48154146e-11  1.21989682e+00  6.46177622e-01 
 2.58154146e-11  1.27804355e+00  6.19041432e-01 
 2.66593135e-11  1.30632067e+00  6.00631520e-01 
 2.73210514e-11  1.31127921e+00  5.90403242e-01 
 2.79765982e-11  1.29959410e+00  5.84391493e-01 
 2.86128549e-11  1.27249894e+00  5.82601302e-01 
 2.93935354e-11  1.21997977e+00  5.85606887e-01 
 3.02885456e-11  1.13867199e+00  5.95859615e-01 
 3.10144997e-11  1.06096123e+00  6.09608513e-01 
 3.18654765e-11  9.70756090e-01  6.31062343e-01 
 3.28654765e-11  8.88953263e-01  6.69427727e-01 
 3.38654765e-11  8.31519877e-01  7.36841761e-01 
 3.48654765e-11  7.92571177e-01  8.13007598e-01 
 3.58652708e-11  7.63104008e-01  8.91261486e-01 
 3.67913332e-11  7.38566880e-01  9.64709132e-01 
 3.77913332e-11  7.11414532e-01  1.04456616e+00 
 3.87913332e-11  6.82384931e-01  1.12361069e+00 
 3.97913332e-11  6.52547894e-01  1.19697581e+00 
 4.07913332e-11  6.25314867e-01  1.25389815e+00 
 4.17913332e-11  6.04481217e-01  1.28232585e+00 
 4.27913332e-11  5.92477935e-01  1.27487966e+00 
 4.37913332e-11  5.90281091e-01  1.23059964e+00 
 4.46066253e-11  5.95991745e-01  1.17012964e+00 
 4.54531962e-11  6.08966678e-01  1.08993671e+00 
 4.62741202e-11  6.28554758e-01  1.00409775e+00 
 4.71265062e-11  6.59075483e-01  9.26866016e-01 
 4.80271375e-11  7.16556066e-01  8.64752403e-01 
 4.90271375e-11  7.90728389e-01  8.17207432e-01 
 5.00271375e-11  8.67531524e-01  7.83670120e-01 
 5.08389424e-11  9.30816372e-01  7.61530153e-01 
 5.16375202e-11  9.93693384e-01  7.40893351e-01 
 5.24052666e-11  1.05461791e+00  7.20474372e-01 
 5.34052666e-11  1.13425941e+00  6.91664096e-01 
 5.44052666e-11  1.21243760e+00  6.60669536e-01 
 5.50813015e-11  1.26187374e+00  6.39594122e-01 
 5.56618957e-11  1.29901036e+00  6.22511991e-01 
 5.63730565e-11  1.33258114e+00  6.04230853e-01 
 5.71285019e-11  1.34903106e+00  5.89482606e-01 
 5.75361600e-11  1.34875804e+00  5.84150941e-01 
 5.79201895e-11  1.34230444e+00  5.80897377e-01 
 5.82772878e-11  1.33093460e+00  5.79366854e-01 
 5.86901126e-11  1.31163879e+00  5.79206133e-01 
 5.91410107e-11  1.28359373e+00  5.80965696e-01 
 5.96895144e-11  1.24085765e+00  5.85801681e-01 
 6.03691989e-11  1.17741013e+00  5.95979341e-01 
 6.11362439e-11  1.09663918e+00  6.13482498e-01 
 6.18447209e-11  1.01953325e+00  6.36864863e-01 
 6.28333608e-11  9.27020780e-01  6.96378684e-01 
 6.37378130e-11  8.64912427e-01  7.63319309e-01 
 6.47378130e-11  8.16053725e-01  8.40266307e-01 
 6.56856613e-11  7.81272179e-01  9.14369889e-01 
 6.64116827e-11  7.58591136e-01  9.71737877e-01 
 6.72405901e-11  7.33757745e-01  1.03777559e+00 
 6.80757777e-11  7.08248569e-01  1.10470986e+00 
 6.87590435e-11  6.86644923e-01  1.15944638e+00 
 6.93814016e-11  6.66423813e-01  1.20863819e+00 
 7.00873510e-11  6.43393197e-01  1.26150755e+00 
 7.08078381e-11  6.21388057e-01  1.30754301e+00 
 7.18078381e-11  5.96891904e-01  1.34655291e+00 
 7.24330155e-11  5.86563702e-01  1.35268240e+00 
 7.28841237e-11  5.81975335e-01  1.34742150e+00 
 7.33277054e-11  5.79798574e-01  1.33419445e+00 
 7.38302672e-11  5.79955703e-01  1.31003849e+00 
 7.43144271e-11  5.82763074e-01  1.27836716e+00 
 7.50208490e-11  5.91351400e-01  1.21997746e+00 
 7.57885292e-11  6.07197327e-01  1.14476445e+00 
 7.65429514e-11  6.31395606e-01  1.06477576e+00 
 7.74852100e-11  6.87783262e-01  9.68838124e-01 
 7.84401695e-11  7.57882436e-01  8.93177024e-01 
 7.94401695e-11  8.34417201e-01  8.36304216e-01 
 8.04021721e-11  9.09263879e-01  7.95963394e-01 
 8.11378683e-11  9.67128391e-01  7.70683139e-01 
 8.20526467e-11  1.03973037e+00  7.41626297e-01 
 8.28937683e-11  1.10699864e+00  7.15163023e-01 
 8.35121570e-11  1.15662000e+00  6.95361248e-01 
 8.41150504e-11  1.20485858e+00  6.75506061e-01 
 8.48131447e-11  1.25950401e+00  6.51925918e-01 
 8.55359348e-11  1.31145233e+00  6.28017533e-01 
 8.65359348e-11  1.36354417e+00  5.99645454e-01 
 8.75359348e-11  1.38100325e+00  5.80564377e-01 
 8.81589452e-11  1.37196117e+00  5.74465451e-01 
 8.87301357e-11  1.34999297e+00  5.73009874e-01 
 8.94093547e-11  1.30835446e+00  5.76189167e-01 
 9.00780227e-11  1.25356126e+00  5.84536834e-01 
 9.08405604e-11  1.17926453e+00  6.00636099e-01 
 9.16041187e-11  1.09835351e+00  6.25957725e-01 
 9.25556912e-11  9.96901626e-01  6.84542519e-01 
 9.35278472e-11  9.12900901e-01  7.56682229e-01 
 9.45278472e-11  8.49517923e-01  8.33761764e-01 
 9.54952359e-11  8.04011312e-01  9.09535323e-01 
 9.62351204e-11  7.75727312e-01  9.68124431e-01 
 9.70906412e-11  7.46112187e-01  1.03645561e+00 
 9.79743415e-11  7.16437925e-01  1.10754882e+00 
 9.86521239e-11  6.93577375e-01  1.16222506e+00 
 9.92497133e-11  6.73127944e-01  1.21019123e+00 
 9.99738164e-11  6.48092522e-01  1.26656007e+00 
 1.00680354e-10  6.24715034e-01  1.31591749e+00 
 1.01680354e-10  5.97268607e-01  1.36376355e+00 
 1.02448021e-10  5.82937384e-01  1.37651609e+00 
 1.02977987e-10  5.77194462e-01  1.37153679e+00 
 1.03484557e-10  5.74993408e-01  1.35602623e+00 
 1.04142109e-10  5.76669237e-01  1.32140437e+00 
 1.04734542e-10  5.82677533e-01  1.27800680e+00 
 1.05388323e-10  5.94442285e-01  1.21972913e+00 
 1.06183386e-10  6.17551457e-01  1.14007500e+00 
 1.06986197e-10  6.61824773e-01  1.05401365e+00 
 1.07986197e-10  7.33634900e-01  9.56124085e-01 
 1.08986197e-10  8.09751157e-01  8.81366277e-01 
 1.09984905e-10  8.87238481e-01  8.26531715e-01 
 1.10774821e-10  9.49280129e-01  7.92739074e-01 
 1.11578234e-10  1.01296243e+00  7.63100970e-01 
 1.12352556e-10  1.07482211e+00  7.36510732e-01 
 1.13119460e-10  1.13644468e+00  7.10523234e-01 
 1.13766240e-10  1.18852075e+00  6.88364330e-01 
 1.14396151e-10  1.23895830e+00  6.66394558e-01 
 1.15105532e-10  1.29396245e+00  6.41497545e-01 
 1.15889449e-10  1.34739091e+00  6.15530083e-01 
 1.16889449e-10  1.39096263e+00  5.89025995e-01 
 1.17502519e-10  1.39984093e+00  5.78038976e-01 
 1.17975893e-10  1.39614719e+00  5.72819601e-01 
 1.18469101e-10  1.38234920e+00  5.70407961e-01 
 1.19067649e-10  1.35290260e+00  5.71452659e-01 
 1.19670808e-10  1.31092053e+00  5.76966806e-01 
 1.20340338e-10  1.25293988e+00  5.88526729e-01 
 1.21120523e-10  1.17589885e+00  6.10635298e-01 
 1.21941379e-10  1.08821001e+00  6.55183849e-01 
 1.22934469e-10  9.85375989e-01  7.26603113e-01 
 1.23934469e-10  9.02816263e-01  8.02947146e-01 
 1.24926935e-10  8.41675792e-01  8.80178176e-01 
 1.25711733e-10  8.04090465e-01  9.42010764e-01 
 1.26514948e-10  7.71491149e-01  1.00588260e+00 
 1.27288558e-10  7.42962906e-01  1.06788690e+00 
 1.28043598e-10  7.16094892e-01  1.12875700e+00 
 1.28673134e-10  6.93801763e-01  1.17963112e+00 
 1.29306657e-10  6.71151693e-01  1.23061494e+00 
 1.30012092e-10  6.45855967e-01  1.28587029e+00 
 1.30804144e-10  6.18963874e-01  1.34110555e+00 
 1.31804144e-10  5.91601080e-01  1.38704878e+00 
 1.32450004e-10  5.79611163e-01  1.39774191e+00 
 1.32941519e-10  5.74069796e-01  1.39445261e+00 
 1.33450797e-10  5.71642702e-01  1.38042755e+00 
 1.34057563e-10  5.73022369e-01  1.35062604e+00 
 1.34683757e-10  5.79398425e-01  1.30699074e+00 
 1.35378360e-10  5.92756729e-01  1.24687189e+00 
 1.36154176e-10  6.18600806e-01  1.17069453e+00 
 1.37017202e-10  6.71964958e-01  1.07904098e+00 
 1.37992960e-10  7.43923340e-01  9.79905503e-01 
 1.38992960e-10  8.20449701e-01  8.98898364e-01 
 1.39971847e-10  8.96627015e-01  8.39319344e-01 
 1.40724880e-10  9.55920584e-01  8.03282671e-01 
 1.41549623e-10  1.02144522e+00  7.69563334e-01 
 1.42350610e-10  1.08558634e+00  7.39741146e-01 
 1.43084478e-10  1.14468656e+00  7.13369557e-01 
 1.43699777e-10  1.19435143e+00  6.91369690e-01 
 1.44342994e-10  1.24606761e+00  6.68142085e-01 
 1.45047602e-10  1.30125795e+00  6.42638925e-01 
 1.45873272e-10  1.35853517e+00  6.14464363e-01 
 1.46873272e-10  1.40322120e+00  5.87337028e-01 
 1.47475375e-10  1.41275537e+00  5.76324564e-01 
 1.47965594e-10  1.40944960e+00  5.70860953e-01 
 1.48487050e-10  1.39488279e+00  5.68523161e-01 
 1.49060101e-10  1.36668442e+00  5.70017528e-01 
 1.49728040e-10  1.32010995e+00  5.77151628e-01 
 1.50545268e-10  1.24847835e+00  5.94503499e-01 
 1.51286715e-10  1.17451807e+00  6.23673046e-01 
 1.52271297e-10  1.06966889e+00  6.88852019e-01 
 1.53213843e-10  9.75048138e-01  7.59746233e-01 
 1.54213843e-10  8.94808842e-01  8.36862336e-01 
 1.55174194e-10  8.36316623e-01  9.12044608e-01 
 1.55904851e-10  8.00794893e-01  9.69885928e-01 
 1.56766334e-10  7.64670583e-01  1.03868257e+00 
 1.57636428e-10  7.31334499e-01  1.10870878e+00 
 1.58308820e-10  7.06533672e-01  1.16307766e+00 
 1.58891564e-10  6.85203516e-01  1.21022320e+00 
 1.59616198e-10  6.58490811e-01  1.26827448e+00 
 1.60299787e-10  6.33724975e-01  1.32051546e+00 
 1.61299787e-10  6.01739124e-01  1.38132190e+00 
 1.62093764e-10  5.82992023e-01  1.40741696e+00 
 1.62626019e-10  5.74768553e-01  1.41120417e+00 
 1.63125581e-10  5.70518432e-01  1.40389429e+00 
 1.63696159e-10  5.69717477e-01  1.38306791e+00 
 1.64242817e-10  5.73062494e-01  1.35183520e+00 
 1.64925987e-10  5.83032400e-01  1.30019869e+00 
 1.65688170e-10  6.03340160e-01  1.23105590e+00 
 1.66456326e-10  6.43784622e-01  1.15270482e+00 
 1.67442950e-10  7.13783988e-01  1.04783301e+00 
 1.68433395e-10  7.89034463e-01  9.53043172e-01 
 1.69433395e-10  8.66442489e-01  8.78096664e-01 
 1.70293662e-10  9.33909425e-01  8.28401607e-01 
 1.71058747e-10  9.94507804e-01  7.92289422e-01 
 1.71816575e-10  1.05501255e+00  7.61001214e-01 
 1.72743860e-10  1.12957684e+00  7.25428604e-01 
 1.73440539e-10  1.18584070e+00  6.99559918e-01 
 1.74072723e-10  1.23685466e+00  6.76202158e-01 
 1.74793159e-10  1.29411545e+00  6.49532873e-01 
 1.75543310e-10  1.34951657e+00  6.22716420e-01 
 1.76543310e-10  1.40359493e+00  5.92632719e-01 
 1.77197673e-10  1.42090042e+00  5.78540150e-01 
 1.77690142e-10  1.42252666e+00  5.71600897e-01 
 1.78192352e-10  1.41355505e+00  5.67917040e-01 
 1.78807219e-10  1.38872510e+00  5.67973366e-01 
 1.79416651e-10  1.35088353e+00  5.73100210e-01 
 1.80091793e-10  1.29682820e+00  5.85050524e-01 
 1.80873088e-10  1.22368521e+00  6.10283856e-01 
 1.81703623e-10  1.13739791e+00  6.60976878e-01 
 1.82695524e-10  1.03220490e+00  7.33928936e-01 
 1.83695524e-10  9.39482479e-01  8.10588328e-01 
 1.84683011e-10  8.68116448e-01  8.87504130e-01 
 1.85446920e-10  8.24729326e-01  9.47715888e-01 
 1.86260226e-10  7.86213765e-01  1.01241174e+00 
 1.87046214e-10  7.53479686e-01  1.07543293e+00 
 1.87811170e-10  7.23728019e-01  1.13714067e+00 
 1.88445826e-10  6.99743565e-01  1.18850085e+00 
 1.89079936e-10  6.75907909e-01  1.23974393e+00 
 1.89788826e-10  6.49328989e-01  1.29609128e+00 
 1.90585215e-10  6.20779270e-01  1.35423879e+00 
 1.91585215e-10  5.91282728e-01  1.40582695e+00 
 1.92189873e-10  5.78685426e-01  1.42050548e+00 
 1.92665897e-10  5.72194496e-01  1.42157198e+00 
 1.93171295e-10  5.68709588e-01  1.41214305e+00 
 1.93761766e-10  5.69034232e-01  1.38812804e+00 
 1.94390379e-10  5.74703018e-01  1.34914476e+00 
 1.95088144e-10  5.88010021e-01  1.29326340e+00 
 1.95862903e-10  6.16443844e-01  1.22055846e+00 
 1.96722443e-10  6.71677650e-01  1.13142142e+00 
 1.97700618e-10  7.44333596e-01  1.02827239e+00 
 1.98700618e-10  8.21065901e-01  9.36406140e-01 
 1.99679263e-10  8.97290615e-01  8.66226789e-01 
 2.00427779e-10  9.56264981e-01  8.23825180e-01 
 2.01254003e-10  1.02195032e+00  7.84654464e-01 
 2.02057230e-10  1.08631634e+00  7.51130724e-01 
 2.02799678e-10  1.14616376e+00  7.22168992e-01 
 2.03419532e-10  1.19628000e+00  6.98651898e-01 
 2.04059891e-10  1.24798300e+00  6.74470043e-01 
 2.04765569e-10  1.30405541e+00  6.47896177e-01 
 2.05583929e-10  1.36368291e+00  6.18478070e-01 
 2.06583929e-10  1.41470155e+00  5.89088053e-01 
 2.07179002e-10  1.42881816e+00  5.76802139e-01 
 2.07667881e-10  1.42954311e+00  5.70267319e-01 
 2.08185999e-10  1.41919697e+00  5.66956478e-01 
 2.08755792e-10  1.39539386e+00  5.67600287e-01 
 2.09419216e-10  1.35357684e+00  5.74093932e-01 
 2.10156220e-10  1.29357254e+00  5.89394072e-01 
 2.10928939e-10  1.21986677e+00  6.21571737e-01 
 2.11842587e-10  1.12458791e+00  6.82674304e-01 
 2.12808998e-10  1.02292526e+00  7.55251050e-01 
 2.13808998e-10  9.31913220e-01  8.32319461e-01 
 2.14775671e-10  8.63082284e-01  9.07867251e-01 
 2.15496399e-10  8.22179250e-01  9.64815809e-01 
 2.16393223e-10  7.79406503e-01  1.03631841e+00 
 2.17250852e-10  7.43429732e-01  1.10525437e+00 
 2.17928696e-10  7.16817503e-01  1.16002684e+00 
 2.18501416e-10  6.94897953e-01  1.20639805e+00 
 2.19159969e-10  6.69782418e-01  1.25955510e+00 
 2.19857291e-10  6.43412122e-01  1.31460370e+00 
 2.20757686e-10  6.11722040e-01  1.37731297e+00 
 2.21757686e-10  5.84510091e-01  1.42098847e+00 
 2.22360296e-10  5.73834233e-01  1.42962528e+00 
 2.22887213e-10  5.68608682e-01  1.42475354e+00 
 2.23485138e-10  5.67386380e-01  1.40534550e+00 
 2.24064832e-10  5.71080300e-01  1.37381402e+00 
 2.24736704e-10  5.81695495e-01  1.32459075e+00 
 2.25514140e-10  6.05581228e-01  1.25568141e+00 
 2.26308088e-10  6.52842390e-01  1.17554276e+00 
 2.27303226e-10  7.25318848e-01  1.07052409e+00 
 2.28303226e-10  8.01783745e-01  9.71264361e-01 
 2.29303226e-10  8.79459546e-01  8.91174287e-01 
 2.30114740e-10  9.43254600e-01  8.40108845e-01 
 2.30906270e-10  1.00607155e+00  7.99240981e-01 
 2.31666293e-10  1.06686804e+00  7.65323654e-01 
 2.32475053e-10  1.13198475e+00  7.32293954e-01 
 2.33135688e-10  1.18539272e+00  7.06520369e-01 
 2.33758638e-10  1.23577395e+00  6.82597114e-01 
 2.34475709e-10  1.29322106e+00  6.55179950e-01 
 2.35234206e-10  1.35082835e+00  6.27025103e-01 
 2.36234206e-10  1.40943812e+00  5.95161046e-01 
 2.36892403e-10  1.43083610e+00  5.79714257e-01 
 2.37384990e-10  1.43561917e+00  5.71873364e-01 
 2.37886008e-10  1.42982812e+00  5.67392901e-01 
 2.38502185e-10  1.40855298e+00  5.66683399e-01 
 2.39108277e-10  1.37411349e+00  5.71308306e-01 
 2.39779116e-10  1.32354639e+00  5.83081267e-01 
 2.40562040e-10  1.25287271e+00  6.10254414e-01 
 2.41385172e-10  1.16907141e+00  6.62055789e-01 
 2.42382427e-10  1.06377279e+00  7.35675772e-01 
 2.43382427e-10  9.65512008e-01  8.12423987e-01 
 2.44372665e-10  8.87152834e-01  8.89532414e-01 
 2.45138811e-10  8.39110715e-01  9.49877509e-01 
 2.45951928e-10  7.96948762e-01  1.01451225e+00 
 2.46737645e-10  7.61716768e-01  1.07746840e+00 
 2.47513214e-10  7.29845863e-01  1.13999772e+00 
 2.48150763e-10  7.04772009e-01  1.19158344e+00 
 2.48782452e-10  6.80308005e-01  1.24268525e+00 
 2.49492696e-10  6.52996342e-01  1.29949919e+00 
 2.50281272e-10  6.23796759e-01  1.35866758e+00 
 2.51281272e-10  5.92677772e-01  1.41460408e+00 
 2.51889656e-10  5.78930039e-01  1.43278186e+00 
 2.52366593e-10  5.71632817e-01  1.43661965e+00 
 2.52870788e-10  5.67417912e-01  1.43006282e+00 
 2.53463481e-10  5.67059939e-01  1.40903766e+00 
 2.54088161e-10  5.72215588e-01  1.37318564e+00 
 2.54782722e-10  5.85314591e-01  1.32034492e+00 
 2.55559334e-10  6.15371058e-01  1.24952623e+00 
 2.56412236e-10  6.70981333e-01  1.16243285e+00 
 2.57394684e-10  7.44088195e-01  1.05882627e+00 
 2.58394684e-10  8.20954448e-01  9.61357740e-01 
 2.59375182e-10  8.97360261e-01  8.84477979e-01 
 2.60123325e-10  9.56309269e-01  8.37793077e-01 
 2.60949954e-10  1.02203178e+00  7.94987048e-01 
 2.61753730e-10  1.08644873e+00  7.58963867e-01 
 2.62508845e-10  1.14733081e+00  7.27904707e-01 
 2.63133511e-10  1.19786144e+00  7.03270041e-01 
 2.63771124e-10  1.24941475e+00  6.78489031e-01 
 2.64478554e-10  1.30592644e+00  6.51216084e-01 
 2.65288735e-10  1.36625699e+00  6.21273949e-01 
 2.66288735e-10  1.42064563e+00  5.90595214e-01 
 2.66881025e-10  1.43730781e+00  5.77551462e-01 
 2.67369063e-10  1.44031987e+00  5.70388203e-01 
 2.67885531e-10  1.43238645e+00  5.66503472e-01 
 2.68454612e-10  1.41107488e+00  5.66655004e-01 
 2.69115111e-10  1.37203728e+00  5.72801538e-01 
 2.69849115e-10  1.31478914e+00  5.88215527e-01 
 2.70622473e-10  1.24262786e+00  6.22669031e-01 
 2.71528976e-10  1.14926348e+00  6.84139496e-01 
 2.72497848e-10  1.04711822e+00  7.56987870e-01 
 2.73497848e-10  9.51493204e-01  8.34117050e-01 
 2.74465856e-10  8.77427990e-01  9.09739261e-01 
 2.75186010e-10  8.33303191e-01  9.66598176e-01 
 2.76084423e-10  7.87431148e-01  1.03817101e+00 
 2.76943413e-10  7.49439384e-01  1.10716547e+00 
 2.77629920e-10  7.21415685e-01  1.16260534e+00 
 2.78206786e-10  6.98682486e-01  1.20930087e+00 
 2.78861811e-10  6.73141201e-01  1.26222610e+00 
 2.79560065e-10  6.46208653e-01  1.31769905e+00 
 2.80449173e-10  6.14002021e-01  1.38144069e+00 
 2.81449173e-10  5.85426464e-01  1.42901605e+00 
 2.82049500e-10  5.73929087e-01  1.44048534e+00 
 2.82573478e-10  5.68019520e-01  1.43823335e+00 
 2.83165109e-10  5.66095982e-01  1.42188938e+00 
 2.83736130e-10  5.69143314e-01  1.39344957e+00 
 2.84413524e-10  5.79375487e-01  1.34652754e+00 
 2.85186818e-10  6.03387079e-01  1.28025473e+00 
 2.85973138e-10  6.50526144e-01  1.20233728e+00 
 2.86970911e-10  7.23178818e-01  1.09784250e+00 
 2.87970911e-10  7.99680040e-01  9.95280902e-01 
 2.88970911e-10  8.77376045e-01  9.09497691e-01 
 2.89789809e-10  9.41734764e-01  8.53633211e-01 
 2.90576788e-10  1.00417240e+00  8.09750735e-01 
 2.91331185e-10  1.06450212e+00  7.73794805e-01 
 2.92157208e-10  1.13099954e+00  7.38332630e-01 
 2.92825182e-10  1.18500841e+00  7.11334036e-01 
 2.93443424e-10  1.23504570e+00  6.86974106e-01 
 2.94163187e-10  1.29289948e+00  6.58894351e-01 
 2.94908771e-10  1.35039258e+00  6.30596455e-01 
 2.95908771e-10  1.41211667e+00  5.97493545e-01 
 2.96578025e-10  1.43669438e+00  5.80853874e-01 
 2.97073529e-10  1.44366919e+00  5.72318927e-01 
 2.97572466e-10  1.44006577e+00  5.67272359e-01 
 2.98194516e-10  1.42107057e+00  5.65980573e-01 
 2.98793749e-10  1.38916511e+00  5.70177325e-01 
 2.99457233e-10  1.34131542e+00  5.81622858e-01 
 3.00243830e-10  1.27212164e+00  6.09920152e-01 
 3.01054145e-10  1.19079544e+00  6.61464624e-01 
 3.02054145e-10  1.08582031e+00  7.35306989e-01 
 3.03054145e-10  9.84568093e-01  8.12072825e-01 
 3.04047577e-10  9.01392447e-01  8.89409477e-01 
 3.04820770e-10  8.49685616e-01  9.50268898e-01 
 3.05631022e-10  8.05065686e-01  1.01463119e+00 
 3.06413425e-10  7.68162404e-01  1.07727888e+00 
 3.07204038e-10  7.34405700e-01  1.14098516e+00 
 3.07848078e-10  7.08369219e-01  1.19307952e+00 
 3.08476074e-10  6.83551321e-01  1.24389644e+00 
 3.09188372e-10  6.55709760e-01  1.30103823e+00 
 3.09965798e-10  6.26350826e-01  1.36025103e+00 
 3.10965798e-10  5.94137004e-01  1.41903991e+00 
 3.11580105e-10  5.79498275e-01  1.43972706e+00 
 3.12058390e-10  5.71619080e-01  1.44546823e+00 
 3.12560487e-10  5.66889305e-01  1.44090897e+00 
 3.13156926e-10  5.66016148e-01  1.42191430e+00 
 3.13775552e-10  5.70741971e-01  1.38842025e+00 
 3.14463614e-10  5.83497258e-01  1.33806394e+00 
 3.15242511e-10  6.14337875e-01  1.26859178e+00 
 3.16083977e-10  6.69456287e-01  1.18368277e+00 
 3.17072828e-10  7.43017364e-01  1.07981281e+00 
 3.18072828e-10  8.19928784e-01  9.79293359e-01 
 3.19056615e-10  8.96597504e-01  8.97821288e-01 
 3.19807884e-10  9.55776138e-01  8.47949666e-01 
 3.20631627e-10  1.02124869e+00  8.02752771e-01 
 3.21431579e-10  1.08533991e+00  7.65129780e-01 
 3.22200010e-10  1.14728371e+00  7.32347122e-01 
 3.22830976e-10  1.19832527e+00  7.06794718e-01 
 3.23465178e-10  1.24963174e+00  6.81660512e-01 
 3.24174379e-10  1.30645251e+00  6.53888060e-01 
 3.24973591e-10  1.36683441e+00  6.23794159e-01 
 3.25973591e-10  1.42383019e+00  5.92117916e-01 
 3.26566622e-10  1.44258944e+00  5.78390672e-01 
 3.27049834e-10  1.44742755e+00  5.70755525e-01 
 3.27560956e-10  1.44161362e+00  5.66359318e-01 
 3.28135991e-10  1.42221122e+00  5.65990243e-01 
 3.28783239e-10  1.38613470e+00  5.71558775e-01 
 3.29503468e-10  1.33215900e+00  5.86298972e-01 
 3.30277903e-10  1.26158896e+00  6.20879250e-01 
 3.31163398e-10  1.17148083e+00  6.80802536e-01 
 3.32137140e-10  1.06906557e+00  7.53860926e-01 
 3.33137140e-10  9.69943788e-01  8.30966700e-01 
 3.34109344e-10  8.91147375e-01  9.06857150e-01 
 3.34833088e-10  8.43947584e-01  9.63940036e-01 
 3.35744064e-10  7.94826437e-01  1.03644611e+00 
 3.36593488e-10  7.55663216e-01  1.10461730e+00 
 3.37295754e-10  7.26104504e-01  1.16129456e+00 
 3.37880893e-10  7.02526832e-01  1.20864636e+00 
 3.38528032e-10  6.76880303e-01  1.26096755e+00 
 3.39227339e-10  6.49518450e-01  1.31678155e+00 
 3.40089455e-10  6.17528538e-01  1.38022340e+00 
 3.41089455e-10  5.87507518e-01  1.43198156e+00 
 3.41678550e-10  5.75200702e-01  1.44651693e+00 
 3.42192129e-10  5.68443523e-01  1.44750665e+00 
 3.42757373e-10  5.65466267e-01  1.43564978e+00 
 3.43289845e-10  5.67066257e-01  1.41289551e+00 
 3.43997599e-10  5.76088028e-01  1.36817586e+00 
 3.44750564e-10  5.97108430e-01  1.30697082e+00 
 3.45510456e-10  6.40162093e-01  1.23392285e+00 
 3.46503565e-10  7.11369157e-01  1.13109609e+00 
 3.47475216e-10  7.85420237e-01  1.02935605e+00 
 3.48475216e-10  8.62980452e-01  9.36667318e-01 
 3.49437590e-10  9.38485303e-01  8.65605787e-01 
 3.50310840e-10  1.00773519e+00  8.14336340e-01 
 3.51102900e-10  1.07109075e+00  7.75323206e-01 
 3.51922025e-10  1.13705120e+00  7.39320143e-01 
 3.52566106e-10  1.18913357e+00  7.12800457e-01 
 3.53181377e-10  1.23893612e+00  6.88176473e-01 
 3.53893355e-10  1.29621315e+00  6.60048079e-01 
 3.54642183e-10  1.35419242e+00  6.31292397e-01 
 3.55642183e-10  1.41674193e+00  5.97732873e-01 
 3.56286418e-10  1.44154672e+00  5.81336102e-01 
 3.56772799e-10  1.44965690e+00  5.72591722e-01 
 3.57269518e-10  1.44746449e+00  5.67194917e-01 
 3.57881623e-10  1.43052856e+00  5.65509028e-01 
 3.58481818e-10  1.40022034e+00  5.69388279e-01 
 3.59142470e-10  1.35415377e+00  5.80627014e-01 
 3.59933083e-10  1.28589842e+00  6.09845559e-01 
 3.60735587e-10  1.20618476e+00  6.61266029e-01 
 3.61735587e-10  1.10170637e+00  7.35125558e-01 
 3.62735587e-10  9.98893842e-01  8.11896279e-01 
 3.63731217e-10  9.12320075e-01  8.89401768e-01 
 3.64508154e-10  8.57915100e-01  9.50528465e-01 
 3.65316939e-10  8.11355017e-01  1.01474077e+00 
 3.66097845e-10  7.73093383e-01  1.07723683e+00 
 3.66891917e-10  7.38178644e-01  1.14119328e+00 
 3.67538372e-10  7.11474591e-01  1.19346702e+00 
 3.68165057e-10  6.86308502e-01  1.24418153e+00 
 3.68878162e-10  6.58080948e-01  1.30148680e+00 
 3.69651704e-10  6.28450979e-01  1.36096588e+00 
 3.70651704e-10  5.95436749e-01  1.42175191e+00 
 3.71268859e-10  5.80153315e-01  1.44427483e+00 
 3.71747516e-10  5.71827410e-01  1.45147532e+00 
 3.72248200e-10  5.66685160e-01  1.44845925e+00 
 3.72846423e-10  5.65384604e-01  1.43111913e+00 
 3.73461306e-10  5.69755244e-01  1.39941321e+00 
 3.74143491e-10  5.82184197e-01  1.35104892e+00 
 3.74924432e-10  6.13497043e-01  1.28265473e+00 
 3.75757647e-10  6.68185537e-01  1.19940354e+00 
 3.76751393e-10  7.42065519e-01  1.09544294e+00 
 3.77751393e-10  8.18986900e-01  9.93204880e-01 
 3.78738066e-10  8.95882561e-01  9.08354609e-01 
 3.79493863e-10  9.55398339e-01  8.55885859e-01 
 3.80314849e-10  1.02062710e+00  8.08876660e-01 
 3.81111037e-10  1.08439305e+00  7.70042565e-01 
 3.81882163e-10  1.14653482e+00  7.36207597e-01 
 3.82513513e-10  1.19759948e+00  7.10104447e-01 
 3.83144668e-10  1.24867322e+00  6.84703093e-01 
 3.83853214e-10  1.30556435e+00  6.56612599e-01 
 3.84643928e-10  1.36600541e+00  6.26386816e-01 
 3.85643928e-10  1.42534934e+00  5.93811542e-01 
 3.86243065e-10  1.44620105e+00  5.79316227e-01 
 3.86719006e-10  1.45263915e+00  5.71290070e-01 
 3.87223744e-10  1.44880576e+00  5.66399082e-01 
 3.87810476e-10  1.43102753e+00  5.65469385e-01 
 3.88439330e-10  1.39792074e+00  5.70371113e-01 
 3.89140558e-10  1.34742175e+00  5.84061938e-01 
 3.89917579e-10  1.27839763e+00  6.17857865e-01 
 3.90776524e-10  1.19209000e+00  6.75474386e-01 
 3.91758915e-10  1.08919687e+00  7.48914731e-01 
 3.92758915e-10  9.87582577e-01  8.25951819e-01 
 3.93737751e-10  9.04368891e-01  9.02298089e-01 
 3.94476086e-10  8.53606647e-01  9.60472559e-01 
 3.95395302e-10  8.01710132e-01  1.03356950e+00 
 3.96230896e-10  7.61772756e-01  1.10057804e+00 
 3.96956615e-10  7.30394453e-01  1.15911318e+00 
 3.97553364e-10  7.05888895e-01  1.20739079e+00 
 3.98193257e-10  6.80185804e-01  1.25914400e+00 
 3.98894704e-10  6.52427619e-01  1.31529660e+00 
 3.99729932e-10  6.20866202e-01  1.37792318e+00 
 4.00729932e-10  5.89635977e-01  1.43311052e+00 
 4.01306573e-10  5.76702198e-01  1.45012630e+00 
 4.01811249e-10  5.69195048e-01  1.45390295e+00 
 4.02351850e-10  5.65328709e-01  1.44583651e+00 
 4.02877472e-10  5.65836935e-01  1.42658838e+00 
 4.03602577e-10  5.73690546e-01  1.38441260e+00 
 4.04357468e-10  5.93130625e-01  1.32575573e+00 
 4.05126682e-10  6.35137355e-01  1.25357450e+00 
 4.06092164e-10  7.03701182e-01  1.15455068e+00 
 4.07060664e-10  7.77277191e-01  1.05286059e+00 
 4.08060664e-10  8.54767050e-01  9.56047081e-01 
 4.09023264e-10  9.30186144e-01  8.80404639e-01 
 4.09787580e-10  9.90674474e-01  8.32090431e-01 
 4.10580829e-10  1.05397732e+00  7.90017237e-01 
 4.11496751e-10  1.12761977e+00  7.47661879e-01 
 4.12184678e-10  1.18321279e+00  7.18511428e-01 
 4.12787615e-10  1.23202144e+00  6.93964896e-01 
 4.13513730e-10  1.29056744e+00  6.64910331e-01 
 4.14219280e-10  1.34598648e+00  6.37372523e-01 
 4.15219280e-10  1.41254070e+00  6.02351026e-01 
 4.15922394e-10  1.44310867e+00  5.83246870e-01 
 4.16426930e-10  1.45370297e+00  5.73455799e-01 
 4.16920305e-10  1.45358831e+00  5.67459037e-01 
 4.17559712e-10  1.43814155e+00  5.65041460e-01 
 4.18140447e-10  1.41051487e+00  5.68329740e-01 
 4.18797799e-10  1.36648682e+00  5.78965408e-01 
 4.19588274e-10  1.29989925e+00  6.07539386e-01 
 4.20373124e-10  1.22295945e+00  6.57389589e-01 
 4.21373124e-10  1.11906612e+00  7.30993273e-01 
 4.22373124e-10  1.01515807e+00  8.07686042e-01 
 4.23373124e-10  9.24898175e-01  8.85504465e-01 
 4.24167143e-10  8.66722872e-01  9.47932834e-01 
 4.24967857e-10  8.18611653e-01  1.01146006e+00 
 4.25739011e-10  7.79378708e-01  1.07313282e+00 
 4.26560002e-10  7.42233699e-01  1.13922381e+00 
 4.27219370e-10  7.14463627e-01  1.19252918e+00 
 4.27839510e-10  6.89222388e-01  1.24271925e+00 
 4.28556594e-10  6.60538357e-01  1.30042679e+00 
 4.29310769e-10  6.31293207e-01  1.35894563e+00 
 4.30310769e-10  5.97424390e-01  1.42195418e+00 
 4.30944005e-10  5.81111173e-01  1.44692266e+00 
 4.31427046e-10  5.72265940e-01  1.45559469e+00 
 4.31924523e-10  5.66731624e-01  1.45405610e+00 
 4.32531720e-10  5.64979151e-01  1.43807236e+00 
 4.33136164e-10  5.68934547e-01  1.40833760e+00 
 4.33806813e-10  5.80776331e-01  1.36229861e+00 
 4.34592084e-10  6.12013677e-01  1.29487212e+00 
 4.35406146e-10  6.65238728e-01  1.21438268e+00 
 4.36406146e-10  7.39413743e-01  1.11024180e+00 
 4.37406146e-10  8.16287293e-01  1.00687150e+00 
 4.38397929e-10  8.93559376e-01  9.18756168e-01 
 4.39161575e-10  9.53657140e-01  8.63592534e-01 
 4.39975366e-10  1.01827168e+00  8.15178269e-01 
 4.40762082e-10  1.08123702e+00  7.75503609e-01 
 4.41553711e-10  1.14499788e+00  7.39872373e-01 
 4.42196039e-10  1.19693563e+00  7.12841941e-01 
 4.42822417e-10  1.24762544e+00  6.87317141e-01 
 4.43534191e-10  1.30485568e+00  6.58822823e-01 
 4.44309161e-10  1.36463404e+00  6.28847023e-01 
 4.45309161e-10  1.42607570e+00  5.95472575e-01 
 4.45918369e-10  1.44899345e+00  5.80157976e-01 
 4.46394280e-10  1.45683227e+00  5.71695580e-01 
 4.46894674e-10  1.45456070e+00  5.66396851e-01 
 4.47489621e-10  1.43820050e+00  5.64988283e-01 
 4.48105887e-10  1.40730884e+00  5.69375133e-01 
 4.48793256e-10  1.35943896e+00  5.82266636e-01 
 4.49573569e-10  1.29158085e+00  6.15491036e-01 
 4.50411035e-10  1.20833852e+00  6.71268715e-01 
 4.51403604e-10  1.10482724e+00  7.45254055e-01 
 4.52403604e-10  1.00184433e+00  8.22236855e-01 
 4.53388573e-10  9.15154747e-01  8.99033553e-01 
 4.54137075e-10  8.61539011e-01  9.57972126e-01 
 4.54963481e-10  8.12692377e-01  1.02361907e+00 
 4.55766975e-10  7.72421007e-01  1.08795955e+00 
 4.56546723e-10  7.37467393e-01  1.15078654e+00 
 4.57180670e-10  7.10821686e-01  1.20205238e+00 
 4.57812473e-10  6.85067604e-01  1.25317034e+00 
 4.58523050e-10  6.56621879e-01  1.31023225e+00 
 4.59316333e-10  6.26067207e-01  1.37095195e+00 
 4.60316333e-10  5.93296682e-01  1.43053161e+00 
 4.60904281e-10  5.78970632e-01  1.45132722e+00 
 4.61388824e-10  5.70740334e-01  1.45816977e+00 
 4.61900149e-10  5.65830573e-01  1.45442184e+00 
 4.62470513e-10  5.65036076e-01  1.43740187e+00 
 4.63120366e-10  5.70399318e-01  1.40351611e+00 
 4.63843752e-10  5.85670402e-01  1.35149875e+00 
 4.64619403e-10  6.22788799e-01  1.28222392e+00 
 4.65505187e-10  6.83605758e-01  1.19319720e+00 
 4.66481270e-10  7.56984243e-01  1.09109645e+00 
 4.67481270e-10  8.34184461e-01  9.89293799e-01 
 4.68453858e-10  9.10143459e-01  9.05900440e-01 
 4.69173436e-10  9.66886326e-01  8.55653280e-01 
 4.70081210e-10  1.03910919e+00  8.03361883e-01 
 4.70935226e-10  1.10762117e+00  7.61740890e-01 
 4.71641401e-10  1.16459341e+00  7.30709024e-01 
 4.72227742e-10  1.21203106e+00  7.06282255e-01 
 4.72873420e-10  1.26425003e+00  6.80032170e-01 
 4.73573240e-10  1.32027171e+00  6.52085826e-01 
 4.74432006e-10  1.38448393e+00  6.19484938e-01 
 4.75432006e-10  1.43890900e+00  5.88409502e-01 
 4.76022183e-10  1.45552312e+00  5.75438631e-01 
 4.76535905e-10  1.45838067e+00  5.68178377e-01 
 4.77103045e-10  1.44846660e+00  5.64767161e-01 
 4.77638913e-10  1.42727432e+00  5.66153941e-01 
 4.78344991e-10  1.38469160e+00  5.75241031e-01 
 4.79100315e-10  1.32493218e+00  5.97940369e-01 
 4.79860964e-10  1.25292104e+00  6.42846825e-01 
 4.80860577e-10  1.15039975e+00  7.15055971e-01 
 4.81833616e-10  1.04848718e+00  7.89300581e-01 
 4.82833616e-10  9.52275290e-01  8.66954804e-01 
 4.83694951e-10  8.84044236e-01  9.34519277e-01 
 4.84458947e-10  8.34664474e-01  9.95002396e-01 
 4.85215568e-10  7.93546317e-01  1.05538521e+00 
 4.86151543e-10  7.49261130e-01  1.13063392e+00 
 4.86852927e-10  7.19030578e-01  1.18731279e+00 
 4.87465408e-10  6.93772125e-01  1.23689103e+00 
 4.88194500e-10  6.64326511e-01  1.29566848e+00 
 4.88910044e-10  6.36229730e-01  1.35182381e+00 
 4.89910044e-10  6.01183726e-01  1.41805429e+00 
 4.90589940e-10  5.82721669e-01  1.44758493e+00 
 4.91087932e-10  5.73024473e-01  1.45826224e+00 
 4.91582963e-10  5.66996854e-01  1.45839855e+00 
 4.92212201e-10  5.64651403e-01  1.44361409e+00 
 4.92800894e-10  5.68111050e-01  1.41604207e+00 
 4.93456553e-10  5.79141176e-01  1.37256453e+00 
 4.94248561e-10  6.09777768e-01  1.30605747e+00 
 4.95039876e-10  6.61040746e-01  1.22871529e+00 
 4.96039876e-10  7.34951227e-01  1.12509970e+00 
 4.97039876e-10  8.11731651e-01  1.02103321e+00 
 4.98037640e-10  8.89434500e-01  9.29675519e-01 
 4.98819683e-10  9.50936740e-01  8.71073634e-01 
 4.99625753e-10  1.01489251e+00  8.21436657e-01 
 5.00403285e-10  1.07707881e+00  7.81008159e-01 
 5.01221226e-10  1.14292444e+00  7.43330851e-01 
 5.01877310e-10  1.19596022e+00  7.15294355e-01 
 5.02498475e-10  1.24622876e+00  6.89714573e-01 
 5.03214764e-10  1.30388111e+00  6.60805794e-01 
 5.03973040e-10  1.36278760e+00  6.31194047e-01 
 5.04973040e-10  1.42604122e+00  5.97123753e-01 
 5.05594004e-10  1.45092471e+00  5.80995350e-01 
 5.06072941e-10  1.46000638e+00  5.72100445e-01 
 5.06570409e-10  1.45900978e+00  5.66457485e-01 
 5.07172228e-10  1.44386105e+00  5.64640689e-01 
 5.07779541e-10  1.41468207e+00  5.68630868e-01 
 5.08455626e-10  1.36892671e+00  5.80899165e-01 
 5.09239447e-10  1.30197825e+00  6.13758531e-01 
 5.10058127e-10  1.22136561e+00  6.67986797e-01 
 5.11058127e-10  1.11750708e+00  7.42344841e-01 
 5.12058127e-10  1.01378600e+00  8.19272256e-01 
 5.13048149e-10  9.24305773e-01  8.96442646e-01 
 5.13804693e-10  8.68287342e-01  9.55982461e-01 
 5.14623270e-10  8.18321095e-01  1.02096868e+00 
 5.15416448e-10  7.77418608e-01  1.08444410e+00 
 5.16212013e-10  7.40967451e-01  1.14851462e+00 
 5.16854815e-10  7.13538290e-01  1.20048297e+00 
 5.17481938e-10  6.87702661e-01  1.25122547e+00 
 5.18194687e-10  6.58931286e-01  1.30853860e+00 
 5.18972698e-10  6.28642216e-01  1.36861497e+00 
 5.19972698e-10  5.95092064e-01  1.43026731e+00 
 5.20566089e-10  5.80053115e-01  1.45298467e+00 
 5.21040365e-10  5.71493102e-01  1.46128667e+00 
 5.21541791e-10  5.66082945e-01  1.45952906e+00 
 5.22126867e-10  5.64616659e-01  1.44411937e+00 
 5.22750666e-10  5.69067957e-01  1.41357353e+00 
 5.23446069e-10  5.82520634e-01  1.36575448e+00 
 5.24225197e-10  6.17399025e-01  1.29827769e+00 
 5.25071362e-10  6.74434979e-01  1.21446659e+00 
 5.26060613e-10  7.48358282e-01  1.11153893e+00 
 5.27060613e-10  8.25407840e-01  1.00816255e+00 
 5.28043018e-10  9.02049510e-01  9.20264633e-01 
 5.28784864e-10  9.60473601e-01  8.65863595e-01 
 5.29706324e-10  1.03370494e+00  8.10520452e-01 
 5.30537907e-10  1.10035404e+00  7.68649979e-01 
 5.31272056e-10  1.15954114e+00  7.35591007e-01 
 5.31872401e-10  1.20809577e+00  7.10168430e-01 
 5.32508377e-10  1.25954387e+00  6.84024290e-01 
 5.33210122e-10  1.31586856e+00  6.55738928e-01 
 5.34033046e-10  1.37855325e+00  6.23964532e-01 
 5.35033046e-10  1.43684273e+00  5.91525462e-01 
 5.35607984e-10  1.45629947e+00  5.77818739e-01 
 5.36108505e-10  1.46244853e+00  5.69655888e-01 
 5.36639282e-10  1.45719560e+00  5.65119288e-01 
 5.37177441e-10  1.43999797e+00  5.65000098e-01 
 5.37878976e-10  1.40214331e+00  5.71938575e-01 
 5.38659879e-10  1.34407172e+00  5.92008954e-01 
 5.39437409e-10  1.27263759e+00  6.35208473e-01 
 5.40394934e-10  1.17549929e+00  7.03358856e-01 
 5.41368868e-10  1.07354232e+00  7.77309718e-01 
 5.42368868e-10  9.73681393e-01  8.54827476e-01 
 5.43334306e-10  8.93626045e-01  9.30452407e-01 
 5.44097657e-10  8.42370199e-01  9.90826674e-01 
 5.44894004e-10  7.97696489e-01  1.05433570e+00 
 5.45811477e-10  7.53315242e-01  1.12806067e+00 
 5.46499589e-10  7.23157132e-01  1.18364330e+00 
 5.47095495e-10  6.98268408e-01  1.23187399e+00 
 5.47824245e-10  6.68529770e-01  1.29069518e+00 
 5.48518645e-10  6.40933053e-01  1.34563257e+00 
 5.49518645e-10  6.04856521e-01  1.41447123e+00 
 5.50232116e-10  5.84542046e-01  1.44811202e+00 
 5.50738904e-10  5.74047539e-01  1.46084559e+00 
 5.51230911e-10  5.67466285e-01  1.46282665e+00 
 5.51805634e-10  5.64441409e-01  1.45202783e+00 
 5.52363319e-10  5.66514339e-01  1.42907084e+00 
 5.53040663e-10  5.76264874e-01  1.38745216e+00 
 5.53812367e-10  6.02575136e-01  1.32568497e+00 
 5.54579683e-10  6.50187237e-01  1.25259969e+00 
 5.55579683e-10  7.23227956e-01  1.15001487e+00 
 5.56577409e-10  7.99552296e-01  1.04570477e+00 
 5.57577409e-10  8.77320863e-01  9.49854336e-01 
 5.58404413e-10  9.42255679e-01  8.84207267e-01 
 5.59186446e-10  1.00420831e+00  8.33338398e-01 
 5.59934629e-10  1.06395193e+00  7.92399472e-01 
 5.60880268e-10  1.14000550e+00  7.47273982e-01 
 5.61580197e-10  1.19657310e+00  7.16850425e-01 
 5.62209893e-10  1.24753110e+00  6.90670336e-01 
 5.62933913e-10  1.30582244e+00  6.61264057e-01 
 5.63678539e-10  1.36382759e+00  6.32020271e-01 
 5.64678539e-10  1.42785521e+00  5.97615018e-01 
 5.65298212e-10  1.45341930e+00  5.81272494e-01 
 5.65777268e-10  1.46314729e+00  5.72181097e-01 
 5.66274608e-10  1.46282792e+00  5.66359792e-01 
 5.66876677e-10  1.44845275e+00  5.64376966e-01 
 5.67483691e-10  1.42000847e+00  5.68275854e-01 
 5.68158438e-10  1.37505648e+00  5.80578504e-01 
 5.68943407e-10  1.30854352e+00  6.14174302e-01 
 5.69761038e-10  1.22842331e+00  6.68587566e-01 
 5.70761038e-10  1.12483460e+00  7.42992505e-01 
 5.71761038e-10  1.02086490e+00  8.19934751e-01 
 5.72750845e-10  9.29986353e-01  8.97109065e-01 
 5.73506529e-10  8.72799179e-01  9.56578320e-01 
 5.74325789e-10  8.21671877e-01  1.02160877e+00 
 5.75119877e-10  7.79908805e-01  1.08514769e+00 
 5.75917066e-10  7.42798056e-01  1.14934061e+00 
 5.76561086e-10  7.14976889e-01  1.20140197e+00 
 5.77187447e-10  6.88927493e-01  1.25208221e+00 
 5.77900445e-10  6.59935884e-01  1.30944209e+00 
 5.78677303e-10  6.29485476e-01  1.36960865e+00 
 5.79677303e-10  5.95607681e-01  1.43197066e+00 
 5.80268843e-10  5.80393431e-01  1.45527273e+00 
 5.80743494e-10  5.71648486e-01  1.46418024e+00 
 5.81244905e-10  5.66076073e-01  1.46305948e+00 
 5.81828587e-10  5.64470380e-01  1.44841218e+00 
 5.82453293e-10  5.68857896e-01  1.41854451e+00 
 5.83149018e-10  5.82462871e-01  1.37139206e+00 
 5.83928233e-10  6.18146696e-01  1.30438153e+00 
 5.84773293e-10  6.75378971e-01  1.22105308e+00 
 5.85763750e-10  7.49432136e-01  1.11824433e+00 
 5.86763750e-10  8.26490315e-01  1.01455879e+00 
 5.87746305e-10  9.03151725e-01  9.25340806e-01 
 5.88487167e-10  9.61487091e-01  8.69901183e-01 
 5.89408242e-10  1.03466665e+00  8.13444087e-01 
 5.90240133e-10  1.10132078e+00  7.70811609e-01 
 5.90974861e-10  1.16053806e+00  7.37257421e-01 
 5.91575573e-10  1.20911055e+00  7.11538875e-01 
 5.92210952e-10  1.26050486e+00  6.85198051e-01 
 5.92912772e-10  1.31686730e+00  6.56721859e-01 
 5.93734229e-10  1.37970165e+00  6.24780536e-01 
 5.94734229e-10  1.43888596e+00  5.91970653e-01 
 5.95308824e-10  1.45907125e+00  5.78028396e-01 
 5.95808836e-10  1.46592595e+00  5.69664811e-01 
 5.96338636e-10  1.46144930e+00  5.64937261e-01 
 5.96877358e-10  1.44497387e+00  5.64656918e-01 
 5.97576679e-10  1.40811389e+00  5.71452331e-01 
 5.98360258e-10  1.35061077e+00  5.91805780e-01 
 5.99136083e-10  1.27983885e+00  6.35269840e-01 
 6.00093953e-10  1.18306366e+00  7.03527549e-01 
 6.01066902e-10  1.08136724e+00  7.77408409e-01 
 6.02066902e-10  9.80571677e-01  8.54944610e-01 
 6.03032554e-10  8.98931843e-01  9.30593354e-01 
 6.03795910e-10  8.46484122e-01  9.90961886e-01 
 6.04592361e-10  8.00812506e-01  1.05447055e+00 
 6.05510436e-10  7.55588635e-01  1.12823510e+00 
 6.06198414e-10  7.25014211e-01  1.18380203e+00 
 6.06792596e-10  6.99929593e-01  1.23189236e+00 
 6.07521812e-10  6.69927384e-01  1.29077090e+00 
 6.08213366e-10  6.42250582e-01  1.34559669e+00 
 6.09213366e-10  6.05807249e-01  1.41514663e+00 
 6.09929901e-10  5.85088770e-01  1.44979447e+00 
 6.10437372e-10  5.74356092e-01  1.46324902e+00 
 6.10929027e-10  5.67578610e-01  1.46593933e+00 
 6.11502127e-10  5.64361468e-01  1.45599888e+00 
 6.12057500e-10  5.66271867e-01  1.43391949e+00 
 6.12736930e-10  5.75985194e-01  1.39302408e+00 
 6.13507496e-10  6.02720148e-01  1.33200933e+00 
 6.14273185e-10  6.50463299e-01  1.25954629e+00 
 6.15273185e-10  7.23533677e-01  1.15732255e+00 
 6.16267978e-10  7.99620872e-01  1.05336781e+00 
 6.17267978e-10  8.77391303e-01  9.56270375e-01 
 6.18097395e-10  9.42500070e-01  8.89079184e-01 
 6.18878060e-10  1.00432148e+00  8.37175630e-01 
 6.19624623e-10  1.06391248e+00  7.95478549e-01 
 6.20571013e-10  1.13999869e+00  7.49560946e-01 
 6.21271691e-10  1.19660999e+00  7.18728864e-01 
 6.21898300e-10  1.24731071e+00  6.92437019e-01 
 6.22623198e-10  1.30570235e+00  6.62784128e-01 
 6.23361957e-10  1.36348043e+00  6.33556280e-01 
 6.24361957e-10  1.42863594e+00  5.98675945e-01 
 6.24988687e-10  1.45551228e+00  5.81790699e-01 
 6.25469692e-10  1.46610085e+00  5.72401354e-01 
 6.25965905e-10  1.46664514e+00  5.66342449e-01 
 6.26571659e-10  1.45315784e+00  5.64095356e-01 
 6.27174681e-10  1.42577463e+00  5.67781756e-01 
 6.27845123e-10  1.38200376e+00  5.79862676e-01 
 6.28631938e-10  1.31610126e+00  6.13653811e-01 
 6.29442624e-10  1.23717004e+00  6.67606743e-01 
 6.30442624e-10  1.13390285e+00  7.41965105e-01 
 6.31442624e-10  1.02972143e+00  8.18886810e-01 
 6.32434047e-10  9.37051266e-01  8.96192520e-01 
 6.33193319e-10  8.78161183e-01  9.55930821e-01 
 6.34009515e-10  8.25942190e-01  1.02069753e+00 
 6.34799557e-10  7.83449270e-01  1.08389214e+00 
 6.35604882e-10  7.45287357e-01  1.14872322e+00 
 6.36252750e-10  7.16935121e-01  1.20108736e+00 
 6.36876831e-10  6.90731126e-01  1.25158302e+00 
 6.37590925e-10  6.61480126e-01  1.30906879e+00 
 6.38360708e-10  6.31074448e-01  1.36895320e+00 
 6.39360708e-10  5.96714824e-01  1.43247305e+00 
 6.39954847e-10  5.81083710e-01  1.45689289e+00 
 6.40425226e-10  5.72123681e-01  1.46665527e+00 
 6.40922752e-10  5.66267984e-01  1.46663566e+00 
 6.41512325e-10  5.64303226e-01  1.45304817e+00 
 6.42126567e-10  5.68300750e-01  1.42483619e+00 
 6.42811300e-10  5.81269283e-01  1.37967199e+00 
 6.43593078e-10  6.16510275e-01  1.31357289e+00 
 6.44421601e-10  6.72331501e-01  1.23259445e+00 
 6.45420427e-10  7.46841804e-01  1.12932369e+00 
 6.46420427e-10  8.23836660e-01  1.02528505e+00 
 6.47407939e-10  9.00861810e-01  9.33663437e-01 
 6.48157146e-10  9.59821326e-01  8.76023432e-01 
 6.48982033e-10  1.02528938e+00  8.23631048e-01 
 6.49783602e-10  1.08941826e+00  7.80822814e-01 
 6.50570896e-10  1.15280170e+00  7.43696783e-01 
 6.51207883e-10  1.20427951e+00  7.15870643e-01 
 6.51836408e-10  1.25512058e+00  6.89487028e-01 
 6.52547539e-10  1.31233233e+00  6.60361654e-01 
 6.53331773e-10  1.37314497e+00  6.29437624e-01 
 6.54331773e-10  1.43578544e+00  5.95370681e-01 
 6.54920819e-10  1.45927841e+00  5.80121864e-01 
 6.55400002e-10  1.46849997e+00  5.71240356e-01 
 6.55905546e-10  1.46752062e+00  5.65634087e-01 
 6.56482563e-10  1.45324346e+00  5.64119382e-01 
 6.57118184e-10  1.42307180e+00  5.68799902e-01 
 6.57827769e-10  1.37503556e+00  5.83510523e-01 
 6.58605741e-10  1.30791062e+00  6.21298722e-01 
 6.59469699e-10  1.22271634e+00  6.80653959e-01 
 6.60453531e-10  1.12068082e+00  7.54480868e-01 
 6.61453531e-10  1.01694730e+00  8.31646087e-01 
 6.62431319e-10  9.27503261e-01  9.08009380e-01 
 6.63158883e-10  8.72315898e-01  9.65331616e-01 
 6.64072823e-10  8.15341383e-01  1.03797048e+00 
 6.64917172e-10  7.71369699e-01  1.10564289e+00 
 6.65644836e-10  7.37692911e-01  1.16430408e+00 
 6.66240636e-10  7.11888332e-01  1.21248426e+00 
 6.66879336e-10  6.85155547e-01  1.26414753e+00 
 6.67580771e-10  6.56491731e-01  1.32047306e+00 
 6.68415282e-10  6.23919977e-01  1.38419119e+00 
 6.69415282e-10  5.91205936e-01  1.44285632e+00 
 6.69995846e-10  5.77295238e-01  1.46273278e+00 
 6.70501972e-10  5.69079742e-01  1.46904571e+00 
 6.71049626e-10  5.64620839e-01  1.46348704e+00 
 6.71561806e-10  5.64815929e-01  1.44711529e+00 
 6.72303284e-10  5.73047043e-01  1.40717916e+00 
 6.73044049e-10  5.94626065e-01  1.35200711e+00 
 6.73810426e-10  6.39373481e-01  1.28189772e+00 
 6.74778181e-10  7.08939790e-01  1.18426730e+00 
 6.75747772e-10  7.82708606e-01  1.08309624e+00 
 6.76747772e-10  8.60306303e-01  9.82131550e-01 
 6.77711364e-10  9.35829089e-01  9.00135585e-01 
 6.78486379e-10  9.97138904e-01  8.46457758e-01 
 6.79259404e-10  1.05878966e+00  8.01694422e-01 
 6.80191810e-10  1.13370667e+00  7.55254996e-01 
 6.80884223e-10  1.18962849e+00  7.24203993e-01 
 6.81490845e-10  1.23871520e+00  6.98397066e-01 
 6.82217891e-10  1.29738319e+00  6.68318838e-01 
 6.82926050e-10  1.35337656e+00  6.39901381e-01 
 6.83926050e-10  1.42199663e+00  6.03684591e-01 
 6.84606409e-10  1.45430754e+00  5.84224631e-01 
 6.85103223e-10  1.46734383e+00  5.73800213e-01 
 6.85595166e-10  1.46996452e+00  5.67102291e-01 
 6.86226018e-10  1.45821740e+00  5.63991906e-01 
 6.86808518e-10  1.43356500e+00  5.66904690e-01 
 6.87467575e-10  1.39248008e+00  5.77804623e-01 
 6.88259049e-10  1.32812675e+00  6.09850849e-01 
 6.89043091e-10  1.25292608e+00  6.61133907e-01 
 6.90043091e-10  1.15031937e+00  7.35072373e-01 
 6.91043091e-10  1.04595737e+00  8.11829766e-01 
 6.92043091e-10  9.49886367e-01  8.89738808e-01 
 6.92829664e-10  8.86665774e-01  9.51564891e-01 
 6.93633653e-10  8.33418028e-01  1.01529926e+00 
 6.94408824e-10  7.90358473e-01  1.07724121e+00 
 6.95239840e-10  7.49989314e-01  1.14408714e+00 
 6.95901063e-10  7.20582623e-01  1.19750608e+00 
 6.96518827e-10  6.94361614e-01  1.24748586e+00 
 6.97237079e-10  6.64693597e-01  1.30537015e+00 
 6.97986213e-10  6.34792023e-01  1.36412460e+00 
 6.98986213e-10  5.99516658e-01  1.43002985e+00 
 6.99609826e-10  5.82419596e-01  1.45760213e+00 
 7.00088713e-10  5.72826452e-01  1.46893316e+00 
 7.00583710e-10  5.66537405e-01  1.47035038e+00 
 7.01187843e-10  5.64039271e-01  1.45795904e+00 
 7.01789375e-10  5.67528564e-01  1.43163965e+00 
 7.02458114e-10  5.79525648e-01  1.38895854e+00 
 7.03245716e-10  6.13818358e-01  1.32377991e+00 
 7.04052137e-10  6.67613963e-01  1.24580800e+00 
 7.05052137e-10  7.41952939e-01  1.14290367e+00 
 7.06052137e-10  8.18847250e-01  1.03863631e+00 
 7.07045231e-10  8.96275783e-01  9.44265995e-01 
 7.07808464e-10  9.56301160e-01  8.83641261e-01 
 7.08621967e-10  1.02081955e+00  8.30293753e-01 
 7.09408406e-10  1.08369076e+00  7.87022119e-01 
 7.10214286e-10  1.14853244e+00  7.48117014e-01 
 7.10861228e-10  1.20079861e+00  7.19400019e-01 
 7.11483436e-10  1.25113012e+00  6.92989524e-01 
 7.12196814e-10  1.30859136e+00  6.63519247e-01 
 7.12961011e-10  1.36834592e+00  6.33059502e-01 
 7.13961011e-10  1.43331634e+00  5.98094496e-01 
 7.14570611e-10  1.45955297e+00  5.81635480e-01 
 7.15045590e-10  1.47029224e+00  5.72302341e-01 
 7.15542969e-10  1.47118091e+00  5.66184778e-01 
 7.16139566e-10  1.45839571e+00  5.63960793e-01 
 7.16749355e-10  1.43124459e+00  5.67784232e-01 
 7.17430252e-10  1.38721553e+00  5.80629576e-01 
 7.18213637e-10  1.32170244e+00  6.16263213e-01 
 7.19038139e-10  1.24161931e+00  6.71896854e-01 
 7.20038139e-10  1.13854951e+00  7.46484180e-01 
 7.21038139e-10  1.03436550e+00  8.23476084e-01 
 7.22026934e-10  9.41002121e-01  9.00621255e-01 
 7.22777406e-10  8.81779585e-01  9.59676954e-01 
 7.23602016e-10  8.28010948e-01  1.02511138e+00 
 7.24403145e-10  7.84201599e-01  1.08919375e+00 
 7.25199241e-10  7.45942241e-01  1.15327790e+00 
 7.25839238e-10  7.17583954e-01  1.20499581e+00 
 7.26466217e-10  6.90979330e-01  1.25571293e+00 
 7.27178539e-10  6.61563425e-01  1.31304691e+00 
 7.27958226e-10  6.30586884e-01  1.37369512e+00 
 7.28958226e-10  5.96141790e-01  1.43714340e+00 
 7.29545769e-10  5.80674500e-01  1.46131960e+00 
 7.30024746e-10  5.71584409e-01  1.47123524e+00 
 7.30529680e-10  5.65783823e-01  1.47101544e+00 
 7.31106049e-10  5.64091057e-01  1.45759955e+00 
 7.31740849e-10  5.68659283e-01  1.42833497e+00 
 7.32449077e-10  5.83484635e-01  1.38122315e+00 
 7.33227563e-10  6.21910049e-01  1.31466660e+00 
 7.34088474e-10  6.81227383e-01  1.23024216e+00 
 7.35073926e-10  7.55178087e-01  1.12832757e+00 
 7.36073926e-10  8.32333359e-01  1.02439932e+00 
 7.37052550e-10  9.08761675e-01  9.33474069e-01 
 7.37781068e-10  9.66141145e-01  8.76991448e-01 
 7.38695633e-10  1.03879947e+00  8.18716871e-01 
 7.39538641e-10  1.10633636e+00  7.73972349e-01 
 7.40268428e-10  1.16514590e+00  7.39678636e-01 
 7.40865671e-10  1.21342668e+00  7.13503872e-01 
 7.41503411e-10  1.26500267e+00  6.86568353e-01 
 7.42205110e-10  1.32137926e+00  6.57689181e-01 
 7.43036359e-10  1.38514990e+00  6.24992411e-01 
 7.44036359e-10  1.44489454e+00  5.91836133e-01 
 7.44615144e-10  1.46563783e+00  5.77660446e-01 
 7.45119868e-10  1.47285243e+00  5.69189614e-01 
 7.45663957e-10  1.46836950e+00  5.64468730e-01 
 7.46180117e-10  1.45279558e+00  5.64429926e-01 
 7.46913321e-10  1.41449085e+00  5.72312377e-01 
 7.47661633e-10  1.35969650e+00  5.94161422e-01 
 7.48430467e-10  1.28996993e+00  6.39209084e-01 
 7.49394785e-10  1.19313092e+00  7.08545787e-01 
 7.50365776e-10  1.09199675e+00  7.82405662e-01 
 7.51365776e-10  9.90176264e-01  8.60012013e-01 
 7.52330069e-10  9.06398131e-01  9.35595434e-01 
 7.53104140e-10  8.51400674e-01  9.96820152e-01 
 7.53878824e-10  8.05421094e-01  1.05859026e+00 
 7.54811135e-10  7.58030361e-01  1.13348640e+00 
 7.55503505e-10  7.26491884e-01  1.18939733e+00 
 7.56106967e-10  7.00507945e-01  1.23822641e+00 
 7.56835091e-10  6.70105619e-01  1.29700298e+00 
 7.57538389e-10  6.41656711e-01  1.35275063e+00 
 7.58538389e-10  6.04996291e-01  1.42225241e+00 
 7.59223027e-10  5.85040205e-01  1.45577846e+00 
 7.59720764e-10  5.74321884e-01  1.46968319e+00 
 7.60211718e-10  5.67379841e-01  1.47317623e+00 
 7.60844799e-10  5.63984444e-01  1.46246897e+00 
 7.61424458e-10  5.66703535e-01  1.43884813e+00 
 7.62084540e-10  5.77558143e-01  1.39861977e+00 
 7.62875459e-10  6.10060462e-01  1.33505535e+00 
 7.63656918e-10  6.61317527e-01  1.26061388e+00 
 7.64656918e-10  7.35251008e-01  1.15837809e+00 
 7.65656918e-10  8.11985853e-01  1.05407135e+00 
 7.66656918e-10  8.89890698e-01  9.56724818e-01 
 7.67447009e-10  9.51973808e-01  8.91875557e-01 
 7.68248895e-10  1.01551238e+00  8.37554501e-01 
 7.69021446e-10  1.07721468e+00  7.93717509e-01 
 7.69855250e-10  1.14425427e+00  7.52495508e-01 
 7.70517815e-10  1.19776094e+00  7.22633027e-01 
 7.71134065e-10  1.24760522e+00  6.96208824e-01 
 7.71852571e-10  1.30552588e+00  6.66297266e-01 
 7.72597542e-10  1.36414042e+00  6.36338385e-01 
 7.73597542e-10  1.43107968e+00  6.00598121e-01 
 7.74229366e-10  1.45998479e+00  5.82927235e-01 
 7.74710816e-10  1.47214859e+00  5.73034065e-01 
 7.75205283e-10  1.47436972e+00  5.66519387e-01 
 7.75813375e-10  1.46281065e+00  5.63782016e-01 
 7.76411922e-10  1.43742752e+00  5.67113265e-01 
 7.77077987e-10  1.39573573e+00  5.79023636e-01 
 7.77867000e-10  1.33111933e+00  6.13751789e-01 
 7.78669207e-10  1.25402407e+00  6.67372147e-01 
 7.79669207e-10  1.15144375e+00  7.41705847e-01 
 7.80669207e-10  1.04716505e+00  8.18591281e-01 
 7.81663193e-10  9.51308782e-01  8.96102993e-01 
 7.82427937e-10  8.89167289e-01  9.56241421e-01 
 7.83240526e-10  8.34574599e-01  1.02067208e+00 
 7.84025818e-10  7.90389052e-01  1.08343603e+00 
 7.84838745e-10  7.50423623e-01  1.14883154e+00 
 7.85488379e-10  7.21188480e-01  1.20130781e+00 
 7.86109205e-10  6.94559250e-01  1.25152469e+00 
 7.86823627e-10  6.64808912e-01  1.30908940e+00 
 7.87583879e-10  6.34288977e-01  1.36869253e+00 
 7.88583879e-10  5.98946963e-01  1.43444686e+00 
 7.89193157e-10  5.82222338e-01  1.46144202e+00 
 7.89667732e-10  5.72677168e-01  1.47287355e+00 
 7.90164238e-10  5.66355002e-01  1.47453031e+00 
 7.90761120e-10  5.63919028e-01  1.46263708e+00 
 7.91369142e-10  5.67591121e-01  1.43641572e+00 
 7.92047691e-10  5.80400652e-01  1.39338364e+00 
 7.92832049e-10  6.16528958e-01  1.32846301e+00 
 7.93652453e-10  6.72006461e-01  1.24925926e+00 
 7.94652453e-10  7.46582745e-01  1.14651167e+00 
 7.95652453e-10  8.23554982e-01  1.04229700e+00 
 7.96642217e-10  9.00773993e-01  9.47516188e-01 
 7.97395186e-10  9.60008571e-01  8.86828277e-01 
 7.98217554e-10  1.02523731e+00  8.32000224e-01 
 7.99015718e-10  1.08905386e+00  7.87445242e-01 
 7.99815052e-10  1.15337219e+00  7.48376944e-01 
 8.00456909e-10  1.20522272e+00  7.19568096e-01 
 8.01082370e-10  1.25580688e+00  6.92766829e-01 
 8.01794978e-10  1.31318664e+00  6.63115381e-01 
 8.02569985e-10  1.37370337e+00  6.32088495e-01 
 8.03569985e-10  1.43824923e+00  5.97169130e-01 
 8.04160071e-10  1.46351462e+00  5.81290511e-01 
 8.04634949e-10  1.47427551e+00  5.71983414e-01 
 8.05136102e-10  1.47514487e+00  5.65900099e-01 
 8.05718530e-10  1.46276702e+00  5.63857419e-01 
 8.06343210e-10  1.43512673e+00  5.68044421e-01 
 8.07041278e-10  1.38992989e+00  5.82254114e-01 
 8.07821391e-10  1.32432402e+00  6.20290932e-01 
 8.08667457e-10  1.24207032e+00  6.78347996e-01 
 8.09658968e-10  1.13993093e+00  7.52616739e-01 
 8.10658968e-10  1.03581106e+00  8.29715680e-01 
 8.11641448e-10  9.42610380e-01  9.06432042e-01 
 8.12377326e-10  8.83909848e-01  9.64365353e-01 
 8.13296045e-10  8.23736033e-01  1.03731698e+00 
 8.14132118e-10  7.78282025e-01  1.10426705e+00 
 8.14874829e-10  7.42701203e-01  1.16409619e+00 
 8.15477946e-10  7.15888720e-01  1.21284071e+00 
 8.16112142e-10  6.88815927e-01  1.26412866e+00 
 8.16815140e-10  6.59641004e-01  1.32065421e+00 
 8.17633925e-10  6.27126805e-01  1.38386806e+00 
 8.18633925e-10  5.93340312e-01  1.44517749e+00 
 8.19206740e-10  5.78837053e-01  1.46710362e+00 
 8.19707836e-10  5.69961308e-01  1.47571646e+00 
 8.20241495e-10  5.64796315e-01  1.47301863e+00 
 8.20770698e-10  5.64262861e-01  1.45861204e+00 
 8.21480132e-10  5.71222281e-01  1.42343257e+00 
 8.22253490e-10  5.93124089e-01  1.36844526e+00 
 8.23029779e-10  6.38376073e-01  1.29894658e+00 
 8.23986122e-10  7.07008050e-01  1.20348039e+00 
 8.24961101e-10  7.81092356e-01  1.10215191e+00 
 8.25961101e-10  8.58664607e-01  9.99542597e-01 
 8.26927202e-10  9.34364166e-01  9.13742017e-01 
 8.27694641e-10  9.95025711e-01  8.57665552e-01 
 8.28482612e-10  1.05781433e+00  8.09640259e-01 
 8.29407026e-10  1.13203443e+00  7.61657642e-01 
 8.30096622e-10  1.18769446e+00  7.29731849e-01 
 8.30692655e-10  1.23590743e+00  7.03745979e-01 
 8.31421745e-10  1.29478241e+00  6.73005985e-01 
 8.32114696e-10  1.34990953e+00  6.44717619e-01 
 8.33114696e-10  1.42087539e+00  6.07392886e-01 
 8.33822718e-10  1.45712763e+00  5.86163443e-01 
 8.34327213e-10  1.47235602e+00  5.74911676e-01 
 8.34817804e-10  1.47696824e+00  5.67620411e-01 
 8.35390871e-10  1.46924011e+00  5.63914892e-01 
 8.35946881e-10  1.44913977e+00  5.65548864e-01 
 8.36626409e-10  1.41042341e+00  5.75393922e-01 
 8.37397718e-10  1.35093806e+00  6.04420720e-01 
 8.38163184e-10  1.27965892e+00  6.53224962e-01 
 8.39163184e-10  1.17841691e+00  7.26555423e-01 
 8.40159304e-10  1.07465534e+00  8.02775680e-01 
 8.41159304e-10  9.74605472e-01  8.80597246e-01 
 8.41983472e-10  9.03987410e-01  9.45292757e-01 
 8.42766600e-10  8.48460381e-01  1.00727320e+00 
 8.43516189e-10  8.03951328e-01  1.06706574e+00 
 8.44462986e-10  7.55613608e-01  1.14313486e+00 
 8.45162505e-10  7.23595923e-01  1.19961791e+00 
 8.45786802e-10  6.96587107e-01  1.25011036e+00 
 8.46512189e-10  6.66210636e-01  1.30858084e+00 
 8.47247826e-10  6.36504182e-01  1.36648541e+00 
 8.48247826e-10  6.00616975e-01  1.43361602e+00 
 8.48870170e-10  5.83104378e-01  1.46239547e+00 
 8.49349156e-10  5.73157646e-01  1.47486721e+00 
 8.49843982e-10  5.66547085e-01  1.47749961e+00 
 8.50448397e-10  5.63756277e-01  1.46653738e+00 
 8.51049560e-10  5.67114608e-01  1.44155692e+00 
 8.51718082e-10  5.79360772e-01  1.40017794e+00 
 8.52506429e-10  6.15154406e-01  1.33589588e+00 
 8.53312182e-10  6.69400773e-01  1.25871520e+00 
 8.54312182e-10  7.43838358e-01  1.15635234e+00 
 8.55312182e-10  8.20749805e-01  1.05213457e+00 
 8.56304732e-10  8.98170318e-01  9.55609855e-01 
 8.57065441e-10  9.57991935e-01  8.92866826e-01 
 8.57880326e-10  1.02259555e+00  8.37194735e-01 
 8.58668663e-10  1.08559283e+00  7.92145841e-01 
 8.59479732e-10  1.15082733e+00  7.51745657e-01 
 8.60129494e-10  1.20330325e+00  7.22187841e-01 
 8.60751034e-10  1.25356803e+00  6.95297279e-01 
 8.61465505e-10  1.31113481e+00  6.65348428e-01 
 8.62228572e-10  1.37100751e+00  6.34555543e-01 
 8.63228572e-10  1.43702435e+00  5.99031296e-01 
 8.63828972e-10  1.46401064e+00  5.82417102e-01 
 8.64300255e-10  1.47581477e+00  5.72806592e-01 
 8.64796140e-10  1.47799457e+00  5.66360988e-01 
 8.65389299e-10  1.46683318e+00  5.63813409e-01 
 8.65998372e-10  1.44122438e+00  5.67428972e-01 
 8.66678095e-10  1.39873097e+00  5.80429173e-01 
 8.67461820e-10  1.33430679e+00  6.17230448e-01 
 8.68281832e-10  1.25549266e+00  6.72903253e-01 
 8.69281832e-10  1.15299811e+00  7.47518843e-01 
 8.70281832e-10  1.04880499e+00  8.24495509e-01 
 8.71271242e-10  9.53007629e-01  9.01699963e-01 
 8.72022711e-10  8.91336843e-01  9.60811743e-01 
 8.72845329e-10  8.35400482e-01  1.02604568e+00 
 8.73643925e-10  7.90000267e-01  1.08988147e+00 
 8.74444126e-10  7.50291466e-01  1.15425476e+00 
 8.75086192e-10  7.21124977e-01  1.20611134e+00 
 8.75711366e-10  6.94082949e-01  1.25666497e+00 
 8.76424078e-10  6.64212392e-01  1.31406462e+00 
 8.77198622e-10  6.33005602e-01  1.37467442e+00 
 8.78198622e-10  5.97772756e-01  1.43984914e+00 
 8.78787456e-10  5.81711120e-01  1.46567249e+00 
 8.79262829e-10  5.72217657e-01  1.47701607e+00 
 8.79764146e-10  5.65969584e-01  1.47849843e+00 
 8.80345215e-10  5.63786834e-01  1.46684856e+00 
 8.80970909e-10  5.67909568e-01  1.43986207e+00 
 8.81669716e-10  5.82328383e-01  1.39525650e+00 
 8.82449887e-10  6.20957715e-01  1.33011521e+00 
 8.83296899e-10  6.79248166e-01  1.24813975e+00 
 8.84287869e-10  7.53499450e-01  1.14629836e+00 
 8.85287869e-10  8.30600644e-01  1.04216643e+00 
 8.86270200e-10  9.07318455e-01  9.47917844e-01 
 8.87005957e-10  9.65238054e-01  8.88177216e-01 
 8.87924577e-10  1.03816744e+00  8.26867011e-01 
 8.88761061e-10  1.10513622e+00  7.80605808e-01 
 8.89500988e-10  1.16472841e+00  7.44649186e-01 
 8.90102470e-10  1.21333118e+00  7.17596745e-01 
 8.90736370e-10  1.26459002e+00  6.90286489e-01 
 8.91438558e-10  1.32107316e+00  6.60935765e-01 
 8.92256953e-10  1.38446491e+00  6.28209902e-01 
 8.93256953e-10  1.44659795e+00  5.94054853e-01 
 8.93828474e-10  1.46920492e+00  5.79333632e-01 
 8.94328889e-10  1.47854082e+00  5.70244744e-01 
 8.94859971e-10  1.47667933e+00  5.64878058e-01 
 8.95393420e-10  1.46292868e+00  5.64160383e-01 
 8.96096954e-10  1.42895853e+00  5.70921637e-01 
 8.96876553e-10  1.37428690e+00  5.93292990e-01 
 8.97654579e-10  1.30511057e+00  6.38948788e-01 
 8.98609836e-10  1.21012521e+00  7.07567518e-01 
 8.99585837e-10  1.10887309e+00  7.81724495e-01 
 9.00585837e-10  1.00589592e+00  8.59294425e-01 
 9.01552522e-10  9.18759715e-01  9.35041818e-01 
 9.02320561e-10  8.61535079e-01  9.95737611e-01 
 9.03107653e-10  8.12625551e-01  1.05843835e+00 
 9.04033680e-10  7.63763202e-01  1.13276763e+00 
 9.04723872e-10  7.31399270e-01  1.18846204e+00 
 9.05318440e-10  7.05216778e-01  1.23654680e+00 
 9.06048524e-10  6.74198325e-01  1.29550258e+00 
 9.06739118e-10  6.45830249e-01  1.35050340e+00 
 9.07739118e-10  6.08198932e-01  1.42198487e+00 
 9.08445932e-10  5.86727520e-01  1.45890661e+00 
 9.08949696e-10  5.75274068e-01  1.47478026e+00 
 9.09439607e-10  5.67785890e-01  1.48008942e+00 
 9.10011480e-10  5.63874127e-01  1.47320409e+00 
 9.10566083e-10  5.65338122e-01  1.45392585e+00 
 9.11246808e-10  5.75120873e-01  1.41597252e+00 
 9.12017635e-10  6.04499416e-01  1.35716768e+00 
 9.12781389e-10  6.53323467e-01  1.28650191e+00 
 9.13781389e-10  7.26658245e-01  1.18561527e+00 
 9.14775181e-10  8.02686695e-01  1.08222784e+00 
 9.15775181e-10  8.80506747e-01  9.81364479e-01 
 9.16602451e-10  9.45439721e-01  9.09239350e-01 
 9.17383748e-10  1.00725757e+00  8.52688124e-01 
 9.18131114e-10  1.06685208e+00  8.07392710e-01 
 9.19078471e-10  1.14294139e+00  7.58182353e-01 
 9.19778687e-10  1.19946545e+00  7.25705612e-01 
 9.20401406e-10  1.24982198e+00  6.98490154e-01 
 9.21126974e-10  1.30832223e+00  6.67868748e-01 
 9.21859020e-10  1.36609139e+00  6.38097324e-01 
 9.22859020e-10  1.43410067e+00  6.01790647e-01 
 9.23489134e-10  1.46407943e+00  5.83748098e-01 
 9.23970468e-10  1.47728871e+00  5.73530413e-01 
 9.24464656e-10  1.48063169e+00  5.66720142e-01 
 9.25072848e-10  1.47041638e+00  5.63714648e-01 
 9.25670955e-10  1.44628657e+00  5.66938070e-01 
 9.26336630e-10  1.40582356e+00  5.79128449e-01 
 9.27126239e-10  1.34205636e+00  6.15334946e-01 
 9.27927642e-10  1.26572408e+00  6.69378996e-01 
 9.28927642e-10  1.16366702e+00  7.43802837e-01 
 9.29927642e-10  1.05951102e+00  8.20694648e-01 
 9.30921143e-10  9.61830896e-01  8.98187606e-01 
 9.31683598e-10  8.97777605e-01  9.58133986e-01 
 9.32497033e-10  8.41070359e-01  1.02259990e+00 
 9.33283461e-10  7.95262639e-01  1.08542069e+00 
 9.34100990e-10  7.53894612e-01  1.15115269e+00 
 9.34753308e-10  7.23865477e-01  1.20382070e+00 
 9.35373488e-10  6.96788685e-01  1.25396591e+00 
 9.36088893e-10  6.66590801e-01  1.31161724e+00 
 9.36847943e-10  6.35766017e-01  1.37130908e+00 
 9.37847943e-10  5.99881911e-01  1.43807891e+00 
 9.38449923e-10  5.82960184e-01  1.46586635e+00 
 9.38921533e-10  5.73132733e-01  1.47833173e+00 
 9.39416751e-10  5.66487769e-01  1.48122524e+00 
 9.40010970e-10  5.63729354e-01  1.47086980e+00 
 9.40618234e-10  5.67188949e-01  1.44611275e+00 
 9.41295530e-10  5.80114657e-01  1.40453778e+00 
 9.42080206e-10  6.17211007e-01  1.34066911e+00 
 9.42896453e-10  6.72680018e-01  1.26266199e+00 
 9.43896453e-10  7.47275508e-01  1.16046666e+00 
 9.44896453e-10  8.24234512e-01  1.05631908e+00 
 9.45886804e-10  9.01514726e-01  9.59317122e-01 
 9.46640893e-10  9.60823079e-01  8.96258300e-01 
 9.47461312e-10  1.02586325e+00  8.39320663e-01 
 9.48256991e-10  1.08944472e+00  7.93202964e-01 
 9.49059816e-10  1.15400974e+00  7.52716910e-01 
 9.49703483e-10  1.20598330e+00  7.23111726e-01 
 9.50327354e-10  1.25642501e+00  6.95867166e-01 
 9.51040290e-10  1.31386086e+00  6.65766892e-01 
 9.51810771e-10  1.37432964e+00  6.34507369e-01 
 9.52810771e-10  1.44042019e+00  5.98855809e-01 
 9.53402284e-10  1.46720793e+00  5.82416145e-01 
 9.53873787e-10  1.47926524e+00  5.72739348e-01 
 9.54371733e-10  1.48169453e+00  5.66241726e-01 
 9.54958589e-10  1.47098343e+00  5.63738159e-01 
 9.55575031e-10  1.44541571e+00  5.67530705e-01 
 9.56264516e-10  1.40251318e+00  5.81407621e-01 
 9.57046496e-10  1.33821276e+00  6.19735723e-01 
 9.57879877e-10  1.25821233e+00  6.76886623e-01 
 9.58877348e-10  1.15609878e+00  7.51496915e-01 
 9.59877348e-10  1.05197267e+00  8.28538676e-01 
 9.60863531e-10  9.55926327e-01  9.05536589e-01 
 9.61606006e-10  8.94249717e-01  9.63959288e-01 
 9.62528320e-10  8.31260054e-01  1.03714335e+00 
 9.63358912e-10  7.84365804e-01  1.10360627e+00 
 9.64110125e-10  7.47237551e-01  1.16408178e+00 
 9.64716652e-10  7.19614461e-01  1.21307720e+00 
 9.65347559e-10  6.92179005e-01  1.26408587e+00 
 9.66050975e-10  6.62565477e-01  1.32069226e+00 
 9.66859152e-10  6.29999116e-01  1.38357353e+00 
 9.67859152e-10  5.95320041e-01  1.44696400e+00 
 9.68431440e-10  5.80197768e-01  1.47069099e+00 
 9.68928929e-10  5.70804399e-01  1.48106973e+00 
 9.69454062e-10  5.65096034e-01  1.48050143e+00 
 9.69995293e-10  5.63985376e-01  1.46777325e+00 
 9.70684325e-10  5.70129796e-01  1.43591217e+00 
 9.71482263e-10  5.92596538e-01  1.38122707e+00 
 9.72247112e-10  6.37248251e-01  1.31397295e+00 
 9.73207743e-10  7.06073724e-01  1.21901567e+00 
 9.74174351e-10  7.79452906e-01  1.11895233e+00 
 9.75174351e-10  8.56984662e-01  1.01553944e+00 
 9.76140400e-10  9.32664328e-01  9.26704057e-01 
 9.76898843e-10  9.92567032e-01  8.68590288e-01 
 9.77704038e-10  1.05667062e+00  8.17192980e-01 
 9.78618075e-10  1.13000071e+00  7.67925816e-01 
 9.79304577e-10  1.18537372e+00  7.35182348e-01 
 9.79889800e-10  1.23269085e+00  7.09067213e-01 
 9.80621581e-10  1.29180333e+00  6.77652836e-01 
 9.81299858e-10  1.34599021e+00  6.49530885e-01 
 9.82299858e-10  1.41887970e+00  6.11226765e-01 
 9.83038973e-10  1.45910262e+00  5.88146232e-01 
 9.83552074e-10  1.47636212e+00  5.76093710e-01 
 9.84042813e-10  1.48273183e+00  5.68249690e-01 
 9.84607840e-10  1.47719863e+00  5.63989414e-01 
 9.85151260e-10  1.45961028e+00  5.64999877e-01 
 9.85841605e-10  1.42256531e+00  5.74415906e-01 
 9.86605672e-10  1.36548789e+00  6.02906794e-01 
 9.87363038e-10  1.29624853e+00  6.50922301e-01 
 9.88363038e-10  1.19594571e+00  7.24043506e-01 
 9.89343133e-10  1.09415810e+00  7.98935683e-01 
 9.90343133e-10  9.92242555e-01  8.76705380e-01 
 9.91186628e-10  9.16969477e-01  9.42880053e-01 
 9.91959532e-10  8.59454176e-01  1.00399129e+00 
 9.92696839e-10  8.13471519e-01  1.06273623e+00 
 9.93647807e-10  7.62876421e-01  1.13906087e+00 
 9.94352165e-10  7.29637742e-01  1.19589075e+00 
 9.94965273e-10  7.02502647e-01  1.24545853e+00 
 9.95694382e-10  6.71428573e-01  1.30428036e+00 
 9.96407768e-10  6.42123572e-01  1.36087052e+00 
 9.97407768e-10  6.04976173e-01  1.43084962e+00 
 9.98069779e-10  5.85323636e-01  1.46420512e+00 
 9.98560732e-10  5.74436786e-01  1.47900315e+00 
 9.99046636e-10  5.67277694e-01  1.48369152e+00 
 9.99523318e-10  5.63986222e-01  1.47836392e+00 
 1.00000000e-09  5.64567703e-01  1.46371062e+00 
