 time            v(detp)         v(detn)        
 0.00000000e+00  1.64113073e+00  1.59499537e+00 
 1.00000000e-14  1.64113075e+00  1.59499533e+00 
 2.00000000e-14  1.64113077e+00  1.59499529e+00 
 4.00000000e-14  1.64113080e+00  1.59499523e+00 
 8.00000000e-14  1.64113081e+00  1.59499517e+00 
 1.60000000e-13  1.64113076e+00  1.59499513e+00 
 3.20000000e-13  1.64113065e+00  1.59499517e+00 
 6.40000000e-13  1.64113043e+00  1.59499534e+00 
 1.28000000e-12  1.64112992e+00  1.59499573e+00 
 2.28000000e-12  1.64112909e+00  1.59499645e+00 
 3.28000000e-12  1.64112795e+00  1.59499779e+00 
 4.28000000e-12  1.64112573e+00  1.59500045e+00 
 5.28000000e-12  1.64112133e+00  1.59500515e+00 
 6.28000000e-12  1.64111367e+00  1.59501240e+00 
 7.28000000e-12  1.64110200e+00  1.59502244e+00 
 8.28000000e-12  1.64108609e+00  1.59503517e+00 
 9.28000000e-12  1.64106623e+00  1.59505020e+00 
 1.02800000e-11  1.64104315e+00  1.59506703e+00 
 1.12800000e-11  1.64101782e+00  1.59508512e+00 
 1.22800000e-11  1.64099128e+00  1.59510399e+00 
 1.32800000e-11  1.64096448e+00  1.59512323e+00 
 1.42800000e-11  1.64093822e+00  1.59514252e+00 
 1.52800000e-11  1.64091311e+00  1.59516161e+00 
 1.62800000e-11  1.64088947e+00  1.59518032e+00 
 1.72800000e-11  1.64086730e+00  1.59519860e+00 
 1.82800000e-11  1.64084626e+00  1.59521654e+00 
 1.92800000e-11  1.64082574e+00  1.59523439e+00 
 2.02800000e-11  1.64080498e+00  1.59525245e+00 
 2.12800000e-11  1.64078324e+00  1.59527100e+00 
 2.22800000e-11  1.64076000e+00  1.59529019e+00 
 2.32800000e-11  1.64073502e+00  1.59531006e+00 
 2.42800000e-11  1.64070841e+00  1.59533055e+00 
 2.52800000e-11  1.64068049e+00  1.59535151e+00 
 2.62800000e-11  1.64065179e+00  1.59537279e+00 
 2.72800000e-11  1.64062288e+00  1.59539423e+00 
 2.82800000e-11  1.64059434e+00  1.59541570e+00 
 2.92800000e-11  1.64056666e+00  1.59543707e+00 
 3.02800000e-11  1.64054016e+00  1.59545822e+00 
 3.12800000e-11  1.64051496e+00  1.59547907e+00 
 3.22800000e-11  1.64049102e+00  1.59549958e+00 
 3.32800000e-11  1.64046807e+00  1.59551981e+00 
 3.42800000e-11  1.64044561e+00  1.59553988e+00 
 3.52800000e-11  1.64042305e+00  1.59555998e+00 
 3.62800000e-11  1.64039975e+00  1.59558029e+00 
 3.72800000e-11  1.64037528e+00  1.59560094e+00 
 3.82800000e-11  1.64034943e+00  1.59562196e+00 
 3.92800000e-11  1.64032226e+00  1.59564334e+00 
 4.02800000e-11  1.64029406e+00  1.59566499e+00 
 4.12800000e-11  1.64026527e+00  1.59568681e+00 
 4.22800000e-11  1.64023642e+00  1.59570872e+00 
 4.32800000e-11  1.64020799e+00  1.59573059e+00 
 4.42800000e-11  1.64018043e+00  1.59575235e+00 
 4.52800000e-11  1.64015400e+00  1.59577391e+00 
 4.62800000e-11  1.64012877e+00  1.59579519e+00 
 4.72800000e-11  1.64010469e+00  1.59581618e+00 
 4.82800000e-11  1.64008149e+00  1.59583690e+00 
 4.92800000e-11  1.64005875e+00  1.59585747e+00 
 5.02800000e-11  1.64003586e+00  1.59587805e+00 
 5.12800000e-11  1.64001227e+00  1.59589878e+00 
 5.22800000e-11  1.63998755e+00  1.59591979e+00 
 5.32800000e-11  1.63996153e+00  1.59594110e+00 
 5.42800000e-11  1.63993427e+00  1.59596270e+00 
 5.52800000e-11  1.63990606e+00  1.59598452e+00 
 5.62800000e-11  1.63987733e+00  1.59600648e+00 
 5.72800000e-11  1.63984858e+00  1.59602848e+00 
 5.82800000e-11  1.63982031e+00  1.59605045e+00 
 5.92800000e-11  1.63979290e+00  1.59607230e+00 
 6.02800000e-11  1.63976660e+00  1.59609394e+00 
 6.12800000e-11  1.63974147e+00  1.59611532e+00 
 6.22800000e-11  1.63971744e+00  1.59613641e+00 
 6.32800000e-11  1.63969426e+00  1.59615725e+00 
 6.42800000e-11  1.63967146e+00  1.59617794e+00 
 6.52800000e-11  1.63964850e+00  1.59619864e+00 
 6.62800000e-11  1.63962480e+00  1.59621950e+00 
 6.72800000e-11  1.63959997e+00  1.59624061e+00 
 6.82800000e-11  1.63957385e+00  1.59626201e+00 
 6.92800000e-11  1.63954653e+00  1.59628367e+00 
 7.02800000e-11  1.63951830e+00  1.59630554e+00 
 7.12800000e-11  1.63948959e+00  1.59632753e+00 
 7.22800000e-11  1.63946091e+00  1.59634956e+00 
 7.32800000e-11  1.63943272e+00  1.59637154e+00 
 7.42800000e-11  1.63940542e+00  1.59639340e+00 
 7.52800000e-11  1.63937924e+00  1.59641505e+00 
 7.62800000e-11  1.63935421e+00  1.59643643e+00 
 7.72800000e-11  1.63933026e+00  1.59645753e+00 
 7.82800000e-11  1.63930711e+00  1.59647839e+00 
 7.92800000e-11  1.63928432e+00  1.59649911e+00 
 8.02800000e-11  1.63926132e+00  1.59651985e+00 
 8.12800000e-11  1.63923755e+00  1.59654075e+00 
 8.22800000e-11  1.63921265e+00  1.59656190e+00 
 8.32800000e-11  1.63918646e+00  1.59658333e+00 
 8.42800000e-11  1.63915908e+00  1.59660501e+00 
 8.52800000e-11  1.63913083e+00  1.59662690e+00 
 8.62800000e-11  1.63910215e+00  1.59664889e+00 
 8.72800000e-11  1.63907352e+00  1.59667091e+00 
 8.82800000e-11  1.63904543e+00  1.59669289e+00 
 8.92800000e-11  1.63901825e+00  1.59671472e+00 
 9.02800000e-11  1.63899218e+00  1.59673635e+00 
 9.12800000e-11  1.63896726e+00  1.59675771e+00 
 9.22800000e-11  1.63894341e+00  1.59677879e+00 
 9.32800000e-11  1.63892033e+00  1.59679963e+00 
 9.42800000e-11  1.63889756e+00  1.59682035e+00 
 9.52800000e-11  1.63887454e+00  1.59684110e+00 
 9.62800000e-11  1.63885071e+00  1.59686201e+00 
 9.72800000e-11  1.63882573e+00  1.59688318e+00 
 9.82800000e-11  1.63879946e+00  1.59690462e+00 
 9.92800000e-11  1.63877203e+00  1.59692632e+00 
 1.00280000e-10  1.63874375e+00  1.59694821e+00 
 1.01280000e-10  1.63871508e+00  1.59697020e+00 
 1.02280000e-10  1.63868650e+00  1.59699222e+00 
 1.03280000e-10  1.63865848e+00  1.59701418e+00 
 1.04280000e-10  1.63863139e+00  1.59703599e+00 
 1.05280000e-10  1.63860543e+00  1.59705760e+00 
 1.06280000e-10  1.63858061e+00  1.59707893e+00 
 1.07280000e-10  1.63855684e+00  1.59709999e+00 
 1.08280000e-10  1.63853382e+00  1.59712082e+00 
 1.09280000e-10  1.63851108e+00  1.59714153e+00 
 1.10280000e-10  1.63848803e+00  1.59716228e+00 
 1.11280000e-10  1.63846415e+00  1.59718320e+00 
 1.12280000e-10  1.63843910e+00  1.59720438e+00 
 1.13280000e-10  1.63841276e+00  1.59722584e+00 
 1.14280000e-10  1.63838528e+00  1.59724755e+00 
 1.15280000e-10  1.63835699e+00  1.59726944e+00 
 1.16280000e-10  1.63832833e+00  1.59729142e+00 
 1.17280000e-10  1.63829981e+00  1.59731343e+00 
 1.18280000e-10  1.63827188e+00  1.59733537e+00 
 1.19280000e-10  1.63824490e+00  1.59735716e+00 
 1.20280000e-10  1.63821905e+00  1.59737874e+00 
 1.21280000e-10  1.63819435e+00  1.59740004e+00 
 1.22280000e-10  1.63817068e+00  1.59742107e+00 
 1.23280000e-10  1.63814772e+00  1.59744187e+00 
 1.24280000e-10  1.63812500e+00  1.59746258e+00 
 1.25280000e-10  1.63810193e+00  1.59748333e+00 
 1.26280000e-10  1.63807799e+00  1.59750426e+00 
 1.27280000e-10  1.63805286e+00  1.59752545e+00 
 1.28280000e-10  1.63802645e+00  1.59754692e+00 
 1.29280000e-10  1.63799892e+00  1.59756864e+00 
 1.30280000e-10  1.63797060e+00  1.59759053e+00 
 1.31280000e-10  1.63794195e+00  1.59761252e+00 
 1.32280000e-10  1.63791347e+00  1.59763451e+00 
 1.33280000e-10  1.63788563e+00  1.59765644e+00 
 1.34280000e-10  1.63785875e+00  1.59767821e+00 
 1.35280000e-10  1.63783300e+00  1.59769976e+00 
 1.36280000e-10  1.63780840e+00  1.59772104e+00 
 1.37280000e-10  1.63778481e+00  1.59774204e+00 
 1.38280000e-10  1.63776191e+00  1.59776283e+00 
 1.39280000e-10  1.63773920e+00  1.59778353e+00 
 1.40280000e-10  1.63771610e+00  1.59780428e+00 
 1.41280000e-10  1.63769211e+00  1.59782523e+00 
 1.42280000e-10  1.63766691e+00  1.59784643e+00 
 1.43280000e-10  1.63764043e+00  1.59786792e+00 
 1.44280000e-10  1.63761285e+00  1.59788964e+00 
 1.45280000e-10  1.63758452e+00  1.59791154e+00 
 1.46280000e-10  1.63755590e+00  1.59793352e+00 
 1.47280000e-10  1.63752748e+00  1.59795550e+00 
 1.48280000e-10  1.63749972e+00  1.59797741e+00 
 1.49280000e-10  1.63747295e+00  1.59799916e+00 
 1.50280000e-10  1.63744732e+00  1.59802069e+00 
 1.51280000e-10  1.63742283e+00  1.59804194e+00 
 1.52280000e-10  1.63739933e+00  1.59806291e+00 
 1.53280000e-10  1.63737649e+00  1.59808368e+00 
 1.54280000e-10  1.63735380e+00  1.59810437e+00 
 1.55280000e-10  1.63733067e+00  1.59812513e+00 
 1.56280000e-10  1.63730662e+00  1.59814608e+00 
 1.57280000e-10  1.63728134e+00  1.59816730e+00 
 1.58280000e-10  1.63725479e+00  1.59818880e+00 
 1.59280000e-10  1.63722716e+00  1.59821054e+00 
 1.60280000e-10  1.63719881e+00  1.59823244e+00 
 1.61280000e-10  1.63717020e+00  1.59825442e+00 
 1.62280000e-10  1.63714183e+00  1.59827639e+00 
 1.63280000e-10  1.63711416e+00  1.59829829e+00 
 1.64280000e-10  1.63708749e+00  1.59832002e+00 
 1.65280000e-10  1.63706196e+00  1.59834152e+00 
 1.66280000e-10  1.63703756e+00  1.59836275e+00 
 1.67280000e-10  1.63701415e+00  1.59838370e+00 
 1.68280000e-10  1.63699135e+00  1.59840446e+00 
 1.69280000e-10  1.63696866e+00  1.59842514e+00 
 1.70280000e-10  1.63694551e+00  1.59844590e+00 
 1.71280000e-10  1.63692139e+00  1.59846687e+00 
 1.72280000e-10  1.63689605e+00  1.59848811e+00 
 1.73280000e-10  1.63686943e+00  1.59850963e+00 
 1.74280000e-10  1.63684176e+00  1.59853137e+00 
 1.75280000e-10  1.63681340e+00  1.59855327e+00 
 1.76280000e-10  1.63678482e+00  1.59857524e+00 
 1.77280000e-10  1.63675652e+00  1.59859721e+00 
 1.78280000e-10  1.63672894e+00  1.59861909e+00 
 1.79280000e-10  1.63670238e+00  1.59864080e+00 
 1.80280000e-10  1.63667696e+00  1.59866227e+00 
 1.81280000e-10  1.63665268e+00  1.59868347e+00 
 1.82280000e-10  1.63662935e+00  1.59870440e+00 
 1.83280000e-10  1.63660661e+00  1.59872514e+00 
 1.84280000e-10  1.63658393e+00  1.59874582e+00 
 1.85280000e-10  1.63656073e+00  1.59876659e+00 
 1.86280000e-10  1.63653656e+00  1.59878757e+00 
 1.87280000e-10  1.63651113e+00  1.59880883e+00 
 1.88280000e-10  1.63648445e+00  1.59883035e+00 
 1.89280000e-10  1.63645673e+00  1.59885211e+00 
 1.90280000e-10  1.63642835e+00  1.59887401e+00 
 1.91280000e-10  1.63639979e+00  1.59889599e+00 
 1.92280000e-10  1.63637154e+00  1.59891795e+00 
 1.93280000e-10  1.63634404e+00  1.59893981e+00 
 1.94280000e-10  1.63631758e+00  1.59896150e+00 
 1.95280000e-10  1.63629227e+00  1.59898295e+00 
 1.96280000e-10  1.63626808e+00  1.59900413e+00 
 1.97280000e-10  1.63624483e+00  1.59902504e+00 
 1.98280000e-10  1.63622213e+00  1.59904576e+00 
 1.99280000e-10  1.63619945e+00  1.59906644e+00 
 2.00280000e-10  1.63617622e+00  1.59908722e+00 
 2.01280000e-10  1.63615198e+00  1.59910822e+00 
 2.02280000e-10  1.63612648e+00  1.59912949e+00 
 2.03280000e-10  1.63609973e+00  1.59915103e+00 
 2.04280000e-10  1.63607197e+00  1.59917279e+00 
 2.05280000e-10  1.63604359e+00  1.59919470e+00 
 2.06280000e-10  1.63601507e+00  1.59921667e+00 
 2.07280000e-10  1.63598689e+00  1.59923862e+00 
 2.08280000e-10  1.63595949e+00  1.59926047e+00 
 2.09280000e-10  1.63593314e+00  1.59928214e+00 
 2.10280000e-10  1.63590794e+00  1.59930357e+00 
 2.11280000e-10  1.63588386e+00  1.59932471e+00 
 2.12280000e-10  1.63586069e+00  1.59934560e+00 
 2.13280000e-10  1.63583804e+00  1.59936631e+00 
 2.14280000e-10  1.63581536e+00  1.59938698e+00 
 2.15280000e-10  1.63579209e+00  1.59940777e+00 
 2.16280000e-10  1.63576778e+00  1.59942878e+00 
 2.17280000e-10  1.63574220e+00  1.59945007e+00 
 2.18280000e-10  1.63571539e+00  1.59947163e+00 
 2.19280000e-10  1.63568759e+00  1.59949340e+00 
 2.20280000e-10  1.63565919e+00  1.59951531e+00 
 2.21280000e-10  1.63563069e+00  1.59953728e+00 
 2.22280000e-10  1.63560258e+00  1.59955922e+00 
 2.23280000e-10  1.63557526e+00  1.59958106e+00 
 2.24280000e-10  1.63554901e+00  1.59960271e+00 
 2.25280000e-10  1.63552392e+00  1.59962411e+00 
 2.26280000e-10  1.63549992e+00  1.59964524e+00 
 2.27280000e-10  1.63547683e+00  1.59966610e+00 
 2.28280000e-10  1.63545421e+00  1.59968680e+00 
 2.29280000e-10  1.63543152e+00  1.59970748e+00 
 2.30280000e-10  1.63540821e+00  1.59972828e+00 
 2.31280000e-10  1.63538383e+00  1.59974931e+00 
 2.32280000e-10  1.63535818e+00  1.59977061e+00 
 2.33280000e-10  1.63533131e+00  1.59979218e+00 
 2.34280000e-10  1.63530347e+00  1.59981396e+00 
 2.35280000e-10  1.63527508e+00  1.59983588e+00 
 2.36280000e-10  1.63524662e+00  1.59985784e+00 
 2.37280000e-10  1.63521858e+00  1.59987977e+00 
 2.38280000e-10  1.63519136e+00  1.59990159e+00 
 2.39280000e-10  1.63516523e+00  1.59992322e+00 
 2.40280000e-10  1.63514024e+00  1.59994460e+00 
 2.41280000e-10  1.63511635e+00  1.59996569e+00 
 2.42280000e-10  1.63509333e+00  1.59998654e+00 
 2.43280000e-10  1.63507075e+00  1.60000723e+00 
 2.44280000e-10  1.63504806e+00  1.60002790e+00 
 2.45280000e-10  1.63502470e+00  1.60004871e+00 
 2.46280000e-10  1.63500025e+00  1.60006975e+00 
 2.47280000e-10  1.63497453e+00  1.60009108e+00 
 2.48280000e-10  1.63494759e+00  1.60011266e+00 
 2.49280000e-10  1.63491971e+00  1.60013445e+00 
 2.50280000e-10  1.63489131e+00  1.60015637e+00 
 2.51280000e-10  1.63486288e+00  1.60017833e+00 
 2.52280000e-10  1.63483490e+00  1.60020025e+00 
 2.53280000e-10  1.63480777e+00  1.60022206e+00 
 2.54280000e-10  1.63478174e+00  1.60024367e+00 
 2.55280000e-10  1.63475685e+00  1.60026502e+00 
 2.56280000e-10  1.63473305e+00  1.60028610e+00 
 2.57280000e-10  1.63471010e+00  1.60030693e+00 
 2.58280000e-10  1.63468755e+00  1.60032761e+00 
 2.59280000e-10  1.63466484e+00  1.60034829e+00 
 2.60280000e-10  1.63464143e+00  1.60036911e+00 
 2.61280000e-10  1.63461691e+00  1.60039017e+00 
 2.62280000e-10  1.63459112e+00  1.60041151e+00 
 2.63280000e-10  1.63456412e+00  1.60043311e+00 
 2.64280000e-10  1.63453621e+00  1.60045490e+00 
 2.65280000e-10  1.63450782e+00  1.60047682e+00 
 2.66280000e-10  1.63447943e+00  1.60049878e+00 
 2.67280000e-10  1.63445153e+00  1.60052069e+00 
 2.68280000e-10  1.63442451e+00  1.60054248e+00 
 2.69280000e-10  1.63439858e+00  1.60056407e+00 
 2.70280000e-10  1.63437381e+00  1.60058539e+00 
 2.71280000e-10  1.63435011e+00  1.60060644e+00 
 2.72280000e-10  1.63432722e+00  1.60062725e+00 
 2.73280000e-10  1.63430471e+00  1.60064792e+00 
 2.74280000e-10  1.63428199e+00  1.60066860e+00 
 2.75280000e-10  1.63425853e+00  1.60068943e+00 
 2.76280000e-10  1.63423393e+00  1.60071051e+00 
 2.77280000e-10  1.63420806e+00  1.60073187e+00 
 2.78280000e-10  1.63418099e+00  1.60075348e+00 
 2.79280000e-10  1.63415305e+00  1.60077529e+00 
 2.80280000e-10  1.63412465e+00  1.60079721e+00 
 2.81280000e-10  1.63409630e+00  1.60081916e+00 
 2.82280000e-10  1.63406847e+00  1.60084106e+00 
 2.83280000e-10  1.63404154e+00  1.60086284e+00 
 2.84280000e-10  1.63401571e+00  1.60088440e+00 
 2.85280000e-10  1.63399104e+00  1.60090571e+00 
 2.86280000e-10  1.63396742e+00  1.60092674e+00 
 2.87280000e-10  1.63394460e+00  1.60094753e+00 
 2.88280000e-10  1.63392211e+00  1.60096820e+00 
 2.89280000e-10  1.63389937e+00  1.60098888e+00 
 2.90280000e-10  1.63387585e+00  1.60100972e+00 
 2.91280000e-10  1.63385119e+00  1.60103082e+00 
 2.92280000e-10  1.63382524e+00  1.60105219e+00 
 2.93280000e-10  1.63379812e+00  1.60107382e+00 
 2.94280000e-10  1.63377015e+00  1.60109563e+00 
 2.95280000e-10  1.63374177e+00  1.60111755e+00 
 2.96280000e-10  1.63371347e+00  1.60113950e+00 
 2.97280000e-10  1.63368572e+00  1.60116139e+00 
 2.98280000e-10  1.63365889e+00  1.60118315e+00 
 2.99280000e-10  1.63363317e+00  1.60120469e+00 
 3.00280000e-10  1.63360861e+00  1.60122597e+00 
 3.01280000e-10  1.63358509e+00  1.60124697e+00 
 3.02280000e-10  1.63356233e+00  1.60126775e+00 
 3.03280000e-10  1.63353986e+00  1.60128840e+00 
 3.04280000e-10  1.63351711e+00  1.60130909e+00 
 3.05280000e-10  1.63349353e+00  1.60132995e+00 
 3.06280000e-10  1.63346879e+00  1.60135106e+00 
 3.07280000e-10  1.63344277e+00  1.60137245e+00 
 3.08280000e-10  1.63341559e+00  1.60139409e+00 
 3.09280000e-10  1.63338759e+00  1.60141591e+00 
 3.10280000e-10  1.63335921e+00  1.60143783e+00 
 3.11280000e-10  1.63333094e+00  1.60145978e+00 
 3.12280000e-10  1.63330326e+00  1.60148166e+00 
 3.13280000e-10  1.63327653e+00  1.60150340e+00 
 3.14280000e-10  1.63325091e+00  1.60152492e+00 
 3.15280000e-10  1.63322645e+00  1.60154618e+00 
 3.16280000e-10  1.63320301e+00  1.60156716e+00 
 3.17280000e-10  1.63318031e+00  1.60158792e+00 
 3.18280000e-10  1.63315785e+00  1.60160857e+00 
 3.19280000e-10  1.63313507e+00  1.60162926e+00 
 3.20280000e-10  1.63311144e+00  1.60165014e+00 
 3.21280000e-10  1.63308662e+00  1.60167127e+00 
 3.22280000e-10  1.63306053e+00  1.60169267e+00 
 3.23280000e-10  1.63303330e+00  1.60171432e+00 
 3.24280000e-10  1.63300528e+00  1.60173615e+00 
 3.25280000e-10  1.63297691e+00  1.60175807e+00 
 3.26280000e-10  1.63294870e+00  1.60178001e+00 
 3.27280000e-10  1.63292111e+00  1.60180188e+00 
 3.28280000e-10  1.63289448e+00  1.60182360e+00 
 3.29280000e-10  1.63286898e+00  1.60184510e+00 
 3.30280000e-10  1.63284462e+00  1.60186633e+00 
 3.31280000e-10  1.63282128e+00  1.60188729e+00 
 3.32280000e-10  1.63279863e+00  1.60190803e+00 
 3.33280000e-10  1.63277619e+00  1.60192867e+00 
 3.34280000e-10  1.63275338e+00  1.60194937e+00 
 3.35280000e-10  1.63272969e+00  1.60197025e+00 
 3.36280000e-10  1.63270480e+00  1.60199140e+00 
 3.37280000e-10  1.63267862e+00  1.60201283e+00 
 3.38280000e-10  1.63265134e+00  1.60203449e+00 
 3.39280000e-10  1.63262329e+00  1.60205632e+00 
 3.40280000e-10  1.63259493e+00  1.60207825e+00 
 3.41280000e-10  1.63256677e+00  1.60210018e+00 
 3.42280000e-10  1.63253925e+00  1.60212204e+00 
 3.43280000e-10  1.63251271e+00  1.60214374e+00 
 3.44280000e-10  1.63248731e+00  1.60216522e+00 
 3.45280000e-10  1.63246305e+00  1.60218643e+00 
 3.46280000e-10  1.63243978e+00  1.60220736e+00 
 3.47280000e-10  1.63241719e+00  1.60222809e+00 
 3.48280000e-10  1.63239476e+00  1.60224873e+00 
 3.49280000e-10  1.63237192e+00  1.60226944e+00 
 3.50280000e-10  1.63234816e+00  1.60229034e+00 
 3.51280000e-10  1.63232319e+00  1.60231150e+00 
 3.52280000e-10  1.63229695e+00  1.60233294e+00 
 3.53280000e-10  1.63226962e+00  1.60235462e+00 
 3.54280000e-10  1.63224155e+00  1.60237646e+00 
 3.55280000e-10  1.63221322e+00  1.60239838e+00 
 3.56280000e-10  1.63218511e+00  1.60242030e+00 
 3.57280000e-10  1.63215769e+00  1.60244215e+00 
 3.58280000e-10  1.63213125e+00  1.60246383e+00 
 3.59280000e-10  1.63210596e+00  1.60248529e+00 
 3.60280000e-10  1.63208181e+00  1.60250647e+00 
 3.61280000e-10  1.63205863e+00  1.60252738e+00 
 3.62280000e-10  1.63203609e+00  1.60254809e+00 
 3.63280000e-10  1.63201367e+00  1.60256873e+00 
 3.64280000e-10  1.63199079e+00  1.60258944e+00 
 3.65280000e-10  1.63196698e+00  1.60261035e+00 
 3.66280000e-10  1.63194193e+00  1.60263154e+00 
 3.67280000e-10  1.63191561e+00  1.60265299e+00 
 3.68280000e-10  1.63188822e+00  1.60267468e+00 
 3.69280000e-10  1.63186013e+00  1.60269652e+00 
 3.70280000e-10  1.63183181e+00  1.60271845e+00 
 3.71280000e-10  1.63180376e+00  1.60274037e+00 
 3.72280000e-10  1.63177641e+00  1.60276220e+00 
 3.73280000e-10  1.63175007e+00  1.60278386e+00 
 3.74280000e-10  1.63172488e+00  1.60280530e+00 
 3.75280000e-10  1.63170081e+00  1.60282646e+00 
 3.76280000e-10  1.63167771e+00  1.60284735e+00 
 3.77280000e-10  1.63165522e+00  1.60286805e+00 
 3.78280000e-10  1.63163280e+00  1.60288869e+00 
 3.79280000e-10  1.63160988e+00  1.60290941e+00 
 3.80280000e-10  1.63158600e+00  1.60293034e+00 
 3.81280000e-10  1.63156088e+00  1.60295154e+00 
 3.82280000e-10  1.63153449e+00  1.60297301e+00 
 3.83280000e-10  1.63150706e+00  1.60299470e+00 
 3.84280000e-10  1.63147896e+00  1.60301655e+00 
 3.85280000e-10  1.63145067e+00  1.60303847e+00 
 3.86280000e-10  1.63142267e+00  1.60306038e+00 
 3.87280000e-10  1.63139542e+00  1.60308220e+00 
 3.88280000e-10  1.63136919e+00  1.60310384e+00 
 3.89280000e-10  1.63134411e+00  1.60312525e+00 
 3.90280000e-10  1.63132015e+00  1.60314639e+00 
 3.91280000e-10  1.63129713e+00  1.60316726e+00 
 3.92280000e-10  1.63127468e+00  1.60318794e+00 
 3.93280000e-10  1.63125226e+00  1.60320857e+00 
 3.94280000e-10  1.63122931e+00  1.60322930e+00 
 3.95280000e-10  1.63120536e+00  1.60325024e+00 
 3.96280000e-10  1.63118015e+00  1.60327146e+00 
 3.97280000e-10  1.63115370e+00  1.60329295e+00 
 3.98280000e-10  1.63112621e+00  1.60331466e+00 
 3.99280000e-10  1.63109810e+00  1.60333651e+00 
 4.00280000e-10  1.63106982e+00  1.60335843e+00 
 4.01280000e-10  1.63104188e+00  1.60338033e+00 
 4.02280000e-10  1.63101470e+00  1.60340214e+00 
 4.03280000e-10  1.63098857e+00  1.60342377e+00 
 4.04280000e-10  1.63096359e+00  1.60344515e+00 
 4.05280000e-10  1.63093972e+00  1.60346626e+00 
 4.06280000e-10  1.63091678e+00  1.60348711e+00 
 4.07280000e-10  1.63089436e+00  1.60350779e+00 
 4.08280000e-10  1.63087194e+00  1.60352842e+00 
 4.09280000e-10  1.63084895e+00  1.60354916e+00 
 4.10280000e-10  1.63082493e+00  1.60357012e+00 
 4.11280000e-10  1.63079965e+00  1.60359135e+00 
 4.12280000e-10  1.63077313e+00  1.60361285e+00 
 4.13280000e-10  1.63074560e+00  1.60363457e+00 
 4.14280000e-10  1.63071748e+00  1.60365643e+00 
 4.15280000e-10  1.63068924e+00  1.60367834e+00 
 4.16280000e-10  1.63066137e+00  1.60370023e+00 
 4.17280000e-10  1.63063428e+00  1.60372202e+00 
 4.18280000e-10  1.63060826e+00  1.60374363e+00 
 4.19280000e-10  1.63058339e+00  1.60376499e+00 
 4.20280000e-10  1.63055962e+00  1.60378608e+00 
 4.21280000e-10  1.63053675e+00  1.60380690e+00 
 4.22280000e-10  1.63051438e+00  1.60382756e+00 
 4.23280000e-10  1.63049196e+00  1.60384819e+00 
 4.24280000e-10  1.63046892e+00  1.60386894e+00 
 4.25280000e-10  1.63044482e+00  1.60388991e+00 
 4.26280000e-10  1.63041946e+00  1.60391117e+00 
 4.27280000e-10  1.63039287e+00  1.60393268e+00 
 4.28280000e-10  1.63036530e+00  1.60395441e+00 
 4.29280000e-10  1.63033717e+00  1.60397627e+00 
 4.30280000e-10  1.63030895e+00  1.60399818e+00 
 4.31280000e-10  1.63028113e+00  1.60402007e+00 
 4.32280000e-10  1.63025413e+00  1.60404184e+00 
 4.33280000e-10  1.63022821e+00  1.60406343e+00 
 4.34280000e-10  1.63020343e+00  1.60408477e+00 
 4.35280000e-10  1.63017975e+00  1.60410583e+00 
 4.36280000e-10  1.63015695e+00  1.60412664e+00 
 4.37280000e-10  1.63013461e+00  1.60414729e+00 
 4.38280000e-10  1.63011218e+00  1.60416793e+00 
 4.39280000e-10  1.63008909e+00  1.60418869e+00 
 4.40280000e-10  1.63006492e+00  1.60420968e+00 
 4.41280000e-10  1.63003948e+00  1.60423095e+00 
 4.42280000e-10  1.63001283e+00  1.60425247e+00 
 4.43280000e-10  1.62998522e+00  1.60427421e+00 
 4.44280000e-10  1.62995709e+00  1.60429607e+00 
 4.45280000e-10  1.62992891e+00  1.60431798e+00 
 4.46280000e-10  1.62990116e+00  1.60433986e+00 
 4.47280000e-10  1.62987426e+00  1.60436161e+00 
 4.48280000e-10  1.62984844e+00  1.60438318e+00 
 4.49280000e-10  1.62982378e+00  1.60440449e+00 
 4.50280000e-10  1.62980020e+00  1.60442553e+00 
 4.51280000e-10  1.62977747e+00  1.60444632e+00 
 4.52280000e-10  1.62975516e+00  1.60446696e+00 
 4.53280000e-10  1.62973271e+00  1.60448759e+00 
 4.54280000e-10  1.62970957e+00  1.60450836e+00 
 4.55280000e-10  1.62968533e+00  1.60452937e+00 
 4.56280000e-10  1.62965981e+00  1.60455065e+00 
 4.57280000e-10  1.62963309e+00  1.60457219e+00 
 4.58280000e-10  1.62960544e+00  1.60459394e+00 
 4.59280000e-10  1.62957730e+00  1.60461580e+00 
 4.60280000e-10  1.62954915e+00  1.60463771e+00 
 4.61280000e-10  1.62952147e+00  1.60465958e+00 
 4.62280000e-10  1.62949465e+00  1.60468132e+00 
 4.63280000e-10  1.62946893e+00  1.60470287e+00 
 4.64280000e-10  1.62944436e+00  1.60472416e+00 
 4.65280000e-10  1.62942087e+00  1.60474517e+00 
 4.66280000e-10  1.62939820e+00  1.60476594e+00 
 4.67280000e-10  1.62937592e+00  1.60478658e+00 
 4.68280000e-10  1.62935345e+00  1.60480721e+00 
 4.69280000e-10  1.62933026e+00  1.60482799e+00 
 4.70280000e-10  1.62930594e+00  1.60484902e+00 
 4.71280000e-10  1.62928035e+00  1.60487032e+00 
 4.72280000e-10  1.62925357e+00  1.60489187e+00 
 4.73280000e-10  1.62922589e+00  1.60491363e+00 
 4.74280000e-10  1.62919775e+00  1.60493549e+00 
 4.75280000e-10  1.62916964e+00  1.60495739e+00 
 4.76280000e-10  1.62914203e+00  1.60497925e+00 
 4.77280000e-10  1.62911532e+00  1.60500097e+00 
 4.78280000e-10  1.62908970e+00  1.60502250e+00 
 4.79280000e-10  1.62906524e+00  1.60504376e+00 
 4.80280000e-10  1.62904184e+00  1.60506475e+00 
 4.81280000e-10  1.62901925e+00  1.60508550e+00 
 4.82280000e-10  1.62899699e+00  1.60510612e+00 
 4.83280000e-10  1.62897450e+00  1.60512676e+00 
 4.84280000e-10  1.62895125e+00  1.60514755e+00 
 4.85280000e-10  1.62892686e+00  1.60516859e+00 
 4.86280000e-10  1.62890119e+00  1.60518991e+00 
 4.87280000e-10  1.62887434e+00  1.60521148e+00 
 4.88280000e-10  1.62884662e+00  1.60523324e+00 
 4.89280000e-10  1.62881848e+00  1.60525511e+00 
 4.90280000e-10  1.62879041e+00  1.60527701e+00 
 4.91280000e-10  1.62876287e+00  1.60529885e+00 
 4.92280000e-10  1.62873624e+00  1.60532056e+00 
 4.93280000e-10  1.62871072e+00  1.60534206e+00 
 4.94280000e-10  1.62868636e+00  1.60536331e+00 
 4.95280000e-10  1.62866304e+00  1.60538427e+00 
 4.96280000e-10  1.62864050e+00  1.60540501e+00 
 4.97280000e-10  1.62861826e+00  1.60542562e+00 
 4.98280000e-10  1.62859575e+00  1.60544626e+00 
 4.99280000e-10  1.62857244e+00  1.60546707e+00 
 5.00280000e-10  1.62854798e+00  1.60548813e+00 
 5.01280000e-10  1.62852223e+00  1.60550946e+00 
 5.02280000e-10  1.62849532e+00  1.60553104e+00 
 5.03280000e-10  1.62846758e+00  1.60555281e+00 
 5.04280000e-10  1.62843945e+00  1.60557468e+00 
 5.05280000e-10  1.62841142e+00  1.60559657e+00 
 5.06280000e-10  1.62838396e+00  1.60561840e+00 
 5.07280000e-10  1.62835744e+00  1.60564009e+00 
 5.08280000e-10  1.62833203e+00  1.60566157e+00 
 5.09280000e-10  1.62830777e+00  1.60568278e+00 
 5.10280000e-10  1.62828455e+00  1.60570372e+00 
 5.11280000e-10  1.62826206e+00  1.60572444e+00 
 5.12280000e-10  1.62823984e+00  1.60574505e+00 
 5.13280000e-10  1.62821731e+00  1.60576569e+00 
 5.14280000e-10  1.62819394e+00  1.60578651e+00 
 5.15280000e-10  1.62816940e+00  1.60580758e+00 
 5.16280000e-10  1.62814357e+00  1.60582893e+00 
 5.17280000e-10  1.62811660e+00  1.60585053e+00 
 5.18280000e-10  1.62808882e+00  1.60587230e+00 
 5.19280000e-10  1.62806070e+00  1.60589417e+00 
 5.20280000e-10  1.62803271e+00  1.60591605e+00 
 5.21280000e-10  1.62800532e+00  1.60593787e+00 
 5.22280000e-10  1.62797888e+00  1.60595955e+00 
 5.23280000e-10  1.62795357e+00  1.60598101e+00 
 5.24280000e-10  1.62792941e+00  1.60600220e+00 
 5.25280000e-10  1.62790626e+00  1.60602312e+00 
 5.26280000e-10  1.62788383e+00  1.60604382e+00 
 5.27280000e-10  1.62786162e+00  1.60606442e+00 
 5.28280000e-10  1.62783906e+00  1.60608507e+00 
 5.29280000e-10  1.62781563e+00  1.60610590e+00 
 5.30280000e-10  1.62779101e+00  1.60612699e+00 
 5.31280000e-10  1.62776510e+00  1.60614836e+00 
 5.32280000e-10  1.62773808e+00  1.60616996e+00 
 5.33280000e-10  1.62771029e+00  1.60619174e+00 
 5.34280000e-10  1.62768217e+00  1.60621361e+00 
 5.35280000e-10  1.62765424e+00  1.60623549e+00 
 5.36280000e-10  1.62762693e+00  1.60625729e+00 
 5.37280000e-10  1.62760060e+00  1.60627895e+00 
 5.38280000e-10  1.62757540e+00  1.60630038e+00 
 5.39280000e-10  1.62755134e+00  1.60632155e+00 
 5.40280000e-10  1.62752828e+00  1.60634244e+00 
 5.41280000e-10  1.62750591e+00  1.60636312e+00 
 5.42280000e-10  1.62748371e+00  1.60638372e+00 
 5.43280000e-10  1.62746112e+00  1.60640437e+00 
 5.44280000e-10  1.62743762e+00  1.60642521e+00 
 5.45280000e-10  1.62741292e+00  1.60644632e+00 
 5.46280000e-10  1.62738694e+00  1.60646770e+00 
 5.47280000e-10  1.62735986e+00  1.60648932e+00 
 5.48280000e-10  1.62733204e+00  1.60651110e+00 
 5.49280000e-10  1.62730393e+00  1.60653297e+00 
 5.50280000e-10  1.62727604e+00  1.60655484e+00 
 5.51280000e-10  1.62724881e+00  1.60657663e+00 
 5.52280000e-10  1.62722257e+00  1.60659827e+00 
 5.53280000e-10  1.62719746e+00  1.60661968e+00 
 5.54280000e-10  1.62717349e+00  1.60664083e+00 
 5.55280000e-10  1.62715052e+00  1.60666170e+00 
 5.56280000e-10  1.62712819e+00  1.60668237e+00 
 5.57280000e-10  1.62710599e+00  1.60670296e+00 
 5.58280000e-10  1.62708336e+00  1.60672362e+00 
 5.59280000e-10  1.62705980e+00  1.60674448e+00 
 5.60280000e-10  1.62703502e+00  1.60676560e+00 
 5.61280000e-10  1.62700897e+00  1.60678700e+00 
 5.62280000e-10  1.62698184e+00  1.60680862e+00 
 5.63280000e-10  1.62695400e+00  1.60683041e+00 
 5.64280000e-10  1.62692592e+00  1.60685227e+00 
 5.65280000e-10  1.62689808e+00  1.60687413e+00 
 5.66280000e-10  1.62687094e+00  1.60689591e+00 
 5.67280000e-10  1.62684480e+00  1.60691753e+00 
 5.68280000e-10  1.62681981e+00  1.60693892e+00 
 5.69280000e-10  1.62679595e+00  1.60696003e+00 
 5.70280000e-10  1.62677305e+00  1.60698088e+00 
 5.71280000e-10  1.62675077e+00  1.60700153e+00 
 5.72280000e-10  1.62672858e+00  1.60702211e+00 
 5.73280000e-10  1.62670592e+00  1.60704278e+00 
 5.74280000e-10  1.62668229e+00  1.60706365e+00 
 5.75280000e-10  1.62665742e+00  1.60708479e+00 
 5.76280000e-10  1.62663130e+00  1.60710620e+00 
 5.77280000e-10  1.62660412e+00  1.60712784e+00 
 5.78280000e-10  1.62657625e+00  1.60714963e+00 
 5.79280000e-10  1.62654818e+00  1.60717149e+00 
 5.80280000e-10  1.62652039e+00  1.60719334e+00 
 5.81280000e-10  1.62649333e+00  1.60721511e+00 
 5.82280000e-10  1.62646729e+00  1.60723671e+00 
 5.83280000e-10  1.62644239e+00  1.60725807e+00 
 5.84280000e-10  1.62641862e+00  1.60727916e+00 
 5.85280000e-10  1.62639579e+00  1.60729999e+00 
 5.86280000e-10  1.62637355e+00  1.60732063e+00 
 5.87280000e-10  1.62635136e+00  1.60734121e+00 
 5.88280000e-10  1.62632866e+00  1.60736189e+00 
 5.89280000e-10  1.62630496e+00  1.60738277e+00 
 5.90280000e-10  1.62628002e+00  1.60740392e+00 
 5.91280000e-10  1.62625383e+00  1.60742535e+00 
 5.92280000e-10  1.62622660e+00  1.60744699e+00 
 5.93280000e-10  1.62619872e+00  1.60746878e+00 
 5.94280000e-10  1.62617068e+00  1.60749064e+00 
 5.95280000e-10  1.62614296e+00  1.60751249e+00 
 5.96280000e-10  1.62611598e+00  1.60753424e+00 
 5.97280000e-10  1.62609004e+00  1.60755581e+00 
 5.98280000e-10  1.62606526e+00  1.60757715e+00 
 5.99280000e-10  1.62604159e+00  1.60759821e+00 
 6.00280000e-10  1.62601884e+00  1.60761902e+00 
 6.01280000e-10  1.62599665e+00  1.60763964e+00 
 6.02280000e-10  1.62597446e+00  1.60766022e+00 
 6.03280000e-10  1.62595171e+00  1.60768090e+00 
 6.04280000e-10  1.62592794e+00  1.60770179e+00 
 6.05280000e-10  1.62590292e+00  1.60772296e+00 
 6.06280000e-10  1.62587665e+00  1.60774440e+00 
 6.07280000e-10  1.62584937e+00  1.60776605e+00 
 6.08280000e-10  1.62582148e+00  1.60778785e+00 
 6.09280000e-10  1.62579345e+00  1.60780971e+00 
 6.10280000e-10  1.62576578e+00  1.60783154e+00 
 6.11280000e-10  1.62573889e+00  1.60785327e+00 
 6.12280000e-10  1.62571305e+00  1.60787483e+00 
 6.13280000e-10  1.62568836e+00  1.60789615e+00 
 6.14280000e-10  1.62566478e+00  1.60791718e+00 
 6.15280000e-10  1.62564210e+00  1.60793797e+00 
 6.16280000e-10  1.62561994e+00  1.60795858e+00 
 6.17280000e-10  1.62559774e+00  1.60797915e+00 
 6.18280000e-10  1.62557495e+00  1.60799984e+00 
 6.19280000e-10  1.62555111e+00  1.60802075e+00 
 6.20280000e-10  1.62552601e+00  1.60804194e+00 
 6.21280000e-10  1.62549968e+00  1.60806339e+00 
 6.22280000e-10  1.62547236e+00  1.60808505e+00 
 6.23280000e-10  1.62544447e+00  1.60810684e+00 
 6.24280000e-10  1.62541647e+00  1.60812869e+00 
 6.25280000e-10  1.62538887e+00  1.60815051e+00 
 6.26280000e-10  1.62536207e+00  1.60817223e+00 
 6.27280000e-10  1.62533634e+00  1.60819376e+00 
 6.28280000e-10  1.62531175e+00  1.60821505e+00 
 6.29280000e-10  1.62528827e+00  1.60823606e+00 
 6.30280000e-10  1.62526567e+00  1.60825682e+00 
 6.31280000e-10  1.62524355e+00  1.60827741e+00 
 6.32280000e-10  1.62522135e+00  1.60829798e+00 
 6.33280000e-10  1.62519850e+00  1.60831868e+00 
 6.34280000e-10  1.62517459e+00  1.60833960e+00 
 6.35280000e-10  1.62514941e+00  1.60836080e+00 
 6.36280000e-10  1.62512301e+00  1.60838226e+00 
 6.37280000e-10  1.62509564e+00  1.60840393e+00 
 6.38280000e-10  1.62506774e+00  1.60842573e+00 
 6.39280000e-10  1.62503977e+00  1.60844757e+00 
 6.40280000e-10  1.62501222e+00  1.60846939e+00 
 6.41280000e-10  1.62498551e+00  1.60849109e+00 
 6.42280000e-10  1.62495987e+00  1.60851260e+00 
 6.43280000e-10  1.62493539e+00  1.60853386e+00 
 6.44280000e-10  1.62491199e+00  1.60855485e+00 
 6.45280000e-10  1.62488946e+00  1.60857558e+00 
 6.46280000e-10  1.62486736e+00  1.60859617e+00 
 6.47280000e-10  1.62484514e+00  1.60861674e+00 
 6.48280000e-10  1.62482225e+00  1.60863744e+00 
 6.49280000e-10  1.62479827e+00  1.60865838e+00 
 6.50280000e-10  1.62477301e+00  1.60867959e+00 
 6.51280000e-10  1.62474655e+00  1.60870107e+00 
 6.52280000e-10  1.62471915e+00  1.60872274e+00 
 6.53280000e-10  1.62469124e+00  1.60874453e+00 
 6.54280000e-10  1.62466331e+00  1.60876637e+00 
 6.55280000e-10  1.62463584e+00  1.60878817e+00 
 6.56280000e-10  1.62460922e+00  1.60880985e+00 
 6.57280000e-10  1.62458370e+00  1.60883134e+00 
 6.58280000e-10  1.62455932e+00  1.60885257e+00 
 6.59280000e-10  1.62453602e+00  1.60887353e+00 
 6.60280000e-10  1.62451356e+00  1.60889424e+00 
 6.61280000e-10  1.62449150e+00  1.60891481e+00 
 6.62280000e-10  1.62446927e+00  1.60893538e+00 
 6.63280000e-10  1.62444632e+00  1.60895609e+00 
 6.64280000e-10  1.62442226e+00  1.60897704e+00 
 6.65280000e-10  1.62439692e+00  1.60899827e+00 
 6.66280000e-10  1.62437039e+00  1.60901975e+00 
 6.67280000e-10  1.62434296e+00  1.60904143e+00 
 6.68280000e-10  1.62431504e+00  1.60906322e+00 
 6.69280000e-10  1.62428714e+00  1.60908505e+00 
 6.70280000e-10  1.62425974e+00  1.60910684e+00 
 6.71280000e-10  1.62423321e+00  1.60912850e+00 
 6.72280000e-10  1.62420778e+00  1.60914996e+00 
 6.73280000e-10  1.62418350e+00  1.60917117e+00 
 6.74280000e-10  1.62416029e+00  1.60919210e+00 
 6.75280000e-10  1.62413789e+00  1.60921279e+00 
 6.76280000e-10  1.62411585e+00  1.60923335e+00 
 6.77280000e-10  1.62409360e+00  1.60925392e+00 
 6.78280000e-10  1.62407060e+00  1.60927464e+00 
 6.79280000e-10  1.62404647e+00  1.60929560e+00 
 6.80280000e-10  1.62402106e+00  1.60931684e+00 
 6.81280000e-10  1.62399447e+00  1.60933833e+00 
 6.82280000e-10  1.62396700e+00  1.60936001e+00 
 6.83280000e-10  1.62393910e+00  1.60938181e+00 
 6.84280000e-10  1.62391124e+00  1.60940363e+00 
 6.85280000e-10  1.62388391e+00  1.60942540e+00 
 6.86280000e-10  1.62385749e+00  1.60944704e+00 
 6.87280000e-10  1.62383217e+00  1.60946847e+00 
 6.88280000e-10  1.62380800e+00  1.60948965e+00 
 6.89280000e-10  1.62378488e+00  1.60951055e+00 
 6.90280000e-10  1.62376255e+00  1.60953122e+00 
 6.91280000e-10  1.62374053e+00  1.60955176e+00 
 6.92280000e-10  1.62371826e+00  1.60957233e+00 
 6.93280000e-10  1.62369521e+00  1.60959305e+00 
 6.94280000e-10  1.62367100e+00  1.60961403e+00 
 6.95280000e-10  1.62364552e+00  1.60963528e+00 
 6.96280000e-10  1.62361886e+00  1.60965678e+00 
 6.97280000e-10  1.62359136e+00  1.60967846e+00 
 6.98280000e-10  1.62356346e+00  1.60970025e+00 
 6.99280000e-10  1.62353564e+00  1.60972206e+00 
 7.00280000e-10  1.62350839e+00  1.60974382e+00 
 7.01280000e-10  1.62348205e+00  1.60976544e+00 
 7.02280000e-10  1.62345683e+00  1.60978685e+00 
 7.03280000e-10  1.62343276e+00  1.60980799e+00 
 7.04280000e-10  1.62340973e+00  1.60982887e+00 
 7.05280000e-10  1.62338746e+00  1.60984951e+00 
 7.06280000e-10  1.62336546e+00  1.60987005e+00 
 7.07280000e-10  1.62334317e+00  1.60989061e+00 
 7.08280000e-10  1.62332006e+00  1.60991135e+00 
 7.09280000e-10  1.62329578e+00  1.60993233e+00 
 7.10280000e-10  1.62327022e+00  1.60995359e+00 
 7.11280000e-10  1.62324352e+00  1.60997510e+00 
 7.12280000e-10  1.62321600e+00  1.60999678e+00 
 7.13280000e-10  1.62318811e+00  1.61001856e+00 
 7.14280000e-10  1.62316035e+00  1.61004036e+00 
 7.15280000e-10  1.62313317e+00  1.61006210e+00 
 7.16280000e-10  1.62310694e+00  1.61008369e+00 
 7.17280000e-10  1.62308184e+00  1.61010507e+00 
 7.18280000e-10  1.62305787e+00  1.61012619e+00 
 7.19280000e-10  1.62303494e+00  1.61014703e+00 
 7.20280000e-10  1.62301273e+00  1.61016765e+00 
 7.21280000e-10  1.62299075e+00  1.61018817e+00 
 7.22280000e-10  1.62296844e+00  1.61020873e+00 
 7.23280000e-10  1.62294527e+00  1.61022947e+00 
 7.24280000e-10  1.62292092e+00  1.61025046e+00 
 7.25280000e-10  1.62289529e+00  1.61027173e+00 
 7.26280000e-10  1.62286853e+00  1.61029324e+00 
 7.27280000e-10  1.62284098e+00  1.61031492e+00 
 7.28280000e-10  1.62281310e+00  1.61033670e+00 
 7.29280000e-10  1.62278539e+00  1.61035849e+00 
 7.30280000e-10  1.62275829e+00  1.61038020e+00 
 7.31280000e-10  1.62273216e+00  1.61040177e+00 
 7.32280000e-10  1.62270715e+00  1.61042312e+00 
 7.33280000e-10  1.62268329e+00  1.61044421e+00 
 7.34280000e-10  1.62266044e+00  1.61046502e+00 
 7.35280000e-10  1.62263829e+00  1.61048562e+00 
 7.36280000e-10  1.62261633e+00  1.61050612e+00 
 7.37280000e-10  1.62259399e+00  1.61052668e+00 
 7.38280000e-10  1.62257077e+00  1.61054743e+00 
 7.39280000e-10  1.62254634e+00  1.61056843e+00 
 7.40280000e-10  1.62252064e+00  1.61058971e+00 
 7.41280000e-10  1.62249384e+00  1.61061122e+00 
 7.42280000e-10  1.62246628e+00  1.61063290e+00 
 7.43280000e-10  1.62243843e+00  1.61065466e+00 
 7.44280000e-10  1.62241077e+00  1.61067643e+00 
 7.45280000e-10  1.62238377e+00  1.61069812e+00 
 7.46280000e-10  1.62235775e+00  1.61071966e+00 
 7.47280000e-10  1.62233286e+00  1.61074098e+00 
 7.48280000e-10  1.62230911e+00  1.61076203e+00 
 7.49280000e-10  1.62228636e+00  1.61078280e+00 
 7.50280000e-10  1.62226426e+00  1.61080338e+00 
 7.51280000e-10  1.62224232e+00  1.61082386e+00 
 7.52280000e-10  1.62221996e+00  1.61084442e+00 
 7.53280000e-10  1.62219668e+00  1.61086516e+00 
 7.54280000e-10  1.62217218e+00  1.61088617e+00 
 7.55280000e-10  1.62214642e+00  1.61090746e+00 
 7.56280000e-10  1.62211957e+00  1.61092897e+00 
 7.57280000e-10  1.62209199e+00  1.61095064e+00 
 7.58280000e-10  1.62206415e+00  1.61097239e+00 
 7.59280000e-10  1.62203655e+00  1.61099414e+00 
 7.60280000e-10  1.62200963e+00  1.61101581e+00 
 7.61280000e-10  1.62198372e+00  1.61103732e+00 
 7.62280000e-10  1.62195894e+00  1.61105861e+00 
 7.63280000e-10  1.62193529e+00  1.61107962e+00 
 7.64280000e-10  1.62191262e+00  1.61110036e+00 
 7.65280000e-10  1.62189058e+00  1.61112091e+00 
 7.66280000e-10  1.62186866e+00  1.61114138e+00 
 7.67280000e-10  1.62184627e+00  1.61116193e+00 
 7.68280000e-10  1.62182294e+00  1.61118268e+00 
 7.69280000e-10  1.62179837e+00  1.61120369e+00 
 7.70280000e-10  1.62177255e+00  1.61122497e+00 
 7.71280000e-10  1.62174566e+00  1.61124648e+00 
 7.72280000e-10  1.62171808e+00  1.61126814e+00 
 7.73280000e-10  1.62169028e+00  1.61128988e+00 
 7.74280000e-10  1.62166275e+00  1.61131161e+00 
 7.75280000e-10  1.62163594e+00  1.61133325e+00 
 7.76280000e-10  1.62161014e+00  1.61135472e+00 
 7.77280000e-10  1.62158548e+00  1.61137597e+00 
 7.78280000e-10  1.62156195e+00  1.61139694e+00 
 7.79280000e-10  1.62153938e+00  1.61141764e+00 
 7.80280000e-10  1.62151740e+00  1.61143816e+00 
 7.81280000e-10  1.62149549e+00  1.61145861e+00 
 7.82280000e-10  1.62147308e+00  1.61147915e+00 
 7.83280000e-10  1.62144969e+00  1.61149989e+00 
 7.84280000e-10  1.62142506e+00  1.61152091e+00 
 7.85280000e-10  1.62139918e+00  1.61154219e+00 
 7.86280000e-10  1.62137225e+00  1.61156369e+00 
 7.87280000e-10  1.62134467e+00  1.61158534e+00 
 7.88280000e-10  1.62131690e+00  1.61160706e+00 
 7.89280000e-10  1.62128943e+00  1.61162876e+00 
 7.90280000e-10  1.62126271e+00  1.61165037e+00 
 7.91280000e-10  1.62123702e+00  1.61167181e+00 
 7.92280000e-10  1.62121248e+00  1.61169302e+00 
 7.93280000e-10  1.62118905e+00  1.61171395e+00 
 7.94280000e-10  1.62116657e+00  1.61173461e+00 
 7.95280000e-10  1.62114465e+00  1.61175510e+00 
 7.96280000e-10  1.62112275e+00  1.61177553e+00 
 7.97280000e-10  1.62110031e+00  1.61179606e+00 
 7.98280000e-10  1.62107687e+00  1.61181680e+00 
 7.99280000e-10  1.62105218e+00  1.61183781e+00 
 8.00280000e-10  1.62102625e+00  1.61185909e+00 
 8.01280000e-10  1.62099930e+00  1.61188058e+00 
 8.02280000e-10  1.62097172e+00  1.61190221e+00 
 8.03280000e-10  1.62094400e+00  1.61192391e+00 
 8.04280000e-10  1.62091662e+00  1.61194558e+00 
 8.05280000e-10  1.62089000e+00  1.61196716e+00 
 8.06280000e-10  1.62086444e+00  1.61198856e+00 
 8.07280000e-10  1.62084002e+00  1.61200971e+00 
 8.08280000e-10  1.62081672e+00  1.61203059e+00 
 8.09280000e-10  1.62079433e+00  1.61205122e+00 
 8.10280000e-10  1.62077247e+00  1.61207167e+00 
 8.11280000e-10  1.62075059e+00  1.61209207e+00 
 8.12280000e-10  1.62072813e+00  1.61211259e+00 
 8.13280000e-10  1.62070464e+00  1.61213332e+00 
 8.14280000e-10  1.62067989e+00  1.61215433e+00 
 8.15280000e-10  1.62065390e+00  1.61217560e+00 
 8.16280000e-10  1.62062692e+00  1.61219708e+00 
 8.17280000e-10  1.62059935e+00  1.61221869e+00 
 8.18280000e-10  1.62057166e+00  1.61224036e+00 
 8.19280000e-10  1.62054436e+00  1.61226200e+00 
 8.20280000e-10  1.62051785e+00  1.61228354e+00 
 8.21280000e-10  1.62049240e+00  1.61230490e+00 
 8.22280000e-10  1.62046810e+00  1.61232601e+00 
 8.23280000e-10  1.62044490e+00  1.61234685e+00 
 8.24280000e-10  1.62042261e+00  1.61236743e+00 
 8.25280000e-10  1.62040080e+00  1.61238784e+00 
 8.26280000e-10  1.62037893e+00  1.61240823e+00 
 8.27280000e-10  1.62035644e+00  1.61242873e+00 
 8.28280000e-10  1.62033289e+00  1.61244946e+00 
 8.29280000e-10  1.62030809e+00  1.61247046e+00 
 8.30280000e-10  1.62028205e+00  1.61249171e+00 
 8.31280000e-10  1.62025506e+00  1.61251317e+00 
 8.32280000e-10  1.62022750e+00  1.61253477e+00 
 8.33280000e-10  1.62019987e+00  1.61255641e+00 
 8.34280000e-10  1.62017265e+00  1.61257802e+00 
 8.35280000e-10  1.62014626e+00  1.61259951e+00 
 8.36280000e-10  1.62012093e+00  1.61262082e+00 
 8.37280000e-10  1.62009676e+00  1.61264189e+00 
 8.38280000e-10  1.62007369e+00  1.61266267e+00 
 8.39280000e-10  1.62005148e+00  1.61268320e+00 
 8.40280000e-10  1.62002973e+00  1.61270358e+00 
 8.41280000e-10  1.62000787e+00  1.61272394e+00 
 8.42280000e-10  1.61998535e+00  1.61274443e+00 
 8.43280000e-10  1.61996175e+00  1.61276514e+00 
 8.44280000e-10  1.61993688e+00  1.61278613e+00 
 8.45280000e-10  1.61991080e+00  1.61280738e+00 
 8.46280000e-10  1.61988377e+00  1.61282883e+00 
 8.47280000e-10  1.61985622e+00  1.61285040e+00 
 8.48280000e-10  1.61982864e+00  1.61287201e+00 
 8.49280000e-10  1.61980150e+00  1.61289359e+00 
 8.50280000e-10  1.61977521e+00  1.61291504e+00 
 8.51280000e-10  1.61975000e+00  1.61293631e+00 
 8.52280000e-10  1.61972594e+00  1.61295733e+00 
 8.53280000e-10  1.61970297e+00  1.61297806e+00 
 8.54280000e-10  1.61968084e+00  1.61299855e+00 
 8.55280000e-10  1.61965913e+00  1.61301890e+00 
 8.56280000e-10  1.61963727e+00  1.61303924e+00 
 8.57280000e-10  1.61961471e+00  1.61305971e+00 
 8.58280000e-10  1.61959106e+00  1.61308042e+00 
 8.59280000e-10  1.61956613e+00  1.61310140e+00 
 8.60280000e-10  1.61954000e+00  1.61312264e+00 
 8.61280000e-10  1.61951295e+00  1.61314406e+00 
 8.62280000e-10  1.61948542e+00  1.61316561e+00 
 8.63280000e-10  1.61945789e+00  1.61318720e+00 
 8.64280000e-10  1.61943084e+00  1.61320874e+00 
 8.65280000e-10  1.61940466e+00  1.61323015e+00 
 8.66280000e-10  1.61937957e+00  1.61325137e+00 
 8.67280000e-10  1.61935563e+00  1.61327234e+00 
 8.68280000e-10  1.61933277e+00  1.61329303e+00 
 8.69280000e-10  1.61931072e+00  1.61331348e+00 
 8.70280000e-10  1.61928905e+00  1.61333379e+00 
 8.71280000e-10  1.61926719e+00  1.61335410e+00 
 8.72280000e-10  1.61924459e+00  1.61337456e+00 
 8.73280000e-10  1.61922087e+00  1.61339526e+00 
 8.74280000e-10  1.61919586e+00  1.61341624e+00 
 8.75280000e-10  1.61916968e+00  1.61343747e+00 
 8.76280000e-10  1.61914261e+00  1.61345888e+00 
 8.77280000e-10  1.61911508e+00  1.61348041e+00 
 8.78280000e-10  1.61908759e+00  1.61350197e+00 
 8.79280000e-10  1.61906061e+00  1.61352348e+00 
 8.80280000e-10  1.61903452e+00  1.61354486e+00 
 8.81280000e-10  1.61900954e+00  1.61356604e+00 
 8.82280000e-10  1.61898571e+00  1.61358696e+00 
 8.83280000e-10  1.61896293e+00  1.61360760e+00 
 8.84280000e-10  1.61894095e+00  1.61362802e+00 
 8.85280000e-10  1.61891931e+00  1.61364830e+00 
 8.86280000e-10  1.61889743e+00  1.61366860e+00 
 8.87280000e-10  1.61887478e+00  1.61368905e+00 
 8.88280000e-10  1.61885098e+00  1.61370975e+00 
 8.89280000e-10  1.61882591e+00  1.61373072e+00 
 8.90280000e-10  1.61879967e+00  1.61375194e+00 
 8.91280000e-10  1.61877257e+00  1.61377334e+00 
 8.92280000e-10  1.61874506e+00  1.61379485e+00 
 8.93280000e-10  1.61871761e+00  1.61381638e+00 
 8.94280000e-10  1.61869072e+00  1.61383786e+00 
 8.95280000e-10  1.61866473e+00  1.61385921e+00 
 8.96280000e-10  1.61863986e+00  1.61388034e+00 
 8.97280000e-10  1.61861613e+00  1.61390122e+00 
 8.98280000e-10  1.61859345e+00  1.61392182e+00 
 8.99280000e-10  1.61857154e+00  1.61394220e+00 
 9.00280000e-10  1.61854991e+00  1.61396245e+00 
 9.01280000e-10  1.61852801e+00  1.61398274e+00 
 9.02280000e-10  1.61850530e+00  1.61400318e+00 
 9.03280000e-10  1.61848143e+00  1.61402388e+00 
 9.04280000e-10  1.61845628e+00  1.61404485e+00 
 9.05280000e-10  1.61842997e+00  1.61406607e+00 
 9.06280000e-10  1.61840284e+00  1.61408746e+00 
 9.07280000e-10  1.61837532e+00  1.61410895e+00 
 9.08280000e-10  1.61834791e+00  1.61413047e+00 
 9.09280000e-10  1.61832108e+00  1.61415192e+00 
 9.10280000e-10  1.61829518e+00  1.61417323e+00 
 9.11280000e-10  1.61827040e+00  1.61419433e+00 
 9.12280000e-10  1.61824677e+00  1.61421517e+00 
 9.13280000e-10  1.61822417e+00  1.61423574e+00 
 9.14280000e-10  1.61820230e+00  1.61425608e+00 
 9.15280000e-10  1.61818068e+00  1.61427632e+00 
 9.16280000e-10  1.61815875e+00  1.61429659e+00 
 9.17280000e-10  1.61813598e+00  1.61431704e+00 
 9.18280000e-10  1.61811202e+00  1.61433774e+00 
 9.19280000e-10  1.61808679e+00  1.61435871e+00 
 9.20280000e-10  1.61806042e+00  1.61437992e+00 
 9.21280000e-10  1.61803326e+00  1.61440131e+00 
 9.22280000e-10  1.61800575e+00  1.61442279e+00 
 9.23280000e-10  1.61797838e+00  1.61444428e+00 
 9.24280000e-10  1.61795163e+00  1.61446570e+00 
 9.25280000e-10  1.61792582e+00  1.61448698e+00 
 9.26280000e-10  1.61790114e+00  1.61450805e+00 
 9.27280000e-10  1.61787761e+00  1.61452885e+00 
 9.28280000e-10  1.61785509e+00  1.61454938e+00 
 9.29280000e-10  1.61783327e+00  1.61456969e+00 
 9.30280000e-10  1.61781166e+00  1.61458991e+00 
 9.31280000e-10  1.61778969e+00  1.61461017e+00 
 9.32280000e-10  1.61776684e+00  1.61463062e+00 
 9.33280000e-10  1.61774280e+00  1.61465133e+00 
 9.34280000e-10  1.61771748e+00  1.61467230e+00 
 9.35280000e-10  1.61769104e+00  1.61469351e+00 
 9.36280000e-10  1.61766384e+00  1.61471489e+00 
 9.37280000e-10  1.61763632e+00  1.61473636e+00 
 9.38280000e-10  1.61760899e+00  1.61475784e+00 
 9.39280000e-10  1.61758229e+00  1.61477924e+00 
 9.40280000e-10  1.61755657e+00  1.61480049e+00 
 9.41280000e-10  1.61753198e+00  1.61482153e+00 
 9.42280000e-10  1.61750852e+00  1.61484229e+00 
 9.43280000e-10  1.61748607e+00  1.61486279e+00 
 9.44280000e-10  1.61746428e+00  1.61488308e+00 
 9.45280000e-10  1.61744267e+00  1.61490328e+00 
 9.46280000e-10  1.61742065e+00  1.61492355e+00 
 9.47280000e-10  1.61739773e+00  1.61494400e+00 
 9.48280000e-10  1.61737360e+00  1.61496471e+00 
 9.49280000e-10  1.61734819e+00  1.61498569e+00 
 9.50280000e-10  1.61732169e+00  1.61500690e+00 
 9.51280000e-10  1.61729446e+00  1.61502828e+00 
 9.52280000e-10  1.61726695e+00  1.61504974e+00 
 9.53280000e-10  1.61723965e+00  1.61507119e+00 
 9.54280000e-10  1.61721303e+00  1.61509257e+00 
 9.55280000e-10  1.61718740e+00  1.61511380e+00 
 9.56280000e-10  1.61716290e+00  1.61513480e+00 
 9.57280000e-10  1.61713954e+00  1.61515553e+00 
 9.58280000e-10  1.61711715e+00  1.61517599e+00 
 9.59280000e-10  1.61709541e+00  1.61519626e+00 
 9.60280000e-10  1.61707379e+00  1.61521644e+00 
 9.61280000e-10  1.61705172e+00  1.61523670e+00 
 9.62280000e-10  1.61702872e+00  1.61525716e+00 
 9.63280000e-10  1.61700449e+00  1.61527788e+00 
 9.64280000e-10  1.61697899e+00  1.61529887e+00 
 9.65280000e-10  1.61695242e+00  1.61532009e+00 
 9.66280000e-10  1.61692515e+00  1.61534146e+00 
 9.67280000e-10  1.61689763e+00  1.61536291e+00 
 9.68280000e-10  1.61687037e+00  1.61538435e+00 
 9.69280000e-10  1.61684381e+00  1.61540571e+00 
 9.70280000e-10  1.61681825e+00  1.61542691e+00 
 9.71280000e-10  1.61679384e+00  1.61544788e+00 
 9.72280000e-10  1.61677055e+00  1.61546858e+00 
 9.73280000e-10  1.61674823e+00  1.61548902e+00 
 9.74280000e-10  1.61672651e+00  1.61550926e+00 
 9.75280000e-10  1.61670487e+00  1.61552944e+00 
 9.76280000e-10  1.61668275e+00  1.61554970e+00 
 9.77280000e-10  1.61665966e+00  1.61557016e+00 
 9.78280000e-10  1.61663534e+00  1.61559089e+00 
 9.79280000e-10  1.61660976e+00  1.61561189e+00 
 9.80280000e-10  1.61658313e+00  1.61563311e+00 
 9.81280000e-10  1.61655582e+00  1.61565448e+00 
 9.82280000e-10  1.61652831e+00  1.61567592e+00 
 9.83280000e-10  1.61650110e+00  1.61569734e+00 
 9.84280000e-10  1.61647461e+00  1.61571868e+00 
 9.85280000e-10  1.61644914e+00  1.61573985e+00 
 9.86280000e-10  1.61642482e+00  1.61576079e+00 
 9.87280000e-10  1.61640161e+00  1.61578146e+00 
 9.88280000e-10  1.61637935e+00  1.61580186e+00 
 9.89280000e-10  1.61635766e+00  1.61582209e+00 
 9.90280000e-10  1.61633601e+00  1.61584225e+00 
 9.91280000e-10  1.61631383e+00  1.61586251e+00 
 9.92280000e-10  1.61629066e+00  1.61588299e+00 
 9.93280000e-10  1.61626624e+00  1.61590372e+00 
 9.94280000e-10  1.61624056e+00  1.61592473e+00 
 9.95280000e-10  1.61621386e+00  1.61594595e+00 
 9.96280000e-10  1.61618652e+00  1.61596732e+00 
 9.97280000e-10  1.61615901e+00  1.61598875e+00 
 9.98280000e-10  1.61613183e+00  1.61601016e+00 
 9.99140000e-10  1.61610903e+00  1.61602851e+00 
 1.00000000e-09  1.61608699e+00  1.61604673e+00 
