 time            v(detp)         v(detn)        
 0.00000000e+00  7.17023642e-01  7.17023642e-01 
 1.00000000e-14  7.17209535e-01  7.17142312e-01 
 2.00000000e-14  7.17380622e-01  7.17245245e-01 
 4.00000000e-14  7.17689986e-01  7.17414440e-01 
 8.00000000e-14  7.18188367e-01  7.17611404e-01 
 1.60000000e-13  7.19082107e-01  7.17830414e-01 
 3.20000000e-13  7.20672873e-01  7.17906770e-01 
 6.40000000e-13  7.23212347e-01  7.17269238e-01 
 1.25495106e-12  7.26643351e-01  7.15550167e-01 
 2.25495106e-12  7.29324143e-01  7.14843465e-01 
 3.25495106e-12  7.29106603e-01  7.18114906e-01 
 4.06930012e-12  7.27253570e-01  7.24212963e-01 
 4.98551069e-12  7.23666187e-01  7.35234588e-01 
 5.98551069e-12  7.18139936e-01  7.52462061e-01 
 6.86825276e-12  7.12258999e-01  7.70812492e-01 
 7.85236140e-12  7.05178779e-01  7.91548043e-01 
 8.85236140e-12  6.98146417e-01  8.09617113e-01 
 9.85236140e-12  6.91984844e-01  8.22042826e-01 
 1.08523614e-11  6.87304459e-01  8.27032993e-01 
 1.18523614e-11  6.84559488e-01  8.23854642e-01 
 1.28523614e-11  6.83926567e-01  8.13510130e-01 
 1.38523614e-11  6.85275203e-01  7.98978464e-01 
 1.48523614e-11  6.88470706e-01  7.83552077e-01 
 1.58523614e-11  6.93632339e-01  7.69335884e-01 
 1.68523614e-11  7.01195744e-01  7.57123254e-01 
 1.78523614e-11  7.12041180e-01  7.46792209e-01 
 1.88523614e-11  7.27962779e-01  7.37577040e-01 
 1.98523614e-11  7.51222845e-01  7.28367018e-01 
 2.08523614e-11  7.80254364e-01  7.18744347e-01 
 2.18523614e-11  8.10760831e-01  7.08990549e-01 
 2.28523614e-11  8.39085068e-01  6.99543841e-01 
 2.38523614e-11  8.62488572e-01  6.90907860e-01 
 2.48523614e-11  8.78825972e-01  6.83614408e-01 
 2.58066550e-11  8.86334884e-01  6.78391579e-01 
 2.64133227e-11  8.86569259e-01  6.76295109e-01 
 2.69230487e-11  8.83887223e-01  6.75379210e-01 
 2.75050901e-11  8.77626640e-01  6.75157585e-01 
 2.80348168e-11  8.69107213e-01  6.75777545e-01 
 2.87514272e-11  8.54006163e-01  6.77715973e-01 
 2.96365113e-11  8.32122943e-01  6.81728253e-01 
 3.06365113e-11  8.07498485e-01  6.88202277e-01 
 3.16245097e-11  7.86187054e-01  6.96766438e-01 
 3.26245097e-11  7.68478620e-01  7.08356177e-01 
 3.36245097e-11  7.53915188e-01  7.24641260e-01 
 3.46245097e-11  7.40965186e-01  7.48258652e-01 
 3.55118528e-11  7.30092509e-01  7.74599191e-01 
 3.64568444e-11  7.19007093e-01  8.04574841e-01 
 3.73354224e-11  7.09305121e-01  8.31380135e-01 
 3.82983708e-11  6.99566495e-01  8.57084115e-01 
 3.92077244e-11  6.91583403e-01  8.76061492e-01 
 4.02077244e-11  6.84545932e-01  8.89257556e-01 
 4.12077244e-11  6.79773868e-01  8.93131278e-01 
 4.22077244e-11  6.77661449e-01  8.87024555e-01 
 4.32077244e-11  6.78495210e-01  8.71218875e-01 
 4.40729059e-11  6.81695096e-01  8.51214744e-01 
 4.50238238e-11  6.87554294e-01  8.26440045e-01 
 4.60238238e-11  6.96206309e-01  8.01826313e-01 
 4.70238238e-11  7.08076888e-01  7.80893227e-01 
 4.80238238e-11  7.25304861e-01  7.63511436e-01 
 4.88870618e-11  7.47065371e-01  7.50270554e-01 
 4.97978482e-11  7.76338117e-01  7.37212930e-01 
 5.07978482e-11  8.11591928e-01  7.23732906e-01 
 5.17978482e-11  8.46285059e-01  7.11199463e-01 
 5.27978482e-11  8.77572061e-01  6.99800025e-01 
 5.37869000e-11  9.02894729e-01  6.89942905e-01 
 5.44053825e-11  9.15107665e-01  6.84800104e-01 
 5.50592971e-11  9.24373648e-01  6.80262165e-01 
 5.57516160e-11  9.29654299e-01  6.76514859e-01 
 5.64040528e-11  9.30110684e-01  6.74126832e-01 
 5.68530213e-11  9.27796947e-01  6.73314106e-01 
 5.73101229e-11  9.23238082e-01  6.73156817e-01 
 5.78115074e-11  9.15751179e-01  6.73696862e-01 
 5.82862524e-11  9.06372623e-01  6.74948695e-01 
 5.89521585e-11  8.89877817e-01  6.77839684e-01 
 5.99521585e-11  8.60070599e-01  6.84732426e-01 
 6.09156688e-11  8.30342714e-01  6.94308624e-01 
 6.19156688e-11  8.02760041e-01  7.07899393e-01 
 6.29156688e-11  7.79546285e-01  7.27838104e-01 
 6.37466193e-11  7.62753900e-01  7.51752605e-01 
 6.45413171e-11  7.48261279e-01  7.79661370e-01 
 6.54838655e-11  7.32673913e-01  8.15275392e-01 
 6.64238779e-11  7.18673769e-01  8.50412625e-01 
 6.70339731e-11  7.10496085e-01  8.72018092e-01 
 6.75342811e-11  7.04368567e-01  8.88542067e-01 
 6.80595098e-11  6.98429763e-01  9.04357198e-01 
 6.86670394e-11  6.92141521e-01  9.20282121e-01 
 6.92889038e-11  6.86451265e-01  9.33533681e-01 
 7.01148416e-11  6.80155761e-01  9.45681419e-01 
 7.11148416e-11  6.74817754e-01  9.51186060e-01 
 7.17686468e-11  6.73016395e-01  9.49055759e-01 
 7.22826689e-11  6.72680311e-01  9.44135632e-01 
 7.28255064e-11  6.73308549e-01  9.35903614e-01 
 7.34363820e-11  6.75190346e-01  9.23121974e-01 
 7.41305949e-11  6.78903982e-01  9.04544930e-01 
 7.51305949e-11  6.87323341e-01  8.72379294e-01 
 7.61091171e-11  6.99337794e-01  8.39519226e-01 
 7.71091171e-11  7.17021373e-01  8.09102589e-01 
 7.81091171e-11  7.44496259e-01  7.82750004e-01 
 7.90071702e-11  7.77216125e-01  7.62098597e-01 
 7.99094089e-11  8.13656439e-01  7.43902365e-01 
 8.07856325e-11  8.49445467e-01  7.28320408e-01 
 8.15817557e-11  8.80635922e-01  7.15735422e-01 
 8.21174850e-11  9.00332578e-01  7.08151186e-01 
 8.26500272e-11  9.18448948e-01  7.01257546e-01 
 8.32978705e-11  9.38008132e-01  6.93608273e-01 
 8.39496786e-11  9.54429952e-01  6.86808542e-01 
 8.49213199e-11  9.71755076e-01  6.78415432e-01 
 8.59093438e-11  9.79544339e-01  6.72442199e-01 
 8.69093438e-11  9.76678870e-01  6.69401307e-01 
 8.75942796e-11  9.68411219e-01  6.69335857e-01 
 8.82846244e-11  9.55091560e-01  6.70987061e-01 
 8.89442968e-11  9.38051331e-01  6.74234948e-01 
 8.98691445e-11  9.08277241e-01  6.81589779e-01 
 9.08691445e-11  8.71457631e-01  6.93635647e-01 
 9.18691445e-11  8.35351674e-01  7.11126482e-01 
 9.28691445e-11  8.03111659e-01  7.38312208e-01 
 9.37370217e-11  7.78639511e-01  7.70488875e-01 
 9.46961359e-11  7.55341218e-01  8.10581321e-01 
 9.56961359e-11  7.34680871e-01  8.53035446e-01 
 9.66447242e-11  7.17976425e-01  8.91254105e-01 
 9.73075169e-11  7.07874134e-01  9.15766165e-01 
 9.78954552e-11  6.99930484e-01  9.35380875e-01 
 9.85670836e-11  6.91895339e-01  9.54712090e-01 
 9.92090864e-11  6.85298071e-01  9.69616459e-01 
 1.00209086e-10  6.77101563e-01  9.84813585e-01 
 1.01209086e-10  6.71828570e-01  9.89367478e-01 
 1.01944713e-10  6.70116821e-01  9.85652193e-01 
 1.02514839e-10  6.70199632e-01  9.78644660e-01 
 1.03164769e-10  6.71745198e-01  9.66454344e-01 
 1.03767290e-10  6.74632577e-01  9.51431963e-01 
 1.04682379e-10  6.81772131e-01  9.22784580e-01 
 1.05682379e-10  6.93998564e-01  8.85781618e-01 
 1.06682379e-10  7.12476912e-01  8.47746010e-01 
 1.07682379e-10  7.41913555e-01  8.12585352e-01 
 1.08534807e-10  7.75475131e-01  7.86065306e-01 
 1.09500183e-10  8.17780998e-01  7.60272241e-01 
 1.10500183e-10  8.62172219e-01  7.37778851e-01 
 1.11456541e-10  9.02567732e-01  7.19639864e-01 
 1.12113834e-10  9.28196621e-01  7.08923017e-01 
 1.12664990e-10  9.47803274e-01  7.00965701e-01 
 1.13239434e-10  9.65957355e-01  6.93558565e-01 
 1.13875979e-10  9.82885132e-01  6.86342409e-01 
 1.14660179e-10  9.98478261e-01  6.78897900e-01 
 1.15660179e-10  1.00899448e+00  6.71927284e-01 
 1.16536263e-10  1.00907164e+00  6.68469249e-01 
 1.17148026e-10  1.00397279e+00  6.67741234e-01 
 1.17745256e-10  9.94994066e-01  6.68398690e-01 
 1.18414516e-10  9.80523346e-01  6.70719038e-01 
 1.19155897e-10  9.59588561e-01  6.75344102e-01 
 1.20155897e-10  9.24641682e-01  6.85398597e-01 
 1.21155897e-10  8.84693160e-01  7.01019615e-01 
 1.22155897e-10  8.44535542e-01  7.25787851e-01 
 1.23155897e-10  8.07693149e-01  7.63081809e-01 
 1.24155897e-10  7.76092589e-01  8.07477836e-01 
 1.25125422e-10  7.50514670e-01  8.52179342e-01 
 1.26017580e-10  7.30799756e-01  8.92065511e-01 
 1.26762237e-10  7.16762986e-01  9.23158321e-01 
 1.27292766e-10  7.08026163e-01  9.43571960e-01 
 1.27833092e-10  7.00074848e-01  9.62462007e-01 
 1.28479881e-10  6.91649599e-01  9.82064550e-01 
 1.29133608e-10  6.84367815e-01  9.98066008e-01 
 1.30133608e-10  6.75603871e-01  1.01411421e+00 
 1.31133608e-10  6.70041223e-01  1.01913499e+00 
 1.31839613e-10  6.68307667e-01  1.01581308e+00 
 1.32408324e-10  6.68348540e-01  1.00901442e+00 
 1.33065512e-10  6.69938078e-01  9.96795810e-01 
 1.33684499e-10  6.73028588e-01  9.81317421e-01 
 1.34652833e-10  6.81136909e-01  9.50502230e-01 
 1.35652833e-10  6.94682865e-01  9.12018122e-01 
 1.36652833e-10  7.16344333e-01  8.70115038e-01 
 1.37652833e-10  7.51094343e-01  8.29369477e-01 
 1.38519070e-10  7.89154967e-01  7.97750033e-01 
 1.39447445e-10  8.33084458e-01  7.68779299e-01 
 1.40447445e-10  8.80198822e-01  7.42862793e-01 
 1.41377995e-10  9.21591812e-01  7.22915657e-01 
 1.42000919e-10  9.47147905e-01  7.11577549e-01 
 1.42564051e-10  9.68220197e-01  7.02559971e-01 
 1.43159836e-10  9.87937143e-01  6.94135949e-01 
 1.43794717e-10  1.00555747e+00  6.86350819e-01 
 1.44688213e-10  1.02357933e+00  6.77395451e-01 
 1.45688213e-10  1.03341267e+00  6.70379037e-01 
 1.46524277e-10  1.03283549e+00  6.67214973e-01 
 1.47131144e-10  1.02734722e+00  6.66635205e-01 
 1.47753814e-10  1.01742431e+00  6.67546608e-01 
 1.48399902e-10  1.00283410e+00  6.70127928e-01 
 1.49207371e-10  9.79142077e-01  6.75804639e-01 
 1.50207371e-10  9.42848355e-01  6.87233007e-01 
 1.51207371e-10  9.00906888e-01  7.05506024e-01 
 1.52207371e-10  8.56928372e-01  7.35866840e-01 
 1.53207371e-10  8.15937492e-01  7.78305366e-01 
 1.54154813e-10  7.82531733e-01  8.23675625e-01 
 1.55154813e-10  7.53306278e-01  8.72201388e-01 
 1.56145905e-10  7.29645799e-01  9.17990765e-01 
 1.56847476e-10  7.15679817e-01  9.47878904e-01 
 1.57408568e-10  7.05995506e-01  9.69685994e-01 
 1.57980290e-10  6.97311610e-01  9.89519043e-01 
 1.58621654e-10  6.88849707e-01  1.00840900e+00 
 1.59416561e-10  6.80165238e-01  1.02620849e+00 
 1.60416561e-10  6.72172571e-01  1.03882132e+00 
 1.61416561e-10  6.67705041e-01  1.03991159e+00 
 1.62090030e-10  6.66914787e-01  1.03407797e+00 
 1.62746630e-10  6.67919876e-01  1.02346202e+00 
 1.63372138e-10  6.70559041e-01  1.00911825e+00 
 1.64218486e-10  6.76831825e-01  9.83934848e-01 
 1.65218486e-10  6.89002876e-01  9.47088858e-01 
 1.66218486e-10  7.08826664e-01  9.04400614e-01 
 1.67218486e-10  7.41967619e-01  8.59163429e-01 
 1.68218486e-10  7.86449340e-01  8.16976876e-01 
 1.69132496e-10  8.31411854e-01  7.83781736e-01 
 1.70132496e-10  8.80850741e-01  7.53686652e-01 
 1.71105841e-10  9.26534207e-01  7.29824995e-01 
 1.71777602e-10  9.55641893e-01  7.16088509e-01 
 1.72339746e-10  9.77902308e-01  7.06106233e-01 
 1.72919655e-10  9.98385873e-01  6.97061930e-01 
 1.73558312e-10  1.01754041e+00  6.88435935e-01 
 1.74371520e-10  1.03604867e+00  6.79375652e-01 
 1.75371520e-10  1.04881868e+00  6.71279494e-01 
 1.76371520e-10  1.04995449e+00  6.66779418e-01 
 1.77048099e-10  1.04405835e+00  6.65998100e-01 
 1.77713011e-10  1.03320063e+00  6.67062993e-01 
 1.78335669e-10  1.01878548e+00  6.69765778e-01 
 1.79204706e-10  9.92661095e-01  6.76393341e-01 
 1.80204706e-10  9.55414188e-01  6.88967531e-01 
 1.81204706e-10  9.12085776e-01  7.09624123e-01 
 1.82204706e-10  8.65461840e-01  7.44170319e-01 
 1.83097239e-10  8.25838568e-01  7.84703433e-01 
 1.84074185e-10  7.88294957e-01  8.33431661e-01 
 1.85074185e-10  7.56725802e-01  8.83611830e-01 
 1.86049770e-10  7.31781106e-01  9.30074221e-01 
 1.86718139e-10  7.17596833e-01  9.59451648e-01 
 1.87287623e-10  7.07135860e-01  9.82308418e-01 
 1.87874012e-10  6.97717001e-01  1.00326004e+00 
 1.88512108e-10  6.88880158e-01  1.02258819e+00 
 1.89353015e-10  6.79343307e-01  1.04176861e+00 
 1.90353015e-10  6.71208338e-01  1.05431495e+00 
 1.91230858e-10  6.67145029e-01  1.05565829e+00 
 1.91849625e-10  6.66181864e-01  1.05110474e+00 
 1.92465863e-10  6.66802261e-01  1.04217398e+00 
 1.93126865e-10  6.69229946e-01  1.02803369e+00 
 1.93907263e-10  6.74571709e-01  1.00590207e+00 
 1.94907263e-10  6.85998396e-01  9.70319564e-01 
 1.95907263e-10  7.04897842e-01  9.28080810e-01 
 1.96907263e-10  7.37204097e-01  8.80953893e-01 
 1.97907263e-10  7.81949820e-01  8.34794321e-01 
 1.98879412e-10  8.30873721e-01  7.95498155e-01 
 1.99879058e-10  8.81911143e-01  7.62100215e-01 
 2.00879058e-10  9.30620151e-01  7.35121933e-01 
 2.01593472e-10  9.62763888e-01  7.19259354e-01 
 2.02154499e-10  9.85845109e-01  7.08554931e-01 
 2.02722525e-10  1.00679606e+00  6.99071207e-01 
 2.03364777e-10  1.02705144e+00  6.89799368e-01 
 2.04146745e-10  1.04612343e+00  6.80468335e-01 
 2.05146745e-10  1.06060158e+00  6.71676877e-01 
 2.06146745e-10  1.06330618e+00  6.66606337e-01 
 2.06814208e-10  1.05847097e+00  6.65502474e-01 
 2.07456642e-10  1.04893521e+00  6.66213417e-01 
 2.08106140e-10  1.03474511e+00  6.68730258e-01 
 2.08917250e-10  1.01132584e+00  6.74526969e-01 
 2.09917250e-10  9.75157197e-01  6.86471613e-01 
 2.10917250e-10  9.32292296e-01  7.06337715e-01 
 2.11917250e-10  8.84215835e-01  7.40232716e-01 
 2.12917250e-10  8.36998157e-01  7.86150047e-01 
 2.13853808e-10  7.98126369e-01  8.34009761e-01 
 2.14853808e-10  7.63762357e-01  8.85614868e-01 
 2.15845901e-10  7.36296475e-01  9.34359353e-01 
 2.16542868e-10  7.20429192e-01  9.65987472e-01 
 2.17103935e-10  7.09452545e-01  9.89272726e-01 
 2.17676998e-10  6.99664895e-01  1.01056544e+00 
 2.18318547e-10  6.90222303e-01  1.03091537e+00 
 2.19114681e-10  6.80584378e-01  1.05035337e+00 
 2.20114681e-10  6.71739629e-01  1.06468386e+00 
 2.21114681e-10  6.66699108e-01  1.06715875e+00 
 2.21787744e-10  6.65649261e-01  1.06207632e+00 
 2.22443345e-10  6.66486192e-01  1.05206806e+00 
 2.23071447e-10  6.69059037e-01  1.03810483e+00 
 2.23914728e-10  6.75353865e-01  1.01342973e+00 
 2.24914728e-10  6.87904022e-01  9.76781921e-01 
 2.25914728e-10  7.09034415e-01  9.33342556e-01 
 2.26914728e-10  7.44812528e-01  8.84507659e-01 
 2.27914728e-10  7.91966564e-01  8.36702572e-01 
 2.28826402e-10  8.39231930e-01  7.98408643e-01 
 2.29826402e-10  8.91321894e-01  7.63625740e-01 
 2.30802552e-10  9.39647015e-01  7.36286281e-01 
 2.31480918e-10  9.70684307e-01  7.20635273e-01 
 2.32044414e-10  9.94274438e-01  7.09448743e-01 
 2.32623881e-10  1.01596494e+00  6.99422160e-01 
 2.33263251e-10  1.03637670e+00  6.89909303e-01 
 2.34077557e-10  1.05630066e+00  6.79980539e-01 
 2.35077557e-10  1.07050315e+00  6.71138339e-01 
 2.36077557e-10  1.07277912e+00  6.66149805e-01 
 2.36754438e-10  1.06748964e+00  6.65155438e-01 
 2.37420257e-10  1.05708867e+00  6.66098949e-01 
 2.38043931e-10  1.04298262e+00  6.68771187e-01 
 2.38914622e-10  1.01711357e+00  6.75523444e-01 
 2.39914622e-10  9.79956992e-01  6.88589147e-01 
 2.40914622e-10  9.35947905e-01  7.10740481e-01 
 2.41914622e-10  8.86363871e-01  7.47875469e-01 
 2.42799058e-10  8.42938801e-01  7.90194019e-01 
 2.43774133e-10  8.00742477e-01  8.41086284e-01 
 2.44773475e-10  7.65168303e-01  8.93532287e-01 
 2.45750283e-10  7.37236300e-01  9.42242368e-01 
 2.46425288e-10  7.21370355e-01  9.73340891e-01 
 2.46993477e-10  7.09897018e-01  9.97274544e-01 
 2.47577566e-10  6.99643969e-01  1.01923507e+00 
 2.48216721e-10  6.90023162e-01  1.03969486e+00 
 2.49050632e-10  6.79788655e-01  1.06002025e+00 
 2.50050632e-10  6.70973330e-01  1.07393535e+00 
 2.50928378e-10  6.66496837e-01  1.07626964e+00 
 2.51546731e-10  6.65325629e-01  1.07230112e+00 
 2.52161667e-10  6.65798220e-01  1.06387716e+00 
 2.52823009e-10  6.68138725e-01  1.05015141e+00 
 2.53600018e-10  6.73452375e-01  1.02849127e+00 
 2.54600018e-10  6.85098314e-01  9.93188923e-01 
 2.55600018e-10  7.04823691e-01  9.50745670e-01 
 2.56600018e-10  7.38928489e-01  9.01755107e-01 
 2.57600018e-10  7.85563131e-01  8.51576875e-01 
 2.58569601e-10  8.36224381e-01  8.08105884e-01 
 2.59567095e-10  8.89151994e-01  7.70985539e-01 
 2.60567095e-10  9.39887942e-01  7.41073333e-01 
 2.61290721e-10  9.73858765e-01  7.23392745e-01 
 2.61849824e-10  9.97897401e-01  7.11726926e-01 
 2.62414567e-10  1.01973176e+00  7.01460547e-01 
 2.63058069e-10  1.04110108e+00  6.91391235e-01 
 2.63828574e-10  1.06111166e+00  6.81455847e-01 
 2.64828574e-10  1.07704814e+00  6.71931020e-01 
 2.65828574e-10  1.08099218e+00  6.66342940e-01 
 2.66493567e-10  1.07688183e+00  6.64992683e-01 
 2.67130212e-10  1.06803861e+00  6.65512835e-01 
 2.67787008e-10  1.05420570e+00  6.67931513e-01 
 2.68584099e-10  1.03169544e+00  6.73566489e-01 
 2.69584099e-10  9.95977721e-01  6.85616240e-01 
 2.70584099e-10  9.53084147e-01  7.06130125e-01 
 2.71584099e-10  9.03490988e-01  7.41413991e-01 
 2.72584099e-10  8.52680498e-01  7.88865771e-01 
 2.73528403e-10  8.09708650e-01  8.38704049e-01 
 2.74528403e-10  7.71892241e-01  8.92133140e-01 
 2.75528403e-10  7.41552079e-01  9.43139273e-01 
 2.76238795e-10  7.23957022e-01  9.76656032e-01 
 2.76799161e-10  7.12100132e-01  1.00086750e+00 
 2.77368596e-10  7.01620201e-01  1.02295964e+00 
 2.78011683e-10  6.91457026e-01  1.04435286e+00 
 2.78797382e-10  6.81266671e-01  1.06468801e+00 
 2.79797382e-10  6.71760126e-01  1.08037372e+00 
 2.80797382e-10  6.66248151e-01  1.08400387e+00 
 2.81468152e-10  6.64969396e-01  1.07960381e+00 
 2.82117987e-10  6.65623443e-01  1.07026079e+00 
 2.82753743e-10  6.68109199e-01  1.05659226e+00 
 2.83582513e-10  6.74223231e-01  1.03282774e+00 
 2.84582513e-10  6.86839149e-01  9.96597457e-01 
 2.85582513e-10  7.08498894e-01  9.53131882e-01 
 2.86582513e-10  7.45335100e-01  9.02889706e-01 
 2.87582513e-10  7.93758155e-01  8.51687307e-01 
 2.88501553e-10  8.42764281e-01  8.09597167e-01 
 2.89501553e-10  8.96507883e-01  7.71538814e-01 
 2.90486008e-10  9.46933532e-01  7.41482845e-01 
 2.91176961e-10  9.79690354e-01  7.24220473e-01 
 2.91739335e-10  1.00411677e+00  7.12196324e-01 
 2.92314882e-10  1.02653436e+00  7.01506960e-01 
 2.92955678e-10  1.04791254e+00  6.91306148e-01 
 2.93758338e-10  1.06865655e+00  6.80854225e-01 
 2.94758338e-10  1.08414756e+00  6.71375430e-01 
 2.95758338e-10  1.08753088e+00  6.65932392e-01 
 2.96432870e-10  1.08290625e+00  6.64715652e-01 
 2.97092267e-10  1.07317836e+00  6.65477446e-01 
 2.97715730e-10  1.05955199e+00  6.68027187e-01 
 2.98567784e-10  1.03480717e+00  6.74524694e-01 
 2.99567784e-10  9.98156388e-01  6.87589589e-01 
 3.00567784e-10  9.54218813e-01  7.10152181e-01 
 3.01567784e-10  9.03435045e-01  7.48106175e-01 
 3.02464171e-10  8.56800143e-01  7.91958776e-01 
 3.03442854e-10  8.11182719e-01  8.44330415e-01 
 3.04436840e-10  7.72822301e-01  8.98008698e-01 
 3.05426010e-10  7.42199657e-01  9.48930828e-01 
 3.06116431e-10  7.24732316e-01  9.81818837e-01 
 3.06682729e-10  7.12484134e-01  1.00651862e+00 
 3.07261365e-10  7.01632270e-01  1.02912415e+00 
 3.07902162e-10  6.91350373e-01  1.05054145e+00 
 3.08719209e-10  6.80664925e-01  1.07159952e+00 
 3.09719209e-10  6.71209009e-01  1.08687806e+00 
 3.10612121e-10  6.66245516e-01  1.09025176e+00 
 3.11235039e-10  6.64868476e-01  1.08679364e+00 
 3.11848901e-10  6.65201008e-01  1.07883206e+00 
 3.12514928e-10  6.67466236e-01  1.06540080e+00 
 3.13285187e-10  6.72704841e-01  1.04428018e+00 
 3.14285187e-10  6.84474016e-01  1.00928997e+00 
 3.15285187e-10  7.04769000e-01  9.66845296e-01 
 3.16285187e-10  7.39972199e-01  9.17025403e-01 
 3.17285187e-10  7.87741340e-01  8.64407786e-01 
 3.18256936e-10  8.39722736e-01  8.17807921e-01 
 3.19251124e-10  8.93852020e-01  7.77952881e-01 
 3.20251124e-10  9.46058884e-01  7.45761599e-01 
 3.20984044e-10  9.81530599e-01  7.26581719e-01 
 3.21541242e-10  1.00626640e+00  7.14185432e-01 
 3.22102784e-10  1.02874415e+00  7.03329909e-01 
 3.22747663e-10  1.05100017e+00  6.92628804e-01 
 3.23506906e-10  1.07168206e+00  6.82260064e-01 
 3.24506906e-10  1.08882984e+00  6.72137857e-01 
 3.25506906e-10  1.09383372e+00  6.66113422e-01 
 3.26168917e-10  1.09036352e+00  6.64548062e-01 
 3.26799031e-10  1.08216145e+00  6.64887439e-01 
 3.27465170e-10  1.06862104e+00  6.67200862e-01 
 3.28246654e-10  1.04702373e+00  6.72618938e-01 
 3.29246654e-10  1.01178284e+00  6.84620994e-01 
 3.30246654e-10  9.69065824e-01  7.05369975e-01 
 3.31246654e-10  9.18890384e-01  7.41214629e-01 
 3.32246654e-10  8.65820455e-01  7.89439053e-01 
 3.33201460e-10  8.19503843e-01  8.40818130e-01 
 3.34201460e-10  7.78907247e-01  8.95503239e-01 
 3.35201460e-10  7.46352012e-01  9.47896175e-01 
 3.35925884e-10  7.27186046e-01  9.83077629e-01 
 3.36483710e-10  7.14636648e-01  1.00792567e+00 
 3.37048266e-10  7.03613420e-01  1.03058052e+00 
 3.37693075e-10  6.92824461e-01  1.05286475e+00 
 3.38462251e-10  6.82263062e-01  1.07377598e+00 
 3.39462251e-10  6.72138320e-01  1.09075997e+00 
 3.40462251e-10  6.66157767e-01  1.09555498e+00 
 3.41128480e-10  6.64636911e-01  1.09189187e+00 
 3.41767630e-10  6.65064819e-01  1.08335845e+00 
 3.42418651e-10  6.67429433e-01  1.06993205e+00 
 3.43221506e-10  6.73171029e-01  1.04751028e+00 
 3.44221506e-10  6.85583011e-01  1.01191809e+00 
 3.45221506e-10  7.07181270e-01  9.68792959e-01 
 3.46221506e-10  7.44153299e-01  9.18140847e-01 
 3.47221506e-10  7.93077058e-01  8.64803220e-01 
 3.48159196e-10  8.43897583e-01  8.19169041e-01 
 3.49159196e-10  8.98801876e-01  7.78458644e-01 
 3.50158524e-10  9.51282290e-01  7.45869439e-01 
 3.50867708e-10  9.85799076e-01  7.27060876e-01 
 3.51429169e-10  1.01086155e+00  7.14381836e-01 
 3.51999523e-10  1.03375860e+00  7.03217945e-01 
 3.52642267e-10  1.05594644e+00  6.92453465e-01 
 3.53430160e-10  1.07722440e+00  6.81660614e-01 
 3.54430160e-10  1.09386549e+00  6.71634988e-01 
 3.55430160e-10  1.09827449e+00  6.65780277e-01 
 3.56101157e-10  1.09429590e+00  6.64350532e-01 
 3.56751592e-10  1.08527642e+00  6.64914768e-01 
 3.57387137e-10  1.07186680e+00  6.67364860e-01 
 3.58216927e-10  1.04830246e+00  6.73537335e-01 
 3.59216927e-10  1.01219127e+00  6.86444917e-01 
 3.60216927e-10  9.68523296e-01  7.09000023e-01 
 3.61216927e-10  9.17323307e-01  7.47123013e-01 
 3.62216927e-10  8.63704934e-01  7.96739660e-01 
 3.63128004e-10  8.19184857e-01  8.46452396e-01 
 3.64128004e-10  7.78295919e-01  9.01538016e-01 
 3.65112427e-10  7.46043513e-01  9.53339647e-01 
 3.65809987e-10  7.27418917e-01  9.87363140e-01 
 3.66371641e-10  7.14637551e-01  1.01248741e+00 
 3.66945616e-10  7.03326491e-01  1.03555468e+00 
 3.67587516e-10  6.92519454e-01  1.05771034e+00 
 3.68387316e-10  6.81537642e-01  1.07922237e+00 
 3.69387316e-10  6.71545869e-01  1.09563771e+00 
 3.70387316e-10  6.65762449e-01  1.09978388e+00 
 3.71062374e-10  6.64394155e-01  1.09557744e+00 
 3.71723026e-10  6.65068352e-01  1.08616630e+00 
 3.72343365e-10  6.67572132e-01  1.07286591e+00 
 3.73198118e-10  6.74145125e-01  1.04830120e+00 
 3.74198118e-10  6.87530328e-01  1.01178320e+00 
 3.75198118e-10  7.11068770e-01  9.67640029e-01 
 3.76198118e-10  7.50295531e-01  9.15958074e-01 
 3.77090562e-10  7.94963042e-01  8.67618058e-01 
 3.78068415e-10  8.48405810e-01  8.19404411e-01 
 3.79060893e-10  9.03227281e-01  7.78631150e-01 
 3.80051164e-10  9.55481587e-01  7.46022649e-01 
 3.80743313e-10  9.89334677e-01  7.27457814e-01 
 3.81309462e-10  1.01472433e+00  7.14514555e-01 
 3.81887388e-10  1.03798238e+00  7.03088165e-01 
 3.82528301e-10  1.06011378e+00  6.92275047e-01 
 3.83341410e-10  1.08191158e+00  6.81114851e-01 
 3.84341410e-10  1.09812088e+00  6.71179719e-01 
 3.85237833e-10  1.10219988e+00  6.65899756e-01 
 3.85861737e-10  1.09913055e+00  6.64376834e-01 
 3.86475201e-10  1.09150147e+00  6.64611120e-01 
 3.87142295e-10  1.07833781e+00  6.66821992e-01 
 3.87910538e-10  1.05752349e+00  6.72048286e-01 
 3.88910538e-10  1.02273248e+00  6.83978319e-01 
 3.89910538e-10  9.80243235e-01  7.04857865e-01 
 3.90910538e-10  9.29873714e-01  7.41022439e-01 
 3.91910538e-10  8.75461926e-01  7.89702434e-01 
 3.92877446e-10  8.26590204e-01  8.42380845e-01 
 3.93871489e-10  7.84239188e-01  8.97610787e-01 
 3.94871489e-10  7.50021977e-01  9.51019539e-01 
 3.95612465e-10  7.29483323e-01  9.87764213e-01 
 3.96168641e-10  7.16425262e-01  1.01308994e+00 
 3.96728119e-10  7.05037620e-01  1.03610472e+00 
 3.97374233e-10  6.93778079e-01  1.05907956e+00 
 3.98128194e-10  6.82986200e-01  1.08036128e+00 
 3.99128194e-10  6.72370446e-01  1.09841345e+00 
 4.00128194e-10  6.66004488e-01  1.10418850e+00 
 4.00789734e-10  6.64280426e-01  1.10115743e+00 
 4.01418842e-10  6.64509386e-01  1.09333056e+00 
 4.02085199e-10  6.66752728e-01  1.08010896e+00 
 4.02864108e-10  6.72135685e-01  1.05888244e+00 
 4.03864108e-10  6.84271757e-01  1.02389458e+00 
 4.04864108e-10  7.05571027e-01  9.81180858e-01 
 4.05864108e-10  7.42291084e-01  9.30539654e-01 
 4.06864108e-10  7.91338377e-01  8.75867142e-01 
 4.07820227e-10  8.43651598e-01  8.27271317e-01 
 4.08819350e-10  8.99318474e-01  7.84462325e-01 
 4.09819350e-10  9.52829921e-01  7.50087502e-01 
 4.10547933e-10  9.89035160e-01  7.29787279e-01 
 4.11105223e-10  1.01447156e+00  7.16619502e-01 
 4.11668377e-10  1.03767311e+00  7.05093388e-01 
 4.12313630e-10  1.06063327e+00  6.93799771e-01 
 4.13076802e-10  1.08213397e+00  6.82850414e-01 
 4.14076802e-10  1.10004233e+00  6.72252061e-01 
 4.15076802e-10  1.10564231e+00  6.65932071e-01 
 4.15741068e-10  1.10246157e+00  6.64247246e-01 
 4.16375833e-10  1.09440195e+00  6.64542496e-01 
 4.17033474e-10  1.08119965e+00  6.66835672e-01 
 4.17825732e-10  1.05942709e+00  6.72438780e-01 
 4.18825732e-10  1.02417584e+00  6.84865007e-01 
 4.19825732e-10  9.81162192e-01  7.06756765e-01 
 4.20825732e-10  9.30180522e-01  7.44220953e-01 
 4.21825732e-10  8.75293897e-01  7.93729434e-01 
 4.22766660e-10  8.27321756e-01  8.45454340e-01 
 4.23766660e-10  7.84344768e-01  9.01318201e-01 
 4.24766660e-10  7.49894222e-01  9.54915550e-01 
 4.25488386e-10  7.29738158e-01  9.90825281e-01 
 4.26047700e-10  7.16486265e-01  1.01637796e+00 
 4.26613988e-10  7.04874529e-01  1.03970460e+00 
 4.27258410e-10  6.93586398e-01  1.06260467e+00 
 4.28034204e-10  6.82474479e-01  1.08434452e+00 
 4.29034204e-10  6.71949688e-01  1.10198885e+00 
 4.30034204e-10  6.65724986e-01  1.10729345e+00 
 4.30702711e-10  6.64107977e-01  1.10387033e+00 
 4.31347144e-10  6.64509331e-01  1.09542640e+00 
 4.31990196e-10  6.66864998e-01  1.08228207e+00 
 4.32805270e-10  6.72814928e-01  1.05959118e+00 
 4.33805270e-10  6.85647142e-01  1.02393210e+00 
 4.34805270e-10  7.08334501e-01  9.80481336e-01 
 4.35805270e-10  7.46730730e-01  9.29055125e-01 
 4.36805270e-10  7.96794722e-01  8.73968612e-01 
 4.37727962e-10  8.47779054e-01  8.26862363e-01 
 4.38727962e-10  9.03769603e-01  7.83851933e-01 
 4.39721215e-10  9.57050660e-01  7.49619130e-01 
 4.40428457e-10  9.92270227e-01  7.29826442e-01 
 4.40989840e-10  1.01794010e+00  7.16477824e-01 
 4.41560959e-10  1.04145476e+00  7.04736799e-01 
 4.42203718e-10  1.06425446e+00  6.93463644e-01 
 4.42993923e-10  1.08626054e+00  6.82162415e-01 
 4.43993923e-10  1.10360494e+00  6.71716997e-01 
 4.44993923e-10  1.10857882e+00  6.65596664e-01 
 4.45666226e-10  1.10489228e+00  6.64056735e-01 
 4.46319818e-10  1.09604861e+00  6.64574308e-01 
 4.46950111e-10  1.08291861e+00  6.67004379e-01 
 4.47787266e-10  1.05929146e+00  6.73328323e-01 
 4.48787266e-10  1.02320308e+00  6.86615999e-01 
 4.49787266e-10  9.79276758e-01  7.10212394e-01 
 4.50787266e-10  9.27382683e-01  7.49605137e-01 
 4.51787266e-10  8.72138527e-01  8.00245385e-01 
 4.52688139e-10  8.26141695e-01  8.50281782e-01 
 4.53688139e-10  7.83154255e-01  9.06392412e-01 
 4.54669492e-10  7.49345466e-01  9.59085206e-01 
 4.55367436e-10  7.29784043e-01  9.93874744e-01 
 4.55928729e-10  7.16403446e-01  1.01956431e+00 
 4.56502505e-10  7.04582927e-01  1.04319163e+00 
 4.57144537e-10  6.93308397e-01  1.06594772e+00 
 4.57943184e-10  6.81893307e-01  1.08810828e+00 
 4.58943184e-10  6.71495141e-01  1.10527014e+00 
 4.59943184e-10  6.65441268e-01  1.11003695e+00 
 4.60618562e-10  6.63952072e-01  1.10617520e+00 
 4.61279969e-10  6.64554963e-01  1.09703240e+00 
 4.61898162e-10  6.67021999e-01  1.08399322e+00 
 4.62754585e-10  6.73647911e-01  1.05959994e+00 
 4.63754585e-10  6.87282771e-01  1.02320026e+00 
 4.64754585e-10  7.11574130e-01  9.78918630e-01 
 4.65754585e-10  7.51687962e-01  9.26673178e-01 
 4.66642090e-10  7.96808066e-01  8.77210263e-01 
 4.67618858e-10  8.51018260e-01  8.26883294e-01 
 4.68609955e-10  9.06722299e-01  7.84020159e-01 
 4.69601592e-10  9.60085183e-01  7.49629103e-01 
 4.70297440e-10  9.94846660e-01  7.30020129e-01 
 4.70863438e-10  1.02080176e+00  7.16460481e-01 
 4.71440390e-10  1.04458335e+00  7.04531996e-01 
 4.72081731e-10  1.06732110e+00  6.93241377e-01 
 4.72891893e-10  1.08973745e+00  6.81658363e-01 
 4.73891893e-10  1.10672208e+00  6.71303693e-01 
 4.74788743e-10  1.11139571e+00  6.65760899e-01 
 4.75412601e-10  1.10868047e+00  6.64109188e-01 
 4.76025589e-10  1.10135981e+00  6.64253888e-01 
 4.76692834e-10  1.08846939e+00  6.66411084e-01 
 4.77459648e-10  1.06794391e+00  6.71627278e-01 
 4.78459648e-10  1.03336013e+00  6.83710032e-01 
 4.79459648e-10  9.90856268e-01  7.05149720e-01 
 4.80459648e-10  9.40123759e-01  7.42147574e-01 
 4.81459648e-10  8.84467994e-01  7.91555431e-01 
 4.82424226e-10  8.33781122e-01  8.44861456e-01 
 4.83417551e-10  7.89426701e-01  9.00944408e-01 
 4.84417551e-10  7.53523476e-01  9.55343249e-01 
 4.85163990e-10  7.31861190e-01  9.93106064e-01 
 4.85719555e-10  7.18238862e-01  1.01894509e+00 
 4.86277581e-10  7.06396209e-01  1.04243155e+00 
 4.86924454e-10  6.94664093e-01  1.06602199e+00 
 4.87673800e-10  6.83514647e-01  1.08782558e+00 
 4.88673800e-10  6.72468805e-01  1.10668750e+00 
 4.89673800e-10  6.65799860e-01  1.11316469e+00 
 4.90334371e-10  6.63932686e-01  1.11054359e+00 
 4.90961479e-10  6.64055174e-01  1.10308829e+00 
 4.91630262e-10  6.66231985e-01  1.09013146e+00 
 4.92404316e-10  6.71546627e-01  1.06933114e+00 
 4.93404316e-10  6.83751504e-01  1.03461390e+00 
 4.94404316e-10  7.05429350e-01  9.91965147e-01 
 4.95404316e-10  7.42724511e-01  9.41068364e-01 
 4.96404316e-10  7.92335832e-01  8.85221211e-01 
 4.97361478e-10  8.45368175e-01  8.34675919e-01 
 4.98358065e-10  9.01741770e-01  7.89925511e-01 
 4.99358065e-10  9.56221813e-01  7.53837532e-01 
 5.00094476e-10  9.93544919e-01  7.32343139e-01 
 5.00650456e-10  1.01946116e+00  7.18618086e-01 
 5.01211072e-10  1.04309981e+00  7.06646703e-01 
 5.01857361e-10  1.06670273e+00  6.94862991e-01 
 5.02611877e-10  1.08866147e+00  6.83591658e-01 
 5.03611877e-10  1.10747533e+00  6.72527276e-01 
 5.04611877e-10  1.11388266e+00  6.65866256e-01 
 5.05273860e-10  1.11119618e+00  6.64013643e-01 
 5.05903715e-10  1.10363408e+00  6.64168027e-01 
 5.06568232e-10  1.09068760e+00  6.66374810e-01 
 5.07348803e-10  1.06962663e+00  6.71809572e-01 
 5.08348803e-10  1.03477676e+00  6.84198664e-01 
 5.09348803e-10  9.91953825e-01  7.06278464e-01 
 5.10348803e-10  9.40842370e-01  7.44066274e-01 
 5.11348803e-10  8.84846314e-01  7.93984360e-01 
 5.12297182e-10  8.34664282e-01  8.46699079e-01 
 5.13297182e-10  7.89692038e-01  9.03373813e-01 
 5.14297182e-10  7.53578837e-01  9.57922200e-01 
 5.15029968e-10  7.32173962e-01  9.95099214e-01 
 5.15587357e-10  7.18400943e-01  1.02110090e+00 
 5.16149896e-10  7.06383379e-01  1.04482251e+00 
 5.16795677e-10  6.94610693e-01  1.06839227e+00 
 5.17558760e-10  6.83230599e-01  1.09053008e+00 
 5.18558760e-10  6.72221759e-01  1.10917469e+00 
 5.19558760e-10  6.65627623e-01  1.11539105e+00 
 5.20223726e-10  6.63819918e-01  1.11254769e+00 
 5.20860130e-10  6.64043526e-01  1.10473500e+00 
 5.21514569e-10  6.66293019e-01  1.09182595e+00 
 5.22310373e-10  6.71950951e-01  1.07016473e+00 
 5.23310373e-10  6.84600328e-01  1.03504108e+00 
 5.24310373e-10  7.07180503e-01  9.91929390e-01 
 5.25310373e-10  7.45545806e-01  9.40522658e-01 
 5.26310373e-10  7.95817239e-01  8.84346089e-01 
 5.27246847e-10  8.48048643e-01  8.34683008e-01 
 5.28246847e-10  9.04818777e-01  7.89616563e-01 
 5.29246847e-10  9.59401467e-01  7.53450194e-01 
 5.29968722e-10  9.96042428e-01  7.32319352e-01 
 5.30528535e-10  1.02216672e+00  7.18443332e-01 
 5.31095088e-10  1.04603721e+00  7.06314446e-01 
 5.31739480e-10  1.06950803e+00  6.94555795e-01 
 5.32515414e-10  1.09188402e+00  6.83001613e-01 
 5.33515414e-10  1.11024295e+00  6.72068072e-01 
 5.34515414e-10  1.11614678e+00  6.65571972e-01 
 5.35183937e-10  1.11305994e+00  6.63834961e-01 
 5.35828414e-10  1.10489044e+00  6.64163023e-01 
 5.36471358e-10  1.09197441e+00  6.66487877e-01 
 5.37286276e-10  1.06950477e+00  6.72472528e-01 
 5.38286276e-10  1.03398852e+00  6.85538545e-01 
 5.39286276e-10  9.90440037e-01  7.08952687e-01 
 5.40286276e-10  9.38594533e-01  7.48233811e-01 
 5.41286276e-10  8.82265970e-01  7.99037132e-01 
 5.42202763e-10  8.33706691e-01  8.50387312e-01 
 5.43202763e-10  7.88737856e-01  9.07251548e-01 
 5.44196546e-10  7.52892036e-01  9.61510294e-01 
 5.44909723e-10  7.32045799e-01  9.97707881e-01 
 5.45470198e-10  7.18159288e-01  1.02385549e+00 
 5.46039572e-10  7.05980900e-01  1.04781372e+00 
 5.46683187e-10  6.94255866e-01  1.07119871e+00 
 5.47469002e-10  6.82596680e-01  1.09372515e+00 
 5.48469002e-10  6.71750061e-01  1.11182306e+00 
 5.49469002e-10  6.65352807e-01  1.11744368e+00 
 5.50141241e-10  6.63683039e-01  1.11413048e+00 
 5.50794595e-10  6.64112868e-01  1.10560349e+00 
 5.51423559e-10  6.66488598e-01  1.09275921e+00 
 5.52259967e-10  6.72804391e-01  1.06942676e+00 
 5.53259967e-10  6.86249271e-01  1.03353711e+00 
 5.54259967e-10  7.10399673e-01  9.89583650e-01 
 5.55259967e-10  7.50443102e-01  9.37349700e-01 
 5.56259967e-10  8.01688952e-01  8.80862718e-01 
 5.57160696e-10  8.52353620e-01  8.33123989e-01 
 5.58160696e-10  9.09302908e-01  7.88177652e-01 
 5.59143381e-10  9.62982076e-01  7.52740678e-01 
 5.59843129e-10  9.98528507e-01  7.32243903e-01 
 5.60404499e-10  1.02474848e+00  7.18283093e-01 
 5.60977646e-10  1.04887430e+00  7.05985638e-01 
 5.61619693e-10  1.07219407e+00  6.94263115e-01 
 5.62414903e-10  1.09492530e+00  6.82458841e-01 
 5.63414903e-10  1.11286023e+00  6.71648099e-01 
 5.64414903e-10  1.11829758e+00  6.65306677e-01 
 5.65089187e-10  1.11483773e+00  6.63681449e-01 
 5.65747741e-10  1.10608476e+00  6.64181205e-01 
 5.66369836e-10  1.09324263e+00  6.66604751e-01 
 5.67219021e-10  1.06936475e+00  6.73156537e-01 
 5.68219021e-10  1.03321909e+00  6.86908310e-01 
 5.69219021e-10  9.88960448e-01  7.11683265e-01 
 5.70219021e-10  9.36423024e-01  7.52347168e-01 
 5.71106621e-10  8.85949813e-01  7.97945391e-01 
 5.72083712e-10  8.33791063e-01  8.52816197e-01 
 5.73072331e-10  7.89121043e-01  9.09188855e-01 
 5.74069364e-10  7.52952327e-01  9.63761233e-01 
 5.74774749e-10  7.32217114e-01  9.99649621e-01 
 5.75339887e-10  7.18133531e-01  1.02606982e+00 
 5.75914095e-10  7.05800728e-01  1.05024654e+00 
 5.76556613e-10  6.94065587e-01  1.07357490e+00 
 5.77359933e-10  6.82157342e-01  1.09647046e+00 
 5.78359933e-10  6.71397130e-01  1.11424856e+00 
 5.79258989e-10  6.65579323e-01  1.11955233e+00 
 5.79883200e-10  6.63793376e-01  1.11720608e+00 
 5.80495297e-10  6.63839123e-01  1.11021923e+00 
 5.81163284e-10  6.65927290e-01  1.09761683e+00 
 5.81927278e-10  6.71091294e-01  1.07745130e+00 
 5.82927278e-10  6.83245984e-01  1.04312887e+00 
 5.83927278e-10  7.05059274e-01  1.00069280e+00 
 5.84927278e-10  7.42596173e-01  9.49770014e-01 
 5.85927278e-10  7.92498928e-01  8.93200056e-01 
 5.86894068e-10  8.46515291e-01  8.40714084e-01 
 5.87885095e-10  9.03210617e-01  7.94704190e-01 
 5.88885095e-10  9.58474482e-01  7.57291019e-01 
 5.89635364e-10  9.97113331e-01  7.34597610e-01 
 5.90190278e-10  1.02342861e+00  7.20422748e-01 
 5.90746887e-10  1.04736365e+00  7.08120864e-01 
 5.91394166e-10  1.07154686e+00  6.95906166e-01 
 5.92137185e-10  1.09382404e+00  6.84406295e-01 
 5.93137185e-10  1.11354102e+00  6.72893990e-01 
 5.94137185e-10  1.12078268e+00  6.65889525e-01 
 5.94795435e-10  1.11862822e+00  6.63863025e-01 
 5.95417855e-10  1.11164111e+00  6.63856649e-01 
 5.96093964e-10  1.09892560e+00  6.65960833e-01 
 5.96857039e-10  1.07878456e+00  6.71144956e-01 
 5.97857039e-10  1.04444590e+00  6.83382397e-01 
 5.98857039e-10  1.00194600e+00  7.05413175e-01 
 5.99857039e-10  9.50908770e-01  7.43223288e-01 
 6.00857039e-10  8.94164731e-01  7.93316685e-01 
 6.01819118e-10  8.41673721e-01  8.47217583e-01 
 6.02810967e-10  7.95346009e-01  9.04106729e-01 
 6.03810967e-10  7.57702734e-01  9.59525572e-01 
 6.04561470e-10  7.34866211e-01  9.98293629e-01 
 6.05115073e-10  7.20641124e-01  1.02463453e+00 
 6.05671324e-10  7.08273639e-01  1.04864402e+00 
 6.06319591e-10  6.95969741e-01  1.07296291e+00 
 6.07060416e-10  6.84438081e-01  1.09528636e+00 
 6.08060416e-10  6.72852994e-01  1.11515472e+00 
 6.09060416e-10  6.65794383e-01  1.12253093e+00 
 6.09718797e-10  6.63740104e-01  1.12045386e+00 
 6.10341345e-10  6.63713288e-01  1.11352963e+00 
 6.11016216e-10  6.65795448e-01  1.10090081e+00 
 6.11779693e-10  6.70966551e-01  1.08081067e+00 
 6.12779693e-10  6.83197434e-01  1.04652697e+00 
 6.13779693e-10  7.05247884e-01  1.00405309e+00 
 6.14779693e-10  7.43092246e-01  9.53004907e-01 
 6.15779693e-10  7.93234963e-01  8.96112764e-01 
 6.16744213e-10  8.47360551e-01  8.43164311e-01 
 6.17735402e-10  9.04340988e-01  7.96493726e-01 
 6.18735402e-10  9.59916090e-01  7.58520819e-01 
 6.19482994e-10  9.98667274e-01  7.35567580e-01 
 6.20037323e-10  1.02514726e+00  7.21193051e-01 
 6.20594364e-10  1.04929230e+00  7.08699406e-01 
 6.21241981e-10  1.07370227e+00  6.96305029e-01 
 6.21984289e-10  1.09619355e+00  6.84657774e-01 
 6.22984289e-10  1.11620592e+00  6.72983507e-01 
 6.23984289e-10  1.12370827e+00  6.65863521e-01 
 6.24642051e-10  1.12170822e+00  6.63781976e-01 
 6.25263481e-10  1.11486558e+00  6.63732976e-01 
 6.25941431e-10  1.10223804e+00  6.65810830e-01 
 6.26702197e-10  1.08226982e+00  6.70961754e-01 
 6.27702197e-10  1.04803995e+00  6.83213089e-01 
 6.28702197e-10  1.00557608e+00  7.05359148e-01 
 6.29702197e-10  9.54490388e-01  7.43328401e-01 
 6.30702197e-10  8.97465668e-01  7.93568914e-01 
 6.31666245e-10  8.44282750e-01  8.47770780e-01 
 6.32657238e-10  7.97323914e-01  9.04868196e-01 
 6.33657238e-10  7.59091833e-01  9.60595184e-01 
 6.34409563e-10  7.35847581e-01  9.99702482e-01 
 6.34963385e-10  7.21406583e-01  1.02623380e+00 
 6.35519426e-10  7.08866842e-01  1.05041326e+00 
 6.36167864e-10  6.96390150e-01  1.07494149e+00 
 6.36908687e-10  6.84705035e-01  1.09748437e+00 
 6.37908687e-10  6.72965236e-01  1.11762342e+00 
 6.38908687e-10  6.65798051e-01  1.12523660e+00 
 6.39566640e-10  6.63693089e-01  1.12329884e+00 
 6.40188518e-10  6.63628397e-01  1.11650113e+00 
 6.40865261e-10  6.65690388e-01  1.10394434e+00 
 6.41626968e-10  6.70840795e-01  1.08399596e+00 
 6.42626968e-10  6.83103530e-01  1.04980040e+00 
 6.43626968e-10  7.05303943e-01  1.00734203e+00 
 6.44626968e-10  7.43345582e-01  9.56228616e-01 
 6.45626968e-10  7.93652793e-01  8.99074869e-01 
 6.46592191e-10  8.48007608e-01  8.45550716e-01 
 6.47582726e-10  9.05195015e-01  7.98292361e-01 
 6.48582726e-10  9.61059279e-01  7.59776621e-01 
 6.49332866e-10  1.00016822e+00  7.36423161e-01 
 6.49886803e-10  1.02679485e+00  7.21866996e-01 
 6.50443131e-10  1.05107546e+00  7.09226437e-01 
 6.51091158e-10  1.07568947e+00  6.96667522e-01 
 6.51831285e-10  1.09832659e+00  6.84909945e-01 
 6.52831285e-10  1.11861446e+00  6.73083598e-01 
 6.53831285e-10  1.12636093e+00  6.65854252e-01 
 6.54488535e-10  1.12450624e+00  6.63720372e-01 
 6.55108969e-10  1.11780081e+00  6.63630319e-01 
 6.55788280e-10  1.10526653e+00  6.65680148e-01 
 6.56546714e-10  1.08546988e+00  6.70795120e-01 
 6.57546714e-10  1.05134980e+00  6.83052126e-01 
 6.58546714e-10  1.00892793e+00  7.05292462e-01 
 6.59546714e-10  9.57808906e-01  7.43392103e-01 
 6.60546714e-10  9.00549237e-01  7.93754631e-01 
 6.61512303e-10  8.46751571e-01  8.48210209e-01 
 6.62502006e-10  7.99228421e-01  9.05466147e-01 
 6.63502006e-10  7.60439006e-01  9.61478984e-01 
 6.64256952e-10  7.36779595e-01  1.00095200e+00 
 6.64810157e-10  7.22156361e-01  1.02762362e+00 
 6.65365194e-10  7.09469603e-01  1.05193378e+00 
 6.66013964e-10  6.96821238e-01  1.07667683e+00 
 6.66750975e-10  6.85040678e-01  1.09934067e+00 
 6.67750975e-10  6.73129119e-01  1.11980508e+00 
 6.68750975e-10  6.65832608e-01  1.12771571e+00 
 6.69407766e-10  6.63663341e-01  1.12596325e+00 
 6.70027344e-10  6.63541604e-01  1.11935899e+00 
 6.70707415e-10  6.65562799e-01  1.10690106e+00 
 6.71463868e-10  6.70632760e-01  1.08724483e+00 
 6.72463868e-10  6.82846975e-01  1.05322293e+00 
 6.73463868e-10  7.05041321e-01  1.01087074e+00 
 6.74463868e-10  7.43098971e-01  9.59787847e-01 
 6.75463868e-10  7.93457683e-01  9.02440444e-01 
 6.76433835e-10  8.48214870e-01  8.48128552e-01 
 6.77421687e-10  9.05471515e-01  8.00359371e-01 
 6.78421687e-10  9.61630131e-01  7.61258802e-01 
 6.79176731e-10  1.00123440e+00  7.37404340e-01 
 6.79729797e-10  1.02799776e+00  7.22667416e-01 
 6.80284509e-10  1.05239619e+00  7.09887669e-01 
 6.80933186e-10  1.07725828e+00  6.97142502e-01 
 6.81667646e-10  1.09999334e+00  6.85307826e-01 
 6.82667646e-10  1.12067184e+00  6.73287349e-01 
 6.83667646e-10  1.12878531e+00  6.65904608e-01 
 6.84322908e-10  1.12716703e+00  6.63691672e-01 
 6.84939567e-10  1.12072354e+00  6.63524594e-01 
 6.85624978e-10  1.10829041e+00  6.65517635e-01 
 6.86374707e-10  1.08892637e+00  6.70498380e-01 
 6.87374707e-10  1.05505616e+00  6.82636603e-01 
 6.88374707e-10  1.01282024e+00  7.04735619e-01 
 6.89374707e-10  9.61813293e-01  7.42696800e-01 
 6.90374707e-10  9.04406432e-01  7.93016870e-01 
 6.91348496e-10  8.49511963e-01  8.48042309e-01 
 6.92333839e-10  8.01458326e-01  9.05273299e-01 
 6.93333839e-10  7.62019928e-01  9.61601324e-01 
 6.94096753e-10  7.37741941e-01  1.00174919e+00 
 6.94648534e-10  7.22953182e-01  1.02854159e+00 
 6.95201001e-10  7.10149161e-01  1.05294428e+00 
 6.95850879e-10  6.97302148e-01  1.07797915e+00 
 6.96578916e-10  6.85489773e-01  1.10068215e+00 
 6.97578916e-10  6.73357828e-01  1.12162859e+00 
 6.98578916e-10  6.65876333e-01  1.13000339e+00 
 6.99232547e-10  6.63607603e-01  1.12855841e+00 
 6.99846227e-10  6.63380168e-01  1.12231198e+00 
 7.00535913e-10  6.65317353e-01  1.10996784e+00 
 7.01278810e-10  6.70171692e-01  1.09094351e+00 
 7.02278810e-10  6.82150777e-01  1.05728473e+00 
 7.03278810e-10  7.03970319e-01  1.01524449e+00 
 7.04278810e-10  7.41616680e-01  9.64410894e-01 
 7.05278810e-10  7.91763996e-01  9.07005531e-01 
 7.06262113e-10  8.47298993e-01  8.51309187e-01 
 7.07243230e-10  9.04361837e-01  8.03078109e-01 
 7.08243230e-10  9.60839971e-01  7.63249627e-01 
 7.09010287e-10  1.00134678e+00  7.38598731e-01 
 7.09561136e-10  1.02820487e+00  7.23695763e-01 
 7.10111924e-10  1.05265935e+00  7.10807816e-01 
 7.10762278e-10  1.07787322e+00  6.97825757e-01 
 7.11482919e-10  1.10056079e+00  6.86006873e-01 
 7.12482919e-10  1.12185777e+00  6.73709376e-01 
 7.13482919e-10  1.13058116e+00  6.66085667e-01 
 7.14139909e-10  1.12933662e+00  6.63724757e-01 
 7.14748931e-10  1.12332398e+00  6.63430064e-01 
 7.15448515e-10  1.11098140e+00  6.65325873e-01 
 7.16181691e-10  1.09236500e+00  6.70050035e-01 
 7.17181691e-10  1.05892445e+00  6.81902554e-01 
 7.18181691e-10  1.01706510e+00  7.03538324e-01 
 7.19181691e-10  9.66372427e-01  7.40983493e-01 
 7.20181691e-10  9.08970140e-01  7.91022787e-01 
 7.21172201e-10  8.52656931e-01  8.46964603e-01 
 7.22149514e-10  8.04309681e-01  9.03893218e-01 
 7.23149514e-10  7.64168985e-01  9.60526632e-01 
 7.23926841e-10  7.39010159e-01  1.00170584e+00 
 7.24476089e-10  7.24062651e-01  1.02857804e+00 
 7.25024021e-10  7.11159823e-01  1.05301591e+00 
 7.25675956e-10  6.98058178e-01  1.07843344e+00 
 7.26387934e-10  6.86288491e-01  1.10104132e+00 
 7.27387934e-10  6.73854454e-01  1.12266977e+00 
 7.28387934e-10  6.66106586e-01  1.13172452e+00 
 7.29047384e-10  6.63662451e-01  1.13067721e+00 
 7.29652944e-10  6.63303641e-01  1.12487763e+00 
 7.30359014e-10  6.65143727e-01  1.11260183e+00 
 7.31085067e-10  6.69744062e-01  1.09432892e+00 
 7.32085067e-10  6.81442099e-01  1.06110502e+00 
 7.33085067e-10  7.02813046e-01  1.01944212e+00 
 7.34085067e-10  7.39952435e-01  9.68923832e-01 
 7.35085067e-10  7.89820291e-01  9.11541970e-01 
 7.36085067e-10  8.46269962e-01  8.54435927e-01 
 7.37058149e-10  9.03030397e-01  8.05922613e-01 
 7.38058149e-10  9.59816250e-01  7.65392105e-01 
 7.38839969e-10  1.00137961e+00  7.39842849e-01 
 7.39388281e-10  1.02831857e+00  7.24783297e-01 
 7.39934528e-10  1.05280880e+00  7.11798721e-01 
 7.40587029e-10  1.07841295e+00  6.98559739e-01 
 7.41291618e-10  1.10100035e+00  6.86788143e-01 
 7.42291618e-10  1.12298550e+00  6.74186995e-01 
 7.43291618e-10  1.13239587e+00  6.66294849e-01 
 7.43955419e-10  1.13155241e+00  6.63752796e-01 
 7.44556538e-10  1.12597581e+00  6.63329784e-01 
 7.45272723e-10  1.11370124e+00  6.65127657e-01 
 7.45990000e-10  1.09579565e+00  6.69611400e-01 
 7.46990000e-10  1.06277613e+00  6.81192678e-01 
 7.47990000e-10  1.02128186e+00  7.02395138e-01 
 7.48990000e-10  9.70896683e-01  7.39345448e-01 
 7.49990000e-10  9.13526265e-01  7.89109305e-01 
 7.50990000e-10  8.56183822e-01  8.45557147e-01 
 7.51958462e-10  8.07529103e-01  9.02135847e-01 
 7.52958462e-10  7.66610554e-01  9.59093822e-01 
 7.53752917e-10  7.40422252e-01  1.00148099e+00 
 7.54299241e-10  7.25308257e-01  1.02842955e+00 
 7.54842100e-10  7.12302810e-01  1.05289773e+00 
 7.55496614e-10  6.98912344e-01  1.07875257e+00 
 7.56190525e-10  6.87205694e-01  1.10122658e+00 
 7.57190525e-10  6.74432979e-01  1.12361947e+00 
 7.58190525e-10  6.66384360e-01  1.13344145e+00 
 7.58858019e-10  6.63733721e-01  1.13284628e+00 
 7.59454699e-10  6.63233288e-01  1.12752844e+00 
 7.60180053e-10  6.64962100e-01  1.11532360e+00 
 7.60888578e-10  6.69300867e-01  1.09782655e+00 
 7.61888578e-10  6.80700069e-01  1.06506918e+00 
 7.62888578e-10  7.01595088e-01  1.02381086e+00 
 7.63888578e-10  7.38179958e-01  9.73638625e-01 
 7.64888578e-10  7.87731036e-01  9.16325613e-01 
 7.65888578e-10  8.44129104e-01  8.58687496e-01 
 7.66849771e-10  9.00366132e-01  8.09894379e-01 
 7.67849771e-10  9.57524932e-01  7.68433528e-01 
 7.68655824e-10  1.00073322e+00  7.41524174e-01 
 7.69200053e-10  1.02772994e+00  7.26294091e-01 
 7.69739386e-10  1.05222015e+00  7.13215058e-01 
 7.70395645e-10  1.07838871e+00  6.99617275e-01 
 7.71075611e-10  1.10073271e+00  6.87975589e-01 
 7.72075611e-10  1.12370761e+00  6.74946945e-01 
 7.73075611e-10  1.13412289e+00  6.66666246e-01 
 7.73750998e-10  1.13388152e+00  6.63845731e-01 
 7.74340134e-10  1.12892992e+00  6.63239644e-01 
 7.75083552e-10  1.11673081e+00  6.64885262e-01 
 7.75777911e-10  1.09981939e+00  6.69027801e-01 
 7.76777911e-10  1.06740837e+00  6.80197650e-01 
 7.77777911e-10  1.02645644e+00  7.00719804e-01 
 7.78777911e-10  9.76558876e-01  7.36854050e-01 
 7.79777911e-10  9.19348738e-01  7.86135118e-01 
 7.80777911e-10  8.61418153e-01  8.42457311e-01 
 7.81730716e-10  8.12515690e-01  8.98285705e-01 
 7.82730716e-10  7.70460996e-01  9.55669188e-01 
 7.83641635e-10  7.39945464e-01  1.00446378e+00 
 7.84221897e-10  7.23951427e-01  1.03295027e+00 
 7.84778891e-10  7.10761062e-01  1.05778785e+00 
 7.85440641e-10  6.97444767e-01  1.08347809e+00 
 7.86172108e-10  6.85416656e-01  1.10639422e+00 
 7.87172108e-10  6.73170393e-01  1.12737037e+00 
 7.88172108e-10  6.65665267e-01  1.13568145e+00 
 7.88830963e-10  6.63410954e-01  1.13412233e+00 
 7.89454161e-10  6.63260446e-01  1.12760928e+00 
 7.90128424e-10  6.65278940e-01  1.11536762e+00 
 7.90892749e-10  6.70491925e-01  1.09558108e+00 
 7.91892749e-10  6.83050784e-01  1.06153060e+00 
 7.92892749e-10  7.06145965e-01  1.01893666e+00 
 7.93892749e-10  7.45244710e-01  9.67419299e-01 
 7.94892749e-10  7.96329654e-01  9.09339306e-01 
 7.95850827e-10  8.51041952e-01  8.54256727e-01 
 7.96844558e-10  9.09317618e-01  8.04565331e-01 
 7.97844558e-10  9.66203368e-01  7.64086274e-01 
 7.98593132e-10  1.00603188e+00  7.39600488e-01 
 7.99146067e-10  1.03320526e+00  7.24348433e-01 
 7.99701908e-10  1.05805191e+00  7.11109051e-01 
 8.00349601e-10  1.08331050e+00  6.97974986e-01 
 8.01087165e-10  1.10657940e+00  6.85733195e-01 
 8.02087165e-10  1.12774359e+00  6.73378744e-01 
 8.03087165e-10  1.13624011e+00  6.65790893e-01 
 8.03745114e-10  1.13480379e+00  6.63493713e-01 
 8.04366293e-10  1.12842995e+00  6.63301426e-01 
 8.05042536e-10  1.11627107e+00  6.65282974e-01 
 8.05802877e-10  1.09671045e+00  6.70421084e-01 
 8.06802877e-10  1.06280728e+00  6.82905163e-01 
 8.07802877e-10  1.02032860e+00  7.05904044e-01 
 8.08802877e-10  9.68890741e-01  7.44909283e-01 
 8.09802877e-10  9.10794690e-01  7.95950825e-01 
 8.10763912e-10  8.55371315e-01  8.50852417e-01 
 8.11753509e-10  8.05621950e-01  9.08968531e-01 
 8.12753509e-10  7.64871934e-01  9.65992985e-01 
 8.13509567e-10  7.39987529e-01  1.00633516e+00 
 8.14062622e-10  7.24652200e-01  1.03359816e+00 
 8.14617164e-10  7.11373344e-01  1.05848080e+00 
 8.15265877e-10  6.98146192e-01  1.08389622e+00 
 8.16000965e-10  6.85872914e-01  1.10723213e+00 
 8.17000965e-10  6.73427233e-01  1.12861261e+00 
 8.18000965e-10  6.65759174e-01  1.13732201e+00 
 8.18657076e-10  6.63417949e-01  1.13603091e+00 
 8.19275445e-10  6.63174640e-01  1.12982837e+00 
 8.19956942e-10  6.65116594e-01  1.11771109e+00 
 8.20710623e-10  6.70144337e-01  1.09845584e+00 
 8.21710623e-10  6.82496652e-01  1.06472907e+00 
 8.22710623e-10  7.05265619e-01  1.02241387e+00 
 8.23710623e-10  7.44030748e-01  9.71116902e-01 
 8.24710623e-10  7.94941469e-01  9.13033440e-01 
 8.25681681e-10  8.50398687e-01  8.56827132e-01 
 8.26668306e-10  9.08407737e-01  8.06916862e-01 
 8.27668306e-10  9.65555408e-01  7.65848609e-01 
 8.28427104e-10  1.00615725e+00  7.40676880e-01 
 8.28979923e-10  1.03349774e+00  7.25232087e-01 
 8.29533643e-10  1.05844125e+00  7.11872368e-01 
 8.30182711e-10  1.08399145e+00  6.98537721e-01 
 8.30913690e-10  1.10735310e+00  6.86234200e-01 
 8.31913690e-10  1.12897366e+00  6.73667848e-01 
 8.32913690e-10  1.13791776e+00  6.65900168e-01 
 8.33567693e-10  1.13678595e+00  6.63507490e-01 
 8.34182102e-10  1.13078267e+00  6.63207196e-01 
 8.34870980e-10  1.11868727e+00  6.65111209e-01 
 8.35615443e-10  1.09981540e+00  6.70014286e-01 
 8.36615443e-10  1.06629129e+00  6.82243933e-01 
 8.37615443e-10  1.02414764e+00  7.04828416e-01 
 8.38615443e-10  9.72985862e-01  7.43402523e-01 
 8.39615443e-10  9.14921366e-01  7.94208973e-01 
 8.40592301e-10  8.58193467e-01  8.49991741e-01 
 8.41575182e-10  8.08174311e-01  9.07857675e-01 
 8.42575182e-10  7.66794571e-01  9.65149370e-01 
 8.43345238e-10  7.41076109e-01  1.00647078e+00 
 8.43896064e-10  7.25602610e-01  1.03379560e+00 
 8.44446510e-10  7.12241552e-01  1.05869458e+00 
 8.45097378e-10  6.98783436e-01  1.08444867e+00 
 8.45818565e-10  6.86550513e-01  1.10768685e+00 
 8.46818565e-10  6.73844460e-01  1.12963788e+00 
 8.47818565e-10  6.65950075e-01  1.13891278e+00 
 8.48473283e-10  6.63477672e-01  1.13798710e+00 
 8.49083846e-10  6.63106513e-01  1.13221614e+00 
 8.49778807e-10  6.64946198e-01  1.12021112e+00 
 8.50514960e-10  6.69701381e-01  1.10173888e+00 
 8.51514960e-10  6.81744239e-01  1.06846665e+00 
 8.52514960e-10  7.04003470e-01  1.02655703e+00 
 8.53514960e-10  7.42227158e-01  9.75602992e-01 
 8.54514960e-10  7.92833257e-01  9.17597976e-01 
 8.55503028e-10  8.49209929e-01  8.59997111e-01 
 8.56480842e-10  9.06847355e-01  8.09863440e-01 
 8.57480842e-10  9.64290915e-01  7.68084001e-01 
 8.58256000e-10  1.00603478e+00  7.41944656e-01 
 8.58805669e-10  1.03342024e+00  7.26361409e-01 
 8.59354083e-10  1.05836417e+00  7.12922462e-01 
 8.60005542e-10  1.08432054e+00  6.99319214e-01 
 8.60717925e-10  1.10751704e+00  6.87099741e-01 
 8.61717925e-10  1.12987425e+00  6.74207387e-01 
 8.62717925e-10  1.13955739e+00  6.66148746e-01 
 8.63377594e-10  1.13886661e+00  6.63563417e-01 
 8.63982863e-10  1.13335708e+00  6.63115620e-01 
 8.64689497e-10  1.12135538e+00  6.64903361e-01 
 8.65414947e-10  1.10332850e+00  6.69508769e-01 
 8.66414947e-10  1.07030515e+00  6.81388476e-01 
 8.67414947e-10  1.02861402e+00  7.03386685e-01 
 8.68414947e-10  9.77844403e-01  7.41327789e-01 
 8.69414947e-10  9.19895755e-01  7.91771275e-01 
 8.70411830e-10  8.61586173e-01  8.48619624e-01 
 8.71385470e-10  8.11337015e-01  9.06083417e-01 
 8.72385470e-10  7.69202227e-01  9.63677320e-01 
 8.73171404e-10  7.42491462e-01  1.00613419e+00 
 8.73719515e-10  7.26849543e-01  1.03353673e+00 
 8.74265047e-10  7.13386395e-01  1.05846350e+00 
 8.74918170e-10  6.99646723e-01  1.08463503e+00 
 8.75621792e-10  6.87473288e-01  1.10774546e+00 
 8.76621792e-10  6.74429378e-01  1.13044881e+00 
 8.77621792e-10  6.66234978e-01  1.14047930e+00 
 8.78284304e-10  6.63558001e-01  1.13999759e+00 
 8.78885947e-10  6.63043351e-01  1.13470644e+00 
 8.79599779e-10  6.64771983e-01  1.12277246e+00 
 8.80317915e-10  6.69252437e-01  1.10509293e+00 
 8.81317915e-10  6.80976105e-01  1.07229442e+00 
 8.82317915e-10  7.02712033e-01  1.03080580e+00 
 8.83317915e-10  7.40362368e-01  9.80214264e-01 
 8.84317915e-10  7.90636942e-01  9.22324650e-01 
 8.85317915e-10  8.47625292e-01  8.63606186e-01 
 8.86285989e-10  9.04831339e-01  8.13238815e-01 
 8.87285989e-10  9.62587745e-01  7.70663103e-01 
 8.88079645e-10  1.00562458e+00  7.43412656e-01 
 8.88626173e-10  1.03307343e+00  7.27666930e-01 
 8.89169107e-10  1.05802988e+00  7.14133071e-01 
 8.89823352e-10  1.08444446e+00  7.00225670e-01 
 8.90516324e-10  1.10746883e+00  6.88091510e-01 
 8.91516324e-10  1.13063546e+00  6.74837866e-01 
 8.92516324e-10  1.14113561e+00  6.66455861e-01 
 8.93184863e-10  1.14093183e+00  6.63644672e-01 
 8.93780522e-10  1.13593243e+00  6.63044557e-01 
 8.94508275e-10  1.12400644e+00  6.64708403e-01 
 8.95214832e-10  1.10680486e+00  6.69026844e-01 
 8.96214832e-10  1.07428596e+00  6.80563658e-01 
 8.97214832e-10  1.03304583e+00  7.01994933e-01 
 8.98214832e-10  9.82671788e-01  7.39302602e-01 
 8.99214832e-10  9.24870880e-01  7.89373650e-01 
 9.00214832e-10  8.65919520e-01  8.46307050e-01 
 9.01176280e-10  8.15445951e-01  9.03192926e-01 
 9.02176280e-10  7.72368567e-01  9.61136392e-01 
 9.02987067e-10  7.44231911e-01  1.00527977e+00 
 9.03531105e-10  7.28419670e-01  1.03272879e+00 
 9.04069666e-10  7.14865334e-01  1.05764014e+00 
 9.04726656e-10  7.00756157e-01  1.08437771e+00 
 9.05405478e-10  6.88724635e-01  1.10721471e+00 
 9.06405478e-10  6.75243366e-01  1.13090684e+00 
 9.07405478e-10  6.66652353e-01  1.14194372e+00 
 9.08079542e-10  6.63690636e-01  1.14207106e+00 
 9.08669118e-10  6.62990505e-01  1.13740300e+00 
 9.09410203e-10  6.64560158e-01  1.12555797e+00 
 9.10105184e-10  6.68691505e-01  1.10887639e+00 
 9.11105184e-10  6.79984595e-01  1.07669965e+00 
 9.12105184e-10  7.00998847e-01  1.03577362e+00 
 9.13105184e-10  7.37821366e-01  9.85689382e-01 
 9.14105184e-10  7.87598168e-01  9.28029270e-01 
 9.15105184e-10  8.44433358e-01  8.68821160e-01 
 9.16057434e-10  9.00839135e-01  8.18285516e-01 
 9.17057434e-10  9.58992082e-01  7.74580817e-01 
 9.17968533e-10  1.00856737e+00  7.42830971e-01 
 9.18548930e-10  1.03756701e+00  7.26194351e-01 
 9.19105890e-10  1.06288747e+00  7.12488905e-01 
 9.19767463e-10  1.08913205e+00  6.98672735e-01 
 9.20497873e-10  1.11260891e+00  6.86219787e-01 
 9.21497873e-10  1.13433353e+00  6.73521186e-01 
 9.22497873e-10  1.14329861e+00  6.65703560e-01 
 9.23155964e-10  1.14212015e+00  6.63306325e-01 
 9.23777657e-10  1.13594720e+00  6.63055068e-01 
 9.24454463e-10  1.12395997e+00  6.65016268e-01 
 9.25215294e-10  1.10453675e+00  6.70195741e-01 
 9.26215294e-10  1.07072879e+00  6.82898200e-01 
 9.27215294e-10  1.02814550e+00  7.06539053e-01 
 9.28215294e-10  9.76442437e-01  7.46245711e-01 
 9.29215294e-10  9.17828867e-01  7.97782095e-01 
 9.30172821e-10  8.61469557e-01  8.52951306e-01 
 9.31165645e-10  8.10094815e-01  9.11823627e-01 
 9.32165645e-10  7.68012336e-01  9.69502228e-01 
 9.32920342e-10  7.42338517e-01  1.01029768e+00 
 9.33472477e-10  7.26515643e-01  1.03790679e+00 
 9.34026703e-10  7.12808783e-01  1.06316349e+00 
 9.34675289e-10  6.99166705e-01  1.08901054e+00 
 9.35408617e-10  6.86549606e-01  1.11275824e+00 
 9.36408617e-10  6.73729541e-01  1.13471658e+00 
 9.37408617e-10  6.65812707e-01  1.14391660e+00 
 9.38065845e-10  6.63360408e-01  1.14289329e+00 
 9.38685691e-10  6.63055051e-01  1.13688641e+00 
 9.39363104e-10  6.64957555e-01  1.12504256e+00 
 9.40120346e-10  6.70038669e-01  1.10587330e+00 
 9.41120346e-10  6.82613890e-01  1.07225956e+00 
 9.42120346e-10  7.06051180e-01  1.02984623e+00 
 9.43120346e-10  7.45557551e-01  9.78279899e-01 
 9.44120346e-10  7.96983916e-01  9.19698534e-01 
 9.45085678e-10  8.52590539e-01  8.62722765e-01 
 9.46072854e-10  9.11198291e-01  8.11358209e-01 
 9.47072854e-10  9.69013051e-01  7.68968027e-01 
 9.47831066e-10  1.01012914e+00  7.42983844e-01 
 9.48383726e-10  1.03786909e+00  7.27034945e-01 
 9.48937322e-10  1.06321331e+00  7.13247232e-01 
 9.49586176e-10  1.08921929e+00  6.99500830e-01 
 9.50316520e-10  1.11305982e+00  6.86834923e-01 
 9.51316520e-10  1.13530585e+00  6.73888239e-01 
 9.52316520e-10  1.14479372e+00  6.65859059e-01 
 9.52970446e-10  1.14397144e+00  6.63346973e-01 
 9.53584738e-10  1.13822590e+00  6.62966706e-01 
 9.54273092e-10  1.12638776e+00  6.64817277e-01 
 9.55017415e-10  1.10773587e+00  6.69714757e-01 
 9.56017415e-10  1.07439589e+00  6.82076726e-01 
 9.57017415e-10  1.03224369e+00  7.05138233e-01 
 9.58017415e-10  9.80909165e-01  7.44261860e-01 
 9.59017415e-10  9.22416830e-01  7.95466666e-01 
 9.59994171e-10  8.64571609e-01  8.51669616e-01 
 9.60976945e-10  8.13072075e-01  9.10074258e-01 
 9.61976945e-10  7.70284848e-01  9.68033601e-01 
 9.62746850e-10  7.43669889e-01  1.00991052e+00 
 9.63297990e-10  7.27647763e-01  1.03766635e+00 
 9.63848548e-10  7.13828635e-01  1.06298409e+00 
 9.64499227e-10  6.99931648e-01  1.08920861e+00 
 9.65220545e-10  6.87306459e-01  1.11295590e+00 
 9.66220545e-10  6.74199378e-01  1.13554549e+00 
 9.67220545e-10  6.66029599e-01  1.14537730e+00 
 9.67875714e-10  6.63429830e-01  1.14476724e+00 
 9.68485968e-10  6.62976210e-01  1.13925860e+00 
 9.69181796e-10  6.64766046e-01  1.12748992e+00 
 9.69917271e-10  6.69517558e-01  1.10924600e+00 
 9.70917271e-10  6.81707161e-01  1.07615731e+00 
 9.71917271e-10  7.04485463e-01  1.03423078e+00 
 9.72917271e-10  7.43317854e-01  9.83087771e-01 
 9.73917271e-10  7.94353779e-01  9.24669357e-01 
 9.74904909e-10  8.51143420e-01  8.66021086e-01 
 9.75882665e-10  9.09312643e-01  8.14483756e-01 
 9.76882665e-10  9.67409378e-01  7.71360425e-01 
 9.77659675e-10  1.00980253e+00  7.44294954e-01 
 9.78209291e-10  1.03758241e+00  7.28206055e-01 
 9.78757351e-10  1.06290633e+00  7.14347101e-01 
 9.79409077e-10  1.08933274e+00  7.00318237e-01 
 9.80120479e-10  1.11297748e+00  6.87749676e-01 
 9.81120479e-10  1.13595658e+00  6.74471909e-01 
 9.82120479e-10  1.14618202e+00  6.66147427e-01 
 9.82780060e-10  1.14580330e+00  6.63439241e-01 
 9.83385098e-10  1.14054971e+00  6.62910140e-01 
 9.84091783e-10  1.12880190e+00  6.64642232e-01 
 9.84816695e-10  1.11099968e+00  6.69236481e-01 
 9.85816695e-10  1.07816720e+00  6.81236483e-01 
 9.86816695e-10  1.03647919e+00  7.03687528e-01 
 9.87816695e-10  9.85548249e-01  7.42174960e-01 
 9.88816695e-10  9.27221725e-01  7.93007806e-01 
 9.89812942e-10  8.67877997e-01  8.50235103e-01 
 9.90786267e-10  8.16215243e-01  9.08197828e-01 
 9.91786267e-10  7.72692898e-01  9.66437263e-01 
 9.92573972e-10  7.45015280e-01  1.00954650e+00 
 9.93121901e-10  7.28854255e-01  1.03733834e+00 
 9.93666968e-10  7.14959518e-01  1.06264225e+00 
 9.94320312e-10  7.00777015e-01  1.08929061e+00 
 9.95022287e-10  6.88254585e-01  1.11283328e+00 
 9.96022287e-10  6.74804395e-01  1.13618282e+00 
 9.97022287e-10  6.66327668e-01  1.14678140e+00 
 9.97684951e-10  6.63517522e-01  1.14662923e+00 
 9.98285971e-10  6.62915355e-01  1.14161073e+00 
 9.99000569e-10  6.64582520e-01  1.12993741e+00 
 9.99500285e-10  6.67426087e-01  1.11831162e+00 
 1.00000000e-09  6.71774731e-01  1.10408525e+00 
