 v-sweep         v(out)         
-1.00000000e+00 -9.99999996e-01 
-9.99000000e-01 -9.99999996e-01 
-9.98000000e-01 -9.99999996e-01 
-9.97000000e-01 -9.99999996e-01 
-9.96000000e-01 -9.99999996e-01 
-9.95000000e-01 -9.99999996e-01 
-9.94000000e-01 -9.99999996e-01 
-9.93000000e-01 -9.99999996e-01 
-9.92000000e-01 -9.99999996e-01 
-9.91000000e-01 -9.99999996e-01 
-9.90000000e-01 -9.99999996e-01 
-9.89000000e-01 -9.99999996e-01 
-9.88000000e-01 -9.99999996e-01 
-9.87000000e-01 -9.99999996e-01 
-9.86000000e-01 -9.99999996e-01 
-9.85000000e-01 -9.99999996e-01 
-9.84000000e-01 -9.99999996e-01 
-9.83000000e-01 -9.99999996e-01 
-9.82000000e-01 -9.99999996e-01 
-9.81000000e-01 -9.99999996e-01 
-9.80000000e-01 -9.99999996e-01 
-9.79000000e-01 -9.99999996e-01 
-9.78000000e-01 -9.99999996e-01 
-9.77000000e-01 -9.99999996e-01 
-9.76000000e-01 -9.99999996e-01 
-9.75000000e-01 -9.99999996e-01 
-9.74000000e-01 -9.99999996e-01 
-9.73000000e-01 -9.99999996e-01 
-9.72000000e-01 -9.99999996e-01 
-9.71000000e-01 -9.99999996e-01 
-9.70000000e-01 -9.99999996e-01 
-9.69000000e-01 -9.99999996e-01 
-9.68000000e-01 -9.99999996e-01 
-9.67000000e-01 -9.99999996e-01 
-9.66000000e-01 -9.99999996e-01 
-9.65000000e-01 -9.99999996e-01 
-9.64000000e-01 -9.99999996e-01 
-9.63000000e-01 -9.99999996e-01 
-9.62000000e-01 -9.99999996e-01 
-9.61000000e-01 -9.99999996e-01 
-9.60000000e-01 -9.99999996e-01 
-9.59000000e-01 -9.99999996e-01 
-9.58000000e-01 -9.99999996e-01 
-9.57000000e-01 -9.99999996e-01 
-9.56000000e-01 -9.99999996e-01 
-9.55000000e-01 -9.99999996e-01 
-9.54000000e-01 -9.99999996e-01 
-9.53000000e-01 -9.99999996e-01 
-9.52000000e-01 -9.99999996e-01 
-9.51000000e-01 -9.99999996e-01 
-9.50000000e-01 -9.99999995e-01 
-9.49000000e-01 -9.99999996e-01 
-9.48000000e-01 -9.99999996e-01 
-9.47000000e-01 -9.99999996e-01 
-9.46000000e-01 -9.99999996e-01 
-9.45000000e-01 -9.99999996e-01 
-9.44000000e-01 -9.99999994e-01 
-9.43000000e-01 -9.99999995e-01 
-9.42000000e-01 -9.99999996e-01 
-9.41000000e-01 -9.99999998e-01 
-9.40000000e-01 -9.99999997e-01 
-9.39000000e-01 -9.99999996e-01 
-9.38000000e-01 -9.99999992e-01 
-9.37000000e-01 -9.99999993e-01 
-9.36000000e-01 -9.99999996e-01 
-9.35000000e-01 -1.00000000e+00 
-9.34000000e-01 -1.00000000e+00 
-9.33000000e-01 -9.99999996e-01 
-9.32000000e-01 -9.99999982e-01 
-9.31000000e-01 -9.99999986e-01 
-9.30000000e-01 -9.99999996e-01 
-9.29000000e-01 -1.00000002e+00 
-9.28000000e-01 -1.00000001e+00 
-9.27000000e-01 -9.99999996e-01 
-9.26000000e-01 -9.99999947e-01 
-9.25000000e-01 -9.99999960e-01 
-9.24000000e-01 -9.99999996e-01 
-9.23000000e-01 -1.00000008e+00 
-9.22000000e-01 -1.00000005e+00 
-9.21000000e-01 -9.99999996e-01 
-9.20000000e-01 -9.99999823e-01 
-9.19000000e-01 -9.99999855e-01 
-9.18000000e-01 -9.99999996e-01 
-9.17000000e-01 -1.00000028e+00 
-9.16000000e-01 -1.00000013e+00 
-9.15000000e-01 -9.99999996e-01 
-9.14000000e-01 -9.99999347e-01 
-9.13000000e-01 -9.99999310e-01 
-9.12000000e-01 -9.99999996e-01 
-9.11000000e-01 -1.00000077e+00 
-9.10000000e-01 -9.99999998e-01 
-9.09000000e-01 -9.99999996e-01 
-9.08000000e-01 -9.99997089e-01 
-9.07000000e-01 -9.99995273e-01 
-9.06000000e-01 -9.99999996e-01 
-9.05000000e-01 -1.00000033e+00 
-9.04000000e-01 -9.99999998e-01 
-9.03000000e-01 -9.99999996e-01 
-9.02000000e-01 -9.99982021e-01 
-9.01000000e-01 -1.00000369e+00 
-9.00000000e-01 -9.99999996e-01 
-8.99000000e-01 -1.00000079e+00 
-8.98000000e-01 -1.00000024e+00 
-8.97000000e-01 -9.99999996e-01 
-8.96000000e-01 -9.99997927e-01 
-8.95000000e-01 -9.99997167e-01 
-8.94000000e-01 -9.99999996e-01 
-8.93000000e-01 -1.00000094e+00 
-8.92000000e-01 -9.99999998e-01 
-8.91000000e-01 -9.99999996e-01 
-8.90000000e-01 -9.99987813e-01 
-8.89000000e-01 -1.00000203e+00 
-8.88000000e-01 -9.99999996e-01 
-8.87000000e-01 -1.00000056e+00 
-8.86000000e-01 -1.00000030e+00 
-8.85000000e-01 -9.99999996e-01 
-8.84000000e-01 -9.99998783e-01 
-8.83000000e-01 -9.99998600e-01 
-8.82000000e-01 -9.99999996e-01 
-8.81000000e-01 -1.00000106e+00 
-8.80000000e-01 -9.99999998e-01 
-8.79000000e-01 -9.99999996e-01 
-8.78000000e-01 -9.99993606e-01 
-8.77000000e-01 -9.99987369e-01 
-8.76000000e-01 -9.99999996e-01 
-8.75000000e-01 -9.99999998e-01 
-8.74000000e-01 -9.99999998e-01 
-8.73000000e-01 -9.99999996e-01 
-8.72000000e-01 -9.99953056e-01 
-8.71000000e-01 -1.00001103e+00 
-8.70000000e-01 -9.99999996e-01 
-8.69000000e-01 -1.00000114e+00 
-8.68000000e-01 -9.99999998e-01 
-8.67000000e-01 -9.99999996e-01 
-8.66000000e-01 -9.99995774e-01 
-8.65000000e-01 -9.99992876e-01 
-8.64000000e-01 -9.99999996e-01 
-8.63000000e-01 -9.99999998e-01 
-8.62000000e-01 -9.99999998e-01 
-8.61000000e-01 -9.99999996e-01 
-8.60000000e-01 -9.99971263e-01 
-8.59000000e-01 -1.00000571e+00 
-8.58000000e-01 -9.99999996e-01 
-8.57000000e-01 -1.00000086e+00 
-8.56000000e-01 -1.00000020e+00 
-8.55000000e-01 -9.99999996e-01 
-8.54000000e-01 -9.99997636e-01 
-8.53000000e-01 -9.99996637e-01 
-8.52000000e-01 -9.99999996e-01 
-8.51000000e-01 -1.00000081e+00 
-8.50000000e-01 -9.99999998e-01 
-8.49000000e-01 -9.99999996e-01 
-8.48000000e-01 -9.99985715e-01 
-8.47000000e-01 -1.00000247e+00 
-8.46000000e-01 -9.99999996e-01 
-8.45000000e-01 -1.00000061e+00 
-8.44000000e-01 -1.00000031e+00 
-8.43000000e-01 -9.99999996e-01 
-8.42000000e-01 -9.99998626e-01 
-8.41000000e-01 -9.99998356e-01 
-8.40000000e-01 -9.99999996e-01 
-8.39000000e-01 -1.00000108e+00 
-8.38000000e-01 -9.99999998e-01 
-8.37000000e-01 -9.99999996e-01 
-8.36000000e-01 -9.99992596e-01 
-8.35000000e-01 -9.99984868e-01 
-8.34000000e-01 -9.99999996e-01 
-8.33000000e-01 -9.99999998e-01 
-8.32000000e-01 -9.99999998e-01 
-8.31000000e-01 -9.99999996e-01 
-8.30000000e-01 -9.99944133e-01 
-8.29000000e-01 -1.00001343e+00 
-8.28000000e-01 -9.99999996e-01 
-8.27000000e-01 -1.00000121e+00 
-8.26000000e-01 -9.99999998e-01 
-8.25000000e-01 -9.99999996e-01 
-8.24000000e-01 -9.99995129e-01 
-8.23000000e-01 -9.99991476e-01 
-8.22000000e-01 -9.99999996e-01 
-8.21000000e-01 -9.99999998e-01 
-8.20000000e-01 -9.99999998e-01 
-8.19000000e-01 -9.99999996e-01 
-8.18000000e-01 -9.99965977e-01 
-8.17000000e-01 -1.00000694e+00 
-8.16000000e-01 -9.99999996e-01 
-8.15000000e-01 -1.00000092e+00 
-8.14000000e-01 -1.00000013e+00 
-8.13000000e-01 -9.99999996e-01 
-8.12000000e-01 -9.99997303e-01 
-8.11000000e-01 -9.99996005e-01 
-8.10000000e-01 -9.99999996e-01 
-8.09000000e-01 -1.00000061e+00 
-8.08000000e-01 -9.99999998e-01 
-8.07000000e-01 -9.99999996e-01 
-8.06000000e-01 -9.99983245e-01 
-8.05000000e-01 -1.00000300e+00 
-8.04000000e-01 -9.99999996e-01 
-8.03000000e-01 -1.00000066e+00 
-8.02000000e-01 -1.00000030e+00 
-8.01000000e-01 -9.99999996e-01 
-8.00000000e-01 -9.99998446e-01 
-7.99000000e-01 -9.99998064e-01 
-7.98000000e-01 -9.99999996e-01 
-7.97000000e-01 -1.00000107e+00 
-7.96000000e-01 -9.99999998e-01 
-7.95000000e-01 -9.99999996e-01 
-7.94000000e-01 -9.99991406e-01 
-7.93000000e-01 -9.99981847e-01 
-7.92000000e-01 -9.99999996e-01 
-7.91000000e-01 -9.99999998e-01 
-7.90000000e-01 -9.99999998e-01 
-7.89000000e-01 -9.99999996e-01 
-7.88000000e-01 -9.99998500e-01 
-7.87000000e-01 -9.99997849e-01 
-7.86000000e-01 -9.99999996e-01 
-7.85000000e-01 -1.00000082e+00 
-7.84000000e-01 -9.99999998e-01 
-7.83000000e-01 -9.99999996e-01 
-7.82000000e-01 -9.99993098e-01 
-7.81000000e-01 -9.99985735e-01 
-7.80000000e-01 -9.99999996e-01 
-7.79000000e-01 -9.99999998e-01 
-7.78000000e-01 -9.99999998e-01 
-7.77000000e-01 -9.99999996e-01 
-7.76000000e-01 -9.99999076e-01 
-7.75000000e-01 -9.99998818e-01 
-7.74000000e-01 -9.99999996e-01 
-7.73000000e-01 -1.00000076e+00 
-7.72000000e-01 -9.99999998e-01 
-7.71000000e-01 -9.99999996e-01 
-7.70000000e-01 -9.99996197e-01 
-7.69000000e-01 -9.99993230e-01 
-7.68000000e-01 -9.99999996e-01 
-7.67000000e-01 -9.99999998e-01 
-7.66000000e-01 -9.99999998e-01 
-7.65000000e-01 -9.99999996e-01 
-7.64000000e-01 -9.99975616e-01 
-7.63000000e-01 -1.00000561e+00 
-7.62000000e-01 -9.99999996e-01 
-7.61000000e-01 -1.00000097e+00 
-7.60000000e-01 -1.00000006e+00 
-7.59000000e-01 -9.99999996e-01 
-7.58000000e-01 -9.99997034e-01 
-7.57000000e-01 -9.99995475e-01 
-7.56000000e-01 -9.99999996e-01 
-7.55000000e-01 -1.00000042e+00 
-7.54000000e-01 -9.99999998e-01 
-7.53000000e-01 -9.99999996e-01 
-7.52000000e-01 -9.99981207e-01 
-7.51000000e-01 -1.00000345e+00 
-7.50000000e-01 -9.99999996e-01 
-7.49000000e-01 -1.00000070e+00 
-7.48000000e-01 -1.00000029e+00 
-7.47000000e-01 -9.99999996e-01 
-7.46000000e-01 -9.99998298e-01 
-7.45000000e-01 -9.99997817e-01 
-7.44000000e-01 -9.99999996e-01 
-7.43000000e-01 -1.00000105e+00 
-7.42000000e-01 -9.99999998e-01 
-7.41000000e-01 -9.99999996e-01 
-7.40000000e-01 -9.99990406e-01 
-7.39000000e-01 -9.99979258e-01 
-7.38000000e-01 -9.99999996e-01 
-7.37000000e-01 -9.99999998e-01 
-7.36000000e-01 -9.99999998e-01 
-7.35000000e-01 -9.99999996e-01 
-7.34000000e-01 -9.99998366e-01 
-7.33000000e-01 -9.99997607e-01 
-7.32000000e-01 -9.99999996e-01 
-7.31000000e-01 -1.00000080e+00 
-7.30000000e-01 -9.99999998e-01 
-7.29000000e-01 -9.99999996e-01 
-7.28000000e-01 -9.99992327e-01 
-7.27000000e-01 -9.99983755e-01 
-7.26000000e-01 -9.99999996e-01 
-7.25000000e-01 -9.99999998e-01 
-7.24000000e-01 -9.99999998e-01 
-7.23000000e-01 -9.99999996e-01 
-7.22000000e-01 -9.99998998e-01 
-7.21000000e-01 -9.99998695e-01 
-7.20000000e-01 -9.99999996e-01 
-7.19000000e-01 -1.00000078e+00 
-7.18000000e-01 -9.99999998e-01 
-7.17000000e-01 -9.99999996e-01 
-7.16000000e-01 -9.99995803e-01 
-7.15000000e-01 -9.99992332e-01 
-7.14000000e-01 -9.99999996e-01 
-7.13000000e-01 -9.99999998e-01 
-7.12000000e-01 -9.99999998e-01 
-7.11000000e-01 -9.99999996e-01 
-7.10000000e-01 -9.99972491e-01 
-7.09000000e-01 -1.00000646e+00 
-7.08000000e-01 -9.99999996e-01 
-7.07000000e-01 -1.00000102e+00 
-7.06000000e-01 -9.99999998e-01 
-7.05000000e-01 -9.99999996e-01 
-7.04000000e-01 -9.99996727e-01 
-7.03000000e-01 -9.99994861e-01 
-7.02000000e-01 -9.99999996e-01 
-7.01000000e-01 -1.00000018e+00 
-7.00000000e-01 -9.99999998e-01 
-6.99000000e-01 -9.99999996e-01 
-6.98000000e-01 -9.99978839e-01 
-6.97000000e-01 -1.00000398e+00 
-6.96000000e-01 -9.99999996e-01 
-6.95000000e-01 -1.00000074e+00 
-6.94000000e-01 -1.00000027e+00 
-6.93000000e-01 -9.99999996e-01 
-6.92000000e-01 -9.99998135e-01 
-6.91000000e-01 -9.99997536e-01 
-6.90000000e-01 -9.99999996e-01 
-6.89000000e-01 -1.00000101e+00 
-6.88000000e-01 -9.99999998e-01 
-6.87000000e-01 -9.99999996e-01 
-6.86000000e-01 -9.99989275e-01 
-6.85000000e-01 -1.00000173e+00 
-6.84000000e-01 -9.99999996e-01 
-6.83000000e-01 -1.00000052e+00 
-6.82000000e-01 -1.00000030e+00 
-6.81000000e-01 -9.99999996e-01 
-6.80000000e-01 -9.99998899e-01 
-6.79000000e-01 -9.99998774e-01 
-6.78000000e-01 -9.99999996e-01 
-6.77000000e-01 -1.00000104e+00 
-6.76000000e-01 -9.99999998e-01 
-6.75000000e-01 -9.99999996e-01 
-6.74000000e-01 -9.99994333e-01 
-6.73000000e-01 -9.99989128e-01 
-6.72000000e-01 -9.99999996e-01 
-6.71000000e-01 -9.99999998e-01 
-6.70000000e-01 -9.99999998e-01 
-6.69000000e-01 -9.99999996e-01 
-6.68000000e-01 -9.99959357e-01 
-6.67000000e-01 -1.00000936e+00 
-6.66000000e-01 -9.99999996e-01 
-6.65000000e-01 -1.00000109e+00 
-6.64000000e-01 -9.99999998e-01 
-6.63000000e-01 -9.99999996e-01 
-6.62000000e-01 -9.99996240e-01 
-6.61000000e-01 -9.99993862e-01 
-6.60000000e-01 -9.99999996e-01 
-6.59000000e-01 -9.99999998e-01 
-6.58000000e-01 -9.99999998e-01 
-6.57000000e-01 -9.99999996e-01 
-6.56000000e-01 -9.99975008e-01 
-6.55000000e-01 -1.00000485e+00 
-6.54000000e-01 -9.99999996e-01 
-6.53000000e-01 -1.00000080e+00 
-6.52000000e-01 -1.00000024e+00 
-6.51000000e-01 -9.99999996e-01 
-6.50000000e-01 -9.99997880e-01 
-6.49000000e-01 -9.99997083e-01 
-6.48000000e-01 -9.99999996e-01 
-6.47000000e-01 -1.00000092e+00 
-6.46000000e-01 -9.99999998e-01 
-6.45000000e-01 -9.99999996e-01 
-6.44000000e-01 -9.99987476e-01 
-6.43000000e-01 -1.00000210e+00 
-6.42000000e-01 -9.99999996e-01 
-6.41000000e-01 -1.00000056e+00 
-6.40000000e-01 -1.00000031e+00 
-6.39000000e-01 -9.99999996e-01 
-6.38000000e-01 -9.99998759e-01 
-6.37000000e-01 -9.99998563e-01 
-6.36000000e-01 -9.99999996e-01 
-6.35000000e-01 -1.00000107e+00 
-6.34000000e-01 -9.99999998e-01 
-6.33000000e-01 -9.99999996e-01 
-6.32000000e-01 -9.99993452e-01 
-6.31000000e-01 -9.99986991e-01 
-6.30000000e-01 -9.99999996e-01 
-6.29000000e-01 -9.99999998e-01 
-6.28000000e-01 -9.99999998e-01 
-6.27000000e-01 -9.99999996e-01 
-6.26000000e-01 -9.99951706e-01 
-6.25000000e-01 -1.00001139e+00 
-6.24000000e-01 -9.99999996e-01 
-6.23000000e-01 -1.00000115e+00 
-6.22000000e-01 -9.99999998e-01 
-6.21000000e-01 -9.99999996e-01 
-6.20000000e-01 -9.99995675e-01 
-6.19000000e-01 -9.99992665e-01 
-6.18000000e-01 -9.99999996e-01 
-6.17000000e-01 -9.99999998e-01 
-6.16000000e-01 -9.99999998e-01 
-6.15000000e-01 -9.99999996e-01 
-6.14000000e-01 -9.99970462e-01 
-6.13000000e-01 -1.00000589e+00 
-6.12000000e-01 -9.99999996e-01 
-6.11000000e-01 -1.00000087e+00 
-6.10000000e-01 -1.00000019e+00 
-6.09000000e-01 -9.99999996e-01 
-6.08000000e-01 -9.99997585e-01 
-6.07000000e-01 -9.99996541e-01 
-6.06000000e-01 -9.99999996e-01 
-6.05000000e-01 -1.00000078e+00 
-6.04000000e-01 -9.99999998e-01 
-6.03000000e-01 -9.99999996e-01 
-6.02000000e-01 -9.99985340e-01 
-6.01000000e-01 -1.00000255e+00 
-6.00000000e-01 -9.99999996e-01 
-5.99000000e-01 -1.00000062e+00 
-5.98000000e-01 -1.00000030e+00 
-5.97000000e-01 -9.99999996e-01 
-5.96000000e-01 -9.99998598e-01 
-5.95000000e-01 -9.99998312e-01 
-5.94000000e-01 -9.99999996e-01 
-5.93000000e-01 -1.00000108e+00 
-5.92000000e-01 -9.99999998e-01 
-5.91000000e-01 -9.99999996e-01 
-5.90000000e-01 -9.99992415e-01 
-5.89000000e-01 -9.99984412e-01 
-5.88000000e-01 -9.99999996e-01 
-5.87000000e-01 -9.99999998e-01 
-5.86000000e-01 -9.99999998e-01 
-5.85000000e-01 -9.99999996e-01 
-5.84000000e-01 -9.99942510e-01 
-5.83000000e-01 -1.00001386e+00 
-5.82000000e-01 -9.99999996e-01 
-5.81000000e-01 -1.00000122e+00 
-5.80000000e-01 -9.99999998e-01 
-5.79000000e-01 -9.99999996e-01 
-5.78000000e-01 -9.99995014e-01 
-5.77000000e-01 -9.99991221e-01 
-5.76000000e-01 -9.99999996e-01 
-5.75000000e-01 -9.99999998e-01 
-5.74000000e-01 -9.99999998e-01 
-5.73000000e-01 -9.99999996e-01 
-5.72000000e-01 -9.99965017e-01 
-5.71000000e-01 -1.00000717e+00 
-5.70000000e-01 -9.99999996e-01 
-5.69000000e-01 -1.00000093e+00 
-5.68000000e-01 -1.00000011e+00 
-5.67000000e-01 -9.99999996e-01 
-5.66000000e-01 -9.99997244e-01 
-5.65000000e-01 -9.99995890e-01 
-5.64000000e-01 -9.99999996e-01 
-5.63000000e-01 -1.00000057e+00 
-5.62000000e-01 -9.99999998e-01 
-5.61000000e-01 -9.99999996e-01 
-5.60000000e-01 -9.99982798e-01 
-5.59000000e-01 -1.00000310e+00 
-5.58000000e-01 -9.99999996e-01 
-5.57000000e-01 -1.00000067e+00 
-5.56000000e-01 -1.00000030e+00 
-5.55000000e-01 -9.99999996e-01 
-5.54000000e-01 -9.99998414e-01 
-5.53000000e-01 -9.99998012e-01 
-5.52000000e-01 -9.99999996e-01 
-5.51000000e-01 -1.00000107e+00 
-5.50000000e-01 -9.99999998e-01 
-5.49000000e-01 -9.99999996e-01 
-5.48000000e-01 -9.99991191e-01 
-5.47000000e-01 -9.99981295e-01 
-5.46000000e-01 -9.99999996e-01 
-5.45000000e-01 -9.99999998e-01 
-5.44000000e-01 -9.99999998e-01 
-5.43000000e-01 -9.99999996e-01 
-5.42000000e-01 -9.99998471e-01 
-5.41000000e-01 -9.99997797e-01 
-5.40000000e-01 -9.99999996e-01 
-5.39000000e-01 -1.00000082e+00 
-5.38000000e-01 -9.99999998e-01 
-5.37000000e-01 -9.99999996e-01 
-5.36000000e-01 -9.99992932e-01 
-5.35000000e-01 -9.99985313e-01 
-5.34000000e-01 -9.99999996e-01 
-5.33000000e-01 -9.99999998e-01 
-5.32000000e-01 -9.99999998e-01 
-5.31000000e-01 -9.99999996e-01 
-5.30000000e-01 -9.99999059e-01 
-5.29000000e-01 -9.99998792e-01 
-5.28000000e-01 -9.99999996e-01 
-5.27000000e-01 -1.00000077e+00 
-5.26000000e-01 -9.99999998e-01 
-5.25000000e-01 -9.99999996e-01 
-5.24000000e-01 -9.99996112e-01 
-5.23000000e-01 -9.99993039e-01 
-5.22000000e-01 -9.99999996e-01 
-5.21000000e-01 -9.99999998e-01 
-5.20000000e-01 -9.99999998e-01 
-5.19000000e-01 -9.99999996e-01 
-5.18000000e-01 -9.99974949e-01 
-5.17000000e-01 -1.00000579e+00 
-5.16000000e-01 -9.99999996e-01 
-5.15000000e-01 -1.00000098e+00 
-5.14000000e-01 -1.00000004e+00 
-5.13000000e-01 -9.99999996e-01 
-5.12000000e-01 -9.99996968e-01 
-5.11000000e-01 -9.99995344e-01 
-5.10000000e-01 -9.99999996e-01 
-5.09000000e-01 -1.00000037e+00 
-5.08000000e-01 -9.99999998e-01 
-5.07000000e-01 -9.99999996e-01 
-5.06000000e-01 -9.99980701e-01 
-5.05000000e-01 -1.00000357e+00 
-5.04000000e-01 -9.99999996e-01 
-5.03000000e-01 -1.00000071e+00 
-5.02000000e-01 -1.00000029e+00 
-5.01000000e-01 -9.99999996e-01 
-5.00000000e-01 -9.99998263e-01 
-4.99000000e-01 -9.99997930e-01 
-4.98000000e-01 -9.99989318e-01 
-4.97000000e-01 -9.99962769e-01 
-4.96000000e-01 -9.99931580e-01 
-4.95000000e-01 -9.99893610e-01 
-4.94000000e-01 -9.99847696e-01 
-4.93000000e-01 -9.99793908e-01 
-4.92000000e-01 -9.99732376e-01 
-4.91000000e-01 -9.99663229e-01 
-4.90000000e-01 -9.99586594e-01 
-4.89000000e-01 -9.99502594e-01 
-4.88000000e-01 -9.99411347e-01 
-4.87000000e-01 -9.99312970e-01 
-4.86000000e-01 -9.99207575e-01 
-4.85000000e-01 -9.99095272e-01 
-4.84000000e-01 -9.98976168e-01 
-4.83000000e-01 -9.98850366e-01 
-4.82000000e-01 -9.98717969e-01 
-4.81000000e-01 -9.98579074e-01 
-4.80000000e-01 -9.98433777e-01 
-4.79000000e-01 -9.98282172e-01 
-4.78000000e-01 -9.98124351e-01 
-4.77000000e-01 -9.97960402e-01 
-4.76000000e-01 -9.97790413e-01 
-4.75000000e-01 -9.97614468e-01 
-4.74000000e-01 -9.97432649e-01 
-4.73000000e-01 -9.97245039e-01 
-4.72000000e-01 -9.97051715e-01 
-4.71000000e-01 -9.96852754e-01 
-4.70000000e-01 -9.96648233e-01 
-4.69000000e-01 -9.96438224e-01 
-4.68000000e-01 -9.96222800e-01 
-4.67000000e-01 -9.96002030e-01 
-4.66000000e-01 -9.95775984e-01 
-4.65000000e-01 -9.95544730e-01 
-4.64000000e-01 -9.95308332e-01 
-4.63000000e-01 -9.95066855e-01 
-4.62000000e-01 -9.94820363e-01 
-4.61000000e-01 -9.94568918e-01 
-4.60000000e-01 -9.94312579e-01 
-4.59000000e-01 -9.94051406e-01 
-4.58000000e-01 -9.93785456e-01 
-4.57000000e-01 -9.93514788e-01 
-4.56000000e-01 -9.93239457e-01 
-4.55000000e-01 -9.92959516e-01 
-4.54000000e-01 -9.92675021e-01 
-4.53000000e-01 -9.92386023e-01 
-4.52000000e-01 -9.92092574e-01 
-4.51000000e-01 -9.91794724e-01 
-4.50000000e-01 -9.91492523e-01 
-4.49000000e-01 -9.91186020e-01 
-4.48000000e-01 -9.90875262e-01 
-4.47000000e-01 -9.90560296e-01 
-4.46000000e-01 -9.90241168e-01 
-4.45000000e-01 -9.89917924e-01 
-4.44000000e-01 -9.89590607e-01 
-4.43000000e-01 -9.89259262e-01 
-4.42000000e-01 -9.88923931e-01 
-4.41000000e-01 -9.88584655e-01 
-4.40000000e-01 -9.88241477e-01 
-4.39000000e-01 -9.87894437e-01 
-4.38000000e-01 -9.87543575e-01 
-4.37000000e-01 -9.87188930e-01 
-4.36000000e-01 -9.86830541e-01 
-4.35000000e-01 -9.86468445e-01 
-4.34000000e-01 -9.86102679e-01 
-4.33000000e-01 -9.85733282e-01 
-4.32000000e-01 -9.85360287e-01 
-4.31000000e-01 -9.84983732e-01 
-4.30000000e-01 -9.84603650e-01 
-4.29000000e-01 -9.84220077e-01 
-4.28000000e-01 -9.83833046e-01 
-4.27000000e-01 -9.83442589e-01 
-4.26000000e-01 -9.83048741e-01 
-4.25000000e-01 -9.82651533e-01 
-4.24000000e-01 -9.82250997e-01 
-4.23000000e-01 -9.81847165e-01 
-4.22000000e-01 -9.81440066e-01 
-4.21000000e-01 -9.81029731e-01 
-4.20000000e-01 -9.80616191e-01 
-4.19000000e-01 -9.80199474e-01 
-4.18000000e-01 -9.79779610e-01 
-4.17000000e-01 -9.79356626e-01 
-4.16000000e-01 -9.78930552e-01 
-4.15000000e-01 -9.78501415e-01 
-4.14000000e-01 -9.78069242e-01 
-4.13000000e-01 -9.77634060e-01 
-4.12000000e-01 -9.77195895e-01 
-4.11000000e-01 -9.76754775e-01 
-4.10000000e-01 -9.76310724e-01 
-4.09000000e-01 -9.75863768e-01 
-4.08000000e-01 -9.75413932e-01 
-4.07000000e-01 -9.74961241e-01 
-4.06000000e-01 -9.74505719e-01 
-4.05000000e-01 -9.74047390e-01 
-4.04000000e-01 -9.73586279e-01 
-4.03000000e-01 -9.73122408e-01 
-4.02000000e-01 -9.72655800e-01 
-4.01000000e-01 -9.72186479e-01 
-4.00000000e-01 -9.71714467e-01 
-3.99000000e-01 -9.71239785e-01 
-3.98000000e-01 -9.70762457e-01 
-3.97000000e-01 -9.70282503e-01 
-3.96000000e-01 -9.69799945e-01 
-3.95000000e-01 -9.69314804e-01 
-3.94000000e-01 -9.68827101e-01 
-3.93000000e-01 -9.68336856e-01 
-3.92000000e-01 -9.67844089e-01 
-3.91000000e-01 -9.67348822e-01 
-3.90000000e-01 -9.66851072e-01 
-3.89000000e-01 -9.66350860e-01 
-3.88000000e-01 -9.65848206e-01 
-3.87000000e-01 -9.65343127e-01 
-3.86000000e-01 -9.64835643e-01 
-3.85000000e-01 -9.64325773e-01 
-3.84000000e-01 -9.63813535e-01 
-3.83000000e-01 -9.63298947e-01 
-3.82000000e-01 -9.62782027e-01 
-3.81000000e-01 -9.62262792e-01 
-3.80000000e-01 -9.61741260e-01 
-3.79000000e-01 -9.61217449e-01 
-3.78000000e-01 -9.60691375e-01 
-3.77000000e-01 -9.60163055e-01 
-3.76000000e-01 -9.59632507e-01 
-3.75000000e-01 -9.59099746e-01 
-3.74000000e-01 -9.58564788e-01 
-3.73000000e-01 -9.58027650e-01 
-3.72000000e-01 -9.57488348e-01 
-3.71000000e-01 -9.56946898e-01 
-3.70000000e-01 -9.56403315e-01 
-3.69000000e-01 -9.55857613e-01 
-3.68000000e-01 -9.55309810e-01 
-3.67000000e-01 -9.54759919e-01 
-3.66000000e-01 -9.54207956e-01 
-3.65000000e-01 -9.53653935e-01 
-3.64000000e-01 -9.53097870e-01 
-3.63000000e-01 -9.52539777e-01 
-3.62000000e-01 -9.51979669e-01 
-3.61000000e-01 -9.51417560e-01 
-3.60000000e-01 -9.50853465e-01 
-3.59000000e-01 -9.50287397e-01 
-3.58000000e-01 -9.49719369e-01 
-3.57000000e-01 -9.49149395e-01 
-3.56000000e-01 -9.48577489e-01 
-3.55000000e-01 -9.48003663e-01 
-3.54000000e-01 -9.47427931e-01 
-3.53000000e-01 -9.46850306e-01 
-3.52000000e-01 -9.46270799e-01 
-3.51000000e-01 -9.45689425e-01 
-3.50000000e-01 -9.45106194e-01 
-3.49000000e-01 -9.44521121e-01 
-3.48000000e-01 -9.43934216e-01 
-3.47000000e-01 -9.43345492e-01 
-3.46000000e-01 -9.42754961e-01 
-3.45000000e-01 -9.42162635e-01 
-3.44000000e-01 -9.41568526e-01 
-3.43000000e-01 -9.40972644e-01 
-3.42000000e-01 -9.40375002e-01 
-3.41000000e-01 -9.39775611e-01 
-3.40000000e-01 -9.39174482e-01 
-3.39000000e-01 -9.38571627e-01 
-3.38000000e-01 -9.37967055e-01 
-3.37000000e-01 -9.37360779e-01 
-3.36000000e-01 -9.36752809e-01 
-3.35000000e-01 -9.36143155e-01 
-3.34000000e-01 -9.35531829e-01 
-3.33000000e-01 -9.34918840e-01 
-3.32000000e-01 -9.34304199e-01 
-3.31000000e-01 -9.33687917e-01 
-3.30000000e-01 -9.33070002e-01 
-3.29000000e-01 -9.32450467e-01 
-3.28000000e-01 -9.31829319e-01 
-3.27000000e-01 -9.31206570e-01 
-3.26000000e-01 -9.30582228e-01 
-3.25000000e-01 -9.29956305e-01 
-3.24000000e-01 -9.29328808e-01 
-3.23000000e-01 -9.28699748e-01 
-3.22000000e-01 -9.28069134e-01 
-3.21000000e-01 -9.27436975e-01 
-3.20000000e-01 -9.26803280e-01 
-3.19000000e-01 -9.26168059e-01 
-3.18000000e-01 -9.25531320e-01 
-3.17000000e-01 -9.24893072e-01 
-3.16000000e-01 -9.24253325e-01 
-3.15000000e-01 -9.23612086e-01 
-3.14000000e-01 -9.22969365e-01 
-3.13000000e-01 -9.22325170e-01 
-3.12000000e-01 -9.21679509e-01 
-3.11000000e-01 -9.21032391e-01 
-3.10000000e-01 -9.20383824e-01 
-3.09000000e-01 -9.19733816e-01 
-3.08000000e-01 -9.19082376e-01 
-3.07000000e-01 -9.18429511e-01 
-3.06000000e-01 -9.17775230e-01 
-3.05000000e-01 -9.17119539e-01 
-3.04000000e-01 -9.16462448e-01 
-3.03000000e-01 -9.15803964e-01 
-3.02000000e-01 -9.15144094e-01 
-3.01000000e-01 -9.14482846e-01 
-3.00000000e-01 -9.13820228e-01 
-2.99000000e-01 -9.13156246e-01 
-2.98000000e-01 -9.12490909e-01 
-2.97000000e-01 -9.11824223e-01 
-2.96000000e-01 -9.11156195e-01 
-2.95000000e-01 -9.10486834e-01 
-2.94000000e-01 -9.09816145e-01 
-2.93000000e-01 -9.09144136e-01 
-2.92000000e-01 -9.08470814e-01 
-2.91000000e-01 -9.07796185e-01 
-2.90000000e-01 -9.07120256e-01 
-2.89000000e-01 -9.06443034e-01 
-2.88000000e-01 -9.05764525e-01 
-2.87000000e-01 -9.05084737e-01 
-2.86000000e-01 -9.04403675e-01 
-2.85000000e-01 -9.03721345e-01 
-2.84000000e-01 -9.03037755e-01 
-2.83000000e-01 -9.02352910e-01 
-2.82000000e-01 -9.01666817e-01 
-2.81000000e-01 -9.00979481e-01 
-2.80000000e-01 -9.00290909e-01 
-2.79000000e-01 -8.99601107e-01 
-2.78000000e-01 -8.98910080e-01 
-2.77000000e-01 -8.98217835e-01 
-2.76000000e-01 -8.97524377e-01 
-2.75000000e-01 -8.96829712e-01 
-2.74000000e-01 -8.96133845e-01 
-2.73000000e-01 -8.95436783e-01 
-2.72000000e-01 -8.94738530e-01 
-2.71000000e-01 -8.94039092e-01 
-2.70000000e-01 -8.93338475e-01 
-2.69000000e-01 -8.92636683e-01 
-2.68000000e-01 -8.91933723e-01 
-2.67000000e-01 -8.91229598e-01 
-2.66000000e-01 -8.90524315e-01 
-2.65000000e-01 -8.89817879e-01 
-2.64000000e-01 -8.89110293e-01 
-2.63000000e-01 -8.88401564e-01 
-2.62000000e-01 -8.87691696e-01 
-2.61000000e-01 -8.86980693e-01 
-2.60000000e-01 -8.86268562e-01 
-2.59000000e-01 -8.85555305e-01 
-2.58000000e-01 -8.84840929e-01 
-2.57000000e-01 -8.84125437e-01 
-2.56000000e-01 -8.83408833e-01 
-2.55000000e-01 -8.82691123e-01 
-2.54000000e-01 -8.81972311e-01 
-2.53000000e-01 -8.81252400e-01 
-2.52000000e-01 -8.80531396e-01 
-2.51000000e-01 -8.79809301e-01 
-2.50000000e-01 -8.79086121e-01 
-2.49000000e-01 -8.78361859e-01 
-2.48000000e-01 -8.77636520e-01 
-2.47000000e-01 -8.76910106e-01 
-2.46000000e-01 -8.76182622e-01 
-2.45000000e-01 -8.75454072e-01 
-2.44000000e-01 -8.74724460e-01 
-2.43000000e-01 -8.73993788e-01 
-2.42000000e-01 -8.73262061e-01 
-2.41000000e-01 -8.72529281e-01 
-2.40000000e-01 -8.71795453e-01 
-2.39000000e-01 -8.71060580e-01 
-2.38000000e-01 -8.70324664e-01 
-2.37000000e-01 -8.69587710e-01 
-2.36000000e-01 -8.68849720e-01 
-2.35000000e-01 -8.68110698e-01 
-2.34000000e-01 -8.67370645e-01 
-2.33000000e-01 -8.66629566e-01 
-2.32000000e-01 -8.65887463e-01 
-2.31000000e-01 -8.65144339e-01 
-2.30000000e-01 -8.64400197e-01 
-2.29000000e-01 -8.63655039e-01 
-2.28000000e-01 -8.62908867e-01 
-2.27000000e-01 -8.62161685e-01 
-2.26000000e-01 -8.61413495e-01 
-2.25000000e-01 -8.60664298e-01 
-2.24000000e-01 -8.59914098e-01 
-2.23000000e-01 -8.59162896e-01 
-2.22000000e-01 -8.58410694e-01 
-2.21000000e-01 -8.57657495e-01 
-2.20000000e-01 -8.56903301e-01 
-2.19000000e-01 -8.56148113e-01 
-2.18000000e-01 -8.55391933e-01 
-2.17000000e-01 -8.54634763e-01 
-2.16000000e-01 -8.53876604e-01 
-2.15000000e-01 -8.53117458e-01 
-2.14000000e-01 -8.52357327e-01 
-2.13000000e-01 -8.51596211e-01 
-2.12000000e-01 -8.50834113e-01 
-2.11000000e-01 -8.50071032e-01 
-2.10000000e-01 -8.49306971e-01 
-2.09000000e-01 -8.48541930e-01 
-2.08000000e-01 -8.47775910e-01 
-2.07000000e-01 -8.47008913e-01 
-2.06000000e-01 -8.46240937e-01 
-2.05000000e-01 -8.45471985e-01 
-2.04000000e-01 -8.44702057e-01 
-2.03000000e-01 -8.43931153e-01 
-2.02000000e-01 -8.43159274e-01 
-2.01000000e-01 -8.42386419e-01 
-2.00000000e-01 -8.41612589e-01 
-1.99000000e-01 -8.40837784e-01 
-1.98000000e-01 -8.40062003e-01 
-1.97000000e-01 -8.39285247e-01 
-1.96000000e-01 -8.38507515e-01 
-1.95000000e-01 -8.37728806e-01 
-1.94000000e-01 -8.36949121e-01 
-1.93000000e-01 -8.36168457e-01 
-1.92000000e-01 -8.35386815e-01 
-1.91000000e-01 -8.34604194e-01 
-1.90000000e-01 -8.33820592e-01 
-1.89000000e-01 -8.33036008e-01 
-1.88000000e-01 -8.32250441e-01 
-1.87000000e-01 -8.31463889e-01 
-1.86000000e-01 -8.30676351e-01 
-1.85000000e-01 -8.29887824e-01 
-1.84000000e-01 -8.29098308e-01 
-1.83000000e-01 -8.28307799e-01 
-1.82000000e-01 -8.27516296e-01 
-1.81000000e-01 -8.26723796e-01 
-1.80000000e-01 -8.25930297e-01 
-1.79000000e-01 -8.25135796e-01 
-1.78000000e-01 -8.24340290e-01 
-1.77000000e-01 -8.23543775e-01 
-1.76000000e-01 -8.22746250e-01 
-1.75000000e-01 -8.21947709e-01 
-1.74000000e-01 -8.21148150e-01 
-1.73000000e-01 -8.20347569e-01 
-1.72000000e-01 -8.19545962e-01 
-1.71000000e-01 -8.18743324e-01 
-1.70000000e-01 -8.17939651e-01 
-1.69000000e-01 -8.17134939e-01 
-1.68000000e-01 -8.16329182e-01 
-1.67000000e-01 -8.15522376e-01 
-1.66000000e-01 -8.14714515e-01 
-1.65000000e-01 -8.13905593e-01 
-1.64000000e-01 -8.13095605e-01 
-1.63000000e-01 -8.12284545e-01 
-1.62000000e-01 -8.11472406e-01 
-1.61000000e-01 -8.10659181e-01 
-1.60000000e-01 -8.09844864e-01 
-1.59000000e-01 -8.09029448e-01 
-1.58000000e-01 -8.08212925e-01 
-1.57000000e-01 -8.07395286e-01 
-1.56000000e-01 -8.06576525e-01 
-1.55000000e-01 -8.05756632e-01 
-1.54000000e-01 -8.04935599e-01 
-1.53000000e-01 -8.04113416e-01 
-1.52000000e-01 -8.03290074e-01 
-1.51000000e-01 -8.02465564e-01 
-1.50000000e-01 -8.01639874e-01 
-1.49000000e-01 -8.00812994e-01 
-1.48000000e-01 -7.99984913e-01 
-1.47000000e-01 -7.99155619e-01 
-1.46000000e-01 -7.98325101e-01 
-1.45000000e-01 -7.97493345e-01 
-1.44000000e-01 -7.96660339e-01 
-1.43000000e-01 -7.95826070e-01 
-1.42000000e-01 -7.94990522e-01 
-1.41000000e-01 -7.94153683e-01 
-1.40000000e-01 -7.93315536e-01 
-1.39000000e-01 -7.92476066e-01 
-1.38000000e-01 -7.91635256e-01 
-1.37000000e-01 -7.90793090e-01 
-1.36000000e-01 -7.89949550e-01 
-1.35000000e-01 -7.89104618e-01 
-1.34000000e-01 -7.88258274e-01 
-1.33000000e-01 -7.87410498e-01 
-1.32000000e-01 -7.86561271e-01 
-1.31000000e-01 -7.85710571e-01 
-1.30000000e-01 -7.84858375e-01 
-1.29000000e-01 -7.84004661e-01 
-1.28000000e-01 -7.83149403e-01 
-1.27000000e-01 -7.82292578e-01 
-1.26000000e-01 -7.81434159e-01 
-1.25000000e-01 -7.80574119e-01 
-1.24000000e-01 -7.79712430e-01 
-1.23000000e-01 -7.78849062e-01 
-1.22000000e-01 -7.77983984e-01 
-1.21000000e-01 -7.77117166e-01 
-1.20000000e-01 -7.76248572e-01 
-1.19000000e-01 -7.75378169e-01 
-1.18000000e-01 -7.74505920e-01 
-1.17000000e-01 -7.73631788e-01 
-1.16000000e-01 -7.72755732e-01 
-1.15000000e-01 -7.71877713e-01 
-1.14000000e-01 -7.70997686e-01 
-1.13000000e-01 -7.70115607e-01 
-1.12000000e-01 -7.69231428e-01 
-1.11000000e-01 -7.68345101e-01 
-1.10000000e-01 -7.67456574e-01 
-1.09000000e-01 -7.66565793e-01 
-1.08000000e-01 -7.65672702e-01 
-1.07000000e-01 -7.64777241e-01 
-1.06000000e-01 -7.63879348e-01 
-1.05000000e-01 -7.62978958e-01 
-1.04000000e-01 -7.62076003e-01 
-1.03000000e-01 -7.61170411e-01 
-1.02000000e-01 -7.60262106e-01 
-1.01000000e-01 -7.59351009e-01 
-1.00000000e-01 -7.58437037e-01 
-9.90000000e-02 -7.57520100e-01 
-9.80000000e-02 -7.56600107e-01 
-9.70000000e-02 -7.55676959e-01 
-9.60000000e-02 -7.54750553e-01 
-9.50000000e-02 -7.53820779e-01 
-9.40000000e-02 -7.52887522e-01 
-9.30000000e-02 -7.51950660e-01 
-9.20000000e-02 -7.51010062e-01 
-9.10000000e-02 -7.50065590e-01 
-9.00000000e-02 -7.49117100e-01 
-8.90000000e-02 -7.48164434e-01 
-8.80000000e-02 -7.47207428e-01 
-8.70000000e-02 -7.46245905e-01 
-8.60000000e-02 -7.45279678e-01 
-8.50000000e-02 -7.44308544e-01 
-8.40000000e-02 -7.43332289e-01 
-8.30000000e-02 -7.42350683e-01 
-8.20000000e-02 -7.41363478e-01 
-8.10000000e-02 -7.40370408e-01 
-8.00000000e-02 -7.39371186e-01 
-7.90000000e-02 -7.38365504e-01 
-7.80000000e-02 -7.37353028e-01 
-7.70000000e-02 -7.36333396e-01 
-7.60000000e-02 -7.35306216e-01 
-7.50000000e-02 -7.34271060e-01 
-7.40000000e-02 -7.33227463e-01 
-7.30000000e-02 -7.32174916e-01 
-7.20000000e-02 -7.31112859e-01 
-7.10000000e-02 -7.30040680e-01 
-7.00000000e-02 -7.28957701e-01 
-6.90000000e-02 -7.27863171e-01 
-6.80000000e-02 -7.26756258e-01 
-6.70000000e-02 -7.25636031e-01 
-6.60000000e-02 -7.24501448e-01 
-6.50000000e-02 -7.23351336e-01 
-6.40000000e-02 -7.22184367e-01 
-6.30000000e-02 -7.20999029e-01 
-6.20000000e-02 -7.19793588e-01 
-6.10000000e-02 -7.18566047e-01 
-6.00000000e-02 -7.17314081e-01 
-5.90000000e-02 -7.16034962e-01 
-5.80000000e-02 -7.14725458e-01 
-5.70000000e-02 -7.13381693e-01 
-5.60000000e-02 -7.11998959e-01 
-5.50000000e-02 -7.10571448e-01 
-5.40000000e-02 -7.09091863e-01 
-5.30000000e-02 -7.07550837e-01 
-5.20000000e-02 -7.05936015e-01 
-5.10000000e-02 -7.04230555e-01 
-5.00000000e-02 -7.02410498e-01 
-4.90000000e-02 -7.00439754e-01 
-4.80000000e-02 -6.98259446e-01 
-4.70000000e-02 -6.95761185e-01 
-4.60000000e-02 -6.92699987e-01 
-4.50000000e-02 -6.88215451e-01 
-4.40000000e-02 -6.81846118e-01 
-4.30000000e-02 -6.75775360e-01 
-4.20000000e-02 -6.69813540e-01 
-4.10000000e-02 -6.63961021e-01 
-4.00000000e-02 -6.58218206e-01 
-3.90000000e-02 -6.52585504e-01 
-3.80000000e-02 -6.47063340e-01 
-3.70000000e-02 -6.41652145e-01 
-3.60000000e-02 -6.36352367e-01 
-3.50000000e-02 -6.31164463e-01 
-3.40000000e-02 -6.26088904e-01 
-3.30000000e-02 -6.21126171e-01 
-3.20000000e-02 -6.16276761e-01 
-3.10000000e-02 -6.11541182e-01 
-3.00000000e-02 -6.06919955e-01 
-2.90000000e-02 -6.02413617e-01 
-2.80000000e-02 -5.98022716e-01 
-2.70000000e-02 -5.93747815e-01 
-2.60000000e-02 -5.89589493e-01 
-2.50000000e-02 -5.85548341e-01 
-2.40000000e-02 -5.81624966e-01 
-2.30000000e-02 -5.77819992e-01 
-2.20000000e-02 -5.74134057e-01 
-2.10000000e-02 -5.70567813e-01 
-2.00000000e-02 -5.67121933e-01 
-1.90000000e-02 -5.63797103e-01 
-1.80000000e-02 -5.60594028e-01 
-1.70000000e-02 -5.57513428e-01 
-1.60000000e-02 -5.54556043e-01 
-1.50000000e-02 -5.51722630e-01 
-1.40000000e-02 -5.49013966e-01 
-1.30000000e-02 -5.46430845e-01 
-1.20000000e-02 -5.43974082e-01 
-1.10000000e-02 -5.41644511e-01 
-1.00000000e-02 -5.39442986e-01 
-9.00000000e-03 -5.37370383e-01 
-8.00000000e-03 -5.35427599e-01 
-7.00000000e-03 -5.33615553e-01 
-6.00000000e-03 -5.31935184e-01 
-5.00000000e-03 -5.30387458e-01 
-4.00000000e-03 -5.28973361e-01 
-3.00000000e-03 -5.27693904e-01 
-2.00000000e-03 -5.26550124e-01 
-1.00000000e-03 -5.25543081e-01 
 8.81239526e-16 -5.24673862e-01 
 1.00000000e-03 -5.23943581e-01 
 2.00000000e-03 -5.23353379e-01 
 3.00000000e-03 -5.22904130e-01 
 4.00000000e-03 -5.22517037e-01 
 5.00000000e-03 -5.22129952e-01 
 6.00000000e-03 -5.21742876e-01 
 7.00000000e-03 -5.21355809e-01 
 8.00000000e-03 -5.20968751e-01 
 9.00000000e-03 -5.20581703e-01 
 1.00000000e-02 -5.20194664e-01 
 1.10000000e-02 -5.19807634e-01 
 1.20000000e-02 -5.19420614e-01 
 1.30000000e-02 -5.19033603e-01 
 1.40000000e-02 -5.18646602e-01 
 1.50000000e-02 -5.18259610e-01 
 1.60000000e-02 -5.17872628e-01 
 1.70000000e-02 -5.17485655e-01 
 1.80000000e-02 -5.17098692e-01 
 1.90000000e-02 -5.16711738e-01 
 2.00000000e-02 -5.16324794e-01 
 2.10000000e-02 -5.15937859e-01 
 2.20000000e-02 -5.15550934e-01 
 2.30000000e-02 -5.15164019e-01 
 2.40000000e-02 -5.14777113e-01 
 2.50000000e-02 -5.14390217e-01 
 2.60000000e-02 -5.14003331e-01 
 2.70000000e-02 -5.13616454e-01 
 2.80000000e-02 -5.13229587e-01 
 2.90000000e-02 -5.12842730e-01 
 3.00000000e-02 -5.12455883e-01 
 3.10000000e-02 -5.12069045e-01 
 3.20000000e-02 -5.11682218e-01 
 3.30000000e-02 -5.11295400e-01 
 3.40000000e-02 -5.10908592e-01 
 3.50000000e-02 -5.10521794e-01 
 3.60000000e-02 -5.10135006e-01 
 3.70000000e-02 -5.09748228e-01 
 3.80000000e-02 -5.09361460e-01 
 3.90000000e-02 -5.08974702e-01 
 4.00000000e-02 -5.08587953e-01 
 4.10000000e-02 -5.08201215e-01 
 4.20000000e-02 -5.07814487e-01 
 4.30000000e-02 -5.07427769e-01 
 4.40000000e-02 -5.07041061e-01 
 4.50000000e-02 -5.06654364e-01 
 4.60000000e-02 -5.06267676e-01 
 4.70000000e-02 -5.05880998e-01 
 4.80000000e-02 -5.05494331e-01 
 4.90000000e-02 -5.05107674e-01 
 5.00000000e-02 -5.04721027e-01 
 5.10000000e-02 -5.04334390e-01 
 5.20000000e-02 -5.03947764e-01 
 5.30000000e-02 -5.03561148e-01 
 5.40000000e-02 -5.03174542e-01 
 5.50000000e-02 -5.02787947e-01 
 5.60000000e-02 -5.02401362e-01 
 5.70000000e-02 -5.02014787e-01 
 5.80000000e-02 -5.01628223e-01 
 5.90000000e-02 -5.01241669e-01 
 6.00000000e-02 -5.00855125e-01 
 6.10000000e-02 -5.00468592e-01 
 6.20000000e-02 -5.00082070e-01 
 6.30000000e-02 -4.99695557e-01 
 6.40000000e-02 -4.99309056e-01 
 6.50000000e-02 -4.98922565e-01 
 6.60000000e-02 -4.98536084e-01 
 6.70000000e-02 -4.98149614e-01 
 6.80000000e-02 -4.97763155e-01 
 6.90000000e-02 -4.97376706e-01 
 7.00000000e-02 -4.96990268e-01 
 7.10000000e-02 -4.96603841e-01 
 7.20000000e-02 -4.96217424e-01 
 7.30000000e-02 -4.95831018e-01 
 7.40000000e-02 -4.95444623e-01 
 7.50000000e-02 -4.95058238e-01 
 7.60000000e-02 -4.94671865e-01 
 7.70000000e-02 -4.94285502e-01 
 7.80000000e-02 -4.93899149e-01 
 7.90000000e-02 -4.93512808e-01 
 8.00000000e-02 -4.93126477e-01 
 8.10000000e-02 -4.92740158e-01 
 8.20000000e-02 -4.92353849e-01 
 8.30000000e-02 -4.91967551e-01 
 8.40000000e-02 -4.91581264e-01 
 8.50000000e-02 -4.91194988e-01 
 8.60000000e-02 -4.90808722e-01 
 8.70000000e-02 -4.90422468e-01 
 8.80000000e-02 -4.90036225e-01 
 8.90000000e-02 -4.89649993e-01 
 9.00000000e-02 -4.89263772e-01 
 9.10000000e-02 -4.88877562e-01 
 9.20000000e-02 -4.88491363e-01 
 9.30000000e-02 -4.88105175e-01 
 9.40000000e-02 -4.87718998e-01 
 9.50000000e-02 -4.87332832e-01 
 9.60000000e-02 -4.86946678e-01 
 9.70000000e-02 -4.86560534e-01 
 9.80000000e-02 -4.86174402e-01 
 9.90000000e-02 -4.85788281e-01 
 1.00000000e-01 -4.85402172e-01 
 1.01000000e-01 -4.85016073e-01 
 1.02000000e-01 -4.84629986e-01 
 1.03000000e-01 -4.84243910e-01 
 1.04000000e-01 -4.83857845e-01 
 1.05000000e-01 -4.83471792e-01 
 1.06000000e-01 -4.83085750e-01 
 1.07000000e-01 -4.82699719e-01 
 1.08000000e-01 -4.82313700e-01 
 1.09000000e-01 -4.81927692e-01 
 1.10000000e-01 -4.81541696e-01 
 1.11000000e-01 -4.81155711e-01 
 1.12000000e-01 -4.80769737e-01 
 1.13000000e-01 -4.80383775e-01 
 1.14000000e-01 -4.79997825e-01 
 1.15000000e-01 -4.79611886e-01 
 1.16000000e-01 -4.79225958e-01 
 1.17000000e-01 -4.78840042e-01 
 1.18000000e-01 -4.78454138e-01 
 1.19000000e-01 -4.78068245e-01 
 1.20000000e-01 -4.77682364e-01 
 1.21000000e-01 -4.77296494e-01 
 1.22000000e-01 -4.76910636e-01 
 1.23000000e-01 -4.76524790e-01 
 1.24000000e-01 -4.76138955e-01 
 1.25000000e-01 -4.75753132e-01 
 1.26000000e-01 -4.75367321e-01 
 1.27000000e-01 -4.74981522e-01 
 1.28000000e-01 -4.74595734e-01 
 1.29000000e-01 -4.74209958e-01 
 1.30000000e-01 -4.73824194e-01 
 1.31000000e-01 -4.73438441e-01 
 1.32000000e-01 -4.73052701e-01 
 1.33000000e-01 -4.72666972e-01 
 1.34000000e-01 -4.72281255e-01 
 1.35000000e-01 -4.71895550e-01 
 1.36000000e-01 -4.71509857e-01 
 1.37000000e-01 -4.71124176e-01 
 1.38000000e-01 -4.70738506e-01 
 1.39000000e-01 -4.70352849e-01 
 1.40000000e-01 -4.69967204e-01 
 1.41000000e-01 -4.69581570e-01 
 1.42000000e-01 -4.69195949e-01 
 1.43000000e-01 -4.68810339e-01 
 1.44000000e-01 -4.68424742e-01 
 1.45000000e-01 -4.68039157e-01 
 1.46000000e-01 -4.67653584e-01 
 1.47000000e-01 -4.67268022e-01 
 1.48000000e-01 -4.66882473e-01 
 1.49000000e-01 -4.66496937e-01 
 1.50000000e-01 -4.66111412e-01 
 1.51000000e-01 -4.65725899e-01 
 1.52000000e-01 -4.65340399e-01 
 1.53000000e-01 -4.64954911e-01 
 1.54000000e-01 -4.64569434e-01 
 1.55000000e-01 -4.64183971e-01 
 1.56000000e-01 -4.63798519e-01 
 1.57000000e-01 -4.63413080e-01 
 1.58000000e-01 -4.63027653e-01 
 1.59000000e-01 -4.62642238e-01 
 1.60000000e-01 -4.62256836e-01 
 1.61000000e-01 -4.61871445e-01 
 1.62000000e-01 -4.61486068e-01 
 1.63000000e-01 -4.61100702e-01 
 1.64000000e-01 -4.60715349e-01 
 1.65000000e-01 -4.60330009e-01 
 1.66000000e-01 -4.59944681e-01 
 1.67000000e-01 -4.59559365e-01 
 1.68000000e-01 -4.59174061e-01 
 1.69000000e-01 -4.58788771e-01 
 1.70000000e-01 -4.58403492e-01 
 1.71000000e-01 -4.58018226e-01 
 1.72000000e-01 -4.57632973e-01 
 1.73000000e-01 -4.57247732e-01 
 1.74000000e-01 -4.56862504e-01 
 1.75000000e-01 -4.56477288e-01 
 1.76000000e-01 -4.56092085e-01 
 1.77000000e-01 -4.55706894e-01 
 1.78000000e-01 -4.55321717e-01 
 1.79000000e-01 -4.54936551e-01 
 1.80000000e-01 -4.54551399e-01 
 1.81000000e-01 -4.54166259e-01 
 1.82000000e-01 -4.53781131e-01 
 1.83000000e-01 -4.53396017e-01 
 1.84000000e-01 -4.53010915e-01 
 1.85000000e-01 -4.52625826e-01 
 1.86000000e-01 -4.52240749e-01 
 1.87000000e-01 -4.51855685e-01 
 1.88000000e-01 -4.51470635e-01 
 1.89000000e-01 -4.51085596e-01 
 1.90000000e-01 -4.50700571e-01 
 1.91000000e-01 -4.50315559e-01 
 1.92000000e-01 -4.49930559e-01 
 1.93000000e-01 -4.49545572e-01 
 1.94000000e-01 -4.49160598e-01 
 1.95000000e-01 -4.48775638e-01 
 1.96000000e-01 -4.48390689e-01 
 1.97000000e-01 -4.48005754e-01 
 1.98000000e-01 -4.47620832e-01 
 1.99000000e-01 -4.47235923e-01 
 2.00000000e-01 -4.46851026e-01 
 2.01000000e-01 -4.46466143e-01 
 2.02000000e-01 -4.46081273e-01 
 2.03000000e-01 -4.45696416e-01 
 2.04000000e-01 -4.45311571e-01 
 2.05000000e-01 -4.44926740e-01 
 2.06000000e-01 -4.44541922e-01 
 2.07000000e-01 -4.44157117e-01 
 2.08000000e-01 -4.43772325e-01 
 2.09000000e-01 -4.43387546e-01 
 2.10000000e-01 -4.43002780e-01 
 2.11000000e-01 -4.42618028e-01 
 2.12000000e-01 -4.42233288e-01 
 2.13000000e-01 -4.41848562e-01 
 2.14000000e-01 -4.41463849e-01 
 2.15000000e-01 -4.41079149e-01 
 2.16000000e-01 -4.40694462e-01 
 2.17000000e-01 -4.40309789e-01 
 2.18000000e-01 -4.39925129e-01 
 2.19000000e-01 -4.39540482e-01 
 2.20000000e-01 -4.39155848e-01 
 2.21000000e-01 -4.38771228e-01 
 2.22000000e-01 -4.38386621e-01 
 2.23000000e-01 -4.38002027e-01 
 2.24000000e-01 -4.37617447e-01 
 2.25000000e-01 -4.37232880e-01 
 2.26000000e-01 -4.36848326e-01 
 2.27000000e-01 -4.36463786e-01 
 2.28000000e-01 -4.36079259e-01 
 2.29000000e-01 -4.35694746e-01 
 2.30000000e-01 -4.35310246e-01 
 2.31000000e-01 -4.34925759e-01 
 2.32000000e-01 -4.34541286e-01 
 2.33000000e-01 -4.34156827e-01 
 2.34000000e-01 -4.33772381e-01 
 2.35000000e-01 -4.33387948e-01 
 2.36000000e-01 -4.33003529e-01 
 2.37000000e-01 -4.32619124e-01 
 2.38000000e-01 -4.32234732e-01 
 2.39000000e-01 -4.31850353e-01 
 2.40000000e-01 -4.31465988e-01 
 2.41000000e-01 -4.31081637e-01 
 2.42000000e-01 -4.30697300e-01 
 2.43000000e-01 -4.30312976e-01 
 2.44000000e-01 -4.29928665e-01 
 2.45000000e-01 -4.29544369e-01 
 2.46000000e-01 -4.29160085e-01 
 2.47000000e-01 -4.28775816e-01 
 2.48000000e-01 -4.28391561e-01 
 2.49000000e-01 -4.28007319e-01 
 2.50000000e-01 -4.27623090e-01 
 2.51000000e-01 -4.27238876e-01 
 2.52000000e-01 -4.26854675e-01 
 2.53000000e-01 -4.26470488e-01 
 2.54000000e-01 -4.26086315e-01 
 2.55000000e-01 -4.25702156e-01 
 2.56000000e-01 -4.25318010e-01 
 2.57000000e-01 -4.24933879e-01 
 2.58000000e-01 -4.24549761e-01 
 2.59000000e-01 -4.24165657e-01 
 2.60000000e-01 -4.23781567e-01 
 2.61000000e-01 -4.23397490e-01 
 2.62000000e-01 -4.23013428e-01 
 2.63000000e-01 -4.22629380e-01 
 2.64000000e-01 -4.22245345e-01 
 2.65000000e-01 -4.21861325e-01 
 2.66000000e-01 -4.21477318e-01 
 2.67000000e-01 -4.21093325e-01 
 2.68000000e-01 -4.20709347e-01 
 2.69000000e-01 -4.20325382e-01 
 2.70000000e-01 -4.19941431e-01 
 2.71000000e-01 -4.19557495e-01 
 2.72000000e-01 -4.19173572e-01 
 2.73000000e-01 -4.18789664e-01 
 2.74000000e-01 -4.18405769e-01 
 2.75000000e-01 -4.18021889e-01 
 2.76000000e-01 -4.17638023e-01 
 2.77000000e-01 -4.17254170e-01 
 2.78000000e-01 -4.16870332e-01 
 2.79000000e-01 -4.16486508e-01 
 2.80000000e-01 -4.16102699e-01 
 2.81000000e-01 -4.15718903e-01 
 2.82000000e-01 -4.15335122e-01 
 2.83000000e-01 -4.14951354e-01 
 2.84000000e-01 -4.14567601e-01 
 2.85000000e-01 -4.14183863e-01 
 2.86000000e-01 -4.13800138e-01 
 2.87000000e-01 -4.13416428e-01 
 2.88000000e-01 -4.13032732e-01 
 2.89000000e-01 -4.12649050e-01 
 2.90000000e-01 -4.12265382e-01 
 2.91000000e-01 -4.11881729e-01 
 2.92000000e-01 -4.11498090e-01 
 2.93000000e-01 -4.11114466e-01 
 2.94000000e-01 -4.10730856e-01 
 2.95000000e-01 -4.10347260e-01 
 2.96000000e-01 -4.09963678e-01 
 2.97000000e-01 -4.09580111e-01 
 2.98000000e-01 -4.09196558e-01 
 2.99000000e-01 -4.08813020e-01 
 3.00000000e-01 -4.08429496e-01 
 3.01000000e-01 -4.08045987e-01 
 3.02000000e-01 -4.07662492e-01 
 3.03000000e-01 -4.07279011e-01 
 3.04000000e-01 -4.06895545e-01 
 3.05000000e-01 -4.06512093e-01 
 3.06000000e-01 -4.06128656e-01 
 3.07000000e-01 -4.05745234e-01 
 3.08000000e-01 -4.05361826e-01 
 3.09000000e-01 -4.04978432e-01 
 3.10000000e-01 -4.04595053e-01 
 3.11000000e-01 -4.04211689e-01 
 3.12000000e-01 -4.03828339e-01 
 3.13000000e-01 -4.03445004e-01 
 3.14000000e-01 -4.03061683e-01 
 3.15000000e-01 -4.02678377e-01 
 3.16000000e-01 -4.02295086e-01 
 3.17000000e-01 -4.01911809e-01 
 3.18000000e-01 -4.01528547e-01 
 3.19000000e-01 -4.01145299e-01 
 3.20000000e-01 -4.00762066e-01 
 3.21000000e-01 -4.00378848e-01 
 3.22000000e-01 -3.99995645e-01 
 3.23000000e-01 -3.99612456e-01 
 3.24000000e-01 -3.99229283e-01 
 3.25000000e-01 -3.98846123e-01 
 3.26000000e-01 -3.98462979e-01 
 3.27000000e-01 -3.98079849e-01 
 3.28000000e-01 -3.97696734e-01 
 3.29000000e-01 -3.97313634e-01 
 3.30000000e-01 -3.96930549e-01 
 3.31000000e-01 -3.96547479e-01 
 3.32000000e-01 -3.96164423e-01 
 3.33000000e-01 -3.95781382e-01 
 3.34000000e-01 -3.95398356e-01 
 3.35000000e-01 -3.95015345e-01 
 3.36000000e-01 -3.94632349e-01 
 3.37000000e-01 -3.94249368e-01 
 3.38000000e-01 -3.93866402e-01 
 3.39000000e-01 -3.93483450e-01 
 3.40000000e-01 -3.93100514e-01 
 3.41000000e-01 -3.92717592e-01 
 3.42000000e-01 -3.92334685e-01 
 3.43000000e-01 -3.91951794e-01 
 3.44000000e-01 -3.91568917e-01 
 3.45000000e-01 -3.91186055e-01 
 3.46000000e-01 -3.90803209e-01 
 3.47000000e-01 -3.90420377e-01 
 3.48000000e-01 -3.90037561e-01 
 3.49000000e-01 -3.89654759e-01 
 3.50000000e-01 -3.89271972e-01 
 3.51000000e-01 -3.88889201e-01 
 3.52000000e-01 -3.88506445e-01 
 3.53000000e-01 -3.88123703e-01 
 3.54000000e-01 -3.87740977e-01 
 3.55000000e-01 -3.87358266e-01 
 3.56000000e-01 -3.86975570e-01 
 3.57000000e-01 -3.86592889e-01 
 3.58000000e-01 -3.86210224e-01 
 3.59000000e-01 -3.85827573e-01 
 3.60000000e-01 -3.85444938e-01 
 3.61000000e-01 -3.85062318e-01 
 3.62000000e-01 -3.84679713e-01 
 3.63000000e-01 -3.84297123e-01 
 3.64000000e-01 -3.83914548e-01 
 3.65000000e-01 -3.83531989e-01 
 3.66000000e-01 -3.83149445e-01 
 3.67000000e-01 -3.82766916e-01 
 3.68000000e-01 -3.82384403e-01 
 3.69000000e-01 -3.82001904e-01 
 3.70000000e-01 -3.81619422e-01 
 3.71000000e-01 -3.81236954e-01 
 3.72000000e-01 -3.80854502e-01 
 3.73000000e-01 -3.80472065e-01 
 3.74000000e-01 -3.80089643e-01 
 3.75000000e-01 -3.79707237e-01 
 3.76000000e-01 -3.79324846e-01 
 3.77000000e-01 -3.78942470e-01 
 3.78000000e-01 -3.78560110e-01 
 3.79000000e-01 -3.78177765e-01 
 3.80000000e-01 -3.77795436e-01 
 3.81000000e-01 -3.77413122e-01 
 3.82000000e-01 -3.77030823e-01 
 3.83000000e-01 -3.76648540e-01 
 3.84000000e-01 -3.76266272e-01 
 3.85000000e-01 -3.75884020e-01 
 3.86000000e-01 -3.75501783e-01 
 3.87000000e-01 -3.75119562e-01 
 3.88000000e-01 -3.74737356e-01 
 3.89000000e-01 -3.74355166e-01 
 3.90000000e-01 -3.73972991e-01 
 3.91000000e-01 -3.73590832e-01 
 3.92000000e-01 -3.73208689e-01 
 3.93000000e-01 -3.72826561e-01 
 3.94000000e-01 -3.72444448e-01 
 3.95000000e-01 -3.72062351e-01 
 3.96000000e-01 -3.71680270e-01 
 3.97000000e-01 -3.71298204e-01 
 3.98000000e-01 -3.70916154e-01 
 3.99000000e-01 -3.70534119e-01 
 4.00000000e-01 -3.70152101e-01 
 4.01000000e-01 -3.69770097e-01 
 4.02000000e-01 -3.69388110e-01 
 4.03000000e-01 -3.69006138e-01 
 4.04000000e-01 -3.68624182e-01 
 4.05000000e-01 -3.68242241e-01 
 4.06000000e-01 -3.67860316e-01 
 4.07000000e-01 -3.67478407e-01 
 4.08000000e-01 -3.67096514e-01 
 4.09000000e-01 -3.66714636e-01 
 4.10000000e-01 -3.66332774e-01 
 4.11000000e-01 -3.65950928e-01 
 4.12000000e-01 -3.65569097e-01 
 4.13000000e-01 -3.65187283e-01 
 4.14000000e-01 -3.64805484e-01 
 4.15000000e-01 -3.64423701e-01 
 4.16000000e-01 -3.64041934e-01 
 4.17000000e-01 -3.63660182e-01 
 4.18000000e-01 -3.63278446e-01 
 4.19000000e-01 -3.62896727e-01 
 4.20000000e-01 -3.62515023e-01 
 4.21000000e-01 -3.62133335e-01 
 4.22000000e-01 -3.61751663e-01 
 4.23000000e-01 -3.61370006e-01 
 4.24000000e-01 -3.60988366e-01 
 4.25000000e-01 -3.60606741e-01 
 4.26000000e-01 -3.60225133e-01 
 4.27000000e-01 -3.59843540e-01 
 4.28000000e-01 -3.59461963e-01 
 4.29000000e-01 -3.59080403e-01 
 4.30000000e-01 -3.58698858e-01 
 4.31000000e-01 -3.58317329e-01 
 4.32000000e-01 -3.57935816e-01 
 4.33000000e-01 -3.57554319e-01 
 4.34000000e-01 -3.57172838e-01 
 4.35000000e-01 -3.56791373e-01 
 4.36000000e-01 -3.56409925e-01 
 4.37000000e-01 -3.56028492e-01 
 4.38000000e-01 -3.55647075e-01 
 4.39000000e-01 -3.55265674e-01 
 4.40000000e-01 -3.54884290e-01 
 4.41000000e-01 -3.54502921e-01 
 4.42000000e-01 -3.54121568e-01 
 4.43000000e-01 -3.53740232e-01 
 4.44000000e-01 -3.53358912e-01 
 4.45000000e-01 -3.52977607e-01 
 4.46000000e-01 -3.52596319e-01 
 4.47000000e-01 -3.52215047e-01 
 4.48000000e-01 -3.51833792e-01 
 4.49000000e-01 -3.51452552e-01 
 4.50000000e-01 -3.51071328e-01 
 4.51000000e-01 -3.50690121e-01 
 4.52000000e-01 -3.50308930e-01 
 4.53000000e-01 -3.49927755e-01 
 4.54000000e-01 -3.49546596e-01 
 4.55000000e-01 -3.49165454e-01 
 4.56000000e-01 -3.48784328e-01 
 4.57000000e-01 -3.48403217e-01 
 4.58000000e-01 -3.48022124e-01 
 4.59000000e-01 -3.47641046e-01 
 4.60000000e-01 -3.47259985e-01 
 4.61000000e-01 -3.46878940e-01 
 4.62000000e-01 -3.46497911e-01 
 4.63000000e-01 -3.46116899e-01 
 4.64000000e-01 -3.45735903e-01 
 4.65000000e-01 -3.45354923e-01 
 4.66000000e-01 -3.44973959e-01 
 4.67000000e-01 -3.44593012e-01 
 4.68000000e-01 -3.44212081e-01 
 4.69000000e-01 -3.43831167e-01 
 4.70000000e-01 -3.43450269e-01 
 4.71000000e-01 -3.43069387e-01 
 4.72000000e-01 -3.42688522e-01 
 4.73000000e-01 -3.42307673e-01 
 4.74000000e-01 -3.41926840e-01 
 4.75000000e-01 -3.41546024e-01 
 4.76000000e-01 -3.41165224e-01 
 4.77000000e-01 -3.40784441e-01 
 4.78000000e-01 -3.40403674e-01 
 4.79000000e-01 -3.40022924e-01 
 4.80000000e-01 -3.39642190e-01 
 4.81000000e-01 -3.39261473e-01 
 4.82000000e-01 -3.38880772e-01 
 4.83000000e-01 -3.38500087e-01 
 4.84000000e-01 -3.38119419e-01 
 4.85000000e-01 -3.37738768e-01 
 4.86000000e-01 -3.37358133e-01 
 4.87000000e-01 -3.36977514e-01 
 4.88000000e-01 -3.36596913e-01 
 4.89000000e-01 -3.36216327e-01 
 4.90000000e-01 -3.35835758e-01 
 4.91000000e-01 -3.35455206e-01 
 4.92000000e-01 -3.35074671e-01 
 4.93000000e-01 -3.34694152e-01 
 4.94000000e-01 -3.34313649e-01 
 4.95000000e-01 -3.33933163e-01 
 4.96000000e-01 -3.33552694e-01 
 4.97000000e-01 -3.33172242e-01 
 4.98000000e-01 -3.32791806e-01 
 4.99000000e-01 -3.32411386e-01 
 5.00000000e-01 -3.32030984e-01 
 5.01000000e-01 -3.31650598e-01 
 5.02000000e-01 -3.31270228e-01 
 5.03000000e-01 -3.30889876e-01 
 5.04000000e-01 -3.30509540e-01 
 5.05000000e-01 -3.30129220e-01 
 5.06000000e-01 -3.29748918e-01 
 5.07000000e-01 -3.29368632e-01 
 5.08000000e-01 -3.28988363e-01 
 5.09000000e-01 -3.28608111e-01 
 5.10000000e-01 -3.28227875e-01 
 5.11000000e-01 -3.27847656e-01 
 5.12000000e-01 -3.27467454e-01 
 5.13000000e-01 -3.27087269e-01 
 5.14000000e-01 -3.26707100e-01 
 5.15000000e-01 -3.26326948e-01 
 5.16000000e-01 -3.25946813e-01 
 5.17000000e-01 -3.25566695e-01 
 5.18000000e-01 -3.25186594e-01 
 5.19000000e-01 -3.24806509e-01 
 5.20000000e-01 -3.24426442e-01 
 5.21000000e-01 -3.24046391e-01 
 5.22000000e-01 -3.23666357e-01 
 5.23000000e-01 -3.23286340e-01 
 5.24000000e-01 -3.22906339e-01 
 5.25000000e-01 -3.22526356e-01 
 5.26000000e-01 -3.22146390e-01 
 5.27000000e-01 -3.21766440e-01 
 5.28000000e-01 -3.21386507e-01 
 5.29000000e-01 -3.21006592e-01 
 5.30000000e-01 -3.20626693e-01 
 5.31000000e-01 -3.20246811e-01 
 5.32000000e-01 -3.19866946e-01 
 5.33000000e-01 -3.19487098e-01 
 5.34000000e-01 -3.19107267e-01 
 5.35000000e-01 -3.18727453e-01 
 5.36000000e-01 -3.18347656e-01 
 5.37000000e-01 -3.17967876e-01 
 5.38000000e-01 -3.17588112e-01 
 5.39000000e-01 -3.17208366e-01 
 5.40000000e-01 -3.16828637e-01 
 5.41000000e-01 -3.16448925e-01 
 5.42000000e-01 -3.16069230e-01 
 5.43000000e-01 -3.15689552e-01 
 5.44000000e-01 -3.15309891e-01 
 5.45000000e-01 -3.14930247e-01 
 5.46000000e-01 -3.14550620e-01 
 5.47000000e-01 -3.14171011e-01 
 5.48000000e-01 -3.13791418e-01 
 5.49000000e-01 -3.13411842e-01 
 5.50000000e-01 -3.13032284e-01 
 5.51000000e-01 -3.12652742e-01 
 5.52000000e-01 -3.12273218e-01 
 5.53000000e-01 -3.11893711e-01 
 5.54000000e-01 -3.11514221e-01 
 5.55000000e-01 -3.11134748e-01 
 5.56000000e-01 -3.10755293e-01 
 5.57000000e-01 -3.10375854e-01 
 5.58000000e-01 -3.09996433e-01 
 5.59000000e-01 -3.09617028e-01 
 5.60000000e-01 -3.09237641e-01 
 5.61000000e-01 -3.08858272e-01 
 5.62000000e-01 -3.08478919e-01 
 5.63000000e-01 -3.08099583e-01 
 5.64000000e-01 -3.07720265e-01 
 5.65000000e-01 -3.07340964e-01 
 5.66000000e-01 -3.06961681e-01 
 5.67000000e-01 -3.06582414e-01 
 5.68000000e-01 -3.06203165e-01 
 5.69000000e-01 -3.05823933e-01 
 5.70000000e-01 -3.05444718e-01 
 5.71000000e-01 -3.05065521e-01 
 5.72000000e-01 -3.04686341e-01 
 5.73000000e-01 -3.04307178e-01 
 5.74000000e-01 -3.03928032e-01 
 5.75000000e-01 -3.03548904e-01 
 5.76000000e-01 -3.03169793e-01 
 5.77000000e-01 -3.02790699e-01 
 5.78000000e-01 -3.02411623e-01 
 5.79000000e-01 -3.02032564e-01 
 5.80000000e-01 -3.01653523e-01 
 5.81000000e-01 -3.01274498e-01 
 5.82000000e-01 -3.00895492e-01 
 5.83000000e-01 -3.00516502e-01 
 5.84000000e-01 -3.00137530e-01 
 5.85000000e-01 -2.99758575e-01 
 5.86000000e-01 -2.99379638e-01 
 5.87000000e-01 -2.99000718e-01 
 5.88000000e-01 -2.98621816e-01 
 5.89000000e-01 -2.98242931e-01 
 5.90000000e-01 -2.97864063e-01 
 5.91000000e-01 -2.97485213e-01 
 5.92000000e-01 -2.97106380e-01 
 5.93000000e-01 -2.96727565e-01 
 5.94000000e-01 -2.96348767e-01 
 5.95000000e-01 -2.95969987e-01 
 5.96000000e-01 -2.95591224e-01 
 5.97000000e-01 -2.95212478e-01 
 5.98000000e-01 -2.94833750e-01 
 5.99000000e-01 -2.94455040e-01 
 6.00000000e-01 -2.94076347e-01 
 6.01000000e-01 -2.93697672e-01 
 6.02000000e-01 -2.93319014e-01 
 6.03000000e-01 -2.92940374e-01 
 6.04000000e-01 -2.92561751e-01 
 6.05000000e-01 -2.92183146e-01 
 6.06000000e-01 -2.91804558e-01 
 6.07000000e-01 -2.91425988e-01 
 6.08000000e-01 -2.91047436e-01 
 6.09000000e-01 -2.90668901e-01 
 6.10000000e-01 -2.90290383e-01 
 6.11000000e-01 -2.89911884e-01 
 6.12000000e-01 -2.89533401e-01 
 6.13000000e-01 -2.89154937e-01 
 6.14000000e-01 -2.88776490e-01 
 6.15000000e-01 -2.88398061e-01 
 6.16000000e-01 -2.88019649e-01 
 6.17000000e-01 -2.87641255e-01 
 6.18000000e-01 -2.87262879e-01 
 6.19000000e-01 -2.86884520e-01 
 6.20000000e-01 -2.86506179e-01 
 6.21000000e-01 -2.86127856e-01 
 6.22000000e-01 -2.85749550e-01 
 6.23000000e-01 -2.85371262e-01 
 6.24000000e-01 -2.84992992e-01 
 6.25000000e-01 -2.84614739e-01 
 6.26000000e-01 -2.84236504e-01 
 6.27000000e-01 -2.83858287e-01 
 6.28000000e-01 -2.83480088e-01 
 6.29000000e-01 -2.83101906e-01 
 6.30000000e-01 -2.82723742e-01 
 6.31000000e-01 -2.82345596e-01 
 6.32000000e-01 -2.81967468e-01 
 6.33000000e-01 -2.81589357e-01 
 6.34000000e-01 -2.81211264e-01 
 6.35000000e-01 -2.80833189e-01 
 6.36000000e-01 -2.80455132e-01 
 6.37000000e-01 -2.80077092e-01 
 6.38000000e-01 -2.79699070e-01 
 6.39000000e-01 -2.79321066e-01 
 6.40000000e-01 -2.78943080e-01 
 6.41000000e-01 -2.78565112e-01 
 6.42000000e-01 -2.78187161e-01 
 6.43000000e-01 -2.77809229e-01 
 6.44000000e-01 -2.77431314e-01 
 6.45000000e-01 -2.77053417e-01 
 6.46000000e-01 -2.76675538e-01 
 6.47000000e-01 -2.76297677e-01 
 6.48000000e-01 -2.75919834e-01 
 6.49000000e-01 -2.75542008e-01 
 6.50000000e-01 -2.75164201e-01 
 6.51000000e-01 -2.74786411e-01 
 6.52000000e-01 -2.74408639e-01 
 6.53000000e-01 -2.74030885e-01 
 6.54000000e-01 -2.73653149e-01 
 6.55000000e-01 -2.73275431e-01 
 6.56000000e-01 -2.72897731e-01 
 6.57000000e-01 -2.72520049e-01 
 6.58000000e-01 -2.72142385e-01 
 6.59000000e-01 -2.71764739e-01 
 6.60000000e-01 -2.71387110e-01 
 6.61000000e-01 -2.71009500e-01 
 6.62000000e-01 -2.70631908e-01 
 6.63000000e-01 -2.70254333e-01 
 6.64000000e-01 -2.69876777e-01 
 6.65000000e-01 -2.69499239e-01 
 6.66000000e-01 -2.69121718e-01 
 6.67000000e-01 -2.68744216e-01 
 6.68000000e-01 -2.68366732e-01 
 6.69000000e-01 -2.67989265e-01 
 6.70000000e-01 -2.67611817e-01 
 6.71000000e-01 -2.67234387e-01 
 6.72000000e-01 -2.66856975e-01 
 6.73000000e-01 -2.66479581e-01 
 6.74000000e-01 -2.66102205e-01 
 6.75000000e-01 -2.65724846e-01 
 6.76000000e-01 -2.65347507e-01 
 6.77000000e-01 -2.64970185e-01 
 6.78000000e-01 -2.64592881e-01 
 6.79000000e-01 -2.64215595e-01 
 6.80000000e-01 -2.63838328e-01 
 6.81000000e-01 -2.63461078e-01 
 6.82000000e-01 -2.63083847e-01 
 6.83000000e-01 -2.62706634e-01 
 6.84000000e-01 -2.62329438e-01 
 6.85000000e-01 -2.61952262e-01 
 6.86000000e-01 -2.61575103e-01 
 6.87000000e-01 -2.61197962e-01 
 6.88000000e-01 -2.60820839e-01 
 6.89000000e-01 -2.60443735e-01 
 6.90000000e-01 -2.60066649e-01 
 6.91000000e-01 -2.59689581e-01 
 6.92000000e-01 -2.59312531e-01 
 6.93000000e-01 -2.58935499e-01 
 6.94000000e-01 -2.58558486e-01 
 6.95000000e-01 -2.58181491e-01 
 6.96000000e-01 -2.57804514e-01 
 6.97000000e-01 -2.57427555e-01 
 6.98000000e-01 -2.57050614e-01 
 6.99000000e-01 -2.56673692e-01 
 7.00000000e-01 -2.56296788e-01 
 7.01000000e-01 -2.55919902e-01 
 7.02000000e-01 -2.55543034e-01 
 7.03000000e-01 -2.55166185e-01 
 7.04000000e-01 -2.54789354e-01 
 7.05000000e-01 -2.54412541e-01 
 7.06000000e-01 -2.54035746e-01 
 7.07000000e-01 -2.53658970e-01 
 7.08000000e-01 -2.53282212e-01 
 7.09000000e-01 -2.52905472e-01 
 7.10000000e-01 -2.52528751e-01 
 7.11000000e-01 -2.52152048e-01 
 7.12000000e-01 -2.51775363e-01 
 7.13000000e-01 -2.51398697e-01 
 7.14000000e-01 -2.51022048e-01 
 7.15000000e-01 -2.50645419e-01 
 7.16000000e-01 -2.50268807e-01 
 7.17000000e-01 -2.49892214e-01 
 7.18000000e-01 -2.49515639e-01 
 7.19000000e-01 -2.49139083e-01 
 7.20000000e-01 -2.48762545e-01 
 7.21000000e-01 -2.48386025e-01 
 7.22000000e-01 -2.48009524e-01 
 7.23000000e-01 -2.47633041e-01 
 7.24000000e-01 -2.47256577e-01 
 7.25000000e-01 -2.46880130e-01 
 7.26000000e-01 -2.46503703e-01 
 7.27000000e-01 -2.46127293e-01 
 7.28000000e-01 -2.45750903e-01 
 7.29000000e-01 -2.45374530e-01 
 7.30000000e-01 -2.44998176e-01 
 7.31000000e-01 -2.44621841e-01 
 7.32000000e-01 -2.44245523e-01 
 7.33000000e-01 -2.43869225e-01 
 7.34000000e-01 -2.43492945e-01 
 7.35000000e-01 -2.43116683e-01 
 7.36000000e-01 -2.42740440e-01 
 7.37000000e-01 -2.42364215e-01 
 7.38000000e-01 -2.41988008e-01 
 7.39000000e-01 -2.41611821e-01 
 7.40000000e-01 -2.41235651e-01 
 7.41000000e-01 -2.40859500e-01 
 7.42000000e-01 -2.40483368e-01 
 7.43000000e-01 -2.40107254e-01 
 7.44000000e-01 -2.39731159e-01 
 7.45000000e-01 -2.39355082e-01 
 7.46000000e-01 -2.38979024e-01 
 7.47000000e-01 -2.38602984e-01 
 7.48000000e-01 -2.38226963e-01 
 7.49000000e-01 -2.37850960e-01 
 7.50000000e-01 -2.37474976e-01 
 7.51000000e-01 -2.37099011e-01 
 7.52000000e-01 -2.36723064e-01 
 7.53000000e-01 -2.36347135e-01 
 7.54000000e-01 -2.35971226e-01 
 7.55000000e-01 -2.35595334e-01 
 7.56000000e-01 -2.35219462e-01 
 7.57000000e-01 -2.34843608e-01 
 7.58000000e-01 -2.34467772e-01 
 7.59000000e-01 -2.34091956e-01 
 7.60000000e-01 -2.33716157e-01 
 7.61000000e-01 -2.33340378e-01 
 7.62000000e-01 -2.32964617e-01 
 7.63000000e-01 -2.32588875e-01 
 7.64000000e-01 -2.32213151e-01 
 7.65000000e-01 -2.31837446e-01 
 7.66000000e-01 -2.31461760e-01 
 7.67000000e-01 -2.31086092e-01 
 7.68000000e-01 -2.30710443e-01 
 7.69000000e-01 -2.30334813e-01 
 7.70000000e-01 -2.29959201e-01 
 7.71000000e-01 -2.29583608e-01 
 7.72000000e-01 -2.29208034e-01 
 7.73000000e-01 -2.28832478e-01 
 7.74000000e-01 -2.28456941e-01 
 7.75000000e-01 -2.28081423e-01 
 7.76000000e-01 -2.27705923e-01 
 7.77000000e-01 -2.27330443e-01 
 7.78000000e-01 -2.26954980e-01 
 7.79000000e-01 -2.26579537e-01 
 7.80000000e-01 -2.26204113e-01 
 7.81000000e-01 -2.25828707e-01 
 7.82000000e-01 -2.25453320e-01 
 7.83000000e-01 -2.25077951e-01 
 7.84000000e-01 -2.24702602e-01 
 7.85000000e-01 -2.24327271e-01 
 7.86000000e-01 -2.23951959e-01 
 7.87000000e-01 -2.23576665e-01 
 7.88000000e-01 -2.23201391e-01 
 7.89000000e-01 -2.22826135e-01 
 7.90000000e-01 -2.22450898e-01 
 7.91000000e-01 -2.22075680e-01 
 7.92000000e-01 -2.21700481e-01 
 7.93000000e-01 -2.21325300e-01 
 7.94000000e-01 -2.20950138e-01 
 7.95000000e-01 -2.20574996e-01 
 7.96000000e-01 -2.20199871e-01 
 7.97000000e-01 -2.19824766e-01 
 7.98000000e-01 -2.19449680e-01 
 7.99000000e-01 -2.19074612e-01 
 8.00000000e-01 -2.18699564e-01 
 8.01000000e-01 -2.18324534e-01 
 8.02000000e-01 -2.17949523e-01 
 8.03000000e-01 -2.17574531e-01 
 8.04000000e-01 -2.17199557e-01 
 8.05000000e-01 -2.16824603e-01 
 8.06000000e-01 -2.16449668e-01 
 8.07000000e-01 -2.16074751e-01 
 8.08000000e-01 -2.15699853e-01 
 8.09000000e-01 -2.15324974e-01 
 8.10000000e-01 -2.14950114e-01 
 8.11000000e-01 -2.14575274e-01 
 8.12000000e-01 -2.14200451e-01 
 8.13000000e-01 -2.13825648e-01 
 8.14000000e-01 -2.13450864e-01 
 8.15000000e-01 -2.13076099e-01 
 8.16000000e-01 -2.12701352e-01 
 8.17000000e-01 -2.12326625e-01 
 8.18000000e-01 -2.11951916e-01 
 8.19000000e-01 -2.11577227e-01 
 8.20000000e-01 -2.11202556e-01 
 8.21000000e-01 -2.10827905e-01 
 8.22000000e-01 -2.10453272e-01 
 8.23000000e-01 -2.10078659e-01 
 8.24000000e-01 -2.09704064e-01 
 8.25000000e-01 -2.09329488e-01 
 8.26000000e-01 -2.08954932e-01 
 8.27000000e-01 -2.08580394e-01 
 8.28000000e-01 -2.08205875e-01 
 8.29000000e-01 -2.07831376e-01 
 8.30000000e-01 -2.07456895e-01 
 8.31000000e-01 -2.07082433e-01 
 8.32000000e-01 -2.06707991e-01 
 8.33000000e-01 -2.06333567e-01 
 8.34000000e-01 -2.05959162e-01 
 8.35000000e-01 -2.05584777e-01 
 8.36000000e-01 -2.05210411e-01 
 8.37000000e-01 -2.04836063e-01 
 8.38000000e-01 -2.04461735e-01 
 8.39000000e-01 -2.04087425e-01 
 8.40000000e-01 -2.03713135e-01 
 8.41000000e-01 -2.03338864e-01 
 8.42000000e-01 -2.02964612e-01 
 8.43000000e-01 -2.02590379e-01 
 8.44000000e-01 -2.02216165e-01 
 8.45000000e-01 -2.01841970e-01 
 8.46000000e-01 -2.01467795e-01 
 8.47000000e-01 -2.01093638e-01 
 8.48000000e-01 -2.00719500e-01 
 8.49000000e-01 -2.00345382e-01 
 8.50000000e-01 -1.99971283e-01 
 8.51000000e-01 -1.99597203e-01 
 8.52000000e-01 -1.99223142e-01 
 8.53000000e-01 -1.98849100e-01 
 8.54000000e-01 -1.98475077e-01 
 8.55000000e-01 -1.98101073e-01 
 8.56000000e-01 -1.97727089e-01 
 8.57000000e-01 -1.97353124e-01 
 8.58000000e-01 -1.96979177e-01 
 8.59000000e-01 -1.96605250e-01 
 8.60000000e-01 -1.96231343e-01 
 8.61000000e-01 -1.95857454e-01 
 8.62000000e-01 -1.95483585e-01 
 8.63000000e-01 -1.95109734e-01 
 8.64000000e-01 -1.94735903e-01 
 8.65000000e-01 -1.94362091e-01 
 8.66000000e-01 -1.93988299e-01 
 8.67000000e-01 -1.93614525e-01 
 8.68000000e-01 -1.93240771e-01 
 8.69000000e-01 -1.92867036e-01 
 8.70000000e-01 -1.92493320e-01 
 8.71000000e-01 -1.92119624e-01 
 8.72000000e-01 -1.91745946e-01 
 8.73000000e-01 -1.91372288e-01 
 8.74000000e-01 -1.90998649e-01 
 8.75000000e-01 -1.90625029e-01 
 8.76000000e-01 -1.90251429e-01 
 8.77000000e-01 -1.89877848e-01 
 8.78000000e-01 -1.89504286e-01 
 8.79000000e-01 -1.89130743e-01 
 8.80000000e-01 -1.88757220e-01 
 8.81000000e-01 -1.88383716e-01 
 8.82000000e-01 -1.88010231e-01 
 8.83000000e-01 -1.87636766e-01 
 8.84000000e-01 -1.87263320e-01 
 8.85000000e-01 -1.86889893e-01 
 8.86000000e-01 -1.86516485e-01 
 8.87000000e-01 -1.86143097e-01 
 8.88000000e-01 -1.85769728e-01 
 8.89000000e-01 -1.85396378e-01 
 8.90000000e-01 -1.85023048e-01 
 8.91000000e-01 -1.84649737e-01 
 8.92000000e-01 -1.84276445e-01 
 8.93000000e-01 -1.83903172e-01 
 8.94000000e-01 -1.83529919e-01 
 8.95000000e-01 -1.83156686e-01 
 8.96000000e-01 -1.82783471e-01 
 8.97000000e-01 -1.82410276e-01 
 8.98000000e-01 -1.82037101e-01 
 8.99000000e-01 -1.81663944e-01 
 9.00000000e-01 -1.81290807e-01 
 9.01000000e-01 -1.80917690e-01 
 9.02000000e-01 -1.80544592e-01 
 9.03000000e-01 -1.80171513e-01 
 9.04000000e-01 -1.79798454e-01 
 9.05000000e-01 -1.79425413e-01 
 9.06000000e-01 -1.79052393e-01 
 9.07000000e-01 -1.78679392e-01 
 9.08000000e-01 -1.78306410e-01 
 9.09000000e-01 -1.77933447e-01 
 9.10000000e-01 -1.77560504e-01 
 9.11000000e-01 -1.77187581e-01 
 9.12000000e-01 -1.76814677e-01 
 9.13000000e-01 -1.76441792e-01 
 9.14000000e-01 -1.76068927e-01 
 9.15000000e-01 -1.75696081e-01 
 9.16000000e-01 -1.75323254e-01 
 9.17000000e-01 -1.74950447e-01 
 9.18000000e-01 -1.74577660e-01 
 9.19000000e-01 -1.74204892e-01 
 9.20000000e-01 -1.73832143e-01 
 9.21000000e-01 -1.73459414e-01 
 9.22000000e-01 -1.73086704e-01 
 9.23000000e-01 -1.72714014e-01 
 9.24000000e-01 -1.72341344e-01 
 9.25000000e-01 -1.71968692e-01 
 9.26000000e-01 -1.71596061e-01 
 9.27000000e-01 -1.71223448e-01 
 9.28000000e-01 -1.70850856e-01 
 9.29000000e-01 -1.70478282e-01 
 9.30000000e-01 -1.70105729e-01 
 9.31000000e-01 -1.69733194e-01 
 9.32000000e-01 -1.69360680e-01 
 9.33000000e-01 -1.68988184e-01 
 9.34000000e-01 -1.68615709e-01 
 9.35000000e-01 -1.68243253e-01 
 9.36000000e-01 -1.67870816e-01 
 9.37000000e-01 -1.67498399e-01 
 9.38000000e-01 -1.67126001e-01 
 9.39000000e-01 -1.66753623e-01 
 9.40000000e-01 -1.66381265e-01 
 9.41000000e-01 -1.66008926e-01 
 9.42000000e-01 -1.65636607e-01 
 9.43000000e-01 -1.65264307e-01 
 9.44000000e-01 -1.64892408e-01 
 9.45000000e-01 -1.64521796e-01 
 9.46000000e-01 -1.64152508e-01 
 9.47000000e-01 -1.63784545e-01 
 9.48000000e-01 -1.63417907e-01 
 9.49000000e-01 -1.63052597e-01 
 9.50000000e-01 -1.62688613e-01 
 9.51000000e-01 -1.62325957e-01 
 9.52000000e-01 -1.61964630e-01 
 9.53000000e-01 -1.61604632e-01 
 9.54000000e-01 -1.61245963e-01 
 9.55000000e-01 -1.60888624e-01 
 9.56000000e-01 -1.60532615e-01 
 9.57000000e-01 -1.60177937e-01 
 9.58000000e-01 -1.59824590e-01 
 9.59000000e-01 -1.59472573e-01 
 9.60000000e-01 -1.59121888e-01 
 9.61000000e-01 -1.58772533e-01 
 9.62000000e-01 -1.58424510e-01 
 9.63000000e-01 -1.58077818e-01 
 9.64000000e-01 -1.57732457e-01 
 9.65000000e-01 -1.57388427e-01 
 9.66000000e-01 -1.57045728e-01 
 9.67000000e-01 -1.56704359e-01 
 9.68000000e-01 -1.56364320e-01 
 9.69000000e-01 -1.56025611e-01 
 9.70000000e-01 -1.55688231e-01 
 9.71000000e-01 -1.55352180e-01 
 9.72000000e-01 -1.55017457e-01 
 9.73000000e-01 -1.54684061e-01 
 9.74000000e-01 -1.54351993e-01 
 9.75000000e-01 -1.54021250e-01 
 9.76000000e-01 -1.53691833e-01 
 9.77000000e-01 -1.53363741e-01 
 9.78000000e-01 -1.53036972e-01 
 9.79000000e-01 -1.52711526e-01 
 9.80000000e-01 -1.52387402e-01 
 9.81000000e-01 -1.52064598e-01 
 9.82000000e-01 -1.51743114e-01 
 9.83000000e-01 -1.51422948e-01 
 9.84000000e-01 -1.51104100e-01 
 9.85000000e-01 -1.50786567e-01 
 9.86000000e-01 -1.50470348e-01 
 9.87000000e-01 -1.50155443e-01 
 9.88000000e-01 -1.49841850e-01 
 9.89000000e-01 -1.49529567e-01 
 9.90000000e-01 -1.49218592e-01 
 9.91000000e-01 -1.48908924e-01 
 9.92000000e-01 -1.48600562e-01 
 9.93000000e-01 -1.48293504e-01 
 9.94000000e-01 -1.47987747e-01 
 9.95000000e-01 -1.47683290e-01 
 9.96000000e-01 -1.47380132e-01 
 9.97000000e-01 -1.47078270e-01 
 9.98000000e-01 -1.46777702e-01 
 9.99000000e-01 -1.46478427e-01 
 1.00000000e+00 -1.46180442e-01 
