 frequency       v(out)          v(out)         
 1.00000000e+06  4.56132386e+01 -2.21072559e-01 
 1.00577536e+06  4.56132267e+01 -2.22317736e-01 
 1.01158408e+06  4.56132147e+01 -2.23570285e-01 
 1.01742635e+06  4.56132025e+01 -2.24830246e-01 
 1.02330236e+06  4.56131902e+01 -2.26097663e-01 
 1.02921230e+06  4.56131778e+01 -2.27372576e-01 
 1.03515638e+06  4.56131653e+01 -2.28655028e-01 
 1.04113479e+06  4.56131525e+01 -2.29945062e-01 
 1.04714772e+06  4.56131397e+01 -2.31242720e-01 
 1.05319538e+06  4.56131267e+01 -2.32548046e-01 
 1.05927797e+06  4.56131135e+01 -2.33861082e-01 
 1.06539568e+06  4.56131002e+01 -2.35181872e-01 
 1.07154873e+06  4.56130867e+01 -2.36510460e-01 
 1.07773732e+06  4.56130731e+01 -2.37846890e-01 
 1.08396164e+06  4.56130593e+01 -2.39191206e-01 
 1.09022192e+06  4.56130453e+01 -2.40543453e-01 
 1.09651835e+06  4.56130312e+01 -2.41903675e-01 
 1.10285114e+06  4.56130170e+01 -2.43271918e-01 
 1.10922051e+06  4.56130025e+01 -2.44648227e-01 
 1.11562666e+06  4.56129879e+01 -2.46032648e-01 
 1.12206981e+06  4.56129732e+01 -2.47425226e-01 
 1.12855017e+06  4.56129582e+01 -2.48826008e-01 
 1.13506796e+06  4.56129431e+01 -2.50235039e-01 
 1.14162340e+06  4.56129278e+01 -2.51652368e-01 
 1.14821669e+06  4.56129124e+01 -2.53078040e-01 
 1.15484806e+06  4.56128967e+01 -2.54512104e-01 
 1.16151773e+06  4.56128809e+01 -2.55954606e-01 
 1.16822591e+06  4.56128649e+01 -2.57405594e-01 
 1.17497285e+06  4.56128487e+01 -2.58865116e-01 
 1.18175874e+06  4.56128323e+01 -2.60333221e-01 
 1.18858383e+06  4.56128157e+01 -2.61809958e-01 
 1.19544833e+06  4.56127990e+01 -2.63295375e-01 
 1.20235249e+06  4.56127820e+01 -2.64789522e-01 
 1.20929651e+06  4.56127648e+01 -2.66292447e-01 
 1.21628064e+06  4.56127475e+01 -2.67804202e-01 
 1.22330510e+06  4.56127299e+01 -2.69324835e-01 
 1.23037014e+06  4.56127122e+01 -2.70854398e-01 
 1.23747597e+06  4.56126942e+01 -2.72392941e-01 
 1.24462285e+06  4.56126760e+01 -2.73940515e-01 
 1.25181100e+06  4.56126577e+01 -2.75497172e-01 
 1.25904066e+06  4.56126391e+01 -2.77062962e-01 
 1.26631208e+06  4.56126203e+01 -2.78637938e-01 
 1.27362550e+06  4.56126012e+01 -2.80222152e-01 
 1.28098115e+06  4.56125820e+01 -2.81815656e-01 
 1.28837928e+06  4.56125625e+01 -2.83418504e-01 
 1.29582014e+06  4.56125428e+01 -2.85030748e-01 
 1.30330398e+06  4.56125229e+01 -2.86652442e-01 
 1.31083103e+06  4.56125027e+01 -2.88283639e-01 
 1.31840156e+06  4.56124823e+01 -2.89924394e-01 
 1.32601581e+06  4.56124617e+01 -2.91574761e-01 
 1.33367403e+06  4.56124408e+01 -2.93234795e-01 
 1.34137649e+06  4.56124197e+01 -2.94904550e-01 
 1.34912343e+06  4.56123984e+01 -2.96584082e-01 
 1.35691511e+06  4.56123768e+01 -2.98273447e-01 
 1.36475179e+06  4.56123549e+01 -2.99972700e-01 
 1.37263373e+06  4.56123328e+01 -3.01681898e-01 
 1.38056119e+06  4.56123105e+01 -3.03401097e-01 
 1.38853443e+06  4.56122879e+01 -3.05130355e-01 
 1.39655372e+06  4.56122650e+01 -3.06869729e-01 
 1.40461933e+06  4.56122418e+01 -3.08619276e-01 
 1.41273152e+06  4.56122184e+01 -3.10379054e-01 
 1.42089056e+06  4.56121947e+01 -3.12149122e-01 
 1.42909672e+06  4.56121708e+01 -3.13929538e-01 
 1.43735028e+06  4.56121466e+01 -3.15720362e-01 
 1.44565150e+06  4.56121220e+01 -3.17521652e-01 
 1.45400066e+06  4.56120972e+01 -3.19333468e-01 
 1.46239805e+06  4.56120721e+01 -3.21155870e-01 
 1.47084393e+06  4.56120468e+01 -3.22988919e-01 
 1.47933859e+06  4.56120211e+01 -3.24832676e-01 
 1.48788231e+06  4.56119951e+01 -3.26687201e-01 
 1.49647537e+06  4.56119689e+01 -3.28552555e-01 
 1.50511806e+06  4.56119423e+01 -3.30428801e-01 
 1.51381067e+06  4.56119154e+01 -3.32316001e-01 
 1.52255348e+06  4.56118882e+01 -3.34214218e-01 
 1.53134678e+06  4.56118607e+01 -3.36123513e-01 
 1.54019087e+06  4.56118329e+01 -3.38043951e-01 
 1.54908603e+06  4.56118047e+01 -3.39975595e-01 
 1.55803257e+06  4.56117763e+01 -3.41918509e-01 
 1.56703077e+06  4.56117475e+01 -3.43872757e-01 
 1.57608095e+06  4.56117183e+01 -3.45838404e-01 
 1.58518339e+06  4.56116888e+01 -3.47815515e-01 
 1.59433840e+06  4.56116590e+01 -3.49804156e-01 
 1.60354629e+06  4.56116289e+01 -3.51804393e-01 
 1.61280735e+06  4.56115984e+01 -3.53816291e-01 
 1.62212191e+06  4.56115675e+01 -3.55839918e-01 
 1.63149025e+06  4.56115363e+01 -3.57875340e-01 
 1.64091270e+06  4.56115047e+01 -3.59922625e-01 
 1.65038957e+06  4.56114727e+01 -3.61981840e-01 
 1.65992117e+06  4.56114404e+01 -3.64053054e-01 
 1.66950782e+06  4.56114077e+01 -3.66136336e-01 
 1.67914984e+06  4.56113747e+01 -3.68231754e-01 
 1.68884754e+06  4.56113412e+01 -3.70339378e-01 
 1.69860125e+06  4.56113074e+01 -3.72459277e-01 
 1.70841130e+06  4.56112731e+01 -3.74591522e-01 
 1.71827799e+06  4.56112385e+01 -3.76736183e-01 
 1.72820168e+06  4.56112035e+01 -3.78893332e-01 
 1.73818267e+06  4.56111680e+01 -3.81063040e-01 
 1.74822131e+06  4.56111322e+01 -3.83245378e-01 
 1.75831793e+06  4.56110959e+01 -3.85440419e-01 
 1.76847285e+06  4.56110592e+01 -3.87648235e-01 
 1.77868643e+06  4.56110221e+01 -3.89868901e-01 
 1.78895899e+06  4.56109846e+01 -3.92102488e-01 
 1.79929088e+06  4.56109466e+01 -3.94349072e-01 
 1.80968245e+06  4.56109082e+01 -3.96608726e-01 
 1.82013402e+06  4.56108693e+01 -3.98881525e-01 
 1.83064596e+06  4.56108300e+01 -4.01167545e-01 
 1.84121861e+06  4.56107903e+01 -4.03466861e-01 
 1.85185232e+06  4.56107500e+01 -4.05779549e-01 
 1.86254744e+06  4.56107093e+01 -4.08105687e-01 
 1.87330433e+06  4.56106682e+01 -4.10445350e-01 
 1.88412335e+06  4.56106265e+01 -4.12798617e-01 
 1.89500485e+06  4.56105844e+01 -4.15165565e-01 
 1.90594919e+06  4.56105418e+01 -4.17546272e-01 
 1.91695674e+06  4.56104987e+01 -4.19940818e-01 
 1.92802787e+06  4.56104551e+01 -4.22349282e-01 
 1.93916293e+06  4.56104110e+01 -4.24771743e-01 
 1.95036230e+06  4.56103664e+01 -4.27208281e-01 
 1.96162636e+06  4.56103213e+01 -4.29658978e-01 
 1.97295547e+06  4.56102756e+01 -4.32123914e-01 
 1.98435000e+06  4.56102294e+01 -4.34603171e-01 
 1.99581035e+06  4.56101827e+01 -4.37096831e-01 
 2.00733688e+06  4.56101354e+01 -4.39604976e-01 
 2.01892998e+06  4.56100876e+01 -4.42127689e-01 
 2.03059004e+06  4.56100393e+01 -4.44665055e-01 
 2.04231744e+06  4.56099903e+01 -4.47217157e-01 
 2.05411257e+06  4.56099409e+01 -4.49784079e-01 
 2.06597582e+06  4.56098908e+01 -4.52365906e-01 
 2.07790758e+06  4.56098402e+01 -4.54962724e-01 
 2.08990826e+06  4.56097889e+01 -4.57574618e-01 
 2.10197824e+06  4.56097371e+01 -4.60201676e-01 
 2.11411793e+06  4.56096847e+01 -4.62843984e-01 
 2.12632773e+06  4.56096317e+01 -4.65501629e-01 
 2.13860805e+06  4.56095780e+01 -4.68174699e-01 
 2.15095929e+06  4.56095237e+01 -4.70863283e-01 
 2.16338187e+06  4.56094689e+01 -4.73567470e-01 
 2.17587619e+06  4.56094133e+01 -4.76287349e-01 
 2.18844266e+06  4.56093572e+01 -4.79023010e-01 
 2.20108172e+06  4.56093003e+01 -4.81774544e-01 
 2.21379377e+06  4.56092429e+01 -4.84542042e-01 
 2.22657924e+06  4.56091847e+01 -4.87325594e-01 
 2.23943854e+06  4.56091259e+01 -4.90125294e-01 
 2.25237212e+06  4.56090664e+01 -4.92941234e-01 
 2.26538039e+06  4.56090062e+01 -4.95773507e-01 
 2.27846379e+06  4.56089453e+01 -4.98622207e-01 
 2.29162275e+06  4.56088837e+01 -5.01487427e-01 
 2.30485770e+06  4.56088214e+01 -5.04369263e-01 
 2.31816910e+06  4.56087584e+01 -5.07267810e-01 
 2.33155737e+06  4.56086946e+01 -5.10183164e-01 
 2.34502296e+06  4.56086301e+01 -5.13115422e-01 
 2.35856633e+06  4.56085649e+01 -5.16064679e-01 
 2.37218791e+06  4.56084989e+01 -5.19031034e-01 
 2.38588816e+06  4.56084321e+01 -5.22014585e-01 
 2.39966753e+06  4.56083646e+01 -5.25015430e-01 
 2.41352649e+06  4.56082963e+01 -5.28033669e-01 
 2.42746548e+06  4.56082272e+01 -5.31069401e-01 
 2.44148498e+06  4.56081573e+01 -5.34122728e-01 
 2.45558545e+06  4.56080866e+01 -5.37193749e-01 
 2.46976735e+06  4.56080150e+01 -5.40282566e-01 
 2.48403116e+06  4.56079427e+01 -5.43389281e-01 
 2.49837734e+06  4.56078694e+01 -5.46513998e-01 
 2.51280638e+06  4.56077954e+01 -5.49656819e-01 
 2.52731876e+06  4.56077205e+01 -5.52817848e-01 
 2.54191495e+06  4.56076447e+01 -5.55997190e-01 
 2.55659543e+06  4.56075681e+01 -5.59194950e-01 
 2.57136070e+06  4.56074905e+01 -5.62411234e-01 
 2.58621125e+06  4.56074121e+01 -5.65646147e-01 
 2.60114756e+06  4.56073327e+01 -5.68899796e-01 
 2.61617014e+06  4.56072525e+01 -5.72172290e-01 
 2.63127948e+06  4.56071713e+01 -5.75463737e-01 
 2.64647607e+06  4.56070891e+01 -5.78774244e-01 
 2.66176044e+06  4.56070060e+01 -5.82103922e-01 
 2.67713308e+06  4.56069220e+01 -5.85452880e-01 
 2.69259450e+06  4.56068370e+01 -5.88821230e-01 
 2.70814521e+06  4.56067510e+01 -5.92209082e-01 
 2.72378574e+06  4.56066640e+01 -5.95616548e-01 
 2.73951660e+06  4.56065759e+01 -5.99043741e-01 
 2.75533830e+06  4.56064869e+01 -6.02490774e-01 
 2.77125139e+06  4.56063969e+01 -6.05957761e-01 
 2.78725637e+06  4.56063058e+01 -6.09444817e-01 
 2.80335380e+06  4.56062136e+01 -6.12952056e-01 
 2.81954419e+06  4.56061204e+01 -6.16479595e-01 
 2.83582808e+06  4.56060261e+01 -6.20027550e-01 
 2.85220603e+06  4.56059307e+01 -6.23596038e-01 
 2.86867856e+06  4.56058342e+01 -6.27185176e-01 
 2.88524622e+06  4.56057365e+01 -6.30795085e-01 
 2.90190957e+06  4.56056378e+01 -6.34425882e-01 
 2.91866916e+06  4.56055379e+01 -6.38077687e-01 
 2.93552554e+06  4.56054368e+01 -6.41750622e-01 
 2.95247927e+06  4.56053346e+01 -6.45444807e-01 
 2.96953091e+06  4.56052312e+01 -6.49160365e-01 
 2.98668104e+06  4.56051266e+01 -6.52897417e-01 
 3.00393021e+06  4.56050208e+01 -6.56656088e-01 
 3.02127900e+06  4.56049138e+01 -6.60436501e-01 
 3.03872799e+06  4.56048055e+01 -6.64238781e-01 
 3.05627775e+06  4.56046960e+01 -6.68063054e-01 
 3.07392887e+06  4.56045852e+01 -6.71909446e-01 
 3.09168193e+06  4.56044731e+01 -6.75778083e-01 
 3.10953752e+06  4.56043597e+01 -6.79669094e-01 
 3.12749624e+06  4.56042450e+01 -6.83582607e-01 
 3.14555867e+06  4.56041290e+01 -6.87518751e-01 
 3.16372542e+06  4.56040116e+01 -6.91477656e-01 
 3.18199709e+06  4.56038929e+01 -6.95459451e-01 
 3.20037428e+06  4.56037728e+01 -6.99464270e-01 
 3.21885761e+06  4.56036513e+01 -7.03492244e-01 
 3.23744768e+06  4.56035284e+01 -7.07543505e-01 
 3.25614513e+06  4.56034041e+01 -7.11618187e-01 
 3.27495055e+06  4.56032783e+01 -7.15716425e-01 
 3.29386459e+06  4.56031511e+01 -7.19838354e-01 
 3.31288786e+06  4.56030224e+01 -7.23984110e-01 
 3.33202099e+06  4.56028922e+01 -7.28153829e-01 
 3.35126463e+06  4.56027606e+01 -7.32347649e-01 
 3.37061940e+06  4.56026273e+01 -7.36565709e-01 
 3.39008596e+06  4.56024926e+01 -7.40808146e-01 
 3.40966494e+06  4.56023563e+01 -7.45075102e-01 
 3.42935700e+06  4.56022184e+01 -7.49366716e-01 
 3.44916279e+06  4.56020789e+01 -7.53683130e-01 
 3.46908296e+06  4.56019378e+01 -7.58024487e-01 
 3.48911818e+06  4.56017951e+01 -7.62390929e-01 
 3.50926911e+06  4.56016507e+01 -7.66782601e-01 
 3.52953642e+06  4.56015046e+01 -7.71199647e-01 
 3.54992078e+06  4.56013569e+01 -7.75642212e-01 
 3.57042287e+06  4.56012074e+01 -7.80110443e-01 
 3.59104337e+06  4.56010562e+01 -7.84604488e-01 
 3.61178295e+06  4.56009033e+01 -7.89124493e-01 
 3.63264232e+06  4.56007486e+01 -7.93670609e-01 
 3.65362215e+06  4.56005920e+01 -7.98242984e-01 
 3.67472315e+06  4.56004337e+01 -8.02841770e-01 
 3.69594602e+06  4.56002736e+01 -8.07467117e-01 
 3.71729145e+06  4.56001116e+01 -8.12119179e-01 
 3.73876017e+06  4.55999477e+01 -8.16798107e-01 
 3.76035287e+06  4.55997819e+01 -8.21504057e-01 
 3.78207028e+06  4.55996142e+01 -8.26237183e-01 
 3.80391312e+06  4.55994446e+01 -8.30997641e-01 
 3.82588210e+06  4.55992730e+01 -8.35785588e-01 
 3.84797797e+06  4.55990994e+01 -8.40601181e-01 
 3.87020144e+06  4.55989238e+01 -8.45444578e-01 
 3.89255327e+06  4.55987462e+01 -8.50315940e-01 
 3.91503418e+06  4.55985665e+01 -8.55215425e-01 
 3.93764494e+06  4.55983847e+01 -8.60143196e-01 
 3.96038627e+06  4.55982009e+01 -8.65099415e-01 
 3.98325895e+06  4.55980149e+01 -8.70084244e-01 
 4.00626372e+06  4.55978267e+01 -8.75097848e-01 
 4.02940135e+06  4.55976364e+01 -8.80140391e-01 
 4.05267262e+06  4.55974439e+01 -8.85212039e-01 
 4.07607828e+06  4.55972491e+01 -8.90312959e-01 
 4.09961912e+06  4.55970521e+01 -8.95443318e-01 
 4.12329591e+06  4.55968528e+01 -9.00603286e-01 
 4.14710945e+06  4.55966512e+01 -9.05793032e-01 
 4.17106052e+06  4.55964472e+01 -9.11012726e-01 
 4.19514992e+06  4.55962409e+01 -9.16262539e-01 
 4.21937844e+06  4.55960323e+01 -9.21542646e-01 
 4.24374689e+06  4.55958212e+01 -9.26853218e-01 
 4.26825608e+06  4.55956076e+01 -9.32194430e-01 
 4.29290681e+06  4.55953916e+01 -9.37566458e-01 
 4.31769992e+06  4.55951731e+01 -9.42969479e-01 
 4.34263621e+06  4.55949520e+01 -9.48403669e-01 
 4.36771652e+06  4.55947284e+01 -9.53869207e-01 
 4.39294167e+06  4.55945022e+01 -9.59366272e-01 
 4.41831251e+06  4.55942734e+01 -9.64895046e-01 
 4.44382988e+06  4.55940420e+01 -9.70455708e-01 
 4.46949462e+06  4.55938078e+01 -9.76048443e-01 
 4.49530758e+06  4.55935710e+01 -9.81673433e-01 
 4.52126962e+06  4.55933314e+01 -9.87330864e-01 
 4.54738160e+06  4.55930890e+01 -9.93020920e-01 
 4.57364439e+06  4.55928439e+01 -9.98743788e-01 
 4.60005885e+06  4.55925959e+01 -1.00449966e+00 
 4.62662587e+06  4.55923450e+01 -1.01028871e+00 
 4.65334632e+06  4.55920912e+01 -1.01611115e+00 
 4.68022110e+06  4.55918345e+01 -1.02196715e+00 
 4.70725108e+06  4.55915748e+01 -1.02785692e+00 
 4.73443717e+06  4.55913121e+01 -1.03378064e+00 
 4.76178028e+06  4.55910464e+01 -1.03973851e+00 
 4.78928129e+06  4.55907776e+01 -1.04573072e+00 
 4.81694114e+06  4.55905057e+01 -1.05175748e+00 
 4.84476073e+06  4.55902306e+01 -1.05781897e+00 
 4.87274099e+06  4.55899524e+01 -1.06391540e+00 
 4.90088285e+06  4.55896709e+01 -1.07004696e+00 
 4.92918724e+06  4.55893862e+01 -1.07621386e+00 
 4.95765509e+06  4.55890982e+01 -1.08241630e+00 
 4.98628736e+06  4.55888068e+01 -1.08865448e+00 
 5.01508499e+06  4.55885121e+01 -1.09492860e+00 
 5.04404893e+06  4.55882140e+01 -1.10123888e+00 
 5.07318015e+06  4.55879124e+01 -1.10758551e+00 
 5.10247962e+06  4.55876073e+01 -1.11396871e+00 
 5.13194830e+06  4.55872987e+01 -1.12038869e+00 
 5.16158717e+06  4.55869865e+01 -1.12684565e+00 
 5.19139722e+06  4.55866708e+01 -1.13333980e+00 
 5.22137944e+06  4.55863513e+01 -1.13987136e+00 
 5.25153481e+06  4.55860282e+01 -1.14644054e+00 
 5.28186434e+06  4.55857013e+01 -1.15304756e+00 
 5.31236903e+06  4.55853707e+01 -1.15969263e+00 
 5.34304990e+06  4.55850362e+01 -1.16637596e+00 
 5.37390796e+06  4.55846978e+01 -1.17309779e+00 
 5.40494424e+06  4.55843556e+01 -1.17985832e+00 
 5.43615976e+06  4.55840093e+01 -1.18665778e+00 
 5.46755557e+06  4.55836591e+01 -1.19349638e+00 
 5.49913270e+06  4.55833048e+01 -1.20037436e+00 
 5.53089220e+06  4.55829465e+01 -1.20729194e+00 
 5.56283512e+06  4.55825839e+01 -1.21424934e+00 
 5.59496252e+06  4.55822172e+01 -1.22124679e+00 
 5.62727547e+06  4.55818463e+01 -1.22828452e+00 
 5.65977504e+06  4.55814710e+01 -1.23536275e+00 
 5.69246230e+06  4.55810914e+01 -1.24248172e+00 
 5.72533835e+06  4.55807074e+01 -1.24964167e+00 
 5.75840427e+06  4.55803190e+01 -1.25684282e+00 
 5.79166115e+06  4.55799261e+01 -1.26408540e+00 
 5.82511011e+06  4.55795286e+01 -1.27136966e+00 
 5.85875224e+06  4.55791266e+01 -1.27869583e+00 
 5.89258867e+06  4.55787198e+01 -1.28606416e+00 
 5.92662052e+06  4.55783084e+01 -1.29347487e+00 
 5.96084892e+06  4.55778923e+01 -1.30092821e+00 
 5.99527500e+06  4.55774713e+01 -1.30842443e+00 
 6.02989990e+06  4.55770454e+01 -1.31596377e+00 
 6.06472477e+06  4.55766146e+01 -1.32354647e+00 
 6.09975077e+06  4.55761789e+01 -1.33117277e+00 
 6.13497905e+06  4.55757381e+01 -1.33884294e+00 
 6.17041079e+06  4.55752922e+01 -1.34655721e+00 
 6.20604717e+06  4.55748411e+01 -1.35431585e+00 
 6.24188935e+06  4.55743848e+01 -1.36211909e+00 
 6.27793854e+06  4.55739233e+01 -1.36996719e+00 
 6.31419593e+06  4.55734564e+01 -1.37786042e+00 
 6.35066271e+06  4.55729841e+01 -1.38579901e+00 
 6.38734010e+06  4.55725064e+01 -1.39378325e+00 
 6.42422932e+06  4.55720231e+01 -1.40181337e+00 
 6.46133159e+06  4.55715342e+01 -1.40988964e+00 
 6.49864814e+06  4.55710397e+01 -1.41801233e+00 
 6.53618020e+06  4.55705395e+01 -1.42618169e+00 
 6.57392903e+06  4.55700335e+01 -1.43439800e+00 
 6.61189587e+06  4.55695216e+01 -1.44266152e+00 
 6.65008198e+06  4.55690038e+01 -1.45097251e+00 
 6.68848863e+06  4.55684801e+01 -1.45933125e+00 
 6.72711709e+06  4.55679502e+01 -1.46773801e+00 
 6.76596864e+06  4.55674143e+01 -1.47619305e+00 
 6.80504458e+06  4.55668721e+01 -1.48469665e+00 
 6.84434619e+06  4.55663237e+01 -1.49324910e+00 
 6.88387479e+06  4.55657690e+01 -1.50185065e+00 
 6.92363168e+06  4.55652078e+01 -1.51050160e+00 
 6.96361818e+06  4.55646402e+01 -1.51920223e+00 
 7.00383561e+06  4.55640659e+01 -1.52795280e+00 
 7.04428532e+06  4.55634851e+01 -1.53675361e+00 
 7.08496864e+06  4.55628975e+01 -1.54560494e+00 
 7.12588691e+06  4.55623032e+01 -1.55450708e+00 
 7.16704151e+06  4.55617019e+01 -1.56346031e+00 
 7.20843379e+06  4.55610938e+01 -1.57246492e+00 
 7.25006512e+06  4.55604786e+01 -1.58152120e+00 
 7.29193690e+06  4.55598562e+01 -1.59062945e+00 
 7.33405049e+06  4.55592267e+01 -1.59978996e+00 
 7.37640731e+06  4.55585900e+01 -1.60900302e+00 
 7.41900875e+06  4.55579458e+01 -1.61826893e+00 
 7.46185623e+06  4.55572942e+01 -1.62758800e+00 
 7.50495118e+06  4.55566351e+01 -1.63696051e+00 
 7.54829501e+06  4.55559684e+01 -1.64638677e+00 
 7.59188916e+06  4.55552940e+01 -1.65586708e+00 
 7.63573509e+06  4.55546117e+01 -1.66540176e+00 
 7.67983425e+06  4.55539216e+01 -1.67499110e+00 
 7.72418809e+06  4.55532235e+01 -1.68463541e+00 
 7.76879810e+06  4.55525174e+01 -1.69433501e+00 
 7.81366574e+06  4.55518031e+01 -1.70409020e+00 
 7.85879251e+06  4.55510805e+01 -1.71390130e+00 
 7.90417990e+06  4.55503496e+01 -1.72376862e+00 
 7.94982943e+06  4.55496103e+01 -1.73369249e+00 
 7.99574259e+06  4.55488624e+01 -1.74367321e+00 
 8.04192092e+06  4.55481058e+01 -1.75371110e+00 
 8.08836595e+06  4.55473406e+01 -1.76380650e+00 
 8.13507921e+06  4.55465665e+01 -1.77395972e+00 
 8.18206226e+06  4.55457834e+01 -1.78417109e+00 
 8.22931666e+06  4.55449913e+01 -1.79444093e+00 
 8.27684396e+06  4.55441901e+01 -1.80476958e+00 
 8.32464576e+06  4.55433796e+01 -1.81515736e+00 
 8.37272362e+06  4.55425597e+01 -1.82560460e+00 
 8.42107915e+06  4.55417304e+01 -1.83611165e+00 
 8.46971396e+06  4.55408915e+01 -1.84667882e+00 
 8.51862965e+06  4.55400429e+01 -1.85730647e+00 
 8.56782784e+06  4.55391845e+01 -1.86799494e+00 
 8.61731017e+06  4.55383162e+01 -1.87874455e+00 
 8.66707828e+06  4.55374379e+01 -1.88955566e+00 
 8.71713382e+06  4.55365495e+01 -1.90042860e+00 
 8.76747845e+06  4.55356507e+01 -1.91136373e+00 
 8.81811383e+06  4.55347416e+01 -1.92236140e+00 
 8.86904166e+06  4.55338220e+01 -1.93342195e+00 
 8.92026361e+06  4.55328918e+01 -1.94454573e+00 
 8.97178139e+06  4.55319509e+01 -1.95573310e+00 
 9.02359670e+06  4.55309991e+01 -1.96698442e+00 
 9.07571126e+06  4.55300363e+01 -1.97830003e+00 
 9.12812680e+06  4.55290624e+01 -1.98968031e+00 
 9.18084506e+06  4.55280772e+01 -2.00112560e+00 
 9.23386779e+06  4.55270807e+01 -2.01263629e+00 
 9.28719675e+06  4.55260727e+01 -2.02421272e+00 
 9.34083370e+06  4.55250531e+01 -2.03585526e+00 
 9.39478042e+06  4.55240216e+01 -2.04756429e+00 
 9.44903870e+06  4.55229783e+01 -2.05934017e+00 
 9.50361035e+06  4.55219230e+01 -2.07118328e+00 
 9.55849717e+06  4.55208554e+01 -2.08309399e+00 
 9.61370097e+06  4.55197756e+01 -2.09507268e+00 
 9.66922360e+06  4.55186833e+01 -2.10711972e+00 
 9.72506690e+06  4.55175784e+01 -2.11923550e+00 
 9.78123271e+06  4.55164607e+01 -2.13142039e+00 
 9.83772289e+06  4.55153302e+01 -2.14367479e+00 
 9.89453933e+06  4.55141866e+01 -2.15599907e+00 
 9.95168391e+06  4.55130298e+01 -2.16839363e+00 
 1.00091585e+07  4.55118597e+01 -2.18085885e+00 
 1.00669651e+07  4.55106761e+01 -2.19339512e+00 
 1.01251054e+07  4.55094788e+01 -2.20600285e+00 
 1.01835816e+07  4.55082678e+01 -2.21868242e+00 
 1.02423955e+07  4.55070427e+01 -2.23143423e+00 
 1.03015491e+07  4.55058036e+01 -2.24425869e+00 
 1.03610443e+07  4.55045501e+01 -2.25715619e+00 
 1.04208831e+07  4.55032822e+01 -2.27012714e+00 
 1.04810675e+07  4.55019997e+01 -2.28317194e+00 
 1.05415995e+07  4.55007024e+01 -2.29629101e+00 
 1.06024811e+07  4.54993901e+01 -2.30948475e+00 
 1.06637143e+07  4.54980628e+01 -2.32275357e+00 
 1.07253011e+07  4.54967201e+01 -2.33609789e+00 
 1.07872436e+07  4.54953619e+01 -2.34951812e+00 
 1.08495439e+07  4.54939881e+01 -2.36301468e+00 
 1.09122040e+07  4.54925985e+01 -2.37658800e+00 
 1.09752259e+07  4.54911928e+01 -2.39023849e+00 
 1.10386119e+07  4.54897710e+01 -2.40396657e+00 
 1.11023639e+07  4.54883327e+01 -2.41777268e+00 
 1.11664841e+07  4.54868779e+01 -2.43165725e+00 
 1.12309746e+07  4.54854064e+01 -2.44562070e+00 
 1.12958376e+07  4.54839179e+01 -2.45966346e+00 
 1.13610752e+07  4.54824122e+01 -2.47378597e+00 
 1.14266895e+07  4.54808892e+01 -2.48798867e+00 
 1.14926828e+07  4.54793487e+01 -2.50227200e+00 
 1.15590573e+07  4.54777904e+01 -2.51663639e+00 
 1.16258150e+07  4.54762141e+01 -2.53108230e+00 
 1.16929584e+07  4.54746198e+01 -2.54561016e+00 
 1.17604895e+07  4.54730070e+01 -2.56022042e+00 
 1.18284106e+07  4.54713757e+01 -2.57491354e+00 
 1.18967240e+07  4.54697256e+01 -2.58968996e+00 
 1.19654319e+07  4.54680565e+01 -2.60455014e+00 
 1.20345366e+07  4.54663682e+01 -2.61949453e+00 
 1.21040405e+07  4.54646605e+01 -2.63452360e+00 
 1.21739457e+07  4.54629331e+01 -2.64963780e+00 
 1.22442547e+07  4.54611859e+01 -2.66483759e+00 
 1.23149697e+07  4.54594185e+01 -2.68012345e+00 
 1.23860932e+07  4.54576308e+01 -2.69549583e+00 
 1.24576274e+07  4.54558225e+01 -2.71095521e+00 
 1.25295747e+07  4.54539934e+01 -2.72650205e+00 
 1.26019376e+07  4.54521433e+01 -2.74213684e+00 
 1.26747184e+07  4.54502719e+01 -2.75786004e+00 
 1.27479195e+07  4.54483790e+01 -2.77367214e+00 
 1.28215434e+07  4.54464642e+01 -2.78957361e+00 
 1.28955925e+07  4.54445275e+01 -2.80556494e+00 
 1.29700692e+07  4.54425685e+01 -2.82164660e+00 
 1.30449761e+07  4.54405870e+01 -2.83781910e+00 
 1.31203156e+07  4.54385827e+01 -2.85408291e+00 
 1.31960902e+07  4.54365554e+01 -2.87043852e+00 
 1.32723024e+07  4.54345047e+01 -2.88688644e+00 
 1.33489548e+07  4.54324305e+01 -2.90342716e+00 
 1.34260499e+07  4.54303324e+01 -2.92006116e+00 
 1.35035902e+07  4.54282103e+01 -2.93678896e+00 
 1.35815784e+07  4.54260637e+01 -2.95361106e+00 
 1.36600170e+07  4.54238925e+01 -2.97052795e+00 
 1.37389085e+07  4.54216963e+01 -2.98754016e+00 
 1.38182558e+07  4.54194749e+01 -3.00464817e+00 
 1.38980612e+07  4.54172280e+01 -3.02185251e+00 
 1.39783276e+07  4.54149553e+01 -3.03915370e+00 
 1.40590575e+07  4.54126565e+01 -3.05655223e+00 
 1.41402537e+07  4.54103313e+01 -3.07404864e+00 
 1.42219188e+07  4.54079793e+01 -3.09164344e+00 
 1.43040556e+07  4.54056004e+01 -3.10933716e+00 
 1.43866668e+07  4.54031942e+01 -3.12713031e+00 
 1.44697550e+07  4.54007603e+01 -3.14502343e+00 
 1.45533231e+07  4.53982986e+01 -3.16301704e+00 
 1.46373739e+07  4.53958085e+01 -3.18111168e+00 
 1.47219100e+07  4.53932899e+01 -3.19930788e+00 
 1.48069344e+07  4.53907424e+01 -3.21760617e+00 
 1.48924499e+07  4.53881657e+01 -3.23600709e+00 
 1.49784592e+07  4.53855594e+01 -3.25451119e+00 
 1.50649653e+07  4.53829232e+01 -3.27311899e+00 
 1.51519710e+07  4.53802568e+01 -3.29183106e+00 
 1.52394791e+07  4.53775598e+01 -3.31064793e+00 
 1.53274927e+07  4.53748318e+01 -3.32957015e+00 
 1.54160145e+07  4.53720727e+01 -3.34859828e+00 
 1.55050476e+07  4.53692818e+01 -3.36773286e+00 
 1.55945949e+07  4.53664590e+01 -3.38697446e+00 
 1.56846594e+07  4.53636039e+01 -3.40632363e+00 
 1.57752440e+07  4.53607160e+01 -3.42578093e+00 
 1.58663518e+07  4.53577950e+01 -3.44534692e+00 
 1.59579858e+07  4.53548406e+01 -3.46502216e+00 
 1.60501490e+07  4.53518523e+01 -3.48480723e+00 
 1.61428445e+07  4.53488298e+01 -3.50470269e+00 
 1.62360753e+07  4.53457727e+01 -3.52470911e+00 
 1.63298445e+07  4.53426806e+01 -3.54482707e+00 
 1.64241553e+07  4.53395531e+01 -3.56505713e+00 
 1.65190108e+07  4.53363898e+01 -3.58539988e+00 
 1.66144141e+07  4.53331902e+01 -3.60585590e+00 
 1.67103684e+07  4.53299541e+01 -3.62642576e+00 
 1.68068769e+07  4.53266810e+01 -3.64711005e+00 
 1.69039428e+07  4.53233703e+01 -3.66790936e+00 
 1.70015692e+07  4.53200219e+01 -3.68882427e+00 
 1.70997595e+07  4.53166351e+01 -3.70985538e+00 
 1.71985168e+07  4.53132096e+01 -3.73100327e+00 
 1.72978445e+07  4.53097449e+01 -3.75226854e+00 
 1.73977459e+07  4.53062406e+01 -3.77365178e+00 
 1.74982242e+07  4.53026963e+01 -3.79515360e+00 
 1.75992828e+07  4.52991115e+01 -3.81677459e+00 
 1.77009251e+07  4.52954857e+01 -3.83851535e+00 
 1.78031544e+07  4.52918184e+01 -3.86037649e+00 
 1.79059741e+07  4.52881093e+01 -3.88235862e+00 
 1.80093877e+07  4.52843578e+01 -3.90446234e+00 
 1.81133984e+07  4.52805635e+01 -3.92668827e+00 
 1.82180099e+07  4.52767259e+01 -3.94903701e+00 
 1.83232256e+07  4.52728444e+01 -3.97150918e+00 
 1.84290489e+07  4.52689187e+01 -3.99410539e+00 
 1.85354834e+07  4.52649481e+01 -4.01682627e+00 
 1.86425326e+07  4.52609323e+01 -4.03967243e+00 
 1.87502000e+07  4.52568706e+01 -4.06264449e+00 
 1.88584892e+07  4.52527626e+01 -4.08574308e+00 
 1.89674039e+07  4.52486078e+01 -4.10896883e+00 
 1.90769476e+07  4.52444056e+01 -4.13232235e+00 
 1.91871239e+07  4.52401554e+01 -4.15580428e+00 
 1.92979365e+07  4.52358569e+01 -4.17941526e+00 
 1.94093892e+07  4.52315094e+01 -4.20315590e+00 
 1.95214855e+07  4.52271123e+01 -4.22702685e+00 
 1.96342292e+07  4.52226651e+01 -4.25102875e+00 
 1.97476240e+07  4.52181673e+01 -4.27516222e+00 
 1.98616737e+07  4.52136183e+01 -4.29942791e+00 
 1.99763821e+07  4.52090175e+01 -4.32382647e+00 
 2.00917530e+07  4.52043644e+01 -4.34835852e+00 
 2.02077902e+07  4.51996583e+01 -4.37302473e+00 
 2.03244976e+07  4.51948986e+01 -4.39782573e+00 
 2.04418790e+07  4.51900848e+01 -4.42276216e+00 
 2.05599383e+07  4.51852163e+01 -4.44783469e+00 
 2.06786794e+07  4.51802924e+01 -4.47304396e+00 
 2.07981064e+07  4.51753125e+01 -4.49839062e+00 
 2.09182230e+07  4.51702760e+01 -4.52387532e+00 
 2.10390334e+07  4.51651823e+01 -4.54949873e+00 
 2.11605415e+07  4.51600308e+01 -4.57526149e+00 
 2.12827513e+07  4.51548207e+01 -4.60116427e+00 
 2.14056670e+07  4.51495515e+01 -4.62720771e+00 
 2.15292925e+07  4.51442225e+01 -4.65339249e+00 
 2.16536320e+07  4.51388330e+01 -4.67971927e+00 
 2.17786896e+07  4.51333823e+01 -4.70618870e+00 
 2.19044695e+07  4.51278698e+01 -4.73280146e+00 
 2.20309758e+07  4.51222948e+01 -4.75955819e+00 
 2.21582127e+07  4.51166565e+01 -4.78645958e+00 
 2.22861845e+07  4.51109544e+01 -4.81350629e+00 
 2.24148953e+07  4.51051876e+01 -4.84069899e+00 
 2.25443495e+07  4.50993555e+01 -4.86803834e+00 
 2.26745514e+07  4.50934573e+01 -4.89552503e+00 
 2.28055052e+07  4.50874924e+01 -4.92315970e+00 
 2.29372153e+07  4.50814599e+01 -4.95094305e+00 
 2.30696861e+07  4.50753591e+01 -4.97887574e+00 
 2.32029219e+07  4.50691893e+01 -5.00695845e+00 
 2.33369273e+07  4.50629498e+01 -5.03519185e+00 
 2.34717066e+07  4.50566396e+01 -5.06357661e+00 
 2.36072642e+07  4.50502581e+01 -5.09211341e+00 
 2.37436048e+07  4.50438045e+01 -5.12080293e+00 
 2.38807328e+07  4.50372780e+01 -5.14964585e+00 
 2.40186527e+07  4.50306777e+01 -5.17864284e+00 
 2.41573692e+07  4.50240029e+01 -5.20779458e+00 
 2.42968868e+07  4.50172528e+01 -5.23710174e+00 
 2.44372102e+07  4.50104264e+01 -5.26656501e+00 
 2.45783440e+07  4.50035231e+01 -5.29618507e+00 
 2.47202929e+07  4.49965419e+01 -5.32596259e+00 
 2.48630616e+07  4.49894819e+01 -5.35589825e+00 
 2.50066549e+07  4.49823424e+01 -5.38599274e+00 
 2.51510774e+07  4.49751224e+01 -5.41624673e+00 
 2.52963341e+07  4.49678211e+01 -5.44666090e+00 
 2.54424296e+07  4.49604376e+01 -5.47723593e+00 
 2.55893689e+07  4.49529710e+01 -5.50797250e+00 
 2.57371569e+07  4.49454203e+01 -5.53887129e+00 
 2.58857983e+07  4.49377847e+01 -5.56993297e+00 
 2.60352983e+07  4.49300632e+01 -5.60115823e+00 
 2.61856616e+07  4.49222549e+01 -5.63254775e+00 
 2.63368934e+07  4.49143588e+01 -5.66410220e+00 
 2.64889985e+07  4.49063741e+01 -5.69582225e+00 
 2.66419822e+07  4.48982996e+01 -5.72770859e+00 
 2.67958493e+07  4.48901345e+01 -5.75976189e+00 
 2.69506051e+07  4.48818778e+01 -5.79198282e+00 
 2.71062547e+07  4.48735284e+01 -5.82437207e+00 
 2.72628032e+07  4.48650855e+01 -5.85693029e+00 
 2.74202558e+07  4.48565478e+01 -5.88965817e+00 
 2.75786178e+07  4.48479145e+01 -5.92255637e+00 
 2.77378944e+07  4.48391845e+01 -5.95562557e+00 
 2.78980909e+07  4.48303568e+01 -5.98886643e+00 
 2.80592125e+07  4.48214302e+01 -6.02227962e+00 
 2.82212647e+07  4.48124038e+01 -6.05586581e+00 
 2.83842528e+07  4.48032764e+01 -6.08962566e+00 
 2.85481822e+07  4.47940469e+01 -6.12355983e+00 
 2.87130584e+07  4.47847144e+01 -6.15766898e+00 
 2.88788868e+07  4.47752776e+01 -6.19195378e+00 
 2.90456729e+07  4.47657354e+01 -6.22641487e+00 
 2.92134222e+07  4.47560867e+01 -6.26105293e+00 
 2.93821404e+07  4.47463304e+01 -6.29586858e+00 
 2.95518330e+07  4.47364654e+01 -6.33086250e+00 
 2.97225056e+07  4.47264903e+01 -6.36603533e+00 
 2.98941639e+07  4.47164041e+01 -6.40138771e+00 
 3.00668136e+07  4.47062056e+01 -6.43692028e+00 
 3.02404604e+07  4.46958936e+01 -6.47263369e+00 
 3.04151101e+07  4.46854669e+01 -6.50852858e+00 
 3.05907685e+07  4.46749242e+01 -6.54460558e+00 
 3.07674413e+07  4.46642643e+01 -6.58086533e+00 
 3.09451345e+07  4.46534860e+01 -6.61730845e+00 
 3.11238540e+07  4.46425880e+01 -6.65393556e+00 
 3.13036056e+07  4.46315691e+01 -6.69074730e+00 
 3.14843953e+07  4.46204279e+01 -6.72774428e+00 
 3.16662292e+07  4.46091631e+01 -6.76492711e+00 
 3.18491132e+07  4.45977736e+01 -6.80229641e+00 
 3.20330535e+07  4.45862579e+01 -6.83985279e+00 
 3.22180560e+07  4.45746146e+01 -6.87759685e+00 
 3.24041271e+07  4.45628426e+01 -6.91552919e+00 
 3.25912727e+07  4.45509404e+01 -6.95365040e+00 
 3.27794992e+07  4.45389066e+01 -6.99196108e+00 
 3.29688128e+07  4.45267398e+01 -7.03046182e+00 
 3.31592197e+07  4.45144388e+01 -7.06915319e+00 
 3.33507263e+07  4.45020020e+01 -7.10803577e+00 
 3.35433389e+07  4.44894280e+01 -7.14711014e+00 
 3.37370639e+07  4.44767154e+01 -7.18637686e+00 
 3.39319078e+07  4.44638628e+01 -7.22583649e+00 
 3.41278769e+07  4.44508687e+01 -7.26548960e+00 
 3.43249778e+07  4.44377316e+01 -7.30533673e+00 
 3.45232171e+07  4.44244500e+01 -7.34537842e+00 
 3.47226013e+07  4.44110225e+01 -7.38561522e+00 
 3.49231370e+07  4.43974474e+01 -7.42604766e+00 
 3.51248308e+07  4.43837234e+01 -7.46667626e+00 
 3.53276895e+07  4.43698488e+01 -7.50750155e+00 
 3.55317198e+07  4.43558222e+01 -7.54852403e+00 
 3.57369285e+07  4.43416418e+01 -7.58974423e+00 
 3.59433223e+07  4.43273062e+01 -7.63116263e+00 
 3.61509081e+07  4.43128137e+01 -7.67277973e+00 
 3.63596928e+07  4.42981628e+01 -7.71459601e+00 
 3.65696832e+07  4.42833517e+01 -7.75661196e+00 
 3.67808865e+07  4.42683790e+01 -7.79882804e+00 
 3.69933095e+07  4.42532428e+01 -7.84124472e+00 
 3.72069594e+07  4.42379416e+01 -7.88386245e+00 
 3.74218432e+07  4.42224737e+01 -7.92668167e+00 
 3.76379680e+07  4.42068373e+01 -7.96970283e+00 
 3.78553410e+07  4.41910307e+01 -8.01292635e+00 
 3.80739694e+07  4.41750523e+01 -8.05635266e+00 
 3.82938604e+07  4.41589003e+01 -8.09998215e+00 
 3.85150214e+07  4.41425729e+01 -8.14381525e+00 
 3.87374597e+07  4.41260684e+01 -8.18785233e+00 
 3.89611827e+07  4.41093849e+01 -8.23209378e+00 
 3.91861977e+07  4.40925207e+01 -8.27653997e+00 
 3.94125123e+07  4.40754739e+01 -8.32119127e+00 
 3.96401340e+07  4.40582428e+01 -8.36604803e+00 
 3.98690702e+07  4.40408255e+01 -8.41111058e+00 
 4.00993286e+07  4.40232200e+01 -8.45637926e+00 
 4.03309169e+07  4.40054246e+01 -8.50185439e+00 
 4.05638426e+07  4.39874374e+01 -8.54753627e+00 
 4.07981136e+07  4.39692563e+01 -8.59342521e+00 
 4.10337376e+07  4.39508796e+01 -8.63952148e+00 
 4.12707224e+07  4.39323053e+01 -8.68582535e+00 
 4.15090759e+07  4.39135314e+01 -8.73233710e+00 
 4.17488059e+07  4.38945560e+01 -8.77905696e+00 
 4.19899205e+07  4.38753770e+01 -8.82598516e+00 
 4.22324276e+07  4.38559925e+01 -8.87312194e+00 
 4.24763353e+07  4.38364005e+01 -8.92046750e+00 
 4.27216516e+07  4.38165989e+01 -8.96802203e+00 
 4.29683848e+07  4.37965857e+01 -9.01578571e+00 
 4.32165429e+07  4.37763588e+01 -9.06375871e+00 
 4.34661342e+07  4.37559161e+01 -9.11194118e+00 
 4.37171669e+07  4.37352556e+01 -9.16033326e+00 
 4.39696495e+07  4.37143752e+01 -9.20893506e+00 
 4.42235903e+07  4.36932726e+01 -9.25774670e+00 
 4.44789977e+07  4.36719459e+01 -9.30676827e+00 
 4.47358801e+07  4.36503927e+01 -9.35599984e+00 
 4.49942461e+07  4.36286110e+01 -9.40544147e+00 
 4.52541043e+07  4.36065986e+01 -9.45509321e+00 
 4.55154633e+07  4.35843532e+01 -9.50495507e+00 
 4.57783317e+07  4.35618727e+01 -9.55502706e+00 
 4.60427182e+07  4.35391548e+01 -9.60530919e+00 
 4.63086317e+07  4.35161972e+01 -9.65580141e+00 
 4.65760810e+07  4.34929978e+01 -9.70650369e+00 
 4.68450748e+07  4.34695541e+01 -9.75741596e+00 
 4.71156222e+07  4.34458640e+01 -9.80853813e+00 
 4.73877321e+07  4.34219251e+01 -9.85987012e+00 
 4.76614136e+07  4.33977351e+01 -9.91141179e+00 
 4.79366756e+07  4.33732916e+01 -9.96316302e+00 
 4.82135274e+07  4.33485922e+01 -1.00151236e+01 
 4.84919781e+07  4.33236347e+01 -1.00672934e+01 
 4.87720370e+07  4.32984166e+01 -1.01196723e+01 
 4.90537133e+07  4.32729356e+01 -1.01722599e+01 
 4.93370164e+07  4.32471891e+01 -1.02250560e+01 
 4.96219556e+07  4.32211748e+01 -1.02780604e+01 
 4.99085405e+07  4.31948902e+01 -1.03312728e+01 
 5.01967806e+07  4.31683328e+01 -1.03846929e+01 
 5.04866853e+07  4.31415003e+01 -1.04383203e+01 
 5.07782643e+07  4.31143900e+01 -1.04921547e+01 
 5.10715273e+07  4.30869994e+01 -1.05461958e+01 
 5.13664840e+07  4.30593261e+01 -1.06004430e+01 
 5.16631442e+07  4.30313676e+01 -1.06548960e+01 
 5.19615177e+07  4.30031212e+01 -1.07095543e+01 
 5.22616144e+07  4.29745844e+01 -1.07644175e+01 
 5.25634443e+07  4.29457546e+01 -1.08194850e+01 
 5.28670174e+07  4.29166292e+01 -1.08747563e+01 
 5.31723437e+07  4.28872056e+01 -1.09302309e+01 
 5.34794334e+07  4.28574813e+01 -1.09859081e+01 
 5.37882966e+07  4.28274534e+01 -1.10417874e+01 
 5.40989436e+07  4.27971196e+01 -1.10978682e+01 
 5.44113848e+07  4.27664769e+01 -1.11541497e+01 
 5.47256304e+07  4.27355228e+01 -1.12106313e+01 
 5.50416909e+07  4.27042546e+01 -1.12673123e+01 
 5.53595767e+07  4.26726696e+01 -1.13241918e+01 
 5.56792984e+07  4.26407651e+01 -1.13812692e+01 
 5.60008667e+07  4.26085383e+01 -1.14385436e+01 
 5.63242921e+07  4.25759866e+01 -1.14960142e+01 
 5.66495855e+07  4.25431071e+01 -1.15536801e+01 
 5.69767575e+07  4.25098971e+01 -1.16115404e+01 
 5.73058191e+07  4.24763538e+01 -1.16695941e+01 
 5.76367811e+07  4.24424745e+01 -1.17278404e+01 
 5.79696545e+07  4.24082563e+01 -1.17862782e+01 
 5.83044504e+07  4.23736965e+01 -1.18449065e+01 
 5.86411799e+07  4.23387922e+01 -1.19037243e+01 
 5.89798541e+07  4.23035407e+01 -1.19627303e+01 
 5.93204843e+07  4.22679390e+01 -1.20219236e+01 
 5.96630817e+07  4.22319843e+01 -1.20813029e+01 
 6.00076578e+07  4.21956738e+01 -1.21408670e+01 
 6.03542239e+07  4.21590045e+01 -1.22006148e+01 
 6.07027915e+07  4.21219738e+01 -1.22605449e+01 
 6.10533723e+07  4.20845785e+01 -1.23206560e+01 
 6.14059778e+07  4.20468160e+01 -1.23809468e+01 
 6.17606197e+07  4.20086832e+01 -1.24414159e+01 
 6.21173098e+07  4.19701772e+01 -1.25020619e+01 
 6.24760599e+07  4.19312952e+01 -1.25628834e+01 
 6.28368820e+07  4.18920342e+01 -1.26238788e+01 
 6.31997879e+07  4.18523914e+01 -1.26850467e+01 
 6.35647897e+07  4.18123637e+01 -1.27463854e+01 
 6.39318996e+07  4.17719482e+01 -1.28078933e+01 
 6.43011296e+07  4.17311420e+01 -1.28695688e+01 
 6.46724921e+07  4.16899422e+01 -1.29314103e+01 
 6.50459993e+07  4.16483457e+01 -1.29934159e+01 
 6.54216637e+07  4.16063497e+01 -1.30555839e+01 
 6.57994977e+07  4.15639512e+01 -1.31179125e+01 
 6.61795138e+07  4.15211471e+01 -1.31803999e+01 
 6.65617246e+07  4.14779347e+01 -1.32430441e+01 
 6.69461429e+07  4.14343108e+01 -1.33058432e+01 
 6.73327813e+07  4.13902725e+01 -1.33687952e+01 
 6.77216526e+07  4.13458169e+01 -1.34318981e+01 
 6.81127699e+07  4.13009409e+01 -1.34951499e+01 
 6.85061460e+07  4.12556416e+01 -1.35585484e+01 
 6.89017940e+07  4.12099161e+01 -1.36220914e+01 
 6.92997270e+07  4.11637613e+01 -1.36857767e+01 
 6.96999582e+07  4.11171743e+01 -1.37496022e+01 
 7.01025008e+07  4.10701522e+01 -1.38135655e+01 
 7.05073684e+07  4.10226919e+01 -1.38776642e+01 
 7.09145741e+07  4.09747905e+01 -1.39418960e+01 
 7.13241317e+07  4.09264451e+01 -1.40062584e+01 
 7.17360545e+07  4.08776527e+01 -1.40707490e+01 
 7.21503564e+07  4.08284103e+01 -1.41353653e+01 
 7.25670511e+07  4.07787150e+01 -1.42001045e+01 
 7.29861522e+07  4.07285639e+01 -1.42649642e+01 
 7.34076739e+07  4.06779541e+01 -1.43299416e+01 
 7.38316300e+07  4.06268825e+01 -1.43950341e+01 
 7.42580346e+07  4.05753464e+01 -1.44602388e+01 
 7.46869018e+07  4.05233428e+01 -1.45255529e+01 
 7.51182459e+07  4.04708688e+01 -1.45909735e+01 
 7.55520812e+07  4.04179216e+01 -1.46564978e+01 
 7.59884220e+07  4.03644982e+01 -1.47221227e+01 
 7.64272829e+07  4.03105958e+01 -1.47878452e+01 
 7.68686783e+07  4.02562115e+01 -1.48536622e+01 
 7.73126230e+07  4.02013426e+01 -1.49195707e+01 
 7.77591316e+07  4.01459862e+01 -1.49855674e+01 
 7.82082189e+07  4.00901394e+01 -1.50516491e+01 
 7.86598999e+07  4.00337996e+01 -1.51178124e+01 
 7.91141896e+07  3.99769639e+01 -1.51840542e+01 
 7.95711029e+07  3.99196296e+01 -1.52503709e+01 
 8.00306550e+07  3.98617939e+01 -1.53167592e+01 
 8.04928612e+07  3.98034541e+01 -1.53832155e+01 
 8.09577369e+07  3.97446075e+01 -1.54497363e+01 
 8.14252973e+07  3.96852515e+01 -1.55163179e+01 
 8.18955581e+07  3.96253834e+01 -1.55829568e+01 
 8.23685349e+07  3.95650005e+01 -1.56496492e+01 
 8.28442432e+07  3.95041003e+01 -1.57163914e+01 
 8.33226989e+07  3.94426801e+01 -1.57831794e+01 
 8.38039179e+07  3.93807374e+01 -1.58500095e+01 
 8.42879161e+07  3.93182697e+01 -1.59168778e+01 
 8.47747096e+07  3.92552744e+01 -1.59837802e+01 
 8.52643144e+07  3.91917491e+01 -1.60507127e+01 
 8.57567470e+07  3.91276913e+01 -1.61176712e+01 
 8.62520235e+07  3.90630987e+01 -1.61846515e+01 
 8.67501604e+07  3.89979687e+01 -1.62516495e+01 
 8.72511742e+07  3.89322991e+01 -1.63186610e+01 
 8.77550815e+07  3.88660875e+01 -1.63856815e+01 
 8.82618991e+07  3.87993316e+01 -1.64527068e+01 
 8.87716438e+07  3.87320293e+01 -1.65197323e+01 
 8.92843324e+07  3.86641782e+01 -1.65867537e+01 
 8.97999820e+07  3.85957761e+01 -1.66537664e+01 
 9.03186097e+07  3.85268210e+01 -1.67207659e+01 
 9.08402326e+07  3.84573108e+01 -1.67877474e+01 
 9.13648681e+07  3.83872433e+01 -1.68547063e+01 
 9.18925335e+07  3.83166165e+01 -1.69216379e+01 
 9.24232464e+07  3.82454285e+01 -1.69885373e+01 
 9.29570244e+07  3.81736773e+01 -1.70553998e+01 
 9.34938851e+07  3.81013610e+01 -1.71222203e+01 
 9.40338464e+07  3.80284778e+01 -1.71889940e+01 
 9.45769262e+07  3.79550259e+01 -1.72557157e+01 
 9.51231424e+07  3.78810035e+01 -1.73223806e+01 
 9.56725133e+07  3.78064090e+01 -1.73889834e+01 
 9.62250569e+07  3.77312405e+01 -1.74555189e+01 
 9.67807917e+07  3.76554967e+01 -1.75219820e+01 
 9.73397361e+07  3.75791758e+01 -1.75883674e+01 
 9.79019086e+07  3.75022765e+01 -1.76546698e+01 
 9.84673278e+07  3.74247972e+01 -1.77208837e+01 
 9.90360126e+07  3.73467366e+01 -1.77870038e+01 
 9.96079817e+07  3.72680934e+01 -1.78530246e+01 
 1.00183254e+08  3.71888662e+01 -1.79189406e+01 
 1.00761849e+08  3.71090539e+01 -1.79847461e+01 
 1.01343785e+08  3.70286553e+01 -1.80504357e+01 
 1.01929083e+08  3.69476693e+01 -1.81160035e+01 
 1.02517760e+08  3.68660950e+01 -1.81814440e+01 
 1.03109838e+08  3.67839312e+01 -1.82467513e+01 
 1.03705335e+08  3.67011771e+01 -1.83119196e+01 
 1.04304271e+08  3.66178319e+01 -1.83769431e+01 
 1.04906666e+08  3.65338949e+01 -1.84418159e+01 
 1.05512540e+08  3.64493652e+01 -1.85065321e+01 
 1.06121914e+08  3.63642424e+01 -1.85710857e+01 
 1.06734807e+08  3.62785257e+01 -1.86354706e+01 
 1.07351239e+08  3.61922148e+01 -1.86996808e+01 
 1.07971232e+08  3.61053092e+01 -1.87637102e+01 
 1.08594805e+08  3.60178086e+01 -1.88275526e+01 
 1.09221979e+08  3.59297127e+01 -1.88912019e+01 
 1.09852776e+08  3.58410213e+01 -1.89546518e+01 
 1.10487216e+08  3.57517343e+01 -1.90178961e+01 
 1.11125320e+08  3.56618516e+01 -1.90809285e+01 
 1.11767109e+08  3.55713734e+01 -1.91437427e+01 
 1.12412605e+08  3.54802997e+01 -1.92063323e+01 
 1.13061829e+08  3.53886307e+01 -1.92686908e+01 
 1.13714802e+08  3.52963667e+01 -1.93308120e+01 
 1.14371547e+08  3.52035081e+01 -1.93926892e+01 
 1.15032084e+08  3.51100554e+01 -1.94543161e+01 
 1.15696436e+08  3.50160090e+01 -1.95156861e+01 
 1.16364625e+08  3.49213696e+01 -1.95767927e+01 
 1.17036674e+08  3.48261379e+01 -1.96376293e+01 
 1.17712603e+08  3.47303147e+01 -1.96981893e+01 
 1.18392436e+08  3.46339009e+01 -1.97584661e+01 
 1.19076196e+08  3.45368975e+01 -1.98184530e+01 
 1.19763904e+08  3.44393055e+01 -1.98781435e+01 
 1.20455585e+08  3.43411261e+01 -1.99375307e+01 
 1.21151260e+08  3.42423605e+01 -1.99966081e+01 
 1.21850952e+08  3.41430102e+01 -2.00553688e+01 
 1.22554686e+08  3.40430765e+01 -2.01138062e+01 
 1.23262484e+08  3.39425610e+01 -2.01719135e+01 
 1.23974370e+08  3.38414652e+01 -2.02296840e+01 
 1.24690367e+08  3.37397910e+01 -2.02871109e+01 
 1.25410499e+08  3.36375402e+01 -2.03441874e+01 
 1.26134791e+08  3.35347146e+01 -2.04009067e+01 
 1.26863265e+08  3.34313163e+01 -2.04572620e+01 
 1.27595947e+08  3.33273474e+01 -2.05132466e+01 
 1.28332860e+08  3.32228101e+01 -2.05688536e+01 
 1.29074029e+08  3.31177068e+01 -2.06240762e+01 
 1.29819479e+08  3.30120399e+01 -2.06789076e+01 
 1.30569233e+08  3.29058118e+01 -2.07333411e+01 
 1.31323318e+08  3.27990253e+01 -2.07873698e+01 
 1.32081758e+08  3.26916830e+01 -2.08409869e+01 
 1.32844579e+08  3.25837877e+01 -2.08941857e+01 
 1.33611805e+08  3.24753424e+01 -2.09469593e+01 
 1.34383462e+08  3.23663502e+01 -2.09993011e+01 
 1.35159575e+08  3.22568141e+01 -2.10512041e+01 
 1.35940171e+08  3.21467374e+01 -2.11026618e+01 
 1.36725275e+08  3.20361235e+01 -2.11536674e+01 
 1.37514913e+08  3.19249757e+01 -2.12042141e+01 
 1.38309112e+08  3.18132977e+01 -2.12542953e+01 
 1.39107898e+08  3.17010932e+01 -2.13039044e+01 
 1.39911297e+08  3.15883657e+01 -2.13530346e+01 
 1.40719335e+08  3.14751194e+01 -2.14016793e+01 
 1.41532041e+08  3.13613580e+01 -2.14498320e+01 
 1.42349440e+08  3.12470857e+01 -2.14974862e+01 
 1.43171560e+08  3.11323067e+01 -2.15446351e+01 
 1.43998428e+08  3.10170253e+01 -2.15912725e+01 
 1.44830071e+08  3.09012458e+01 -2.16373918e+01 
 1.45666518e+08  3.07849727e+01 -2.16829865e+01 
 1.46507795e+08  3.06682107e+01 -2.17280503e+01 
 1.47353931e+08  3.05509645e+01 -2.17725769e+01 
 1.48204954e+08  3.04332388e+01 -2.18165599e+01 
 1.49060892e+08  3.03150387e+01 -2.18599931e+01 
 1.49921773e+08  3.01963690e+01 -2.19028702e+01 
 1.50787626e+08  3.00772349e+01 -2.19451852e+01 
 1.51658479e+08  2.99576416e+01 -2.19869318e+01 
 1.52534362e+08  2.98375945e+01 -2.20281041e+01 
 1.53415304e+08  2.97170990e+01 -2.20686959e+01 
 1.54301333e+08  2.95961606e+01 -2.21087015e+01 
 1.55192480e+08  2.94747849e+01 -2.21481148e+01 
 1.56088773e+08  2.93529777e+01 -2.21869300e+01 
 1.56990242e+08  2.92307447e+01 -2.22251414e+01 
 1.57896918e+08  2.91080919e+01 -2.22627432e+01 
 1.58808831e+08  2.89850252e+01 -2.22997299e+01 
 1.59726009e+08  2.88615509e+01 -2.23360958e+01 
 1.60648485e+08  2.87376751e+01 -2.23718355e+01 
 1.61576289e+08  2.86134041e+01 -2.24069435e+01 
 1.62509451e+08  2.84887444e+01 -2.24414144e+01 
 1.63448002e+08  2.83637023e+01 -2.24752430e+01 
 1.64391974e+08  2.82382844e+01 -2.25084241e+01 
 1.65341398e+08  2.81124975e+01 -2.25409526e+01 
 1.66296305e+08  2.79863482e+01 -2.25728234e+01 
 1.67256727e+08  2.78598435e+01 -2.26040315e+01 
 1.68222695e+08  2.77329902e+01 -2.26345721e+01 
 1.69194243e+08  2.76057954e+01 -2.26644404e+01 
 1.70171401e+08  2.74782661e+01 -2.26936317e+01 
 1.71154203e+08  2.73504096e+01 -2.27221414e+01 
 1.72142681e+08  2.72222330e+01 -2.27499649e+01 
 1.73136868e+08  2.70937438e+01 -2.27770979e+01 
 1.74136796e+08  2.69649493e+01 -2.28035360e+01 
 1.75142500e+08  2.68358570e+01 -2.28292750e+01 
 1.76154012e+08  2.67064745e+01 -2.28543108e+01 
 1.77171365e+08  2.65768094e+01 -2.28786392e+01 
 1.78194595e+08  2.64468695e+01 -2.29022565e+01 
 1.79223733e+08  2.63166624e+01 -2.29251587e+01 
 1.80258816e+08  2.61861961e+01 -2.29473421e+01 
 1.81299876e+08  2.60554785e+01 -2.29688032e+01 
 1.82346949e+08  2.59245175e+01 -2.29895383e+01 
 1.83400069e+08  2.57933213e+01 -2.30095441e+01 
 1.84459272e+08  2.56618977e+01 -2.30288174e+01 
 1.85524591e+08  2.55302551e+01 -2.30473548e+01 
 1.86596063e+08  2.53984017e+01 -2.30651534e+01 
 1.87673724e+08  2.52663457e+01 -2.30822102e+01 
 1.88757608e+08  2.51340954e+01 -2.30985223e+01 
 1.89847752e+08  2.50016592e+01 -2.31140871e+01 
 1.90944192e+08  2.48690456e+01 -2.31289019e+01 
 1.92046964e+08  2.47362629e+01 -2.31429641e+01 
 1.93156106e+08  2.46033197e+01 -2.31562716e+01 
 1.94271653e+08  2.44702246e+01 -2.31688219e+01 
 1.95393642e+08  2.43369861e+01 -2.31806129e+01 
 1.96522112e+08  2.42036129e+01 -2.31916427e+01 
 1.97657099e+08  2.40701136e+01 -2.32019094e+01 
 1.98798641e+08  2.39364970e+01 -2.32114111e+01 
 1.99946775e+08  2.38027718e+01 -2.32201463e+01 
 2.01101541e+08  2.36689466e+01 -2.32281135e+01 
 2.02262976e+08  2.35350304e+01 -2.32353111e+01 
 2.03431118e+08  2.34010319e+01 -2.32417380e+01 
 2.04606007e+08  2.32669599e+01 -2.32473931e+01 
 2.05787681e+08  2.31328234e+01 -2.32522752e+01 
 2.06976180e+08  2.29986311e+01 -2.32563836e+01 
 2.08171543e+08  2.28643920e+01 -2.32597174e+01 
 2.09373810e+08  2.27301149e+01 -2.32622761e+01 
 2.10583020e+08  2.25958088e+01 -2.32640591e+01 
 2.11799214e+08  2.24614826e+01 -2.32650660e+01 
 2.13022431e+08  2.23271452e+01 -2.32652966e+01 
 2.14252714e+08  2.21928055e+01 -2.32647508e+01 
 2.15490101e+08  2.20584724e+01 -2.32634286e+01 
 2.16734635e+08  2.19241549e+01 -2.32613300e+01 
 2.17986357e+08  2.17898619e+01 -2.32584555e+01 
 2.19245308e+08  2.16556023e+01 -2.32548053e+01 
 2.20511529e+08  2.15213850e+01 -2.32503801e+01 
 2.21785064e+08  2.13872190e+01 -2.32451803e+01 
 2.23065953e+08  2.12531130e+01 -2.32392069e+01 
 2.24354241e+08  2.11190759e+01 -2.32324607e+01 
 2.25649968e+08  2.09851166e+01 -2.32249427e+01 
 2.26953179e+08  2.08512440e+01 -2.32166541e+01 
 2.28263916e+08  2.07174668e+01 -2.32075962e+01 
 2.29582224e+08  2.05837938e+01 -2.31977704e+01 
 2.30908145e+08  2.04502338e+01 -2.31871782e+01 
 2.32241724e+08  2.03167955e+01 -2.31758213e+01 
 2.33583004e+08  2.01834875e+01 -2.31637015e+01 
 2.34932031e+08  2.00503186e+01 -2.31508206e+01 
 2.36288850e+08  1.99172973e+01 -2.31371807e+01 
 2.37653504e+08  1.97844323e+01 -2.31227839e+01 
 2.39026040e+08  1.96517321e+01 -2.31076325e+01 
 2.40406502e+08  1.95192052e+01 -2.30917288e+01 
 2.41794937e+08  1.93868600e+01 -2.30750755e+01 
 2.43191391e+08  1.92547049e+01 -2.30576751e+01 
 2.44595910e+08  1.91227484e+01 -2.30395303e+01 
 2.46008541e+08  1.89909987e+01 -2.30206439e+01 
 2.47429330e+08  1.88594641e+01 -2.30010191e+01 
 2.48858325e+08  1.87281528e+01 -2.29806588e+01 
 2.50295572e+08  1.85970729e+01 -2.29595662e+01 
 2.51741121e+08  1.84662325e+01 -2.29377447e+01 
 2.53195017e+08  1.83356397e+01 -2.29151976e+01 
 2.54657311e+08  1.82053024e+01 -2.28919285e+01 
 2.56128050e+08  1.80752285e+01 -2.28679410e+01 
 2.57607283e+08  1.79454258e+01 -2.28432389e+01 
 2.59095059e+08  1.78159021e+01 -2.28178259e+01 
 2.60591427e+08  1.76866651e+01 -2.27917060e+01 
 2.62096438e+08  1.75577225e+01 -2.27648832e+01 
 2.63610140e+08  1.74290817e+01 -2.27373618e+01 
 2.65132585e+08  1.73007502e+01 -2.27091459e+01 
 2.66663822e+08  1.71727355e+01 -2.26802398e+01 
 2.68203903e+08  1.70450449e+01 -2.26506481e+01 
 2.69752879e+08  1.69176856e+01 -2.26203751e+01 
 2.71310800e+08  1.67906647e+01 -2.25894256e+01 
 2.72877719e+08  1.66639894e+01 -2.25578042e+01 
 2.74453687e+08  1.65376666e+01 -2.25255157e+01 
 2.76038757e+08  1.64117033e+01 -2.24925650e+01 
 2.77632982e+08  1.62861063e+01 -2.24589571e+01 
 2.79236414e+08  1.61608823e+01 -2.24246970e+01 
 2.80849106e+08  1.60360380e+01 -2.23897897e+01 
 2.82471112e+08  1.59115798e+01 -2.23542407e+01 
 2.84102486e+08  1.57875144e+01 -2.23180550e+01 
 2.85743281e+08  1.56638481e+01 -2.22812381e+01 
 2.87393553e+08  1.55405871e+01 -2.22437954e+01 
 2.89053355e+08  1.54177376e+01 -2.22057323e+01 
 2.90722744e+08  1.52953058e+01 -2.21670546e+01 
 2.92401774e+08  1.51732976e+01 -2.21277677e+01 
 2.94090501e+08  1.50517189e+01 -2.20878774e+01 
 2.95788981e+08  1.49305756e+01 -2.20473895e+01 
 2.97497270e+08  1.48098733e+01 -2.20063098e+01 
 2.99215425e+08  1.46896176e+01 -2.19646442e+01 
 3.00943503e+08  1.45698141e+01 -2.19223986e+01 
 3.02681562e+08  1.44504682e+01 -2.18795791e+01 
 3.04429658e+08  1.43315851e+01 -2.18361916e+01 
 3.06187851e+08  1.42131701e+01 -2.17922424e+01 
 3.07956197e+08  1.40952283e+01 -2.17477375e+01 
 3.09734757e+08  1.39777647e+01 -2.17026831e+01 
 3.11523588e+08  1.38607841e+01 -2.16570856e+01 
 3.13322750e+08  1.37442914e+01 -2.16109512e+01 
 3.15132303e+08  1.36282912e+01 -2.15642863e+01 
 3.16952307e+08  1.35127881e+01 -2.15170972e+01 
 3.18782823e+08  1.33977867e+01 -2.14693903e+01 
 3.20623910e+08  1.32832913e+01 -2.14211722e+01 
 3.22475630e+08  1.31693061e+01 -2.13724492e+01 
 3.24338044e+08  1.30558354e+01 -2.13232280e+01 
 3.26211215e+08  1.29428832e+01 -2.12735150e+01 
 3.28095203e+08  1.28304534e+01 -2.12233168e+01 
 3.29990073e+08  1.27185500e+01 -2.11726401e+01 
 3.31895886e+08  1.26071766e+01 -2.11214915e+01 
 3.33812706e+08  1.24963369e+01 -2.10698776e+01 
 3.35740596e+08  1.23860345e+01 -2.10178051e+01 
 3.37679620e+08  1.22762728e+01 -2.09652807e+01 
 3.39629843e+08  1.21670551e+01 -2.09123111e+01 
 3.41591330e+08  1.20583846e+01 -2.08589031e+01 
 3.43564144e+08  1.19502645e+01 -2.08050633e+01 
 3.45548352e+08  1.18426978e+01 -2.07507985e+01 
 3.47544020e+08  1.17356874e+01 -2.06961156e+01 
 3.49551214e+08  1.16292362e+01 -2.06410212e+01 
 3.51569999e+08  1.15233467e+01 -2.05855221e+01 
 3.53600444e+08  1.14180218e+01 -2.05296251e+01 
 3.55642616e+08  1.13132638e+01 -2.04733370e+01 
 3.57696582e+08  1.12090752e+01 -2.04166646e+01 
 3.59762410e+08  1.11054583e+01 -2.03596147e+01 
 3.61840169e+08  1.10024152e+01 -2.03021940e+01 
 3.63929928e+08  1.08999482e+01 -2.02444093e+01 
 3.66031756e+08  1.07980592e+01 -2.01862674e+01 
 3.68145723e+08  1.06967502e+01 -2.01277751e+01 
 3.70271899e+08  1.05960228e+01 -2.00689391e+01 
 3.72410354e+08  1.04958790e+01 -2.00097661e+01 
 3.74561160e+08  1.03963202e+01 -1.99502630e+01 
 3.76724387e+08  1.02973481e+01 -1.98904364e+01 
 3.78900108e+08  1.01989641e+01 -1.98302931e+01 
 3.81088394e+08  1.01011694e+01 -1.97698396e+01 
 3.83289319e+08  1.00039654e+01 -1.97090828e+01 
 3.85502955e+08  9.90735318e+00 -1.96480293e+01 
 3.87729375e+08  9.81133385e+00 -1.95866856e+01 
 3.89968653e+08  9.71590837e+00 -1.95250585e+01 
 3.92220865e+08  9.62107762e+00 -1.94631545e+01 
 3.94486083e+08  9.52684241e+00 -1.94009802e+01 
 3.96764384e+08  9.43320344e+00 -1.93385422e+01 
 3.99055843e+08  9.34016134e+00 -1.92758468e+01 
 4.01360536e+08  9.24771665e+00 -1.92129008e+01 
 4.03678540e+08  9.15586982e+00 -1.91497104e+01 
 4.06009931e+08  9.06462122e+00 -1.90862822e+01 
 4.08354786e+08  8.97397113e+00 -1.90226225e+01 
 4.10713184e+08  8.88391978e+00 -1.89587377e+01 
 4.13085202e+08  8.79446727e+00 -1.88946342e+01 
 4.15470920e+08  8.70561365e+00 -1.88303183e+01 
 4.17870416e+08  8.61735890e+00 -1.87657961e+01 
 4.20283770e+08  8.52970290e+00 -1.87010741e+01 
 4.22711063e+08  8.44264547e+00 -1.86361582e+01 
 4.25152373e+08  8.35618635e+00 -1.85710548e+01 
 4.27607783e+08  8.27032519e+00 -1.85057699e+01 
 4.30077374e+08  8.18506159e+00 -1.84403097e+01 
 4.32561228e+08  8.10039508e+00 -1.83746800e+01 
 4.35059427e+08  8.01632509e+00 -1.83088870e+01 
 4.37572054e+08  7.93285100e+00 -1.82429366e+01 
 4.40099192e+08  7.84997214e+00 -1.81768347e+01 
 4.42640925e+08  7.76768773e+00 -1.81105872e+01 
 4.45197338e+08  7.68599695e+00 -1.80441999e+01 
 4.47768515e+08  7.60489892e+00 -1.79776786e+01 
 4.50354542e+08  7.52439268e+00 -1.79110290e+01 
 4.52955503e+08  7.44447722e+00 -1.78442568e+01 
 4.55571487e+08  7.36515145e+00 -1.77773676e+01 
 4.58202578e+08  7.28641424e+00 -1.77103671e+01 
 4.60848865e+08  7.20826439e+00 -1.76432607e+01 
 4.63510435e+08  7.13070064e+00 -1.75760541e+01 
 4.66187377e+08  7.05372168e+00 -1.75087525e+01 
 4.68879780e+08  6.97732613e+00 -1.74413615e+01 
 4.71587731e+08  6.90151257e+00 -1.73738864e+01 
 4.74311322e+08  6.82627953e+00 -1.73063324e+01 
 4.77050643e+08  6.75162546e+00 -1.72387049e+01 
 4.79805785e+08  6.67754879e+00 -1.71710090e+01 
 4.82576838e+08  6.60404787e+00 -1.71032498e+01 
 4.85363896e+08  6.53112103e+00 -1.70354325e+01 
 4.88167049e+08  6.45876654e+00 -1.69675621e+01 
 4.90986392e+08  6.38698261e+00 -1.68996436e+01 
 4.93822017e+08  6.31576741e+00 -1.68316819e+01 
 4.96674020e+08  6.24511908e+00 -1.67636819e+01 
 4.99542493e+08  6.17503571e+00 -1.66956485e+01 
 5.02427534e+08  6.10551533e+00 -1.66275863e+01 
 5.05329236e+08  6.03655594e+00 -1.65595002e+01 
 5.08247697e+08  5.96815551e+00 -1.64913949e+01 
 5.11183012e+08  5.90031195e+00 -1.64232748e+01 
 5.14135281e+08  5.83302315e+00 -1.63551446e+01 
 5.17104600e+08  5.76628695e+00 -1.62870089e+01 
 5.20091067e+08  5.70010117e+00 -1.62188719e+01 
 5.23094783e+08  5.63446356e+00 -1.61507383e+01 
 5.26115846e+08  5.56937187e+00 -1.60826122e+01 
 5.29154357e+08  5.50482381e+00 -1.60144980e+01 
 5.32210416e+08  5.44081705e+00 -1.59464000e+01 
 5.35284126e+08  5.37734922e+00 -1.58783222e+01 
 5.38375587e+08  5.31441794e+00 -1.58102689e+01 
 5.41484902e+08  5.25202079e+00 -1.57422441e+01 
 5.44612175e+08  5.19015532e+00 -1.56742518e+01 
 5.47757509e+08  5.12881905e+00 -1.56062961e+01 
 5.50921009e+08  5.06800950e+00 -1.55383807e+01 
 5.54102778e+08  5.00772411e+00 -1.54705097e+01 
 5.57302924e+08  4.94796036e+00 -1.54026867e+01 
 5.60521552e+08  4.88871565e+00 -1.53349155e+01 
 5.63758768e+08  4.82998740e+00 -1.52671998e+01 
 5.67014681e+08  4.77177297e+00 -1.51995434e+01 
 5.70289397e+08  4.71406974e+00 -1.51319497e+01 
 5.73583027e+08  4.65687503e+00 -1.50644223e+01 
 5.76895678e+08  4.60018617e+00 -1.49969647e+01 
 5.80227461e+08  4.54400045e+00 -1.49295803e+01 
 5.83578486e+08  4.48831516e+00 -1.48622725e+01 
 5.86948865e+08  4.43312757e+00 -1.47950446e+01 
 5.90338709e+08  4.37843492e+00 -1.47278999e+01 
 5.93748130e+08  4.32423445e+00 -1.46608417e+01 
 5.97177242e+08  4.27052338e+00 -1.45938730e+01 
 6.00626158e+08  4.21729891e+00 -1.45269971e+01 
 6.04094994e+08  4.16455824e+00 -1.44602170e+01 
 6.07583863e+08  4.11229855e+00 -1.43935357e+01 
 6.11092881e+08  4.06051701e+00 -1.43269562e+01 
 6.14622165e+08  4.00921077e+00 -1.42604813e+01 
 6.18171832e+08  3.95837699e+00 -1.41941141e+01 
 6.21742000e+08  3.90801281e+00 -1.41278572e+01 
 6.25332787e+08  3.85811536e+00 -1.40617136e+01 
 6.28944312e+08  3.80868175e+00 -1.39956858e+01 
 6.32576695e+08  3.75970911e+00 -1.39297765e+01 
 6.36230056e+08  3.71119455e+00 -1.38639885e+01 
 6.39904517e+08  3.66313517e+00 -1.37983242e+01 
 6.43600199e+08  3.61552806e+00 -1.37327862e+01 
 6.47317225e+08  3.56837033e+00 -1.36673770e+01 
 6.51055718e+08  3.52165906e+00 -1.36020990e+01 
 6.54815802e+08  3.47539133e+00 -1.35369546e+01 
 6.58597602e+08  3.42956424e+00 -1.34719462e+01 
 6.62401244e+08  3.38417486e+00 -1.34070760e+01 
 6.66226853e+08  3.33922026e+00 -1.33423463e+01 
 6.70074556e+08  3.29469754e+00 -1.32777594e+01 
 6.73944481e+08  3.25060376e+00 -1.32133173e+01 
 6.77836756e+08  3.20693600e+00 -1.31490222e+01 
 6.81751510e+08  3.16369134e+00 -1.30848762e+01 
 6.85688874e+08  3.12086686e+00 -1.30208813e+01 
 6.89648977e+08  3.07845964e+00 -1.29570395e+01 
 6.93631952e+08  3.03646676e+00 -1.28933528e+01 
 6.97637929e+08  2.99488530e+00 -1.28298230e+01 
 7.01667043e+08  2.95371236e+00 -1.27664521e+01 
 7.05719426e+08  2.91294501e+00 -1.27032418e+01 
 7.09795213e+08  2.87258037e+00 -1.26401940e+01 
 7.13894540e+08  2.83261551e+00 -1.25773103e+01 
 7.18017541e+08  2.79304755e+00 -1.25145925e+01 
 7.22164354e+08  2.75387360e+00 -1.24520422e+01 
 7.26335117e+08  2.71509076e+00 -1.23896612e+01 
 7.30529967e+08  2.67669616e+00 -1.23274508e+01 
 7.34749044e+08  2.63868692e+00 -1.22654128e+01 
 7.38992488e+08  2.60106018e+00 -1.22035486e+01 
 7.43260439e+08  2.56381306e+00 -1.21418597e+01 
 7.47553039e+08  2.52694272e+00 -1.20803476e+01 
 7.51870431e+08  2.49044631e+00 -1.20190135e+01 
 7.56212757e+08  2.45432099e+00 -1.19578590e+01 
 7.60580161e+08  2.41856392e+00 -1.18968852e+01 
 7.64972789e+08  2.38317230e+00 -1.18360936e+01 
 7.69390786e+08  2.34814330e+00 -1.17754854e+01 
 7.73834299e+08  2.31347412e+00 -1.17150617e+01 
 7.78303474e+08  2.27916196e+00 -1.16548239e+01 
 7.82798460e+08  2.24520404e+00 -1.15947730e+01 
 7.87319407e+08  2.21159759e+00 -1.15349101e+01 
 7.91866464e+08  2.17833983e+00 -1.14752365e+01 
 7.96439782e+08  2.14542802e+00 -1.14157530e+01 
 8.01039512e+08  2.11285941e+00 -1.13564608e+01 
 8.05665807e+08  2.08063127e+00 -1.12973609e+01 
 8.10318821e+08  2.04874087e+00 -1.12384541e+01 
 8.14998708e+08  2.01718551e+00 -1.11797416e+01 
 8.19705623e+08  1.98596249e+00 -1.11212240e+01 
 8.24439722e+08  1.95506911e+00 -1.10629024e+01 
 8.29201162e+08  1.92450270e+00 -1.10047776e+01 
 8.33990101e+08  1.89426061e+00 -1.09468504e+01 
 8.38806698e+08  1.86434017e+00 -1.08891216e+01 
 8.43651113e+08  1.83473876e+00 -1.08315919e+01 
 8.48523506e+08  1.80545374e+00 -1.07742621e+01 
 8.53424039e+08  1.77648251e+00 -1.07171329e+01 
 8.58352874e+08  1.74782246e+00 -1.06602049e+01 
 8.63310175e+08  1.71947101e+00 -1.06034789e+01 
 8.68296106e+08  1.69142558e+00 -1.05469554e+01 
 8.73310833e+08  1.66368361e+00 -1.04906351e+01 
 8.78354521e+08  1.63624256e+00 -1.04345185e+01 
 8.83427339e+08  1.60909989e+00 -1.03786061e+01 
 8.88529454e+08  1.58225309e+00 -1.03228986e+01 
 8.93661036e+08  1.55569965e+00 -1.02673964e+01 
 8.98822255e+08  1.52943708e+00 -1.02121000e+01 
 9.04013281e+08  1.50346289e+00 -1.01570098e+01 
 9.09234287e+08  1.47777464e+00 -1.01021263e+01 
 9.14485447e+08  1.45236986e+00 -1.00474499e+01 
 9.19766934e+08  1.42724613e+00 -9.99298100e+00 
 9.25078924e+08  1.40240102e+00 -9.93871992e+00 
 9.30421592e+08  1.37783213e+00 -9.88466704e+00 
 9.35795116e+08  1.35353706e+00 -9.83082268e+00 
 9.41199674e+08  1.32951344e+00 -9.77718713e+00 
 9.46635446e+08  1.30575891e+00 -9.72376069e+00 
 9.52102611e+08  1.28227112e+00 -9.67054362e+00 
 9.57601351e+08  1.25904774e+00 -9.61753615e+00 
 9.63131848e+08  1.23608644e+00 -9.56473852e+00 
 9.68694286e+08  1.21338492e+00 -9.51215093e+00 
 9.74288848e+08  1.19094090e+00 -9.45977356e+00 
 9.79915722e+08  1.16875210e+00 -9.40760658e+00 
 9.85575093e+08  1.14681626e+00 -9.35565015e+00 
 9.91267148e+08  1.12513114e+00 -9.30390439e+00 
 9.96992078e+08  1.10369451e+00 -9.25236942e+00 
 1.00275007e+09  1.08250415e+00 -9.20104534e+00 
 1.00854132e+09  1.06155785e+00 -9.14993222e+00 
 1.01436601e+09  1.04085345e+00 -9.09903014e+00 
 1.02022435e+09  1.02038876e+00 -9.04833913e+00 
 1.02611651e+09  1.00016164e+00 -8.99785924e+00 
 1.03204271e+09  9.80169932e-01 -8.94759047e+00 
 1.03800313e+09  9.60411520e-01 -8.89753284e+00 
 1.04399798e+09  9.40884292e-01 -8.84768631e+00 
 1.05002745e+09  9.21586150e-01 -8.79805087e+00 
 1.05609174e+09  9.02515013e-01 -8.74862648e+00 
 1.06219106e+09  8.83668814e-01 -8.69941307e+00 
 1.06832560e+09  8.65045501e-01 -8.65041058e+00 
 1.07449557e+09  8.46643035e-01 -8.60161892e+00 
 1.08070117e+09  8.28459395e-01 -8.55303798e+00 
 1.08694261e+09  8.10492570e-01 -8.50466767e+00 
 1.09322011e+09  7.92740568e-01 -8.45650786e+00 
 1.09953385e+09  7.75201408e-01 -8.40855840e+00 
 1.10588406e+09  7.57873127e-01 -8.36081916e+00 
 1.11227094e+09  7.40753771e-01 -8.31328996e+00 
 1.11869471e+09  7.23841406e-01 -8.26597064e+00 
 1.12515558e+09  7.07134110e-01 -8.21886102e+00 
 1.13165377e+09  6.90629973e-01 -8.17196089e+00 
 1.13818948e+09  6.74327103e-01 -8.12527005e+00 
 1.14476294e+09  6.58223619e-01 -8.07878828e+00 
 1.15137436e+09  6.42317657e-01 -8.03251535e+00 
 1.15802397e+09  6.26607364e-01 -7.98645103e+00 
 1.16471198e+09  6.11090903e-01 -7.94059506e+00 
 1.17143862e+09  5.95766449e-01 -7.89494719e+00 
 1.17820410e+09  5.80632193e-01 -7.84950714e+00 
 1.18500866e+09  5.65686338e-01 -7.80427464e+00 
 1.19185252e+09  5.50927101e-01 -7.75924940e+00 
 1.19873590e+09  5.36352713e-01 -7.71443113e+00 
 1.20565904e+09  5.21961419e-01 -7.66981951e+00 
 1.21262216e+09  5.07751476e-01 -7.62541423e+00 
 1.21962550e+09  4.93721154e-01 -7.58121497e+00 
 1.22666928e+09  4.79868739e-01 -7.53722140e+00 
 1.23375374e+09  4.66192527e-01 -7.49343317e+00 
 1.24087912e+09  4.52690830e-01 -7.44984994e+00 
 1.24804565e+09  4.39361970e-01 -7.40647135e+00 
 1.25525357e+09  4.26204284e-01 -7.36329704e+00 
 1.26250311e+09  4.13216122e-01 -7.32032664e+00 
 1.26979453e+09  4.00395845e-01 -7.27755977e+00 
 1.27712806e+09  3.87741829e-01 -7.23499604e+00 
 1.28450394e+09  3.75252461e-01 -7.19263506e+00 
 1.29192242e+09  3.62926141e-01 -7.15047643e+00 
 1.29938374e+09  3.50761281e-01 -7.10851975e+00 
 1.30688815e+09  3.38756306e-01 -7.06676460e+00 
 1.31443591e+09  3.26909653e-01 -7.02521056e+00 
 1.32202726e+09  3.15219771e-01 -6.98385721e+00 
 1.32966245e+09  3.03685121e-01 -6.94270412e+00 
 1.33734173e+09  2.92304177e-01 -6.90175085e+00 
 1.34506537e+09  2.81075423e-01 -6.86099695e+00 
 1.35283361e+09  2.69997358e-01 -6.82044198e+00 
 1.36064672e+09  2.59068489e-01 -6.78008549e+00 
 1.36850495e+09  2.48287337e-01 -6.73992701e+00 
 1.37640857e+09  2.37652433e-01 -6.69996607e+00 
 1.38435783e+09  2.27162322e-01 -6.66020222e+00 
 1.39235300e+09  2.16815559e-01 -6.62063497e+00 
 1.40039435e+09  2.06610708e-01 -6.58126384e+00 
 1.40848213e+09  1.96546348e-01 -6.54208835e+00 
 1.41661663e+09  1.86621068e-01 -6.50310801e+00 
 1.42479811e+09  1.76833465e-01 -6.46432232e+00 
 1.43302684e+09  1.67182152e-01 -6.42573079e+00 
 1.44130309e+09  1.57665749e-01 -6.38733291e+00 
 1.44962714e+09  1.48282889e-01 -6.34912818e+00 
 1.45799927e+09  1.39032214e-01 -6.31111609e+00 
 1.46641975e+09  1.29912377e-01 -6.27329611e+00 
 1.47488885e+09  1.20922043e-01 -6.23566774e+00 
 1.48340688e+09  1.12059885e-01 -6.19823044e+00 
 1.49197409e+09  1.03324589e-01 -6.16098369e+00 
 1.50059079e+09  9.47148495e-02 -6.12392697e+00 
 1.50925725e+09  8.62293714e-02 -6.08705972e+00 
 1.51797376e+09  7.78668701e-02 -6.05038143e+00 
 1.52674061e+09  6.96260708e-02 -6.01389154e+00 
 1.53555809e+09  6.15057087e-02 -5.97758952e+00 
 1.54442650e+09  5.35045289e-02 -5.94147481e+00 
 1.55334613e+09  4.56212861e-02 -5.90554687e+00 
 1.56231727e+09  3.78547448e-02 -5.86980514e+00 
 1.57134022e+09  3.02036792e-02 -5.83424906e+00 
 1.58041528e+09  2.26668729e-02 -5.79887807e+00 
 1.58954276e+09  1.52431191e-02 -5.76369162e+00 
 1.59872295e+09  7.93122021e-03 -5.72868913e+00 
 1.60795616e+09  7.29988082e-04 -5.69387004e+00 
 1.61724269e+09 -6.36175625e-03 -5.65923377e+00 
 1.62658286e+09 -1.33451826e-02 -5.62477976e+00 
 1.63597696e+09 -2.02214516e-02 -5.59050743e+00 
 1.64542533e+09 -2.69917150e-02 -5.55641619e+00 
 1.65492826e+09 -3.36571156e-02 -5.52250547e+00 
 1.66448607e+09 -4.02187872e-02 -5.48877468e+00 
 1.67409909e+09 -4.66778549e-02 -5.45522325e+00 
 1.68376762e+09 -5.30354350e-02 -5.42185057e+00 
 1.69349199e+09 -5.92926353e-02 -5.38865606e+00 
 1.70327253e+09 -6.54505547e-02 -5.35563913e+00 
 1.71310955e+09 -7.15102839e-02 -5.32279918e+00 
 1.72300338e+09 -7.74729048e-02 -5.29013562e+00 
 1.73295435e+09 -8.33394911e-02 -5.25764785e+00 
 1.74296280e+09 -8.91111082e-02 -5.22533526e+00 
 1.75302904e+09 -9.47888131e-02 -5.19319726e+00 
 1.76315343e+09 -1.00373655e-01 -5.16123323e+00 
 1.77333628e+09 -1.05866673e-01 -5.12944259e+00 
 1.78357794e+09 -1.11268902e-01 -5.09782470e+00 
 1.79387876e+09 -1.16581364e-01 -5.06637898e+00 
 1.80423906e+09 -1.21805078e-01 -5.03510480e+00 
 1.81465920e+09 -1.26941051e-01 -5.00400155e+00 
 1.82513952e+09 -1.31990284e-01 -4.97306861e+00 
 1.83568037e+09 -1.36953769e-01 -4.94230538e+00 
 1.84628209e+09 -1.41832493e-01 -4.91171123e+00 
 1.85694504e+09 -1.46627432e-01 -4.88128554e+00 
 1.86766958e+09 -1.51339556e-01 -4.85102769e+00 
 1.87845605e+09 -1.55969827e-01 -4.82093707e+00 
 1.88930482e+09 -1.60519200e-01 -4.79101303e+00 
 1.90021624e+09 -1.64988621e-01 -4.76125497e+00 
 1.91119069e+09 -1.69379030e-01 -4.73166225e+00 
 1.92222851e+09 -1.73691360e-01 -4.70223425e+00 
 1.93333008e+09 -1.77926534e-01 -4.67297033e+00 
 1.94449577e+09 -1.82085470e-01 -4.64386987e+00 
 1.95572594e+09 -1.86169078e-01 -4.61493223e+00 
 1.96702097e+09 -1.90178261e-01 -4.58615678e+00 
 1.97838123e+09 -1.94113914e-01 -4.55754288e+00 
 1.98980711e+09 -1.97976926e-01 -4.52908991e+00 
 2.00129897e+09 -2.01768178e-01 -4.50079722e+00 
 2.01285720e+09 -2.05488544e-01 -4.47266418e+00 
 2.02448218e+09 -2.09138890e-01 -4.44469014e+00 
 2.03617431e+09 -2.12720078e-01 -4.41687448e+00 
 2.04793396e+09 -2.16232960e-01 -4.38921654e+00 
 2.05976152e+09 -2.19678381e-01 -4.36171568e+00 
 2.07165740e+09 -2.23057182e-01 -4.33437127e+00 
 2.08362197e+09 -2.26370194e-01 -4.30718266e+00 
 2.09565565e+09 -2.29618243e-01 -4.28014920e+00 
 2.10775883e+09 -2.32802147e-01 -4.25327026e+00 
 2.11993190e+09 -2.35922717e-01 -4.22654517e+00 
 2.13217528e+09 -2.38980760e-01 -4.19997331e+00 
 2.14448937e+09 -2.41977072e-01 -4.17355401e+00 
 2.15687458e+09 -2.44912446e-01 -4.14728663e+00 
 2.16933132e+09 -2.47787667e-01 -4.12117052e+00 
 2.18186000e+09 -2.50603512e-01 -4.09520503e+00 
 2.19446104e+09 -2.53360752e-01 -4.06938951e+00 
 2.20713485e+09 -2.56060154e-01 -4.04372331e+00 
 2.21988186e+09 -2.58702475e-01 -4.01820578e+00 
 2.23270249e+09 -2.61288467e-01 -3.99283626e+00 
 2.24559716e+09 -2.63818875e-01 -3.96761410e+00 
 2.25856630e+09 -2.66294439e-01 -3.94253865e+00 
 2.27161034e+09 -2.68715889e-01 -3.91760924e+00 
 2.28472972e+09 -2.71083953e-01 -3.89282524e+00 
 2.29792487e+09 -2.73399349e-01 -3.86818598e+00 
 2.31119622e+09 -2.75662790e-01 -3.84369080e+00 
 2.32454423e+09 -2.77874984e-01 -3.81933906e+00 
 2.33796932e+09 -2.80036629e-01 -3.79513009e+00 
 2.35147194e+09 -2.82148421e-01 -3.77106323e+00 
 2.36505255e+09 -2.84211046e-01 -3.74713784e+00 
 2.37871159e+09 -2.86225186e-01 -3.72335324e+00 
 2.39244952e+09 -2.88191516e-01 -3.69970879e+00 
 2.40626679e+09 -2.90110703e-01 -3.67620383e+00 
 2.42016386e+09 -2.91983412e-01 -3.65283770e+00 
 2.43414119e+09 -2.93810297e-01 -3.62960973e+00 
 2.44819924e+09 -2.95592009e-01 -3.60651928e+00 
 2.46233848e+09 -2.97329192e-01 -3.58356568e+00 
 2.47655939e+09 -2.99022482e-01 -3.56074827e+00 
 2.49086242e+09 -3.00672512e-01 -3.53806640e+00 
 2.50524806e+09 -3.02279907e-01 -3.51551940e+00 
 2.51971678e+09 -3.03845286e-01 -3.49310663e+00 
 2.53426906e+09 -3.05369262e-01 -3.47082740e+00 
 2.54890539e+09 -3.06852441e-01 -3.44868108e+00 
 2.56362625e+09 -3.08295426e-01 -3.42666700e+00 
 2.57843213e+09 -3.09698811e-01 -3.40478451e+00 
 2.59332351e+09 -3.11063184e-01 -3.38303293e+00 
 2.60830090e+09 -3.12389128e-01 -3.36141163e+00 
 2.62336479e+09 -3.13677221e-01 -3.33991993e+00 
 2.63851568e+09 -3.14928032e-01 -3.31855718e+00 
 2.65375407e+09 -3.16142128e-01 -3.29732272e+00 
 2.66908047e+09 -3.17320067e-01 -3.27621590e+00 
 2.68449538e+09 -3.18462402e-01 -3.25523606e+00 
 2.69999932e+09 -3.19569680e-01 -3.23438254e+00 
 2.71559280e+09 -3.20642442e-01 -3.21365469e+00 
 2.73127634e+09 -3.21681224e-01 -3.19305185e+00 
 2.74705046e+09 -3.22686555e-01 -3.17257337e+00 
 2.76291568e+09 -3.23658960e-01 -3.15221859e+00 
 2.77887252e+09 -3.24598955e-01 -3.13198686e+00 
 2.79492153e+09 -3.25507053e-01 -3.11187752e+00 
 2.81106322e+09 -3.26383761e-01 -3.09188993e+00 
 2.82729813e+09 -3.27229579e-01 -3.07202343e+00 
 2.84362681e+09 -3.28045002e-01 -3.05227737e+00 
 2.86004979e+09 -3.28830519e-01 -3.03265110e+00 
 2.87656762e+09 -3.29586614e-01 -3.01314396e+00 
 2.89318085e+09 -3.30313764e-01 -2.99375532e+00 
 2.90989003e+09 -3.31012441e-01 -2.97448453e+00 
 2.92669570e+09 -3.31683113e-01 -2.95533093e+00 
 2.94359844e+09 -3.32326241e-01 -2.93629388e+00 
 2.96059879e+09 -3.32942278e-01 -2.91737273e+00 
 2.97769733e+09 -3.33531676e-01 -2.89856685e+00 
 2.99489462e+09 -3.34094879e-01 -2.87987558e+00 
 3.01219123e+09 -3.34632326e-01 -2.86129829e+00 
 3.02958773e+09 -3.35144449e-01 -2.84283433e+00 
 3.04708471e+09 -3.35631677e-01 -2.82448307e+00 
 3.06468273e+09 -3.36094432e-01 -2.80624387e+00 
 3.08238239e+09 -3.36533131e-01 -2.78811608e+00 
 3.10018428e+09 -3.36948186e-01 -2.77009908e+00 
 3.11808897e+09 -3.37340003e-01 -2.75219222e+00 
 3.13609707e+09 -3.37708983e-01 -2.73439488e+00 
 3.15420918e+09 -3.38055521e-01 -2.71670642e+00 
 3.17242589e+09 -3.38380009e-01 -2.69912621e+00 
 3.19074780e+09 -3.38682830e-01 -2.68165363e+00 
 3.20917553e+09 -3.38964365e-01 -2.66428804e+00 
 3.22770969e+09 -3.39224989e-01 -2.64702881e+00 
 3.24635089e+09 -3.39465071e-01 -2.62987533e+00 
 3.26509976e+09 -3.39684975e-01 -2.61282697e+00 
 3.28395690e+09 -3.39885061e-01 -2.59588310e+00 
 3.30292295e+09 -3.40065682e-01 -2.57904312e+00 
 3.32199853e+09 -3.40227188e-01 -2.56230639e+00 
 3.34118429e+09 -3.40369923e-01 -2.54567231e+00 
 3.36048084e+09 -3.40494226e-01 -2.52914025e+00 
 3.37988885e+09 -3.40600431e-01 -2.51270961e+00 
 3.39940894e+09 -3.40688867e-01 -2.49637976e+00 
 3.41904176e+09 -3.40759859e-01 -2.48015012e+00 
 3.43878798e+09 -3.40813725e-01 -2.46402006e+00 
 3.45864823e+09 -3.40850781e-01 -2.44798897e+00 
 3.47862319e+09 -3.40871336e-01 -2.43205627e+00 
 3.49871351e+09 -3.40875695e-01 -2.41622134e+00 
 3.51891985e+09 -3.40864159e-01 -2.40048358e+00 
 3.53924290e+09 -3.40837022e-01 -2.38484240e+00 
 3.55968332e+09 -3.40794577e-01 -2.36929719e+00 
 3.58024179e+09 -3.40737108e-01 -2.35384738e+00 
 3.60091899e+09 -3.40664898e-01 -2.33849236e+00 
 3.62171561e+09 -3.40578224e-01 -2.32323154e+00 
 3.64263234e+09 -3.40477358e-01 -2.30806435e+00 
 3.66366987e+09 -3.40362568e-01 -2.29299018e+00 
 3.68482890e+09 -3.40234118e-01 -2.27800847e+00 
 3.70611013e+09 -3.40092267e-01 -2.26311862e+00 
 3.72751427e+09 -3.39937270e-01 -2.24832007e+00 
 3.74904202e+09 -3.39769376e-01 -2.23361223e+00 
 3.77069411e+09 -3.39588833e-01 -2.21899453e+00 
 3.79247124e+09 -3.39395882e-01 -2.20446640e+00 
 3.81437415e+09 -3.39190760e-01 -2.19002727e+00 
 3.83640355e+09 -3.38973701e-01 -2.17567658e+00 
 3.85856018e+09 -3.38744934e-01 -2.16141375e+00 
 3.88084477e+09 -3.38504684e-01 -2.14723824e+00 
 3.90325807e+09 -3.38253172e-01 -2.13314947e+00 
 3.92580081e+09 -3.37990615e-01 -2.11914689e+00 
 3.94847374e+09 -3.37717226e-01 -2.10522996e+00 
 3.97127761e+09 -3.37433213e-01 -2.09139811e+00 
 3.99421319e+09 -3.37138782e-01 -2.07765079e+00 
 4.01728123e+09 -3.36834133e-01 -2.06398747e+00 
 4.04048249e+09 -3.36519465e-01 -2.05040760e+00 
 4.06381775e+09 -3.36194969e-01 -2.03691063e+00 
 4.08728778e+09 -3.35860837e-01 -2.02349603e+00 
 4.11089336e+09 -3.35517253e-01 -2.01016326e+00 
 4.13463527e+09 -3.35164400e-01 -1.99691179e+00 
 4.15851430e+09 -3.34802456e-01 -1.98374108e+00 
 4.18253123e+09 -3.34431597e-01 -1.97065062e+00 
 4.20668688e+09 -3.34051993e-01 -1.95763987e+00 
 4.23098203e+09 -3.33663812e-01 -1.94470832e+00 
 4.25541749e+09 -3.33267219e-01 -1.93185544e+00 
 4.27999408e+09 -3.32862374e-01 -1.91908071e+00 
 4.30471261e+09 -3.32449435e-01 -1.90638363e+00 
 4.32957390e+09 -3.32028555e-01 -1.89376368e+00 
 4.35457876e+09 -3.31599885e-01 -1.88122036e+00 
 4.37972804e+09 -3.31163573e-01 -1.86875315e+00 
 4.40502257e+09 -3.30719762e-01 -1.85636156e+00 
 4.43046318e+09 -3.30268594e-01 -1.84404508e+00 
 4.45605073e+09 -3.29810206e-01 -1.83180323e+00 
 4.48178604e+09 -3.29344732e-01 -1.81963550e+00 
 4.50766999e+09 -3.28872304e-01 -1.80754140e+00 
 4.53370343e+09 -3.28393050e-01 -1.79552046e+00 
 4.55988722e+09 -3.27907096e-01 -1.78357217e+00 
 4.58622224e+09 -3.27414564e-01 -1.77169607e+00 
 4.61270934e+09 -3.26915573e-01 -1.75989166e+00 
 4.63934942e+09 -3.26410239e-01 -1.74815848e+00 
 4.66614336e+09 -3.25898677e-01 -1.73649605e+00 
 4.69309204e+09 -3.25380997e-01 -1.72490391e+00 
 4.72019635e+09 -3.24857308e-01 -1.71338157e+00 
 4.74745721e+09 -3.24327714e-01 -1.70192859e+00 
 4.77487551e+09 -3.23792317e-01 -1.69054450e+00 
 4.80245216e+09 -3.23251219e-01 -1.67922883e+00 
 4.83018807e+09 -3.22704516e-01 -1.66798114e+00 
 4.85808417e+09 -3.22152303e-01 -1.65680097e+00 
 4.88614138e+09 -3.21594672e-01 -1.64568788e+00 
 4.91436062e+09 -3.21031712e-01 -1.63464142e+00 
 4.94274285e+09 -3.20463511e-01 -1.62366114e+00 
 4.97128899e+09 -3.19890154e-01 -1.61274660e+00 
 5.00000000e+09 -3.19311723e-01 -1.60189737e+00 
