 frequency       v(finalp,finaln) v(finalp,finaln)
 1.00000000e+06 -6.49571260e+03 -4.08425546e+03 
 1.02329299e+06 -6.55858486e+03 -4.01459466e+03 
 1.04712855e+06 -6.61907291e+03 -3.94543860e+03 
 1.07151931e+06 -6.67724931e+03 -3.87684534e+03 
 1.09647820e+06 -6.73318612e+03 -3.80886829e+03 
 1.12201845e+06 -6.78695466e+03 -3.74155644e+03 
 1.14815362e+06 -6.83862545e+03 -3.67495454e+03 
 1.17489755e+06 -6.88826798e+03 -3.60910336e+03 
 1.20226443e+06 -6.93595068e+03 -3.54403990e+03 
 1.23026877e+06 -6.98174079e+03 -3.47979756e+03 
 1.25892541e+06 -7.02570425e+03 -3.41640641e+03 
 1.28824955e+06 -7.06790567e+03 -3.35389332e+03 
 1.31825674e+06 -7.10840825e+03 -3.29228219e+03 
 1.34896288e+06 -7.14727372e+03 -3.23159413e+03 
 1.38038426e+06 -7.18456235e+03 -3.17184761e+03 
 1.41253754e+06 -7.22033286e+03 -3.11305865e+03 
 1.44543977e+06 -7.25464245e+03 -3.05524099e+03 
 1.47910839e+06 -7.28754674e+03 -2.99840622e+03 
 1.51356125e+06 -7.31909982e+03 -2.94256393e+03 
 1.54881662e+06 -7.34935420e+03 -2.88772187e+03 
 1.58489319e+06 -7.37836085e+03 -2.83388606e+03 
 1.62181010e+06 -7.40616918e+03 -2.78106096e+03 
 1.65958691e+06 -7.43282709e+03 -2.72924952e+03 
 1.69824365e+06 -7.45838096e+03 -2.67845335e+03 
 1.73780083e+06 -7.48287570e+03 -2.62867281e+03 
 1.77827941e+06 -7.50635472e+03 -2.57990711e+03 
 1.81970086e+06 -7.52886003e+03 -2.53215442e+03 
 1.86208714e+06 -7.55043222e+03 -2.48541194e+03 
 1.90546072e+06 -7.57111051e+03 -2.43967599e+03 
 1.94984460e+06 -7.59093278e+03 -2.39494209e+03 
 1.99526231e+06 -7.60993558e+03 -2.35120507e+03 
 2.04173794e+06 -7.62815421e+03 -2.30845908e+03 
 2.08929613e+06 -7.64562274e+03 -2.26669771e+03 
 2.13796209e+06 -7.66237400e+03 -2.22591400e+03 
 2.18776162e+06 -7.67843971e+03 -2.18610057e+03 
 2.23872114e+06 -7.69385040e+03 -2.14724960e+03 
 2.29086765e+06 -7.70863557e+03 -2.10935293e+03 
 2.34422882e+06 -7.72282362e+03 -2.07240209e+03 
 2.39883292e+06 -7.73644196e+03 -2.03638832e+03 
 2.45470892e+06 -7.74951701e+03 -2.00130268e+03 
 2.51188643e+06 -7.76207424e+03 -1.96713602e+03 
 2.57039578e+06 -7.77413823e+03 -1.93387903e+03 
 2.63026799e+06 -7.78573265e+03 -1.90152230e+03 
 2.69153480e+06 -7.79688038e+03 -1.87005633e+03 
 2.75422870e+06 -7.80760347e+03 -1.83947156e+03 
 2.81838293e+06 -7.81792319e+03 -1.80975839e+03 
 2.88403150e+06 -7.82786011e+03 -1.78090722e+03 
 2.95120923e+06 -7.83743404e+03 -1.75290845e+03 
 3.01995172e+06 -7.84666418e+03 -1.72575255e+03 
 3.09029543e+06 -7.85556906e+03 -1.69942998e+03 
 3.16227766e+06 -7.86416658e+03 -1.67393132e+03 
 3.23593657e+06 -7.87247409e+03 -1.64924721e+03 
 3.31131121e+06 -7.88050840e+03 -1.62536838e+03 
 3.38844156e+06 -7.88828575e+03 -1.60228569e+03 
 3.46736850e+06 -7.89582194e+03 -1.57999010e+03 
 3.54813389e+06 -7.90313226e+03 -1.55847270e+03 
 3.63078055e+06 -7.91023160e+03 -1.53772474e+03 
 3.71535229e+06 -7.91713441e+03 -1.51773758e+03 
 3.80189396e+06 -7.92385476e+03 -1.49850277e+03 
 3.89045145e+06 -7.93040636e+03 -1.48001197e+03 
 3.98107171e+06 -7.93680259e+03 -1.46225705e+03 
 4.07380278e+06 -7.94305651e+03 -1.44523000e+03 
 4.16869383e+06 -7.94918089e+03 -1.42892301e+03 
 4.26579519e+06 -7.95518822e+03 -1.41332842e+03 
 4.36515832e+06 -7.96109077e+03 -1.39843875e+03 
 4.46683592e+06 -7.96690058e+03 -1.38424667e+03 
 4.57088190e+06 -7.97262948e+03 -1.37074503e+03 
 4.67735141e+06 -7.97828914e+03 -1.35792685e+03 
 4.78630092e+06 -7.98389104e+03 -1.34578532e+03 
 4.89778819e+06 -7.98944656e+03 -1.33431376e+03 
 5.01187234e+06 -7.99496692e+03 -1.32350567e+03 
 5.12861384e+06 -8.00046328e+03 -1.31335471e+03 
 5.24807460e+06 -8.00594669e+03 -1.30385466e+03 
 5.37031796e+06 -8.01142817e+03 -1.29499946e+03 
 5.49540874e+06 -8.01691865e+03 -1.28678318e+03 
 5.62341325e+06 -8.02242909e+03 -1.27920001e+03 
 5.75439937e+06 -8.02797040e+03 -1.27224425e+03 
 5.88843655e+06 -8.03355351e+03 -1.26591033e+03 
 6.02559586e+06 -8.03918939e+03 -1.26019275e+03 
 6.16595002e+06 -8.04488905e+03 -1.25508612e+03 
 6.30957344e+06 -8.05066354e+03 -1.25058512e+03 
 6.45654229e+06 -8.05652400e+03 -1.24668448e+03 
 6.60693448e+06 -8.06248166e+03 -1.24337899e+03 
 6.76082975e+06 -8.06854784e+03 -1.24066347e+03 
 6.91830971e+06 -8.07473399e+03 -1.23853276e+03 
 7.07945784e+06 -8.08105169e+03 -1.23698170e+03 
 7.24435960e+06 -8.08751267e+03 -1.23600511e+03 
 7.41310241e+06 -8.09412880e+03 -1.23559781e+03 
 7.58577575e+06 -8.10091213e+03 -1.23575452e+03 
 7.76247117e+06 -8.10787488e+03 -1.23646993e+03 
 7.94328235e+06 -8.11502948e+03 -1.23773861e+03 
 8.12830516e+06 -8.12238855e+03 -1.23955502e+03 
 8.31763771e+06 -8.12996489e+03 -1.24191348e+03 
 8.51138038e+06 -8.13777156e+03 -1.24480816e+03 
 8.70963590e+06 -8.14582180e+03 -1.24823302e+03 
 8.91250938e+06 -8.15412910e+03 -1.25218181e+03 
 9.12010839e+06 -8.16270718e+03 -1.25664805e+03 
 9.33254301e+06 -8.17156998e+03 -1.26162496e+03 
 9.54992586e+06 -8.18073167e+03 -1.26710547e+03 
 9.77237221e+06 -8.19020667e+03 -1.27308218e+03 
 1.00000000e+07 -8.20000962e+03 -1.27954730e+03 
 1.02329299e+07 -8.21015537e+03 -1.28649266e+03 
 1.04712855e+07 -8.22065900e+03 -1.29390965e+03 
 1.07151931e+07 -8.23153581e+03 -1.30178917e+03 
 1.09647820e+07 -8.24280128e+03 -1.31012164e+03 
 1.12201845e+07 -8.25447108e+03 -1.31889691e+03 
 1.14815362e+07 -8.26656103e+03 -1.32810426e+03 
 1.17489755e+07 -8.27908714e+03 -1.33773235e+03 
 1.20226443e+07 -8.29206549e+03 -1.34776918e+03 
 1.23026877e+07 -8.30551230e+03 -1.35820204e+03 
 1.25892541e+07 -8.31944384e+03 -1.36901751e+03 
 1.28824955e+07 -8.33387642e+03 -1.38020136e+03 
 1.31825674e+07 -8.34882634e+03 -1.39173859e+03 
 1.34896288e+07 -8.36430989e+03 -1.40361332e+03 
 1.38038426e+07 -8.38034325e+03 -1.41580880e+03 
 1.41253754e+07 -8.39694246e+03 -1.42830737e+03 
 1.44543977e+07 -8.41412339e+03 -1.44109039e+03 
 1.47910839e+07 -8.43190167e+03 -1.45413828e+03 
 1.51356125e+07 -8.45029261e+03 -1.46743042e+03 
 1.54881662e+07 -8.46931117e+03 -1.48094517e+03 
 1.58489319e+07 -8.48897185e+03 -1.49465984e+03 
 1.62181010e+07 -8.50928866e+03 -1.50855067e+03 
 1.65958691e+07 -8.53027500e+03 -1.52259281e+03 
 1.69824365e+07 -8.55194362e+03 -1.53676034e+03 
 1.73780083e+07 -8.57430649e+03 -1.55102622e+03 
 1.77827941e+07 -8.59737475e+03 -1.56536236e+03 
 1.81970086e+07 -8.62115861e+03 -1.57973957e+03 
 1.86208714e+07 -8.64566724e+03 -1.59412760e+03 
 1.90546072e+07 -8.67090869e+03 -1.60849520e+03 
 1.94984460e+07 -8.69688977e+03 -1.62281009e+03 
 1.99526231e+07 -8.72361601e+03 -1.63703906e+03 
 2.04173794e+07 -8.75109150e+03 -1.65114800e+03 
 2.08929613e+07 -8.77931881e+03 -1.66510193e+03 
 2.13796209e+07 -8.80829892e+03 -1.67886514e+03 
 2.18776162e+07 -8.83803111e+03 -1.69240120e+03 
 2.23872114e+07 -8.86851286e+03 -1.70567311e+03 
 2.29086765e+07 -8.89973980e+03 -1.71864333e+03 
 2.34422882e+07 -8.93170559e+03 -1.73127397e+03 
 2.39883292e+07 -8.96440189e+03 -1.74352686e+03 
 2.45470892e+07 -8.99781827e+03 -1.75536366e+03 
 2.51188643e+07 -9.03194216e+03 -1.76674605e+03 
 2.57039578e+07 -9.06675882e+03 -1.77763585e+03 
 2.63026799e+07 -9.10225130e+03 -1.78799515e+03 
 2.69153480e+07 -9.13840042e+03 -1.79778650e+03 
 2.75422870e+07 -9.17518477e+03 -1.80697305e+03 
 2.81838293e+07 -9.21258068e+03 -1.81551872e+03 
 2.88403150e+07 -9.25056231e+03 -1.82338840e+03 
 2.95120923e+07 -9.28910162e+03 -1.83054805e+03 
 3.01995172e+07 -9.32816849e+03 -1.83696494e+03 
 3.09029543e+07 -9.36773069e+03 -1.84260777e+03 
 3.16227766e+07 -9.40775409e+03 -1.84744687e+03 
 3.23593657e+07 -9.44820263e+03 -1.85145431e+03 
 3.31131121e+07 -9.48903854e+03 -1.85460411e+03 
 3.38844156e+07 -9.53022240e+03 -1.85687231e+03 
 3.46736850e+07 -9.57171333e+03 -1.85823718e+03 
 3.54813389e+07 -9.61346909e+03 -1.85867926e+03 
 3.63078055e+07 -9.65544631e+03 -1.85818155e+03 
 3.71535229e+07 -9.69760061e+03 -1.85672951e+03 
 3.80189396e+07 -9.73988683e+03 -1.85431121e+03 
 3.89045145e+07 -9.78225919e+03 -1.85091735e+03 
 3.98107171e+07 -9.82467150e+03 -1.84654134e+03 
 4.07380278e+07 -9.86707737e+03 -1.84117925e+03 
 4.16869383e+07 -9.90943039e+03 -1.83482989e+03 
 4.26579519e+07 -9.95168436e+03 -1.82749479e+03 
 4.36515832e+07 -9.99379346e+03 -1.81917812e+03 
 4.46683592e+07 -1.00357125e+04 -1.80988668e+03 
 4.57088190e+07 -1.00773970e+04 -1.79962984e+03 
 4.67735141e+07 -1.01188035e+04 -1.78841944e+03 
 4.78630092e+07 -1.01598897e+04 -1.77626971e+03 
 4.89778819e+07 -1.02006144e+04 -1.76319714e+03 
 5.01187234e+07 -1.02409383e+04 -1.74922038e+03 
 5.12861384e+07 -1.02808231e+04 -1.73436011e+03 
 5.24807460e+07 -1.03202327e+04 -1.71863884e+03 
 5.37031796e+07 -1.03591326e+04 -1.70208085e+03 
 5.49540874e+07 -1.03974902e+04 -1.68471196e+03 
 5.62341325e+07 -1.04352750e+04 -1.66655938e+03 
 5.75439937e+07 -1.04724584e+04 -1.64765158e+03 
 5.88843655e+07 -1.05090141e+04 -1.62801808e+03 
 6.02559586e+07 -1.05449179e+04 -1.60768929e+03 
 6.16595002e+07 -1.05801476e+04 -1.58669638e+03 
 6.30957344e+07 -1.06146833e+04 -1.56507105e+03 
 6.45654229e+07 -1.06485074e+04 -1.54284543e+03 
 6.60693448e+07 -1.06816040e+04 -1.52005190e+03 
 6.76082975e+07 -1.07139598e+04 -1.49672294e+03 
 6.91830971e+07 -1.07455633e+04 -1.47289099e+03 
 7.07945784e+07 -1.07764049e+04 -1.44858831e+03 
 7.24435960e+07 -1.08064773e+04 -1.42384687e+03 
 7.41310241e+07 -1.08357747e+04 -1.39869822e+03 
 7.58577575e+07 -1.08642933e+04 -1.37317337e+03 
 7.76247117e+07 -1.08920310e+04 -1.34730272e+03 
 7.94328235e+07 -1.09189873e+04 -1.32111596e+03 
 8.12830516e+07 -1.09451632e+04 -1.29464196e+03 
 8.31763771e+07 -1.09705613e+04 -1.26790875e+03 
 8.51138038e+07 -1.09951853e+04 -1.24094342e+03 
 8.70963590e+07 -1.10190404e+04 -1.21377209e+03 
 8.91250938e+07 -1.10421328e+04 -1.18641983e+03 
 9.12010839e+07 -1.10644699e+04 -1.15891069e+03 
 9.33254301e+07 -1.10860599e+04 -1.13126760e+03 
 9.54992586e+07 -1.11069120e+04 -1.10351240e+03 
 9.77237221e+07 -1.11270362e+04 -1.07566580e+03 
 1.00000000e+08 -1.11464431e+04 -1.04774740e+03 
 1.02329299e+08 -1.11651440e+04 -1.01977564e+03 
 1.04712855e+08 -1.11831508e+04 -9.91767879e+02 
 1.07151931e+08 -1.12004756e+04 -9.63740322e+02 
 1.09647820e+08 -1.12171313e+04 -9.35708099e+02 
 1.12201845e+08 -1.12331307e+04 -9.07685252e+02 
 1.14815362e+08 -1.12484871e+04 -8.79684764e+02 
 1.17489755e+08 -1.12632140e+04 -8.51718584e+02 
 1.20226443e+08 -1.12773249e+04 -8.23797656e+02 
 1.23026877e+08 -1.12908334e+04 -7.95931945e+02 
 1.25892541e+08 -1.13037532e+04 -7.68130474e+02 
 1.28824955e+08 -1.13160980e+04 -7.40401350e+02 
 1.31825674e+08 -1.13278815e+04 -7.12751807e+02 
 1.34896288e+08 -1.13391171e+04 -6.85188235e+02 
 1.38038426e+08 -1.13498183e+04 -6.57716219e+02 
 1.41253754e+08 -1.13599982e+04 -6.30340573e+02 
 1.44543977e+08 -1.13696701e+04 -6.03065378e+02 
 1.47910839e+08 -1.13788468e+04 -5.75894017e+02 
 1.51356125e+08 -1.13875410e+04 -5.48829211e+02 
 1.54881662e+08 -1.13957650e+04 -5.21873054e+02 
 1.58489319e+08 -1.14035311e+04 -4.95027045e+02 
 1.62181010e+08 -1.14108513e+04 -4.68292126e+02 
 1.65958691e+08 -1.14177372e+04 -4.41668710e+02 
 1.69824365e+08 -1.14242002e+04 -4.15156714e+02 
 1.73780083e+08 -1.14302513e+04 -3.88755589e+02 
 1.77827941e+08 -1.14359016e+04 -3.62464347e+02 
 1.81970086e+08 -1.14411615e+04 -3.36281589e+02 
 1.86208714e+08 -1.14460414e+04 -3.10205530e+02 
 1.90546072e+08 -1.14505513e+04 -2.84234023e+02 
 1.94984460e+08 -1.14547010e+04 -2.58364582e+02 
 1.99526231e+08 -1.14584999e+04 -2.32594400e+02 
 2.04173794e+08 -1.14619574e+04 -2.06920368e+02 
 2.08929613e+08 -1.14650825e+04 -1.81339095e+02 
 2.13796209e+08 -1.14678840e+04 -1.55846920e+02 
 2.18776162e+08 -1.14703704e+04 -1.30439924e+02 
 2.23872114e+08 -1.14725502e+04 -1.05113946e+02 
 2.29086765e+08 -1.14744315e+04 -7.98645873e+01 
 2.34422882e+08 -1.14760223e+04 -5.46872237e+01 
 2.39883292e+08 -1.14773304e+04 -2.95770082e+01 
 2.45470892e+08 -1.14783634e+04 -4.52887706e+00 
 2.51188643e+08 -1.14791288e+04  2.04624486e+01 
 2.57039578e+08 -1.14796340e+04  4.54024612e+01 
 2.63026799e+08 -1.14798861e+04  7.02968680e+01 
 2.69153480e+08 -1.14798923e+04  9.51515928e+01 
 2.75422870e+08 -1.14796594e+04  1.19972780e+02 
 2.81838293e+08 -1.14791943e+04  1.44766798e+02 
 2.88403150e+08 -1.14785038e+04  1.69540247e+02 
 2.95120923e+08 -1.14775945e+04  1.94299967e+02 
 3.01995172e+08 -1.14764728e+04  2.19053042e+02 
 3.09029543e+08 -1.14751454e+04  2.43806813e+02 
 3.16227766e+08 -1.14736184e+04  2.68568885e+02 
 3.23593657e+08 -1.14718983e+04  2.93347137e+02 
 3.31131121e+08 -1.14699910e+04  3.18149736e+02 
 3.38844156e+08 -1.14679027e+04  3.42985143e+02 
 3.46736850e+08 -1.14656394e+04  3.67862128e+02 
 3.54813389e+08 -1.14632068e+04  3.92789776e+02 
 3.63078055e+08 -1.14606107e+04  4.17777503e+02 
 3.71535229e+08 -1.14578568e+04  4.42835062e+02 
 3.80189396e+08 -1.14549504e+04  4.67972554e+02 
 3.89045145e+08 -1.14518969e+04  4.93200437e+02 
 3.98107171e+08 -1.14487015e+04  5.18529535e+02 
 4.07380278e+08 -1.14453691e+04  5.43971043e+02 
 4.16869383e+08 -1.14419046e+04  5.69536538e+02 
 4.26579519e+08 -1.14383125e+04  5.95237979e+02 
 4.36515832e+08 -1.14345972e+04  6.21087715e+02 
 4.46683592e+08 -1.14307628e+04  6.47098488e+02 
 4.57088190e+08 -1.14268133e+04  6.73283432e+02 
 4.67735141e+08 -1.14227522e+04  6.99656079e+02 
 4.78630092e+08 -1.14185828e+04  7.26230354e+02 
 4.89778819e+08 -1.14143082e+04  7.53020577e+02 
 5.01187234e+08 -1.14099311e+04  7.80041458e+02 
 5.12861384e+08 -1.14054537e+04  8.07308096e+02 
 5.24807460e+08 -1.14008782e+04  8.34835973e+02 
 5.37031796e+08 -1.13962061e+04  8.62640947e+02 
 5.49540874e+08 -1.13914387e+04  8.90739251e+02 
 5.62341325e+08 -1.13865767e+04  9.19147481e+02 
 5.75439937e+08 -1.13816206e+04  9.47882590e+02 
 5.88843655e+08 -1.13765703e+04  9.76961881e+02 
 6.02559586e+08 -1.13714254e+04  1.00640300e+03 
 6.16595002e+08 -1.13661848e+04  1.03622392e+03 
 6.30957344e+08 -1.13608472e+04  1.06644294e+03 
 6.45654229e+08 -1.13554107e+04  1.09707867e+03 
 6.60693448e+08 -1.13498728e+04  1.12815004e+03 
 6.76082975e+08 -1.13442305e+04  1.15967626e+03 
 6.91830971e+08 -1.13384806e+04  1.19167683e+03 
 7.07945784e+08 -1.13326188e+04  1.22417153e+03 
 7.24435960e+08 -1.13266408e+04  1.25718042e+03 
 7.41310241e+08 -1.13205415e+04  1.29072381e+03 
 7.58577575e+08 -1.13143152e+04  1.32482228e+03 
 7.76247117e+08 -1.13079557e+04  1.35949665e+03 
 7.94328235e+08 -1.13014563e+04  1.39476798e+03 
 8.12830516e+08 -1.12948094e+04  1.43065757e+03 
 8.31763771e+08 -1.12880073e+04  1.46718697e+03 
 8.51138038e+08 -1.12810412e+04  1.50437793e+03 
 8.70963590e+08 -1.12739020e+04  1.54225244e+03 
 8.91250938e+08 -1.12665799e+04  1.58083271e+03 
 9.12010839e+08 -1.12590642e+04  1.62014115e+03 
 9.33254301e+08 -1.12513440e+04  1.66020040e+03 
 9.54992586e+08 -1.12434073e+04  1.70103330e+03 
 9.77237221e+08 -1.12352417e+04  1.74266292e+03 
 1.00000000e+09 -1.12268339e+04  1.78511250e+03 
 1.02329299e+09 -1.12181700e+04  1.82840552e+03 
 1.04712855e+09 -1.12092353e+04  1.87256564e+03 
 1.07151931e+09 -1.12000144e+04  1.91761675e+03 
 1.09647820e+09 -1.11904911e+04  1.96358290e+03 
 1.12201845e+09 -1.11806483e+04  2.01048836e+03 
 1.14815362e+09 -1.11704682e+04  2.05835761e+03 
 1.17489755e+09 -1.11599320e+04  2.10721530e+03 
 1.20226443e+09 -1.11490203e+04  2.15708628e+03 
 1.23026877e+09 -1.11377124e+04  2.20799559e+03 
 1.25892541e+09 -1.11259869e+04  2.25996844e+03 
 1.28824955e+09 -1.11138214e+04  2.31303023e+03 
 1.31825674e+09 -1.11011925e+04  2.36720653e+03 
 1.34896288e+09 -1.10880755e+04  2.42252307e+03 
 1.38038426e+09 -1.10744450e+04  2.47900574e+03 
 1.41253754e+09 -1.10602742e+04  2.53668058e+03 
 1.44543977e+09 -1.10455351e+04  2.59557377e+03 
 1.47910839e+09 -1.10301988e+04  2.65571158e+03 
 1.51356125e+09 -1.10142346e+04  2.71712044e+03 
 1.54881662e+09 -1.09976110e+04  2.77982684e+03 
 1.58489319e+09 -1.09802948e+04  2.84385735e+03 
 1.62181010e+09 -1.09622515e+04  2.90923859e+03 
 1.65958691e+09 -1.09434450e+04  2.97599723e+03 
 1.69824365e+09 -1.09238377e+04  3.04415993e+03 
 1.73780083e+09 -1.09033905e+04  3.11375333e+03 
 1.77827941e+09 -1.08820624e+04  3.18480400e+03 
 1.81970086e+09 -1.08598109e+04  3.25733845e+03 
 1.86208714e+09 -1.08365914e+04  3.33138304e+03 
 1.90546072e+09 -1.08123576e+04  3.40696396e+03 
 1.94984460e+09 -1.07870612e+04  3.48410720e+03 
 1.99526231e+09 -1.07606519e+04  3.56283847e+03 
 2.04173794e+09 -1.07330770e+04  3.64318316e+03 
 2.08929613e+09 -1.07042820e+04  3.72516627e+03 
 2.13796209e+09 -1.06742097e+04  3.80881237e+03 
 2.18776162e+09 -1.06428008e+04  3.89414550e+03 
 2.23872114e+09 -1.06099933e+04  3.98118911e+03 
 2.29086765e+09 -1.05757228e+04  4.06996596e+03 
 2.34422882e+09 -1.05399220e+04  4.16049806e+03 
 2.39883292e+09 -1.05025212e+04  4.25280655e+03 
 2.45470892e+09 -1.04634473e+04  4.34691159e+03 
 2.51188643e+09 -1.04226247e+04  4.44283227e+03 
 2.57039578e+09 -1.03799743e+04  4.54058646e+03 
 2.63026799e+09 -1.03354142e+04  4.64019071e+03 
 2.69153480e+09 -1.02888588e+04  4.74166010e+03 
 2.75422870e+09 -1.02402193e+04  4.84500806e+03 
 2.81838293e+09 -1.01894032e+04  4.95024625e+03 
 2.88403150e+09 -1.01363146e+04  5.05738437e+03 
 2.95120923e+09 -1.00808536e+04  5.16642996e+03 
 3.01995172e+09 -1.00229164e+04  5.27738823e+03 
 3.09029543e+09 -9.96239521e+03  5.39026181e+03 
 3.16227766e+09 -9.89917822e+03  5.50505056e+03 
 3.23593657e+09 -9.83314926e+03  5.62175130e+03 
 3.31131121e+09 -9.76418780e+03  5.74035758e+03 
 3.38844156e+09 -9.69216883e+03  5.86085935e+03 
 3.46736850e+09 -9.61696275e+03  5.98324273e+03 
 3.54813389e+09 -9.53843524e+03  6.10748963e+03 
 3.63078055e+09 -9.45644717e+03  6.23357747e+03 
 3.71535229e+09 -9.37085446e+03  6.36147879e+03 
 3.80189396e+09 -9.28150803e+03  6.49116086e+03 
 3.89045145e+09 -9.18825368e+03  6.62258531e+03 
 3.98107171e+09 -9.09093203e+03  6.75570768e+03 
 4.07380278e+09 -8.98937841e+03  6.89047693e+03 
 4.16869383e+09 -8.88342280e+03  7.02683500e+03 
 4.26579519e+09 -8.77288983e+03  7.16471628e+03 
 4.36515832e+09 -8.65759868e+03  7.30404702e+03 
 4.46683592e+09 -8.53736307e+03  7.44474481e+03 
 4.57088190e+09 -8.41199130e+03  7.58671790e+03 
 4.67735141e+09 -8.28128619e+03  7.72986457e+03 
 4.78630092e+09 -8.14504519e+03  7.87407243e+03 
 4.89778819e+09 -8.00306041e+03  8.01921768e+03 
 5.01187234e+09 -7.85511873e+03  8.16516432e+03 
 5.12861384e+09 -7.70100191e+03  8.31176331e+03 
 5.24807460e+09 -7.54048676e+03  8.45885172e+03 
 5.37031796e+09 -7.37334538e+03  8.60625178e+03 
 5.49540874e+09 -7.19934539e+03  8.75376988e+03 
 5.62341325e+09 -7.01825021e+03  8.90119557e+03 
 5.75439937e+09 -6.82981950e+03  9.04830043e+03 
 5.88843655e+09 -6.63380952e+03  9.19483691e+03 
 6.02559586e+09 -6.42997369e+03  9.34053713e+03 
 6.16595002e+09 -6.21806315e+03  9.48511157e+03 
 6.30957344e+09 -5.99782747e+03  9.62824773e+03 
 6.45654229e+09 -5.76901538e+03  9.76960868e+03 
 6.60693448e+09 -5.53137574e+03  9.90883159e+03 
 6.76082975e+09 -5.28465851e+03  1.00455261e+04 
 6.91830971e+09 -5.02861593e+03  1.01792727e+04 
 7.07945784e+09 -4.76300388e+03  1.03096212e+04 
 7.24435960e+09 -4.48758331e+03  1.04360883e+04 
 7.41310241e+09 -4.20212198e+03  1.05581567e+04 
 7.58577575e+09 -3.90639639e+03  1.06752720e+04 
 7.76247117e+09 -3.60019386e+03  1.07868418e+04 
 7.94328235e+09 -3.28331502e+03  1.08922328e+04 
 8.12830516e+09 -2.95557647e+03  1.09907688e+04 
 8.31763771e+09 -2.61681388e+03  1.10817289e+04 
 8.51138038e+09 -2.26688535e+03  1.11643446e+04 
 8.70963590e+09 -1.90567526e+03  1.12377982e+04 
 8.91250938e+09 -1.53309853e+03  1.13012199e+04 
 9.12010839e+09 -1.14910541e+03  1.13536858e+04 
 9.33254301e+09 -7.53686781e+02  1.13942158e+04 
 9.54992586e+09 -3.46880120e+02  1.14217712e+04 
 9.77237221e+09  7.12238877e+01  1.14352527e+04 
 1.00000000e+10  5.00473963e+02  1.14334984e+04 
 1.02329299e+10  9.40650028e+02  1.14152827e+04 
 1.04712855e+10  1.39145408e+03  1.13793142e+04 
 1.07151931e+10  1.85250005e+03  1.13242355e+04 
 1.09647820e+10  2.32330260e+03  1.12486224e+04 
 1.12201845e+10  2.80326461e+03  1.11509846e+04 
 1.14815362e+10  3.29166349e+03  1.10297665e+04 
 1.17489755e+10  3.78763595e+03  1.08833500e+04 
 1.20226443e+10  4.29016130e+03  1.07100576e+04 
 1.23026877e+10  4.79804311e+03  1.05081580e+04 
 1.25892541e+10  5.30988913e+03  1.02758733e+04 
 1.28824955e+10  5.82408945e+03  1.00113885e+04 
 1.31825674e+10  6.33879277e+03  9.71286454e+03 
 1.34896288e+10  6.85188101e+03  9.37845424e+03 
 1.38038426e+10  7.36094199e+03  9.00632288e+03 
 1.41253754e+10  7.86324075e+03  8.59467385e+03 
 1.44543977e+10  8.35568960e+03  8.14178025e+03 
 1.47910839e+10  8.83481735e+03  7.64602373e+03 
 1.51356125e+10  9.29673873e+03  7.10594151e+03 
 1.54881662e+10  9.73712469e+03  6.52028325e+03 
 1.58489319e+10  1.01511753e+04  5.88807884e+03 
 1.62181010e+10  1.05335968e+04  5.20871885e+03 
 1.65958691e+10  1.08785860e+04  4.48204888e+03 
 1.69824365e+10  1.11798241e+04  3.70847928e+03 
 1.73780083e+10  1.14304854e+04  2.88911109e+03 
 1.77827941e+10  1.16232645e+04  2.02587866e+03 
 1.81970086e+10  1.17504294e+04  1.12170852e+03 
 1.86208714e+10  1.18039062e+04  1.80692593e+02 
 1.90546072e+10  1.17754055e+04 -7.91727671e+02 
 1.94984460e+10  1.16565972e+04 -1.78857257e+03 
 1.99526231e+10  1.14393440e+04 -2.80114004e+03 
 2.04173794e+10  1.11160032e+04 -3.81883944e+03 
 2.08929613e+10  1.06798012e+04 -4.82906127e+03 
 2.13796209e+10  1.01252868e+04 -5.81710565e+03 
 2.18776162e+10  9.44885975e+03 -6.76619772e+03 
 2.23872114e+10  8.64936348e+03 -7.65762206e+03 
 2.29086765e+10  7.72872205e+03 -8.47101061e+03 
 2.34422882e+10  6.69258347e+03 -9.18481718e+03 
 2.39883292e+10  5.55091891e+03 -9.77700535e+03 
 2.45470892e+10  4.31850953e+03 -1.02259632e+04 
 2.51188643e+10  3.01523982e+03 -1.05116373e+04 
 2.57039578e+10  1.66610938e+03 -1.06168489e+04 
 2.63026799e+10  3.00878837e+02 -1.05287204e+04 
 2.69153480e+10 -1.04671599e+03 -1.02401031e+04 
 2.75422870e+10 -2.34021218e+03 -9.75086347e+03 
 2.81838293e+10 -3.54210937e+03 -9.06886509e+03 
 2.88403150e+10 -4.61591771e+03 -8.21048538e+03 
 2.95120923e+10 -5.52841655e+03 -7.20052922e+03 
 3.01995172e+10 -6.25192215e+03 -6.07145848e+03 
 3.09029543e+10 -6.76633114e+03 -4.86193156e+03 
 3.16227766e+10 -7.06070781e+03 -3.61473523e+03 
 3.23593657e+10 -7.13422009e+03 -2.37427549e+03 
 3.31131121e+10 -6.99629873e+03 -1.18385933e+03 
 3.38844156e+10 -6.66598486e+03 -8.30324499e+01 
 3.46736850e+10 -6.17052760e+03  8.94766411e+02 
 3.54813389e+10 -5.54338051e+03  1.72401453e+03 
 3.63078055e+10 -4.82180821e+03  2.38822677e+03 
 3.71535229e+10 -4.04434686e+03  2.88032336e+03 
 3.80189396e+10 -3.24835999e+03  3.20226392e+03 
 3.89045145e+10 -2.46790026e+03  3.36404414e+03 
 3.98107171e+10 -1.73203420e+03  3.38220704e+03 
 4.07380278e+10 -1.06372222e+03  3.27805314e+03 
 4.16869383e+10 -4.79278789e+02  3.07573947e+03 
 4.26579519e+10  1.16219874e+01  2.80044208e+03 
 4.36515832e+10  4.05477446e+02  2.47672386e+03 
 4.46683592e+10  7.04136015e+02  2.12720744e+03 
 4.57088190e+10  9.13750774e+02  1.77160755e+03 
 4.67735141e+10  1.04362996e+03  1.42613498e+03 
 4.78630092e+10  1.10509334e+03  1.10324862e+03 
 4.89778819e+10  1.11042148e+03  8.11706428e+02 
 5.01187234e+10  1.07195883e+03  5.56850232e+02 
 5.12861384e+10  1.00140587e+03  3.41052950e+02 
 5.24807460e+10  9.09311313e+02  1.64258915e+02 
 5.37031796e+10  8.04756413e+02  2.45556840e+01 
 5.49540874e+10  6.95208950e+02 -8.12723889e+01 
 5.62341325e+10  5.86515854e+02 -1.57244922e+02 
 5.75439937e+10  4.82999718e+02 -2.07763150e+02 
 5.88843655e+10  3.87624918e+02 -2.37274729e+02 
 6.02559586e+10  3.02202579e+02 -2.50026054e+02 
 6.16595002e+10  2.27609062e+02 -2.49895208e+02 
 6.30957344e+10  1.63998812e+02 -2.40294126e+02 
 6.45654229e+10  1.10998561e+02 -2.24126402e+02 
 6.60693448e+10  6.78752984e+01 -2.03786910e+02 
 6.76082975e+10  3.36748225e+01 -1.81190479e+02 
 6.91830971e+10  7.33096236e+00 -1.57818697e+02 
 7.07945784e+10 -1.22522771e+01 -1.34776125e+02 
 7.24435960e+10 -2.61421433e+01 -1.12849354e+02 
 7.41310241e+10 -3.53381096e+01 -9.25643891e+01 
 7.58577575e+10 -4.07483545e+01 -7.42394318e+01 
 7.76247117e+10 -4.31780226e+01 -5.80315002e+01 
 7.94328235e+10 -4.33260359e+01 -4.39762555e+01 
 8.12830516e+10 -4.17877841e+01 -3.20210770e+01 
 8.31763771e+10 -3.90615811e+01 -2.20518495e+01 
 8.51138038e+10 -3.55572762e+01 -1.39141592e+01 
 8.70963590e+10 -3.16058497e+01 -7.42969712e+00 
 8.91250938e+10 -2.74691784e+01 -2.40867723e+00 
 9.12010839e+10 -2.33494397e+01  1.34097098e+00 
 9.33254301e+10 -1.93978428e+01  4.00695566e+00 
 9.54992586e+10 -1.57225341e+01  5.76794051e+00 
 9.77237221e+10 -1.23956376e+01  6.79034699e+00 
 1.00000000e+11 -9.45946651e+00  7.22625973e+00 
