 frequency       v(vout)         v(vout)         v(vinn)         v(vinn)        
 1.00000000e+03 -9.90991689e-01  4.83289669e-06  9.00831142e-03  4.83289669e-06 
 1.02329299e+03 -9.90991689e-01  4.94546932e-06  9.00831142e-03  4.94546932e-06 
 1.04712855e+03 -9.90991689e-01  5.06066410e-06  9.00831142e-03  5.06066410e-06 
 1.07151931e+03 -9.90991689e-01  5.17854211e-06  9.00831143e-03  5.17854211e-06 
 1.09647820e+03 -9.90991689e-01  5.29916585e-06  9.00831143e-03  5.29916585e-06 
 1.12201845e+03 -9.90991689e-01  5.42259928e-06  9.00831143e-03  5.42259928e-06 
 1.14815362e+03 -9.90991689e-01  5.54890784e-06  9.00831143e-03  5.54890784e-06 
 1.17489755e+03 -9.90991689e-01  5.67815851e-06  9.00831143e-03  5.67815851e-06 
 1.20226443e+03 -9.90991689e-01  5.81041981e-06  9.00831143e-03  5.81041981e-06 
 1.23026877e+03 -9.90991689e-01  5.94576187e-06  9.00831143e-03  5.94576187e-06 
 1.25892541e+03 -9.90991689e-01  6.08425646e-06  9.00831143e-03  6.08425646e-06 
 1.28824955e+03 -9.90991689e-01  6.22597700e-06  9.00831143e-03  6.22597700e-06 
 1.31825674e+03 -9.90991689e-01  6.37099863e-06  9.00831143e-03  6.37099863e-06 
 1.34896288e+03 -9.90991689e-01  6.51939825e-06  9.00831143e-03  6.51939825e-06 
 1.38038426e+03 -9.90991689e-01  6.67125455e-06  9.00831143e-03  6.67125455e-06 
 1.41253754e+03 -9.90991689e-01  6.82664803e-06  9.00831143e-03  6.82664803e-06 
 1.44543977e+03 -9.90991689e-01  6.98566109e-06  9.00831143e-03  6.98566109e-06 
 1.47910839e+03 -9.90991689e-01  7.14837804e-06  9.00831143e-03  7.14837804e-06 
 1.51356125e+03 -9.90991689e-01  7.31488515e-06  9.00831143e-03  7.31488515e-06 
 1.54881662e+03 -9.90991689e-01  7.48527072e-06  9.00831143e-03  7.48527072e-06 
 1.58489319e+03 -9.90991689e-01  7.65962507e-06  9.00831143e-03  7.65962507e-06 
 1.62181010e+03 -9.90991689e-01  7.83804066e-06  9.00831143e-03  7.83804066e-06 
 1.65958691e+03 -9.90991689e-01  8.02061208e-06  9.00831143e-03  8.02061208e-06 
 1.69824365e+03 -9.90991689e-01  8.20743613e-06  9.00831143e-03  8.20743613e-06 
 1.73780083e+03 -9.90991689e-01  8.39861188e-06  9.00831143e-03  8.39861188e-06 
 1.77827941e+03 -9.90991689e-01  8.59424068e-06  9.00831143e-03  8.59424068e-06 
 1.81970086e+03 -9.90991689e-01  8.79442626e-06  9.00831143e-03  8.79442626e-06 
 1.86208714e+03 -9.90991689e-01  8.99927476e-06  9.00831144e-03  8.99927476e-06 
 1.90546072e+03 -9.90991689e-01  9.20889480e-06  9.00831144e-03  9.20889480e-06 
 1.94984460e+03 -9.90991689e-01  9.42339752e-06  9.00831144e-03  9.42339752e-06 
 1.99526231e+03 -9.90991689e-01  9.64289664e-06  9.00831144e-03  9.64289664e-06 
 2.04173794e+03 -9.90991689e-01  9.86750856e-06  9.00831144e-03  9.86750856e-06 
 2.08929613e+03 -9.90991689e-01  1.00973524e-05  9.00831144e-03  1.00973524e-05 
 2.13796209e+03 -9.90991689e-01  1.03325499e-05  9.00831144e-03  1.03325499e-05 
 2.18776162e+03 -9.90991689e-01  1.05732259e-05  9.00831144e-03  1.05732259e-05 
 2.23872114e+03 -9.90991689e-01  1.08195080e-05  9.00831144e-03  1.08195080e-05 
 2.29086765e+03 -9.90991689e-01  1.10715267e-05  9.00831144e-03  1.10715267e-05 
 2.34422882e+03 -9.90991689e-01  1.13294157e-05  9.00831144e-03  1.13294157e-05 
 2.39883292e+03 -9.90991689e-01  1.15933117e-05  9.00831145e-03  1.15933117e-05 
 2.45470892e+03 -9.90991689e-01  1.18633546e-05  9.00831145e-03  1.18633546e-05 
 2.51188643e+03 -9.90991689e-01  1.21396876e-05  9.00831145e-03  1.21396876e-05 
 2.57039578e+03 -9.90991689e-01  1.24224573e-05  9.00831145e-03  1.24224573e-05 
 2.63026799e+03 -9.90991689e-01  1.27118135e-05  9.00831145e-03  1.27118135e-05 
 2.69153480e+03 -9.90991689e-01  1.30079097e-05  9.00831145e-03  1.30079097e-05 
 2.75422870e+03 -9.90991689e-01  1.33109028e-05  9.00831145e-03  1.33109028e-05 
 2.81838293e+03 -9.90991689e-01  1.36209535e-05  9.00831146e-03  1.36209535e-05 
 2.88403150e+03 -9.90991689e-01  1.39382263e-05  9.00831146e-03  1.39382263e-05 
 2.95120923e+03 -9.90991689e-01  1.42628893e-05  9.00831146e-03  1.42628893e-05 
 3.01995172e+03 -9.90991689e-01  1.45951147e-05  9.00831146e-03  1.45951147e-05 
 3.09029543e+03 -9.90991689e-01  1.49350786e-05  9.00831146e-03  1.49350786e-05 
 3.16227766e+03 -9.90991689e-01  1.52829612e-05  9.00831146e-03  1.52829612e-05 
 3.23593657e+03 -9.90991689e-01  1.56389471e-05  9.00831147e-03  1.56389471e-05 
 3.31131121e+03 -9.90991689e-01  1.60032250e-05  9.00831147e-03  1.60032250e-05 
 3.38844156e+03 -9.90991689e-01  1.63759880e-05  9.00831147e-03  1.63759880e-05 
 3.46736850e+03 -9.90991689e-01  1.67574338e-05  9.00831147e-03  1.67574338e-05 
 3.54813389e+03 -9.90991689e-01  1.71477646e-05  9.00831148e-03  1.71477646e-05 
 3.63078055e+03 -9.90991689e-01  1.75471873e-05  9.00831148e-03  1.75471873e-05 
 3.71535229e+03 -9.90991689e-01  1.79559138e-05  9.00831148e-03  1.79559138e-05 
 3.80189396e+03 -9.90991689e-01  1.83741608e-05  9.00831148e-03  1.83741608e-05 
 3.89045145e+03 -9.90991689e-01  1.88021500e-05  9.00831149e-03  1.88021500e-05 
 3.98107171e+03 -9.90991689e-01  1.92401083e-05  9.00831149e-03  1.92401083e-05 
 4.07380278e+03 -9.90991689e-01  1.96882680e-05  9.00831149e-03  1.96882680e-05 
 4.16869383e+03 -9.90991689e-01  2.01468667e-05  9.00831150e-03  2.01468667e-05 
 4.26579519e+03 -9.90991688e-01  2.06161475e-05  9.00831150e-03  2.06161475e-05 
 4.36515832e+03 -9.90991688e-01  2.10963592e-05  9.00831151e-03  2.10963592e-05 
 4.46683592e+03 -9.90991688e-01  2.15877566e-05  9.00831151e-03  2.15877566e-05 
 4.57088190e+03 -9.90991688e-01  2.20906000e-05  9.00831151e-03  2.20906000e-05 
 4.67735141e+03 -9.90991688e-01  2.26051562e-05  9.00831152e-03  2.26051562e-05 
 4.78630092e+03 -9.90991688e-01  2.31316979e-05  9.00831152e-03  2.31316979e-05 
 4.89778819e+03 -9.90991688e-01  2.36705044e-05  9.00831153e-03  2.36705044e-05 
 5.01187234e+03 -9.90991688e-01  2.42218612e-05  9.00831153e-03  2.42218612e-05 
 5.12861384e+03 -9.90991688e-01  2.47860609e-05  9.00831154e-03  2.47860609e-05 
 5.24807460e+03 -9.90991688e-01  2.53634024e-05  9.00831154e-03  2.53634024e-05 
 5.37031796e+03 -9.90991688e-01  2.59541919e-05  9.00831155e-03  2.59541919e-05 
 5.49540874e+03 -9.90991688e-01  2.65587427e-05  9.00831155e-03  2.65587427e-05 
 5.62341325e+03 -9.90991688e-01  2.71773753e-05  9.00831156e-03  2.71773753e-05 
 5.75439937e+03 -9.90991688e-01  2.78104177e-05  9.00831157e-03  2.78104177e-05 
 5.88843655e+03 -9.90991688e-01  2.84582056e-05  9.00831157e-03  2.84582056e-05 
 6.02559586e+03 -9.90991688e-01  2.91210823e-05  9.00831158e-03  2.91210823e-05 
 6.16595002e+03 -9.90991688e-01  2.97993995e-05  9.00831159e-03  2.97993995e-05 
 6.30957344e+03 -9.90991688e-01  3.04935167e-05  9.00831160e-03  3.04935167e-05 
 6.45654229e+03 -9.90991688e-01  3.12038019e-05  9.00831161e-03  3.12038019e-05 
 6.60693448e+03 -9.90991688e-01  3.19306318e-05  9.00831162e-03  3.19306318e-05 
 6.76082975e+03 -9.90991688e-01  3.26743918e-05  9.00831162e-03  3.26743918e-05 
 6.91830971e+03 -9.90991688e-01  3.34354761e-05  9.00831163e-03  3.34354761e-05 
 7.07945784e+03 -9.90991688e-01  3.42142884e-05  9.00831164e-03  3.42142884e-05 
 7.24435960e+03 -9.90991688e-01  3.50112416e-05  9.00831165e-03  3.50112416e-05 
 7.41310241e+03 -9.90991688e-01  3.58267582e-05  9.00831167e-03  3.58267582e-05 
 7.58577575e+03 -9.90991688e-01  3.66612706e-05  9.00831168e-03  3.66612706e-05 
 7.76247117e+03 -9.90991688e-01  3.75152213e-05  9.00831169e-03  3.75152213e-05 
 7.94328235e+03 -9.90991688e-01  3.83890630e-05  9.00831170e-03  3.83890630e-05 
 8.12830516e+03 -9.90991688e-01  3.92832592e-05  9.00831172e-03  3.92832592e-05 
 8.31763771e+03 -9.90991688e-01  4.01982838e-05  9.00831173e-03  4.01982838e-05 
 8.51138038e+03 -9.90991688e-01  4.11346221e-05  9.00831174e-03  4.11346221e-05 
 8.70963590e+03 -9.90991688e-01  4.20927706e-05  9.00831176e-03  4.20927706e-05 
 8.91250938e+03 -9.90991688e-01  4.30732372e-05  9.00831177e-03  4.30732372e-05 
 9.12010839e+03 -9.90991688e-01  4.40765417e-05  9.00831179e-03  4.40765417e-05 
 9.33254301e+03 -9.90991688e-01  4.51032163e-05  9.00831181e-03  4.51032163e-05 
 9.54992586e+03 -9.90991688e-01  4.61538052e-05  9.00831183e-03  4.61538052e-05 
 9.77237221e+03 -9.90991688e-01  4.72288654e-05  9.00831185e-03  4.72288654e-05 
 1.00000000e+04 -9.90991688e-01  4.83289670e-05  9.00831187e-03  4.83289670e-05 
 1.02329299e+04 -9.90991688e-01  4.94546933e-05  9.00831189e-03  4.94546933e-05 
 1.04712855e+04 -9.90991688e-01  5.06066410e-05  9.00831191e-03  5.06066410e-05 
 1.07151931e+04 -9.90991688e-01  5.17854211e-05  9.00831193e-03  5.17854211e-05 
 1.09647820e+04 -9.90991688e-01  5.29916586e-05  9.00831196e-03  5.29916586e-05 
 1.12201845e+04 -9.90991688e-01  5.42259929e-05  9.00831198e-03  5.42259929e-05 
 1.14815362e+04 -9.90991688e-01  5.54890785e-05  9.00831201e-03  5.54890785e-05 
 1.17489755e+04 -9.90991688e-01  5.67815852e-05  9.00831204e-03  5.67815852e-05 
 1.20226443e+04 -9.90991688e-01  5.81041982e-05  9.00831207e-03  5.81041982e-05 
 1.23026877e+04 -9.90991688e-01  5.94576189e-05  9.00831210e-03  5.94576189e-05 
 1.25892541e+04 -9.90991688e-01  6.08425647e-05  9.00831213e-03  6.08425647e-05 
 1.28824955e+04 -9.90991688e-01  6.22597701e-05  9.00831216e-03  6.22597701e-05 
 1.31825674e+04 -9.90991688e-01  6.37099865e-05  9.00831220e-03  6.37099865e-05 
 1.34896288e+04 -9.90991688e-01  6.51939827e-05  9.00831223e-03  6.51939827e-05 
 1.38038426e+04 -9.90991688e-01  6.67125456e-05  9.00831227e-03  6.67125456e-05 
 1.41253754e+04 -9.90991688e-01  6.82664805e-05  9.00831231e-03  6.82664805e-05 
 1.44543977e+04 -9.90991688e-01  6.98566111e-05  9.00831235e-03  6.98566111e-05 
 1.47910839e+04 -9.90991688e-01  7.14837806e-05  9.00831240e-03  7.14837806e-05 
 1.51356125e+04 -9.90991688e-01  7.31488518e-05  9.00831244e-03  7.31488518e-05 
 1.54881662e+04 -9.90991688e-01  7.48527074e-05  9.00831249e-03  7.48527074e-05 
 1.58489319e+04 -9.90991687e-01  7.65962509e-05  9.00831254e-03  7.65962509e-05 
 1.62181010e+04 -9.90991687e-01  7.83804068e-05  9.00831260e-03  7.83804068e-05 
 1.65958691e+04 -9.90991687e-01  8.02061211e-05  9.00831265e-03  8.02061211e-05 
 1.69824365e+04 -9.90991687e-01  8.20743616e-05  9.00831271e-03  8.20743616e-05 
 1.73780083e+04 -9.90991687e-01  8.39861191e-05  9.00831277e-03  8.39861191e-05 
 1.77827941e+04 -9.90991687e-01  8.59424072e-05  9.00831283e-03  8.59424072e-05 
 1.81970086e+04 -9.90991687e-01  8.79442630e-05  9.00831290e-03  8.79442630e-05 
 1.86208714e+04 -9.90991687e-01  8.99927481e-05  9.00831297e-03  8.99927481e-05 
 1.90546072e+04 -9.90991687e-01  9.20889485e-05  9.00831304e-03  9.20889485e-05 
 1.94984460e+04 -9.90991687e-01  9.42339757e-05  9.00831312e-03  9.42339757e-05 
 1.99526231e+04 -9.90991687e-01  9.64289670e-05  9.00831320e-03  9.64289670e-05 
 2.04173794e+04 -9.90991687e-01  9.86750862e-05  9.00831328e-03  9.86750862e-05 
 2.08929613e+04 -9.90991687e-01  1.00973524e-04  9.00831337e-03  1.00973524e-04 
 2.13796209e+04 -9.90991687e-01  1.03325500e-04  9.00831346e-03  1.03325500e-04 
 2.18776162e+04 -9.90991686e-01  1.05732260e-04  9.00831356e-03  1.05732260e-04 
 2.23872114e+04 -9.90991686e-01  1.08195081e-04  9.00831366e-03  1.08195081e-04 
 2.29086765e+04 -9.90991686e-01  1.10715268e-04  9.00831377e-03  1.10715268e-04 
 2.34422882e+04 -9.90991686e-01  1.13294158e-04  9.00831388e-03  1.13294158e-04 
 2.39883292e+04 -9.90991686e-01  1.15933118e-04  9.00831399e-03  1.15933118e-04 
 2.45470892e+04 -9.90991686e-01  1.18633547e-04  9.00831411e-03  1.18633547e-04 
 2.51188643e+04 -9.90991686e-01  1.21396877e-04  9.00831424e-03  1.21396877e-04 
 2.57039578e+04 -9.90991686e-01  1.24224574e-04  9.00831437e-03  1.24224574e-04 
 2.63026799e+04 -9.90991685e-01  1.27118136e-04  9.00831451e-03  1.27118136e-04 
 2.69153480e+04 -9.90991685e-01  1.30079098e-04  9.00831466e-03  1.30079098e-04 
 2.75422870e+04 -9.90991685e-01  1.33109029e-04  9.00831481e-03  1.33109029e-04 
 2.81838293e+04 -9.90991685e-01  1.36209537e-04  9.00831497e-03  1.36209537e-04 
 2.88403150e+04 -9.90991685e-01  1.39382265e-04  9.00831514e-03  1.39382265e-04 
 2.95120923e+04 -9.90991685e-01  1.42628895e-04  9.00831531e-03  1.42628895e-04 
 3.01995172e+04 -9.90991685e-01  1.45951149e-04  9.00831550e-03  1.45951149e-04 
 3.09029543e+04 -9.90991684e-01  1.49350788e-04  9.00831569e-03  1.49350788e-04 
 3.16227766e+04 -9.90991684e-01  1.52829615e-04  9.00831589e-03  1.52829615e-04 
 3.23593657e+04 -9.90991684e-01  1.56389474e-04  9.00831610e-03  1.56389474e-04 
 3.31131121e+04 -9.90991684e-01  1.60032253e-04  9.00831632e-03  1.60032253e-04 
 3.38844156e+04 -9.90991683e-01  1.63759883e-04  9.00831655e-03  1.63759883e-04 
 3.46736850e+04 -9.90991683e-01  1.67574341e-04  9.00831679e-03  1.67574341e-04 
 3.54813389e+04 -9.90991683e-01  1.71477649e-04  9.00831705e-03  1.71477649e-04 
 3.63078055e+04 -9.90991683e-01  1.75471876e-04  9.00831731e-03  1.75471876e-04 
 3.71535229e+04 -9.90991682e-01  1.79559141e-04  9.00831759e-03  1.79559141e-04 
 3.80189396e+04 -9.90991682e-01  1.83741611e-04  9.00831788e-03  1.83741611e-04 
 3.89045145e+04 -9.90991682e-01  1.88021503e-04  9.00831818e-03  1.88021503e-04 
 3.98107171e+04 -9.90991681e-01  1.92401087e-04  9.00831850e-03  1.92401087e-04 
 4.07380278e+04 -9.90991681e-01  1.96882684e-04  9.00831884e-03  1.96882684e-04 
 4.16869383e+04 -9.90991681e-01  2.01468671e-04  9.00831919e-03  2.01468671e-04 
 4.26579519e+04 -9.90991680e-01  2.06161480e-04  9.00831955e-03  2.06161480e-04 
 4.36515832e+04 -9.90991680e-01  2.10963598e-04  9.00831994e-03  2.10963598e-04 
 4.46683592e+04 -9.90991680e-01  2.15877571e-04  9.00832034e-03  2.15877571e-04 
 4.57088190e+04 -9.90991679e-01  2.20906006e-04  9.00832076e-03  2.20906006e-04 
 4.67735141e+04 -9.90991679e-01  2.26051569e-04  9.00832120e-03  2.26051569e-04 
 4.78630092e+04 -9.90991678e-01  2.31316986e-04  9.00832166e-03  2.31316986e-04 
 4.89778819e+04 -9.90991678e-01  2.36705051e-04  9.00832214e-03  2.36705051e-04 
 5.01187234e+04 -9.90991677e-01  2.42218621e-04  9.00832265e-03  2.42218621e-04 
 5.12861384e+04 -9.90991677e-01  2.47860618e-04  9.00832317e-03  2.47860618e-04 
 5.24807460e+04 -9.90991676e-01  2.53634034e-04  9.00832373e-03  2.53634034e-04 
 5.37031796e+04 -9.90991676e-01  2.59541930e-04  9.00832431e-03  2.59541930e-04 
 5.49540874e+04 -9.90991675e-01  2.65587438e-04  9.00832492e-03  2.65587438e-04 
 5.62341325e+04 -9.90991674e-01  2.71773765e-04  9.00832555e-03  2.71773765e-04 
 5.75439937e+04 -9.90991674e-01  2.78104190e-04  9.00832622e-03  2.78104190e-04 
 5.88843655e+04 -9.90991673e-01  2.84582069e-04  9.00832692e-03  2.84582069e-04 
 6.02559586e+04 -9.90991672e-01  2.91210838e-04  9.00832765e-03  2.91210838e-04 
 6.16595002e+04 -9.90991672e-01  2.97994010e-04  9.00832841e-03  2.97994010e-04 
 6.30957344e+04 -9.90991671e-01  3.04935183e-04  9.00832921e-03  3.04935183e-04 
 6.45654229e+04 -9.90991670e-01  3.12038037e-04  9.00833005e-03  3.12038037e-04 
 6.60693448e+04 -9.90991669e-01  3.19306337e-04  9.00833093e-03  3.19306337e-04 
 6.76082975e+04 -9.90991668e-01  3.26743938e-04  9.00833185e-03  3.26743938e-04 
 6.91830971e+04 -9.90991667e-01  3.34354783e-04  9.00833281e-03  3.34354783e-04 
 7.07945784e+04 -9.90991666e-01  3.42142908e-04  9.00833382e-03  3.42142908e-04 
 7.24435960e+04 -9.90991665e-01  3.50112441e-04  9.00833487e-03  3.50112441e-04 
 7.41310241e+04 -9.90991664e-01  3.58267609e-04  9.00833598e-03  3.58267609e-04 
 7.58577575e+04 -9.90991663e-01  3.66612735e-04  9.00833714e-03  3.66612735e-04 
 7.76247117e+04 -9.90991662e-01  3.75152244e-04  9.00833835e-03  3.75152244e-04 
 7.94328235e+04 -9.90991660e-01  3.83890663e-04  9.00833962e-03  3.83890663e-04 
 8.12830516e+04 -9.90991659e-01  3.92832627e-04  9.00834095e-03  3.92832627e-04 
 8.31763771e+04 -9.90991658e-01  4.01982876e-04  9.00834234e-03  4.01982876e-04 
 8.51138038e+04 -9.90991656e-01  4.11346262e-04  9.00834379e-03  4.11346262e-04 
 8.70963590e+04 -9.90991655e-01  4.20927749e-04  9.00834532e-03  4.20927749e-04 
 8.91250938e+04 -9.90991653e-01  4.30732418e-04  9.00834692e-03  4.30732418e-04 
 9.12010839e+04 -9.90991651e-01  4.40765468e-04  9.00834859e-03  4.40765468e-04 
 9.33254301e+04 -9.90991650e-01  4.51032217e-04  9.00835034e-03  4.51032217e-04 
 9.54992586e+04 -9.90991648e-01  4.61538109e-04  9.00835218e-03  4.61538109e-04 
 9.77237221e+04 -9.90991646e-01  4.72288716e-04  9.00835410e-03  4.72288716e-04 
 1.00000000e+05 -9.90991644e-01  4.83289736e-04  9.00835611e-03  4.83289736e-04 
 1.02329299e+05 -9.90991642e-01  4.94547003e-04  9.00835822e-03  4.94547003e-04 
 1.04712855e+05 -9.90991640e-01  5.06066486e-04  9.00836042e-03  5.06066486e-04 
 1.07151931e+05 -9.90991637e-01  5.17854293e-04  9.00836273e-03  5.17854293e-04 
 1.09647820e+05 -9.90991635e-01  5.29916673e-04  9.00836515e-03  5.29916673e-04 
 1.12201845e+05 -9.90991632e-01  5.42260022e-04  9.00836768e-03  5.42260022e-04 
 1.14815362e+05 -9.90991630e-01  5.54890885e-04  9.00837033e-03  5.54890885e-04 
 1.17489755e+05 -9.90991627e-01  5.67815959e-04  9.00837311e-03  5.67815959e-04 
 1.20226443e+05 -9.90991624e-01  5.81042097e-04  9.00837602e-03  5.81042097e-04 
 1.23026877e+05 -9.90991621e-01  5.94576312e-04  9.00837906e-03  5.94576312e-04 
 1.25892541e+05 -9.90991618e-01  6.08425779e-04  9.00838225e-03  6.08425779e-04 
 1.28824955e+05 -9.90991614e-01  6.22597843e-04  9.00838559e-03  6.22597843e-04 
 1.31825674e+05 -9.90991611e-01  6.37100016e-04  9.00838908e-03  6.37100016e-04 
 1.34896288e+05 -9.90991607e-01  6.51939989e-04  9.00839274e-03  6.51939989e-04 
 1.38038426e+05 -9.90991603e-01  6.67125630e-04  9.00839657e-03  6.67125630e-04 
 1.41253754e+05 -9.90991599e-01  6.82664991e-04  9.00840059e-03  6.82664991e-04 
 1.44543977e+05 -9.90991595e-01  6.98566310e-04  9.00840479e-03  6.98566310e-04 
 1.47910839e+05 -9.90991591e-01  7.14838020e-04  9.00840919e-03  7.14838020e-04 
 1.51356125e+05 -9.90991586e-01  7.31488747e-04  9.00841380e-03  7.31488747e-04 
 1.54881662e+05 -9.90991581e-01  7.48527320e-04  9.00841862e-03  7.48527320e-04 
 1.58489319e+05 -9.90991576e-01  7.65962773e-04  9.00842368e-03  7.65962773e-04 
 1.62181010e+05 -9.90991571e-01  7.83804350e-04  9.00842897e-03  7.83804350e-04 
 1.65958691e+05 -9.90991565e-01  8.02061513e-04  9.00843451e-03  8.02061513e-04 
 1.69824365e+05 -9.90991560e-01  8.20743940e-04  9.00844031e-03  8.20743940e-04 
 1.73780083e+05 -9.90991554e-01  8.39861538e-04  9.00844638e-03  8.39861538e-04 
 1.77827941e+05 -9.90991547e-01  8.59424443e-04  9.00845274e-03  8.59424443e-04 
 1.81970086e+05 -9.90991541e-01  8.79443028e-04  9.00845940e-03  8.79443028e-04 
 1.86208714e+05 -9.90991534e-01  8.99927908e-04  9.00846638e-03  8.99927908e-04 
 1.90546072e+05 -9.90991526e-01  9.20889942e-04  9.00847368e-03  9.20889942e-04 
 1.94984460e+05 -9.90991519e-01  9.42340247e-04  9.00848133e-03  9.42340247e-04 
 1.99526231e+05 -9.90991511e-01  9.64290195e-04  9.00848933e-03  9.64290195e-04 
 2.04173794e+05 -9.90991502e-01  9.86751424e-04  9.00849772e-03  9.86751424e-04 
 2.08929613e+05 -9.90991494e-01  1.00973585e-03  9.00850650e-03  1.00973585e-03 
 2.13796209e+05 -9.90991484e-01  1.03325564e-03  9.00851569e-03  1.03325564e-03 
 2.18776162e+05 -9.90991475e-01  1.05732329e-03  9.00852532e-03  1.05732329e-03 
 2.23872114e+05 -9.90991465e-01  1.08195155e-03  9.00853540e-03  1.08195155e-03 
 2.29086765e+05 -9.90991454e-01  1.10715347e-03  9.00854596e-03  1.10715347e-03 
 2.34422882e+05 -9.90991443e-01  1.13294243e-03  9.00855701e-03  1.13294243e-03 
 2.39883292e+05 -9.90991431e-01  1.15933209e-03  9.00856858e-03  1.15933209e-03 
 2.45470892e+05 -9.90991419e-01  1.18633645e-03  9.00858070e-03  1.18633645e-03 
 2.51188643e+05 -9.90991407e-01  1.21396982e-03  9.00859339e-03  1.21396982e-03 
 2.57039578e+05 -9.90991393e-01  1.24224686e-03  9.00860668e-03  1.24224686e-03 
 2.63026799e+05 -9.90991379e-01  1.27118256e-03  9.00862060e-03  1.27118256e-03 
 2.69153480e+05 -9.90991365e-01  1.30079227e-03  9.00863517e-03  1.30079227e-03 
 2.75422870e+05 -9.90991350e-01  1.33109167e-03  9.00865043e-03  1.33109167e-03 
 2.81838293e+05 -9.90991334e-01  1.36209685e-03  9.00866640e-03  1.36209685e-03 
 2.88403150e+05 -9.90991317e-01  1.39382423e-03  9.00868313e-03  1.39382423e-03 
 2.95120923e+05 -9.90991299e-01  1.42629065e-03  9.00870065e-03  1.42629065e-03 
 3.01995172e+05 -9.90991281e-01  1.45951331e-03  9.00871900e-03  1.45951331e-03 
 3.09029543e+05 -9.90991262e-01  1.49350983e-03  9.00873821e-03  1.49350983e-03 
 3.16227766e+05 -9.90991242e-01  1.52829824e-03  9.00875832e-03  1.52829824e-03 
 3.23593657e+05 -9.90991221e-01  1.56389698e-03  9.00877938e-03  1.56389698e-03 
 3.31131121e+05 -9.90991199e-01  1.60032493e-03  9.00880144e-03  1.60032493e-03 
 3.38844156e+05 -9.90991175e-01  1.63760140e-03  9.00882453e-03  1.63760140e-03 
 3.46736850e+05 -9.90991151e-01  1.67574616e-03  9.00884871e-03  1.67574616e-03 
 3.54813389e+05 -9.90991126e-01  1.71477944e-03  9.00887403e-03  1.71477944e-03 
 3.63078055e+05 -9.90991099e-01  1.75472193e-03  9.00890055e-03  1.75472193e-03 
 3.71535229e+05 -9.90991072e-01  1.79559480e-03  9.00892831e-03  1.79559480e-03 
 3.80189396e+05 -9.90991043e-01  1.83741975e-03  9.00895739e-03  1.83741975e-03 
 3.89045145e+05 -9.90991012e-01  1.88021893e-03  9.00898783e-03  1.88021893e-03 
 3.98107171e+05 -9.90990980e-01  1.92401504e-03  9.00901971e-03  1.92401504e-03 
 4.07380278e+05 -9.90990947e-01  1.96883131e-03  9.00905309e-03  1.96883131e-03 
 4.16869383e+05 -9.90990912e-01  2.01469150e-03  9.00908805e-03  2.01469150e-03 
 4.26579519e+05 -9.90990875e-01  2.06161993e-03  9.00912465e-03  2.06161993e-03 
 4.36515832e+05 -9.90990837e-01  2.10964148e-03  9.00916298e-03  2.10964148e-03 
 4.46683592e+05 -9.90990797e-01  2.15878161e-03  9.00920311e-03  2.15878161e-03 
 4.57088190e+05 -9.90990755e-01  2.20906638e-03  9.00924513e-03  2.20906638e-03 
 4.67735141e+05 -9.90990711e-01  2.26052245e-03  9.00928914e-03  2.26052245e-03 
 4.78630092e+05 -9.90990665e-01  2.31317711e-03  9.00933522e-03  2.31317711e-03 
 4.89778819e+05 -9.90990617e-01  2.36705828e-03  9.00938347e-03  2.36705828e-03 
 5.01187234e+05 -9.90990566e-01  2.42219453e-03  9.00943399e-03  2.42219453e-03 
 5.12861384e+05 -9.90990513e-01  2.47861509e-03  9.00948690e-03  2.47861509e-03 
 5.24807460e+05 -9.90990458e-01  2.53634989e-03  9.00954230e-03  2.53634989e-03 
 5.37031796e+05 -9.90990400e-01  2.59542953e-03  9.00960031e-03  2.59542953e-03 
 5.49540874e+05 -9.90990339e-01  2.65588535e-03  9.00966106e-03  2.65588535e-03 
 5.62341325e+05 -9.90990275e-01  2.71774940e-03  9.00972467e-03  2.71774940e-03 
 5.75439937e+05 -9.90990209e-01  2.78105449e-03  9.00979127e-03  2.78105449e-03 
 5.88843655e+05 -9.90990139e-01  2.84583419e-03  9.00986102e-03  2.84583419e-03 
 6.02559586e+05 -9.90990066e-01  2.91212284e-03  9.00993405e-03  2.91212284e-03 
 6.16595002e+05 -9.90989989e-01  2.97995560e-03  9.01001052e-03  2.97995560e-03 
 6.30957344e+05 -9.90989909e-01  3.04936844e-03  9.01009060e-03  3.04936844e-03 
 6.45654229e+05 -9.90989826e-01  3.12039816e-03  9.01017446e-03  3.12039816e-03 
 6.60693448e+05 -9.90989738e-01  3.19308244e-03  9.01026226e-03  3.19308244e-03 
 6.76082975e+05 -9.90989646e-01  3.26745981e-03  9.01035420e-03  3.26745981e-03 
 6.91830971e+05 -9.90989550e-01  3.34356972e-03  9.01045048e-03  3.34356972e-03 
 7.07945784e+05 -9.90989449e-01  3.42145253e-03  9.01055130e-03  3.42145253e-03 
 7.24435960e+05 -9.90989343e-01  3.50114954e-03  9.01065686e-03  3.50114954e-03 
 7.41310241e+05 -9.90989233e-01  3.58270302e-03  9.01076741e-03  3.58270302e-03 
 7.58577575e+05 -9.90989117e-01  3.66615620e-03  9.01088316e-03  3.66615620e-03 
 7.76247117e+05 -9.90988996e-01  3.75155335e-03  9.01100437e-03  3.75155335e-03 
 7.94328235e+05 -9.90988869e-01  3.83893976e-03  9.01113129e-03  3.83893976e-03 
 8.12830516e+05 -9.90988736e-01  3.92836177e-03  9.01126419e-03  3.92836177e-03 
 8.31763771e+05 -9.90988597e-01  4.01986680e-03  9.01140336e-03  4.01986680e-03 
 8.51138038e+05 -9.90988451e-01  4.11350338e-03  9.01154909e-03  4.11350338e-03 
 8.70963590e+05 -9.90988298e-01  4.20932117e-03  9.01170168e-03  4.20932117e-03 
 8.91250938e+05 -9.90988139e-01  4.30737098e-03  9.01186147e-03  4.30737098e-03 
 9.12010839e+05 -9.90987971e-01  4.40770482e-03  9.01202879e-03  4.40770482e-03 
 9.33254301e+05 -9.90987796e-01  4.51037590e-03  9.01220400e-03  4.51037590e-03 
 9.54992586e+05 -9.90987613e-01  4.61543867e-03  9.01238747e-03  4.61543867e-03 
 9.77237221e+05 -9.90987420e-01  4.72294885e-03  9.01257958e-03  4.72294885e-03 
 1.00000000e+06 -9.90987219e-01  4.83296346e-03  9.01278075e-03  4.83296346e-03 
 1.02329299e+06 -9.90987009e-01  4.94554087e-03  9.01299140e-03  4.94554087e-03 
 1.04712855e+06 -9.90986788e-01  5.06074076e-03  9.01321198e-03  5.06074076e-03 
 1.07151931e+06 -9.90986557e-01  5.17862425e-03  9.01344296e-03  5.17862425e-03 
 1.09647820e+06 -9.90986315e-01  5.29925387e-03  9.01368482e-03  5.29925387e-03 
 1.12201845e+06 -9.90986062e-01  5.42269359e-03  9.01393809e-03  5.42269359e-03 
 1.14815362e+06 -9.90985797e-01  5.54900890e-03  9.01420330e-03  5.54900890e-03 
 1.17489755e+06 -9.90985519e-01  5.67826680e-03  9.01448100e-03  5.67826680e-03 
 1.20226443e+06 -9.90985228e-01  5.81053585e-03  9.01477180e-03  5.81053585e-03 
 1.23026877e+06 -9.90984924e-01  5.94588621e-03  9.01507631e-03  5.94588621e-03 
 1.25892541e+06 -9.90984605e-01  6.08438969e-03  9.01539517e-03  6.08438969e-03 
 1.28824955e+06 -9.90984271e-01  6.22611975e-03  9.01572906e-03  6.22611975e-03 
 1.31825674e+06 -9.90983921e-01  6.37115160e-03  9.01607870e-03  6.37115160e-03 
 1.34896288e+06 -9.90983555e-01  6.51956216e-03  9.01644481e-03  6.51956216e-03 
 1.38038426e+06 -9.90983172e-01  6.67143017e-03  9.01682819e-03  6.67143017e-03 
 1.41253754e+06 -9.90982770e-01  6.82683622e-03  9.01722964e-03  6.82683622e-03 
 1.44543977e+06 -9.90982350e-01  6.98586273e-03  9.01765001e-03  6.98586273e-03 
 1.47910839e+06 -9.90981910e-01  7.14859411e-03  9.01809021e-03  7.14859411e-03 
 1.51356125e+06 -9.90981449e-01  7.31511667e-03  9.01855115e-03  7.31511667e-03 
 1.54881662e+06 -9.90980966e-01  7.48551879e-03  9.01903383e-03  7.48551879e-03 
 1.58489319e+06 -9.90980461e-01  7.65989089e-03  9.01953927e-03  7.65989089e-03 
 1.62181010e+06 -9.90979931e-01  7.83832549e-03  9.02006854e-03  7.83832549e-03 
 1.65958691e+06 -9.90979377e-01  8.02091728e-03  9.02062276e-03  8.02091728e-03 
 1.69824365e+06 -9.90978797e-01  8.20776316e-03  9.02120312e-03  8.20776316e-03 
 1.73780083e+06 -9.90978189e-01  8.39896230e-03  9.02181084e-03  8.39896230e-03 
 1.77827941e+06 -9.90977553e-01  8.59461616e-03  9.02244721e-03  8.59461616e-03 
 1.81970086e+06 -9.90976886e-01  8.79482860e-03  9.02311359e-03  8.79482860e-03 
 1.86208714e+06 -9.90976189e-01  8.99970587e-03  9.02381140e-03  8.99970587e-03 
 1.90546072e+06 -9.90975458e-01  9.20935674e-03  9.02454211e-03  9.20935674e-03 
 1.94984460e+06 -9.90974693e-01  9.42389250e-03  9.02530728e-03  9.42389250e-03 
 1.99526231e+06 -9.90973891e-01  9.64342702e-03  9.02610853e-03  9.64342702e-03 
 2.04173794e+06 -9.90973052e-01  9.86807687e-03  9.02694758e-03  9.86807687e-03 
 2.08929613e+06 -9.90972174e-01  1.00979613e-02  9.02782619e-03  1.00979613e-02 
 2.13796209e+06 -9.90971254e-01  1.03332024e-02  9.02874624e-03  1.03332024e-02 
 2.18776162e+06 -9.90970290e-01  1.05739251e-02  9.02970969e-03  1.05739251e-02 
 2.23872114e+06 -9.90969281e-01  1.08202572e-02  9.03071858e-03  1.08202572e-02 
 2.29086765e+06 -9.90968225e-01  1.10723295e-02  9.03177505e-03  1.10723295e-02 
 2.34422882e+06 -9.90967119e-01  1.13302759e-02  9.03288136e-03  1.13302759e-02 
 2.39883292e+06 -9.90965960e-01  1.15942334e-02  9.03403986e-03  1.15942334e-02 
 2.45470892e+06 -9.90964747e-01  1.18643422e-02  9.03525301e-03  1.18643422e-02 
 2.51188643e+06 -9.90963477e-01  1.21407459e-02  9.03652339e-03  1.21407459e-02 
 2.57039578e+06 -9.90962146e-01  1.24235912e-02  9.03785371e-03  1.24235912e-02 
 2.63026799e+06 -9.90960753e-01  1.27130285e-02  9.03924680e-03  1.27130285e-02 
 2.69153480e+06 -9.90959294e-01  1.30092116e-02  9.04070561e-03  1.30092116e-02 
 2.75422870e+06 -9.90957767e-01  1.33122978e-02  9.04223327e-03  1.33122978e-02 
 2.81838293e+06 -9.90956167e-01  1.36224483e-02  9.04383301e-03  1.36224483e-02 
 2.88403150e+06 -9.90954492e-01  1.39398280e-02  9.04550824e-03  1.39398280e-02 
 2.95120923e+06 -9.90952737e-01  1.42646055e-02  9.04726254e-03  1.42646055e-02 
 3.01995172e+06 -9.90950900e-01  1.45969536e-02  9.04909964e-03  1.45969536e-02 
 3.09029543e+06 -9.90948977e-01  1.49370491e-02  9.05102345e-03  1.49370491e-02 
 3.16227766e+06 -9.90946962e-01  1.52850726e-02  9.05303808e-03  1.52850726e-02 
 3.23593657e+06 -9.90944852e-01  1.56412095e-02  9.05514781e-03  1.56412095e-02 
 3.31131121e+06 -9.90942643e-01  1.60056492e-02  9.05735715e-03  1.60056492e-02 
 3.38844156e+06 -9.90940329e-01  1.63785856e-02  9.05967080e-03  1.63785856e-02 
 3.46736850e+06 -9.90937906e-01  1.67602171e-02  9.06209371e-03  1.67602171e-02 
 3.54813389e+06 -9.90935369e-01  1.71507469e-02  9.06463104e-03  1.71507469e-02 
 3.63078055e+06 -9.90932712e-01  1.75503830e-02  9.06728820e-03  1.75503830e-02 
 3.71535229e+06 -9.90929929e-01  1.79593380e-02  9.07007087e-03  1.79593380e-02 
 3.80189396e+06 -9.90927015e-01  1.83778298e-02  9.07298499e-03  1.83778298e-02 
 3.89045145e+06 -9.90923963e-01  1.88060814e-02  9.07603679e-03  1.88060814e-02 
 3.98107171e+06 -9.90920767e-01  1.92443209e-02  9.07923278e-03  1.92443209e-02 
 4.07380278e+06 -9.90917420e-01  1.96927819e-02  9.08257980e-03  1.96927819e-02 
 4.16869383e+06 -9.90913915e-01  2.01517033e-02  9.08608501e-03  2.01517033e-02 
 4.26579519e+06 -9.90910244e-01  2.06213300e-02  9.08975589e-03  2.06213300e-02 
 4.36515832e+06 -9.90906400e-01  2.11019124e-02  9.09360032e-03  2.11019124e-02 
 4.46683592e+06 -9.90902373e-01  2.15937069e-02  9.09762651e-03  2.15937069e-02 
 4.57088190e+06 -9.90898157e-01  2.20969759e-02  9.10184309e-03  2.20969759e-02 
 4.67735141e+06 -9.90893741e-01  2.26119880e-02  9.10625909e-03  2.26119880e-02 
 4.78630092e+06 -9.90889116e-01  2.31390183e-02  9.11088399e-03  2.31390183e-02 
 4.89778819e+06 -9.90884272e-01  2.36783482e-02  9.11572770e-03  2.36783482e-02 
 5.01187234e+06 -9.90879199e-01  2.42302661e-02  9.12080061e-03  2.42302661e-02 
 5.12861384e+06 -9.90873886e-01  2.47950667e-02  9.12611362e-03  2.47950667e-02 
 5.24807460e+06 -9.90868322e-01  2.53730523e-02  9.13167813e-03  2.53730523e-02 
 5.37031796e+06 -9.90862494e-01  2.59645319e-02  9.13750612e-03  2.59645319e-02 
 5.49540874e+06 -9.90856390e-01  2.65698221e-02  9.14361012e-03  2.65698221e-02 
 5.62341325e+06 -9.90849997e-01  2.71892469e-02  9.15000325e-03  2.71892469e-02 
 5.75439937e+06 -9.90843301e-01  2.78231383e-02  9.15669930e-03  2.78231383e-02 
 5.88843655e+06 -9.90836287e-01  2.84718357e-02  9.16371269e-03  2.84718357e-02 
 6.02559586e+06 -9.90828941e-01  2.91356872e-02  9.17105855e-03  2.91356872e-02 
 6.16595002e+06 -9.90821247e-01  2.98150487e-02  9.17875274e-03  2.98150487e-02 
 6.30957344e+06 -9.90813188e-01  3.05102849e-02  9.18681187e-03  3.05102849e-02 
 6.45654229e+06 -9.90804747e-01  3.12217692e-02  9.19525337e-03  3.12217692e-02 
 6.60693448e+06 -9.90795904e-01  3.19498838e-02  9.20409552e-03  3.19498838e-02 
 6.76082975e+06 -9.90786643e-01  3.26950204e-02  9.21335745e-03  3.26950204e-02 
 6.91830971e+06 -9.90776941e-01  3.34575798e-02  9.22305926e-03  3.34575798e-02 
 7.07945784e+06 -9.90766778e-01  3.42379726e-02  9.23322199e-03  3.42379726e-02 
 7.24435960e+06 -9.90756132e-01  3.50366193e-02  9.24386773e-03  3.50366193e-02 
 7.41310241e+06 -9.90744980e-01  3.58539504e-02  9.25501964e-03  3.58539504e-02 
 7.58577575e+06 -9.90733298e-01  3.66904071e-02  9.26670199e-03  3.66904071e-02 
 7.76247117e+06 -9.90721060e-01  3.75464411e-02  9.27894026e-03  3.75464411e-02 
 7.94328235e+06 -9.90708239e-01  3.84225151e-02  9.29176116e-03  3.84225151e-02 
 8.12830516e+06 -9.90694807e-01  3.93191030e-02  9.30519272e-03  3.93191030e-02 
 8.31763771e+06 -9.90680736e-01  4.02366904e-02  9.31926434e-03  4.02366904e-02 
 8.51138038e+06 -9.90665993e-01  4.11757747e-02  9.33400686e-03  4.11757747e-02 
 8.70963590e+06 -9.90650547e-01  4.21368653e-02  9.34945264e-03  4.21368653e-02 
 8.91250938e+06 -9.90634364e-01  4.31204845e-02  9.36563566e-03  4.31204845e-02 
 9.12010839e+06 -9.90617408e-01  4.41271669e-02  9.38259156e-03  4.41271669e-02 
 9.33254301e+06 -9.90599642e-01  4.51574608e-02  9.40035773e-03  4.51574608e-02 
 9.54992586e+06 -9.90581027e-01  4.62119277e-02  9.41897346e-03  4.62119277e-02 
 9.77237221e+06 -9.90561520e-01  4.72911431e-02  9.43847996e-03  4.72911431e-02 
 1.00000000e+07 -9.90541079e-01  4.83956968e-02  9.45892052e-03  4.83956968e-02 
 1.02329299e+07 -9.90519659e-01  4.95261934e-02  9.48034058e-03  4.95261934e-02 
 1.04712855e+07 -9.90497212e-01  5.06832524e-02  9.50278786e-03  5.06832524e-02 
 1.07151931e+07 -9.90473688e-01  5.18675089e-02  9.52631249e-03  5.18675089e-02 
 1.09647820e+07 -9.90449033e-01  5.30796141e-02  9.55096713e-03  5.30796141e-02 
 1.12201845e+07 -9.90423193e-01  5.43202355e-02  9.57680710e-03  5.43202355e-02 
 1.14815362e+07 -9.90396109e-01  5.55900575e-02  9.60389050e-03  5.55900575e-02 
 1.17489755e+07 -9.90367722e-01  5.68897818e-02  9.63227844e-03  5.68897818e-02 
 1.20226443e+07 -9.90337965e-01  5.82201281e-02  9.66203511e-03  5.82201281e-02 
 1.23026877e+07 -9.90306772e-01  5.95818345e-02  9.69322800e-03  5.95818345e-02 
 1.25892541e+07 -9.90274072e-01  6.09756580e-02  9.72592808e-03  6.09756580e-02 
 1.28824955e+07 -9.90239790e-01  6.24023752e-02  9.76020996e-03  6.24023752e-02 
 1.31825674e+07 -9.90203848e-01  6.38627829e-02  9.79615214e-03  6.38627829e-02 
 1.34896288e+07 -9.90166163e-01  6.53576983e-02  9.83383717e-03  6.53576983e-02 
 1.38038426e+07 -9.90126648e-01  6.68879603e-02  9.87335195e-03  6.68879603e-02 
 1.41253754e+07 -9.90085212e-01  6.84544296e-02  9.91478790e-03  6.84544296e-02 
 1.44543977e+07 -9.90041759e-01  7.00579899e-02  9.95824128e-03  7.00579899e-02 
 1.47910839e+07 -9.89996187e-01  7.16995480e-02  1.00038134e-02  7.16995480e-02 
 1.51356125e+07 -9.89948389e-01  7.33800352e-02  1.00516110e-02  7.33800352e-02 
 1.54881662e+07 -9.89898253e-01  7.51004074e-02  1.01017465e-02  7.51004074e-02 
 1.58489319e+07 -9.89845662e-01  7.68616466e-02  1.01543384e-02  7.68616466e-02 
 1.62181010e+07 -9.89790489e-01  7.86647613e-02  1.02095114e-02  7.86647613e-02 
 1.65958691e+07 -9.89732603e-01  8.05107876e-02  1.02673972e-02  8.05107876e-02 
 1.69824365e+07 -9.89671866e-01  8.24007898e-02  1.03281345e-02  8.24007898e-02 
 1.73780083e+07 -9.89608130e-01  8.43358618e-02  1.03918697e-02  8.43358618e-02 
 1.77827941e+07 -9.89541243e-01  8.63171280e-02  1.04587572e-02  8.63171280e-02 
 1.81970086e+07 -9.89471040e-01  8.83457440e-02  1.05289601e-02  8.83457440e-02 
 1.86208714e+07 -9.89397350e-01  9.04228981e-02  1.06026503e-02  9.04228981e-02 
 1.90546072e+07 -9.89319990e-01  9.25498125e-02  1.06800096e-02  9.25498125e-02 
 1.94984460e+07 -9.89238770e-01  9.47277440e-02  1.07612301e-02  9.47277440e-02 
 1.99526231e+07 -9.89153486e-01  9.69579859e-02  1.08465145e-02  9.69579859e-02 
 2.04173794e+07 -9.89063923e-01  9.92418689e-02  1.09360774e-02  9.92418689e-02 
 2.08929613e+07 -9.88969854e-01  1.01580763e-01  1.10301456e-02  1.01580763e-01 
 2.13796209e+07 -9.88871041e-01  1.03976077e-01  1.11289591e-02  1.03976077e-01 
 2.18776162e+07 -9.88767228e-01  1.06429265e-01  1.12327719e-02  1.06429265e-01 
 2.23872114e+07 -9.88658147e-01  1.08941821e-01  1.13418530e-02  1.08941821e-01 
 2.29086765e+07 -9.88543513e-01  1.11515286e-01  1.14564872e-02  1.11515286e-01 
 2.34422882e+07 -9.88423024e-01  1.14151248e-01  1.15769764e-02  1.14151248e-01 
 2.39883292e+07 -9.88296359e-01  1.16851344e-01  1.17036407e-02  1.16851344e-01 
 2.45470892e+07 -9.88163180e-01  1.19617261e-01  1.18368195e-02  1.19617261e-01 
 2.51188643e+07 -9.88023127e-01  1.22450740e-01  1.19768731e-02  1.22450740e-01 
 2.57039578e+07 -9.87875816e-01  1.25353576e-01  1.21241837e-02  1.25353576e-01 
 2.63026799e+07 -9.87720842e-01  1.28327622e-01  1.22791577e-02  1.28327622e-01 
 2.69153480e+07 -9.87557773e-01  1.31374790e-01  1.24422266e-02  1.31374790e-01 
 2.75422870e+07 -9.87386151e-01  1.34497057e-01  1.26138492e-02  1.34497057e-01 
 2.81838293e+07 -9.87205486e-01  1.37696461e-01  1.27945138e-02  1.37696461e-01 
 2.88403150e+07 -9.87015260e-01  1.40975111e-01  1.29847397e-02  1.40975111e-01 
 2.95120923e+07 -9.86814920e-01  1.44335185e-01  1.31850802e-02  1.44335185e-01 
 3.01995172e+07 -9.86603875e-01  1.47778935e-01  1.33961246e-02  1.47778935e-01 
 3.09029543e+07 -9.86381499e-01  1.51308692e-01  1.36185014e-02  1.51308692e-01 
 3.16227766e+07 -9.86147120e-01  1.54926864e-01  1.38528805e-02  1.54926864e-01 
 3.23593657e+07 -9.85900023e-01  1.58635947e-01  1.40999773e-02  1.58635947e-01 
 3.31131121e+07 -9.85639445e-01  1.62438524e-01  1.43605554e-02  1.62438524e-01 
 3.38844156e+07 -9.85364569e-01  1.66337268e-01  1.46354310e-02  1.66337268e-01 
 3.46736850e+07 -9.85074523e-01  1.70334951e-01  1.49254765e-02  1.70334951e-01 
 3.54813389e+07 -9.84768375e-01  1.74434446e-01  1.52316252e-02  1.74434446e-01 
 3.63078055e+07 -9.84445124e-01  1.78638728e-01  1.55548763e-02  1.78638728e-01 
 3.71535229e+07 -9.84103700e-01  1.82950887e-01  1.58962998e-02  1.82950887e-01 
 3.80189396e+07 -9.83742957e-01  1.87374127e-01  1.62570426e-02  1.87374127e-01 
 3.89045145e+07 -9.83361665e-01  1.91911772e-01  1.66383347e-02  1.91911772e-01 
 3.98107171e+07 -9.82958504e-01  1.96567275e-01  1.70414961e-02  1.96567275e-01 
 4.07380278e+07 -9.82532056e-01  2.01344222e-01  1.74679441e-02  2.01344222e-01 
 4.16869383e+07 -9.82080798e-01  2.06246336e-01  1.79192018e-02  2.06246336e-01 
 4.26579519e+07 -9.81603093e-01  2.11277489e-01  1.83969067e-02  2.11277489e-01 
 4.36515832e+07 -9.81097179e-01  2.16441706e-01  1.89028206e-02  2.16441706e-01 
 4.46683592e+07 -9.80561159e-01  2.21743169e-01  1.94388406e-02  2.21743169e-01 
 4.57088190e+07 -9.79992990e-01  2.27186232e-01  2.00070102e-02  2.27186232e-01 
 4.67735141e+07 -9.79390467e-01  2.32775422e-01  2.06095325e-02  2.32775422e-01 
 4.78630092e+07 -9.78751216e-01  2.38515451e-01  2.12487842e-02  2.38515451e-01 
 4.89778819e+07 -9.78072669e-01  2.44411223e-01  2.19273307e-02  2.44411223e-01 
 5.01187234e+07 -9.77352057e-01  2.50467845e-01  2.26479434e-02  2.50467845e-01 
 5.12861384e+07 -9.76586382e-01  2.56690633e-01  2.34136176e-02  2.56690633e-01 
 5.24807460e+07 -9.75772407e-01  2.63085122e-01  2.42275933e-02  2.63085122e-01 
 5.37031796e+07 -9.74906623e-01  2.69657077e-01  2.50933770e-02  2.69657077e-01 
 5.49540874e+07 -9.73985234e-01  2.76412502e-01  2.60147664e-02  2.76412502e-01 
 5.62341325e+07 -9.73004123e-01  2.83357649e-01  2.69958769e-02  2.83357649e-01 
 5.75439937e+07 -9.71958829e-01  2.90499028e-01  2.80411714e-02  2.90499028e-01 
 5.88843655e+07 -9.70844508e-01  2.97843417e-01  2.91554925e-02  2.97843417e-01 
 6.02559586e+07 -9.69655902e-01  3.05397870e-01  3.03440976e-02  3.05397870e-01 
 6.16595002e+07 -9.68387301e-01  3.13169727e-01  3.16126989e-02  3.13169727e-01 
 6.30957344e+07 -9.67032495e-01  3.21166625e-01  3.29675052e-02  3.21166625e-01 
 6.45654229e+07 -9.65584730e-01  3.29396498e-01  3.44152702e-02  3.29396498e-01 
 6.60693448e+07 -9.64036657e-01  3.37867591e-01  3.59633434e-02  3.37867591e-01 
 6.76082975e+07 -9.62380272e-01  3.46588462e-01  3.76197277e-02  3.46588462e-01 
 6.91830971e+07 -9.60606858e-01  3.55567984e-01  3.93931417e-02  3.55567984e-01 
 7.07945784e+07 -9.58706911e-01  3.64815347e-01  4.12930888e-02  3.64815347e-01 
 7.24435960e+07 -9.56670068e-01  3.74340055e-01  4.33299323e-02  3.74340055e-01 
 7.41310241e+07 -9.54485021e-01  3.84151920e-01  4.55149785e-02  3.84151920e-01 
 7.58577575e+07 -9.52139432e-01  3.94261055e-01  4.78605678e-02  3.94261055e-01 
 7.76247117e+07 -9.49619826e-01  4.04677852e-01  5.03801739e-02  4.04677852e-01 
 7.94328235e+07 -9.46911487e-01  4.15412964e-01  5.30885128e-02  4.15412964e-01 
 8.12830516e+07 -9.43998338e-01  4.26477274e-01  5.60016619e-02  4.26477274e-01 
 8.31763771e+07 -9.40862810e-01  4.37881854e-01  5.91371903e-02  4.37881854e-01 
 8.51138038e+07 -9.37485700e-01  4.49637915e-01  6.25142997e-02  4.49637915e-01 
 8.70963590e+07 -9.33846021e-01  4.61756740e-01  6.61539785e-02  4.61756740e-01 
 8.91250938e+07 -9.29920832e-01  4.74249604e-01  7.00791683e-02  4.74249604e-01 
 9.12010839e+07 -9.25685056e-01  4.87127673e-01  7.43149436e-02  4.87127673e-01 
 9.33254301e+07 -9.21111295e-01  5.00401879e-01  7.88887052e-02  5.00401879e-01 
 9.54992586e+07 -9.16169613e-01  5.14082773e-01  8.38303871e-02  5.14082773e-01 
 9.77237221e+07 -9.10827323e-01  5.28180339e-01  8.91726767e-02  5.28180339e-01 
 1.00000000e+08 -9.05048754e-01  5.42703778e-01  9.49512464e-02  5.42703778e-01 
 1.02329299e+08 -8.98795003e-01  5.57661245e-01  1.01204997e-01  5.57661245e-01 
 1.04712855e+08 -8.92023690e-01  5.73059539e-01  1.07976310e-01  5.73059539e-01 
 1.07151931e+08 -8.84688700e-01  5.88903732e-01  1.15311300e-01  5.88903732e-01 
 1.09647820e+08 -8.76739927e-01  6.05196734e-01  1.23260073e-01  6.05196734e-01 
 1.12201845e+08 -8.68123027e-01  6.21938786e-01  1.31876973e-01  6.21938786e-01 
 1.14815362e+08 -8.58779185e-01  6.39126857e-01  1.41220815e-01  6.39126857e-01 
 1.17489755e+08 -8.48644914e-01  6.56753961e-01  1.51355086e-01  6.56753961e-01 
 1.20226443e+08 -8.37651893e-01  6.74808354e-01  1.62348107e-01  6.74808354e-01 
 1.23026877e+08 -8.25726871e-01  6.93272618e-01  1.74273129e-01  6.93272618e-01 
 1.25892541e+08 -8.12791656e-01  7.12122624e-01  1.87208344e-01  7.12122624e-01 
 1.28824955e+08 -7.98763223e-01  7.31326357e-01  2.01236777e-01  7.31326357e-01 
 1.31825674e+08 -7.83553968e-01  7.50842604e-01  2.16446032e-01  7.50842604e-01 
 1.34896288e+08 -7.67072163e-01  7.70619506e-01  2.32927837e-01  7.70619506e-01 
 1.38038426e+08 -7.49222651e-01  7.90592990e-01  2.50777349e-01  7.90592990e-01 
 1.41253754e+08 -7.29907836e-01  8.10685081e-01  2.70092164e-01  8.10685081e-01 
 1.44543977e+08 -7.09029045e-01  8.30802153e-01  2.90970955e-01  8.30802153e-01 
 1.47910839e+08 -6.86488301e-01  8.50833141e-01  3.13511699e-01  8.50833141e-01 
 1.51356125e+08 -6.62190610e-01  8.70647817e-01  3.37809390e-01  8.70647817e-01 
 1.54881662e+08 -6.36046782e-01  8.90095195e-01  3.63953218e-01  8.90095195e-01 
 1.58489319e+08 -6.07976879e-01  9.09002222e-01  3.92023121e-01  9.09002222e-01 
 1.62181010e+08 -5.77914290e-01  9.27172894e-01  4.22085710e-01  9.27172894e-01 
 1.65958691e+08 -5.45810438e-01  9.44388004e-01  4.54189562e-01  9.44388004e-01 
 1.69824365e+08 -5.11640083e-01  9.60405730e-01  4.88359917e-01  9.60405730e-01 
 1.73780083e+08 -4.75407074e-01  9.74963312e-01  5.24592926e-01  9.74963312e-01 
 1.77827941e+08 -4.37150392e-01  9.87780053e-01  5.62849608e-01  9.87780053e-01 
 1.81970086e+08 -3.96950161e-01  9.98561869e-01  6.03049839e-01  9.98561869e-01 
 1.86208714e+08 -3.54933266e-01  1.00700755e+00  6.45066734e-01  1.00700755e+00 
 1.90546072e+08 -3.11278080e-01  1.01281683e+00  6.88721920e-01  1.01281683e+00 
 1.94984460e+08 -2.66217755e-01  1.01570011e+00  7.33782245e-01  1.01570011e+00 
 1.99526231e+08 -2.20041481e-01  1.01538977e+00  7.79958519e-01  1.01538977e+00 
 2.04173794e+08 -1.73093159e-01  1.01165239e+00  8.26906841e-01  1.01165239e+00 
 2.08929613e+08 -1.25767016e-01  1.00430140e+00  8.74232984e-01  1.00430140e+00 
 2.13796209e+08 -7.84999111e-02  9.93209234e-01  9.21500089e-01  9.93209234e-01 
 2.18776162e+08 -3.17603283e-02  9.78317951e-01  9.68239672e-01  9.78317951e-01 
 2.23872114e+08  1.39656022e-02  9.59647393e-01  1.01396560e+00  9.59647393e-01 
 2.29086765e+08  5.81903639e-02  9.37299887e-01  1.05819036e+00  9.37299887e-01 
 2.34422882e+08  1.00442583e-01  9.11460833e-01  1.10044258e+00  9.11460833e-01 
 2.39883292e+08  1.40284589e-01  8.82394807e-01  1.14028459e+00  8.82394807e-01 
 2.45470892e+08  1.77328681e-01  8.50437279e-01  1.17732868e+00  8.50437279e-01 
 2.51188643e+08  2.11250852e-01  8.15982460e-01  1.21125085e+00  8.15982460e-01 
 2.57039578e+08  2.41800958e-01  7.79468195e-01  1.24180096e+00  7.79468195e-01 
 2.63026799e+08  2.68808679e-01  7.41359084e-01  1.26880868e+00  7.41359084e-01 
 2.69153480e+08  2.92185069e-01  7.02129135e-01  1.29218507e+00  7.02129135e-01 
 2.75422870e+08  3.11919898e-01  6.62245209e-01  1.31191990e+00  6.62245209e-01 
 2.81838293e+08  3.28075365e-01  6.22152311e-01  1.32807537e+00  6.22152311e-01 
 2.88403150e+08  3.40777024e-01  5.82261513e-01  1.34077702e+00  5.82261513e-01 
 2.95120923e+08  3.50202879e-01  5.42940938e-01  1.35020288e+00  5.42940938e-01 
 3.01995172e+08  3.56571610e-01  5.04509920e-01  1.35657161e+00  5.04509920e-01 
 3.09029543e+08  3.60130796e-01  4.67236169e-01  1.36013080e+00  4.67236169e-01 
 3.16227766e+08  3.61145824e-01  4.31335577e-01  1.36114582e+00  4.31335577e-01 
 3.23593657e+08  3.59889994e-01  3.96974160e-01  1.35988999e+00  3.96974160e-01 
 3.31131121e+08  3.56636107e-01  3.64271602e-01  1.35663611e+00  3.64271602e-01 
 3.38844156e+08  3.51649675e-01  3.33305874e-01  1.35164968e+00  3.33305874e-01 
 3.46736850e+08  3.45183733e-01  3.04118446e-01  1.34518373e+00  3.04118446e-01 
 3.54813389e+08  3.37475136e-01  2.76719724e-01  1.33747514e+00  2.76719724e-01 
 3.63078055e+08  3.28742172e-01  2.51094376e-01  1.32874217e+00  2.51094376e-01 
 3.71535229e+08  3.19183275e-01  2.27206361e-01  1.31918327e+00  2.27206361e-01 
 3.80189396e+08  3.08976626e-01  2.05003498e-01  1.30897663e+00  2.05003498e-01 
 3.89045145e+08  2.98280439e-01  1.84421524e-01  1.29828044e+00  1.84421524e-01 
 3.98107171e+08  2.87233746e-01  1.65387577e-01  1.28723375e+00  1.65387577e-01 
 4.07380278e+08  2.75957528e-01  1.47823153e-01  1.27595753e+00  1.47823153e-01 
 4.16869383e+08  2.64556058e-01  1.31646537e-01  1.26455606e+00  1.31646537e-01 
 4.26579519e+08  2.53118361e-01  1.16774772e-01  1.25311836e+00  1.16774772e-01 
 4.36515832e+08  2.41719705e-01  1.03125217e-01  1.24171970e+00  1.03125217e-01 
 4.46683592e+08  2.30423078e-01  9.06167462e-02  1.23042308e+00  9.06167462e-02 
 4.57088190e+08  2.19280598e-01  7.91706460e-02  1.21928060e+00  7.91706460e-02 
 4.67735141e+08  2.08334838e-01  6.87112638e-02  1.20833484e+00  6.87112638e-02 
 4.78630092e+08  1.97620051e-01  5.91664489e-02  1.19762005e+00  5.91664489e-02 
 4.89778819e+08  1.87163282e-01  5.04678294e-02  1.18716328e+00  5.04678294e-02 
 5.01187234e+08  1.76985374e-01  4.25509576e-02  1.17698537e+00  4.25509576e-02 
 5.12861384e+08  1.67101860e-01  3.53553543e-02  1.16710186e+00  3.53553543e-02 
 5.24807460e+08  1.57523761e-01  2.88244754e-02  1.15752376e+00  2.88244754e-02 
 5.37031796e+08  1.48258279e-01  2.29056204e-02  1.14825828e+00  2.29056204e-02 
 5.49540874e+08  1.39309408e-01  1.75498006e-02  1.13930941e+00  1.75498006e-02 
 5.62341325e+08  1.30678466e-01  1.27115771e-02  1.13067847e+00  1.27115771e-02 
 5.75439937e+08  1.22364550e-01  8.34888163e-03  1.12236455e+00  8.34888163e-03 
 5.88843655e+08  1.14364938e-01  4.42282646e-03  1.11436494e+00  4.42282646e-03 
 6.02559586e+08  1.06675422e-01  8.97509519e-04  1.10667542e+00  8.97509519e-04 
 6.16595002e+08  9.92906038e-02 -2.26017980e-03  1.09929060e+00 -2.26017980e-03 
 6.30957344e+08  9.22041401e-02 -5.08075156e-03  1.09220414e+00 -5.08075156e-03 
 6.45654229e+08  8.54089534e-02 -7.59230010e-03  1.08540895e+00 -7.59230010e-03 
 6.60693448e+08  7.88974098e-02 -9.82068119e-03  1.07889741e+00 -9.82068119e-03 
 6.76082975e+08  7.26614692e-02 -1.17896805e-02  1.07266147e+00 -1.17896805e-02 
 6.91830971e+08  6.66928104e-02 -1.35211724e-02  1.06669281e+00 -1.35211724e-02 
 7.07945784e+08  6.09829366e-02 -1.50352694e-02  1.06098294e+00 -1.50352694e-02 
 7.24435960e+08  5.55232624e-02 -1.63504615e-02  1.05552326e+00 -1.63504615e-02 
 7.41310241e+08  5.03051858e-02 -1.74837464e-02  1.05030519e+00 -1.74837464e-02 
 7.58577575e+08  4.53201472e-02 -1.84507494e-02  1.04532015e+00 -1.84507494e-02 
 7.76247117e+08  4.05596771e-02 -1.92658358e-02  1.04055968e+00 -1.92658358e-02 
 7.94328235e+08  3.60154355e-02 -1.99422136e-02  1.03601544e+00 -1.99422136e-02 
 8.12830516e+08  3.16792414e-02 -2.04920288e-02  1.03167924e+00 -2.04920288e-02 
 8.31763771e+08  2.75430977e-02 -2.09264528e-02  1.02754310e+00 -2.09264528e-02 
 8.51138038e+08  2.35992086e-02 -2.12557631e-02  1.02359921e+00 -2.12557631e-02 
 8.70963590e+08  1.98399937e-02 -2.14894172e-02  1.01983999e+00 -2.14894172e-02 
 8.91250938e+08  1.62580970e-02 -2.16361206e-02  1.01625810e+00 -2.16361206e-02 
 9.12010839e+08  1.28463932e-02 -2.17038890e-02  1.01284639e+00 -2.17038890e-02 
 9.33254301e+08  9.59799117e-03 -2.17001055e-02  1.00959799e+00 -2.17001055e-02 
 9.54992586e+08  6.50623454e-03 -2.16315727e-02  1.00650623e+00 -2.16315727e-02 
 9.77237221e+08  3.56470123e-03 -2.15045609e-02  1.00356470e+00 -2.15045609e-02 
 1.00000000e+09  7.67200899e-04 -2.13248517e-02  1.00076720e+00 -2.13248517e-02 
 1.02329299e+09 -1.89222872e-03 -2.10977782e-02  9.98107771e-01 -2.10977782e-02 
 1.04712855e+09 -4.41932647e-03 -2.08282616e-02  9.95580674e-01 -2.08282616e-02 
 1.07151931e+09 -6.81961321e-03 -2.05208449e-02  9.93180387e-01 -2.05208449e-02 
 1.09647820e+09 -9.09839787e-03 -2.01797233e-02  9.90901602e-01 -2.01797233e-02 
 1.12201845e+09 -1.12607840e-02 -1.98087726e-02  9.88739216e-01 -1.98087726e-02 
 1.14815362e+09 -1.33116764e-02 -1.94115744e-02  9.86688324e-01 -1.94115744e-02 
 1.17489755e+09 -1.52557884e-02 -1.89914396e-02  9.84744212e-01 -1.89914396e-02 
 1.20226443e+09 -1.70976490e-02 -1.85514296e-02  9.82902351e-01 -1.85514296e-02 
 1.23026877e+09 -1.88416099e-02 -1.80943762e-02  9.81158390e-01 -1.80943762e-02 
 1.25892541e+09 -2.04918527e-02 -1.76228987e-02  9.79508147e-01 -1.76228987e-02 
 1.28824955e+09 -2.20523963e-02 -1.71394203e-02  9.77947604e-01 -1.71394203e-02 
 1.31825674e+09 -2.35271035e-02 -1.66461831e-02  9.76472897e-01 -1.66461831e-02 
 1.34896288e+09 -2.49196878e-02 -1.61452610e-02  9.75080312e-01 -1.61452610e-02 
 1.38038426e+09 -2.62337206e-02 -1.56385721e-02  9.73766279e-01 -1.56385721e-02 
 1.41253754e+09 -2.74726370e-02 -1.51278900e-02  9.72527363e-01 -1.51278900e-02 
 1.44543977e+09 -2.86397419e-02 -1.46148535e-02  9.71360258e-01 -1.46148535e-02 
 1.47910839e+09 -2.97382165e-02 -1.41009759e-02  9.70261784e-01 -1.41009759e-02 
 1.51356125e+09 -3.07711234e-02 -1.35876535e-02  9.69228877e-01 -1.35876535e-02 
 1.54881662e+09 -3.17414123e-02 -1.30761730e-02  9.68258588e-01 -1.30761730e-02 
 1.58489319e+09 -3.26519248e-02 -1.25677181e-02  9.67348075e-01 -1.25677181e-02 
 1.62181010e+09 -3.35053991e-02 -1.20633763e-02  9.66494601e-01 -1.20633763e-02 
 1.65958691e+09 -3.43044749e-02 -1.15641442e-02  9.65695525e-01 -1.15641442e-02 
 1.69824365e+09 -3.50516973e-02 -1.10709330e-02  9.64948303e-01 -1.10709330e-02 
 1.73780083e+09 -3.57495207e-02 -1.05845729e-02  9.64250479e-01 -1.05845729e-02 
 1.77827941e+09 -3.64003127e-02 -1.01058177e-02  9.63599687e-01 -1.01058177e-02 
 1.81970086e+09 -3.70063571e-02 -9.63534878e-03  9.62993643e-01 -9.63534878e-03 
 1.86208714e+09 -3.75698572e-02 -9.17377861e-03  9.62430143e-01 -9.17377861e-03 
 1.90546072e+09 -3.80929388e-02 -8.72165450e-03  9.61907061e-01 -8.72165450e-03 
 1.94984460e+09 -3.85776526e-02 -8.27946159e-03  9.61422347e-01 -8.27946159e-03 
 1.99526231e+09 -3.90259766e-02 -7.84762592e-03  9.60974023e-01 -7.84762592e-03 
 2.04173794e+09 -3.94398187e-02 -7.42651724e-03  9.60560181e-01 -7.42651724e-03 
 2.08929613e+09 -3.98210180e-02 -7.01645179e-03  9.60178982e-01 -7.01645179e-03 
 2.13796209e+09 -4.01713475e-02 -6.61769478e-03  9.59828653e-01 -6.61769478e-03 
 2.18776162e+09 -4.04925149e-02 -6.23046300e-03  9.59507485e-01 -6.23046300e-03 
 2.23872114e+09 -4.07861650e-02 -5.85492715e-03  9.59213835e-01 -5.85492715e-03 
 2.29086765e+09 -4.10538806e-02 -5.49121421e-03  9.58946119e-01 -5.49121421e-03 
 2.34422882e+09 -4.12971837e-02 -5.13940980e-03  9.58702816e-01 -5.13940980e-03 
 2.39883292e+09 -4.15175374e-02 -4.79956036e-03  9.58482463e-01 -4.79956036e-03 
 2.45470892e+09 -4.17163464e-02 -4.47167547e-03  9.58283654e-01 -4.47167547e-03 
 2.51188643e+09 -4.18949584e-02 -4.15573000e-03  9.58105042e-01 -4.15573000e-03 
 2.57039578e+09 -4.20546653e-02 -3.85166629e-03  9.57945335e-01 -3.85166629e-03 
 2.63026799e+09 -4.21967041e-02 -3.55939639e-03  9.57803296e-01 -3.55939639e-03 
 2.69153480e+09 -4.23222578e-02 -3.27880410e-03  9.57677742e-01 -3.27880410e-03 
 2.75422870e+09 -4.24324568e-02 -3.00974715e-03  9.57567543e-01 -3.00974715e-03 
 2.81838293e+09 -4.25283796e-02 -2.75205926e-03  9.57471620e-01 -2.75205926e-03 
 2.88403150e+09 -4.26110540e-02 -2.50555225e-03  9.57388946e-01 -2.50555225e-03 
 2.95120923e+09 -4.26814583e-02 -2.27001799e-03  9.57318542e-01 -2.27001799e-03 
 3.01995172e+09 -4.27405222e-02 -2.04523043e-03  9.57259478e-01 -2.04523043e-03 
 3.09029543e+09 -4.27891280e-02 -1.83094755e-03  9.57210872e-01 -1.83094755e-03 
 3.16227766e+09 -4.28281118e-02 -1.62691321e-03  9.57171888e-01 -1.62691321e-03 
 3.23593657e+09 -4.28582648e-02 -1.43285899e-03  9.57141735e-01 -1.43285899e-03 
 3.31131121e+09 -4.28803343e-02 -1.24850600e-03  9.57119666e-01 -1.24850600e-03 
 3.38844156e+09 -4.28950253e-02 -1.07356650e-03  9.57104975e-01 -1.07356650e-03 
 3.46736850e+09 -4.29030016e-02 -9.07745611e-04  9.57096998e-01 -9.07745611e-04 
 3.54813389e+09 -4.29048869e-02 -7.50742799e-04  9.57095113e-01 -7.50742799e-04 
 3.63078055e+09 -4.29012669e-02 -6.02253381e-04  9.57098733e-01 -6.02253381e-04 
 3.71535229e+09 -4.28926898e-02 -4.61969897e-04  9.57107310e-01 -4.61969897e-04 
 3.80189396e+09 -4.28796684e-02 -3.29583416e-04  9.57120332e-01 -3.29583416e-04 
 3.89045145e+09 -4.28626812e-02 -2.04784742e-04  9.57137319e-01 -2.04784742e-04 
 3.98107171e+09 -4.28421737e-02 -8.72655433e-05  9.57157826e-01 -8.72655433e-05 
 4.07380278e+09 -4.28185602e-02  2.32806152e-05  9.57181440e-01  2.32806152e-05 
 4.16869383e+09 -4.27922249e-02  1.27157325e-04  9.57207775e-01  1.27157325e-04 
 4.26579519e+09 -4.27635235e-02  2.24664474e-04  9.57236477e-01  2.24664474e-04 
 4.36515832e+09 -4.27327845e-02  3.16097471e-04  9.57267216e-01  3.16097471e-04 
 4.46683592e+09 -4.27003106e-02  4.01746561e-04  9.57299689e-01  4.01746561e-04 
 4.57088190e+09 -4.26663802e-02  4.81896206e-04  9.57333620e-01  4.81896206e-04 
 4.67735141e+09 -4.26312485e-02  5.56824565e-04  9.57368751e-01  5.56824565e-04 
 4.78630092e+09 -4.25951490e-02  6.26803026e-04  9.57404851e-01  6.26803026e-04 
 4.89778819e+09 -4.25582946e-02  6.92095827e-04  9.57441705e-01  6.92095827e-04 
 5.01187234e+09 -4.25208790e-02  7.52959733e-04  9.57479121e-01  7.52959733e-04 
 5.12861384e+09 -4.24830779e-02  8.09643782e-04  9.57516922e-01  8.09643782e-04 
 5.24807460e+09 -4.24450500e-02  8.62389085e-04  9.57554950e-01  8.62389085e-04 
 5.37031796e+09 -4.24069383e-02  9.11428685e-04  9.57593062e-01  9.11428685e-04 
 5.49540874e+09 -4.23688709e-02  9.56987462e-04  9.57631129e-01  9.56987462e-04 
 5.62341325e+09 -4.23309623e-02  9.99282091e-04  9.57669038e-01  9.99282091e-04 
 5.75439937e+09 -4.22933144e-02  1.03852103e-03  9.57706686e-01  1.03852103e-03 
 5.88843655e+09 -4.22560171e-02  1.07490456e-03  9.57743983e-01  1.07490456e-03 
 6.02559586e+09 -4.22191494e-02  1.10862485e-03  9.57780851e-01  1.10862485e-03 
 6.16595002e+09 -4.21827805e-02  1.13986606e-03  9.57817219e-01  1.13986606e-03 
 6.30957344e+09 -4.21469701e-02  1.16880446e-03  9.57853030e-01  1.16880446e-03 
 6.45654229e+09 -4.21117692e-02  1.19560856e-03  9.57888231e-01  1.19560856e-03 
 6.60693448e+09 -4.20772215e-02  1.22043934e-03  9.57922779e-01  1.22043934e-03 
 6.76082975e+09 -4.20433630e-02  1.24345035e-03  9.57956637e-01  1.24345035e-03 
 6.91830971e+09 -4.20102236e-02  1.26478799e-03  9.57989776e-01  1.26478799e-03 
 7.07945784e+09 -4.19778270e-02  1.28459166e-03  9.58022173e-01  1.28459166e-03 
 7.24435960e+09 -4.19461914e-02  1.30299402e-03  9.58053809e-01  1.30299402e-03 
 7.41310241e+09 -4.19153305e-02  1.32012120e-03  9.58084669e-01  1.32012120e-03 
 7.58577575e+09 -4.18852532e-02  1.33609306e-03  9.58114747e-01  1.33609306e-03 
 7.76247117e+09 -4.18559645e-02  1.35102338e-03  9.58144035e-01  1.35102338e-03 
 7.94328235e+09 -4.18274660e-02  1.36502015e-03  9.58172534e-01  1.36502015e-03 
 8.12830516e+09 -4.17997557e-02  1.37818578e-03  9.58200244e-01  1.37818578e-03 
 8.31763771e+09 -4.17728291e-02  1.39061735e-03  9.58227171e-01  1.39061735e-03 
 8.51138038e+09 -4.17466790e-02  1.40240685e-03  9.58253321e-01  1.40240685e-03 
 8.70963590e+09 -4.17212960e-02  1.41364140e-03  9.58278704e-01  1.41364140e-03 
 8.91250938e+09 -4.16966685e-02  1.42440351e-03  9.58303331e-01  1.42440351e-03 
 9.12010839e+09 -4.16727834e-02  1.43477125e-03  9.58327217e-01  1.43477125e-03 
 9.33254301e+09 -4.16496260e-02  1.44481856e-03  9.58350374e-01  1.44481856e-03 
 9.54992586e+09 -4.16271802e-02  1.45461537e-03  9.58372820e-01  1.45461537e-03 
 9.77237221e+09 -4.16054287e-02  1.46422788e-03  9.58394571e-01  1.46422788e-03 
 1.00000000e+10 -4.15843535e-02  1.47371874e-03  9.58415646e-01  1.47371874e-03 
 1.02329299e+10 -4.15639355e-02  1.48314723e-03  9.58436064e-01  1.48314723e-03 
 1.04712855e+10 -4.15441551e-02  1.49256948e-03  9.58455845e-01  1.49256948e-03 
 1.07151931e+10 -4.15249919e-02  1.50203863e-03  9.58475008e-01  1.50203863e-03 
 1.09647820e+10 -4.15064253e-02  1.51160501e-03  9.58493575e-01  1.51160501e-03 
 1.12201845e+10 -4.14884342e-02  1.52131633e-03  9.58511566e-01  1.52131633e-03 
 1.14815362e+10 -4.14709972e-02  1.53121781e-03  9.58529003e-01  1.53121781e-03 
 1.17489755e+10 -4.14540927e-02  1.54135238e-03  9.58545907e-01  1.54135238e-03 
 1.20226443e+10 -4.14376990e-02  1.55176078e-03  9.58562301e-01  1.55176078e-03 
 1.23026877e+10 -4.14217944e-02  1.56248172e-03  9.58578206e-01  1.56248172e-03 
 1.25892541e+10 -4.14063569e-02  1.57355204e-03  9.58593643e-01  1.57355204e-03 
 1.28824955e+10 -4.13913648e-02  1.58500679e-03  9.58608635e-01  1.58500679e-03 
 1.31825674e+10 -4.13767962e-02  1.59687941e-03  9.58623204e-01  1.59687941e-03 
 1.34896288e+10 -4.13626295e-02  1.60920181e-03  9.58637370e-01  1.60920181e-03 
 1.38038426e+10 -4.13488430e-02  1.62200447e-03  9.58651157e-01  1.62200447e-03 
 1.41253754e+10 -4.13354151e-02  1.63531659e-03  9.58664585e-01  1.63531659e-03 
 1.44543977e+10 -4.13223246e-02  1.64916615e-03  9.58677675e-01  1.64916615e-03 
 1.47910839e+10 -4.13095501e-02  1.66358001e-03  9.58690450e-01  1.66358001e-03 
 1.51356125e+10 -4.12970704e-02  1.67858403e-03  9.58702930e-01  1.67858403e-03 
 1.54881662e+10 -4.12848646e-02  1.69420311e-03  9.58715135e-01  1.69420311e-03 
 1.58489319e+10 -4.12729119e-02  1.71046130e-03  9.58727088e-01  1.71046130e-03 
 1.62181010e+10 -4.12611914e-02  1.72738187e-03  9.58738809e-01  1.72738187e-03 
 1.65958691e+10 -4.12496826e-02  1.74498736e-03  9.58750317e-01  1.74498736e-03 
 1.69824365e+10 -4.12383650e-02  1.76329969e-03  9.58761635e-01  1.76329969e-03 
 1.73780083e+10 -4.12272181e-02  1.78234015e-03  9.58772782e-01  1.78234015e-03 
 1.77827941e+10 -4.12162217e-02  1.80212956e-03  9.58783778e-01  1.80212956e-03 
 1.81970086e+10 -4.12053555e-02  1.82268821e-03  9.58794645e-01  1.82268821e-03 
 1.86208714e+10 -4.11945992e-02  1.84403602e-03  9.58805401e-01  1.84403602e-03 
 1.90546072e+10 -4.11839328e-02  1.86619250e-03  9.58816067e-01  1.86619250e-03 
 1.94984460e+10 -4.11733360e-02  1.88917684e-03  9.58826664e-01  1.88917684e-03 
 1.99526231e+10 -4.11627886e-02  1.91300796e-03  9.58837211e-01  1.91300796e-03 
 2.04173794e+10 -4.11522705e-02  1.93770451e-03  9.58847730e-01  1.93770451e-03 
 2.08929613e+10 -4.11417613e-02  1.96328492e-03  9.58858239e-01  1.96328492e-03 
 2.13796209e+10 -4.11312405e-02  1.98976747e-03  9.58868759e-01  1.98976747e-03 
 2.18776162e+10 -4.11206879e-02  2.01717025e-03  9.58879312e-01  2.01717025e-03 
 2.23872114e+10 -4.11100825e-02  2.04551124e-03  9.58889917e-01  2.04551124e-03 
 2.29086765e+10 -4.10994037e-02  2.07480833e-03  9.58900596e-01  2.07480833e-03 
 2.34422882e+10 -4.10886303e-02  2.10507930e-03  9.58911370e-01  2.10507930e-03 
 2.39883292e+10 -4.10777410e-02  2.13634191e-03  9.58922259e-01  2.13634191e-03 
 2.45470892e+10 -4.10667144e-02  2.16861383e-03  9.58933286e-01  2.16861383e-03 
 2.51188643e+10 -4.10555285e-02  2.20191274e-03  9.58944472e-01  2.20191274e-03 
 2.57039578e+10 -4.10441610e-02  2.23625628e-03  9.58955839e-01  2.23625628e-03 
 2.63026799e+10 -4.10325895e-02  2.27166208e-03  9.58967411e-01  2.27166208e-03 
 2.69153480e+10 -4.10207908e-02  2.30814779e-03  9.58979209e-01  2.30814779e-03 
 2.75422870e+10 -4.10087415e-02  2.34573103e-03  9.58991258e-01  2.34573103e-03 
 2.81838293e+10 -4.09964177e-02  2.38442945e-03  9.59003582e-01  2.38442945e-03 
 2.88403150e+10 -4.09837949e-02  2.42426071e-03  9.59016205e-01  2.42426071e-03 
 2.95120923e+10 -4.09708481e-02  2.46524245e-03  9.59029152e-01  2.46524245e-03 
 3.01995172e+10 -4.09575517e-02  2.50739232e-03  9.59042448e-01  2.50739232e-03 
 3.09029543e+10 -4.09438793e-02  2.55072796e-03  9.59056121e-01  2.55072796e-03 
 3.16227766e+10 -4.09298040e-02  2.59526700e-03  9.59070196e-01  2.59526700e-03 
 3.23593657e+10 -4.09152982e-02  2.64102701e-03  9.59084702e-01  2.64102701e-03 
 3.31131121e+10 -4.09003334e-02  2.68802555e-03  9.59099667e-01  2.68802555e-03 
 3.38844156e+10 -4.08848803e-02  2.73628008e-03  9.59115120e-01  2.73628008e-03 
 3.46736850e+10 -4.08689089e-02  2.78580799e-03  9.59131091e-01  2.78580799e-03 
 3.54813389e+10 -4.08523883e-02  2.83662655e-03  9.59147612e-01  2.83662655e-03 
 3.63078055e+10 -4.08352864e-02  2.88875290e-03  9.59164714e-01  2.88875290e-03 
 3.71535229e+10 -4.08175705e-02  2.94220401e-03  9.59182430e-01  2.94220401e-03 
 3.80189396e+10 -4.07992065e-02  2.99699663e-03  9.59200793e-01  2.99699663e-03 
 3.89045145e+10 -4.07801597e-02  3.05314730e-03  9.59219840e-01  3.05314730e-03 
 3.98107171e+10 -4.07603938e-02  3.11067226e-03  9.59239606e-01  3.11067226e-03 
 4.07380278e+10 -4.07398717e-02  3.16958742e-03  9.59260128e-01  3.16958742e-03 
 4.16869383e+10 -4.07185549e-02  3.22990834e-03  9.59281445e-01  3.22990834e-03 
 4.26579519e+10 -4.06964039e-02  3.29165013e-03  9.59303596e-01  3.29165013e-03 
 4.36515832e+10 -4.06733777e-02  3.35482744e-03  9.59326622e-01  3.35482744e-03 
 4.46683592e+10 -4.06494341e-02  3.41945437e-03  9.59350566e-01  3.41945437e-03 
 4.57088190e+10 -4.06245295e-02  3.48554440e-03  9.59375470e-01  3.48554440e-03 
 4.67735141e+10 -4.05986189e-02  3.55311036e-03  9.59401381e-01  3.55311036e-03 
 4.78630092e+10 -4.05716560e-02  3.62216432e-03  9.59428344e-01  3.62216432e-03 
 4.89778819e+10 -4.05435927e-02  3.69271750e-03  9.59456407e-01  3.69271750e-03 
 5.01187234e+10 -4.05143798e-02  3.76478024e-03  9.59485620e-01  3.76478024e-03 
 5.12861384e+10 -4.04839664e-02  3.83836186e-03  9.59516034e-01  3.83836186e-03 
 5.24807460e+10 -4.04522999e-02  3.91347058e-03  9.59547700e-01  3.91347058e-03 
 5.37031796e+10 -4.04193264e-02  3.99011342e-03  9.59580674e-01  3.99011342e-03 
 5.49540874e+10 -4.03849900e-02  4.06829612e-03  9.59615010e-01  4.06829612e-03 
 5.62341325e+10 -4.03492336e-02  4.14802298e-03  9.59650766e-01  4.14802298e-03 
 5.75439937e+10 -4.03119983e-02  4.22929678e-03  9.59688002e-01  4.22929678e-03 
 5.88843655e+10 -4.02732233e-02  4.31211864e-03  9.59726777e-01  4.31211864e-03 
 6.02559586e+10 -4.02328465e-02  4.39648790e-03  9.59767153e-01  4.39648790e-03 
 6.16595002e+10 -4.01908041e-02  4.48240199e-03  9.59809196e-01  4.48240199e-03 
 6.30957344e+10 -4.01470304e-02  4.56985627e-03  9.59852970e-01  4.56985627e-03 
 6.45654229e+10 -4.01014583e-02  4.65884391e-03  9.59898542e-01  4.65884391e-03 
 6.60693448e+10 -4.00540191e-02  4.74935572e-03  9.59945981e-01  4.74935572e-03 
 6.76082975e+10 -4.00046424e-02  4.84138000e-03  9.59995358e-01  4.84138000e-03 
 6.91830971e+10 -3.99532565e-02  4.93490237e-03  9.60046744e-01  4.93490237e-03 
 7.07945784e+10 -3.98997880e-02  5.02990563e-03  9.60100212e-01  5.02990563e-03 
 7.24435960e+10 -3.98441621e-02  5.12636955e-03  9.60155838e-01  5.12636955e-03 
 7.41310241e+10 -3.97863029e-02  5.22427074e-03  9.60213697e-01  5.22427074e-03 
 7.58577575e+10 -3.97261331e-02  5.32358242e-03  9.60273867e-01  5.32358242e-03 
 7.76247117e+10 -3.96635741e-02  5.42427428e-03  9.60336426e-01  5.42427428e-03 
 7.94328235e+10 -3.95985466e-02  5.52631229e-03  9.60401453e-01  5.52631229e-03 
 8.12830516e+10 -3.95309702e-02  5.62965848e-03  9.60469030e-01  5.62965848e-03 
 8.31763771e+10 -3.94607637e-02  5.73427082e-03  9.60539236e-01  5.73427082e-03 
 8.51138038e+10 -3.93878455e-02  5.84010298e-03  9.60612154e-01  5.84010298e-03 
 8.70963590e+10 -3.93121335e-02  5.94710415e-03  9.60687867e-01  5.94710415e-03 
 8.91250938e+10 -3.92335453e-02  6.05521891e-03  9.60766455e-01  6.05521891e-03 
 9.12010839e+10 -3.91519987e-02  6.16438699e-03  9.60848001e-01  6.16438699e-03 
 9.33254301e+10 -3.90674115e-02  6.27454315e-03  9.60932588e-01  6.27454315e-03 
 9.54992586e+10 -3.89797023e-02  6.38561700e-03  9.61020298e-01  6.38561700e-03 
 9.77237221e+10 -3.88887903e-02  6.49753283e-03  9.61111210e-01  6.49753283e-03 
 1.00000000e+11 -3.87945957e-02  6.61020951e-03  9.61205404e-01  6.61020951e-03 
