 frequency       v(vout)         v(vout)         v(vinn)         v(vinn)        
 1.00000000e+03 -9.82314806e-01  5.94336311e-06  1.76851938e-02  5.94336311e-06 
 1.02329299e+03 -9.82314806e-01  6.08180182e-06  1.76851938e-02  6.08180182e-06 
 1.04712855e+03 -9.82314806e-01  6.22346518e-06  1.76851938e-02  6.22346518e-06 
 1.07151931e+03 -9.82314806e-01  6.36842831e-06  1.76851938e-02  6.36842831e-06 
 1.09647820e+03 -9.82314806e-01  6.51676806e-06  1.76851938e-02  6.51676806e-06 
 1.12201845e+03 -9.82314806e-01  6.66856309e-06  1.76851938e-02  6.66856309e-06 
 1.14815362e+03 -9.82314806e-01  6.82389387e-06  1.76851938e-02  6.82389387e-06 
 1.17489755e+03 -9.82314806e-01  6.98284278e-06  1.76851938e-02  6.98284278e-06 
 1.20226443e+03 -9.82314806e-01  7.14549408e-06  1.76851938e-02  7.14549408e-06 
 1.23026877e+03 -9.82314806e-01  7.31193402e-06  1.76851938e-02  7.31193402e-06 
 1.25892541e+03 -9.82314806e-01  7.48225084e-06  1.76851938e-02  7.48225084e-06 
 1.28824955e+03 -9.82314806e-01  7.65653485e-06  1.76851939e-02  7.65653485e-06 
 1.31825674e+03 -9.82314806e-01  7.83487845e-06  1.76851939e-02  7.83487845e-06 
 1.34896288e+03 -9.82314806e-01  8.01737621e-06  1.76851939e-02  8.01737621e-06 
 1.38038426e+03 -9.82314806e-01  8.20412489e-06  1.76851939e-02  8.20412489e-06 
 1.41253754e+03 -9.82314806e-01  8.39522351e-06  1.76851939e-02  8.39522351e-06 
 1.44543977e+03 -9.82314806e-01  8.59077338e-06  1.76851939e-02  8.59077338e-06 
 1.47910839e+03 -9.82314806e-01  8.79087820e-06  1.76851939e-02  8.79087820e-06 
 1.51356125e+03 -9.82314806e-01  8.99564405e-06  1.76851939e-02  8.99564405e-06 
 1.54881662e+03 -9.82314806e-01  9.20517952e-06  1.76851940e-02  9.20517952e-06 
 1.58489319e+03 -9.82314806e-01  9.41959569e-06  1.76851940e-02  9.41959569e-06 
 1.62181010e+03 -9.82314806e-01  9.63900625e-06  1.76851940e-02  9.63900625e-06 
 1.65958691e+03 -9.82314806e-01  9.86352755e-06  1.76851940e-02  9.86352755e-06 
 1.69824365e+03 -9.82314806e-01  1.00932786e-05  1.76851940e-02  1.00932786e-05 
 1.73780083e+03 -9.82314806e-01  1.03283813e-05  1.76851941e-02  1.03283813e-05 
 1.77827941e+03 -9.82314806e-01  1.05689602e-05  1.76851941e-02  1.05689602e-05 
 1.81970086e+03 -9.82314806e-01  1.08151429e-05  1.76851941e-02  1.08151429e-05 
 1.86208714e+03 -9.82314806e-01  1.10670599e-05  1.76851941e-02  1.10670599e-05 
 1.90546072e+03 -9.82314806e-01  1.13248448e-05  1.76851942e-02  1.13248448e-05 
 1.94984460e+03 -9.82314806e-01  1.15886344e-05  1.76851942e-02  1.15886344e-05 
 1.99526231e+03 -9.82314806e-01  1.18585683e-05  1.76851942e-02  1.18585683e-05 
 2.04173794e+03 -9.82314806e-01  1.21347899e-05  1.76851942e-02  1.21347899e-05 
 2.08929613e+03 -9.82314806e-01  1.24174454e-05  1.76851943e-02  1.24174454e-05 
 2.13796209e+03 -9.82314806e-01  1.27066849e-05  1.76851943e-02  1.27066849e-05 
 2.18776162e+03 -9.82314806e-01  1.30026616e-05  1.76851943e-02  1.30026616e-05 
 2.23872114e+03 -9.82314806e-01  1.33055325e-05  1.76851944e-02  1.33055325e-05 
 2.29086765e+03 -9.82314806e-01  1.36154581e-05  1.76851944e-02  1.36154581e-05 
 2.34422882e+03 -9.82314806e-01  1.39326029e-05  1.76851944e-02  1.39326029e-05 
 2.39883292e+03 -9.82314806e-01  1.42571349e-05  1.76851945e-02  1.42571349e-05 
 2.45470892e+03 -9.82314805e-01  1.45892262e-05  1.76851945e-02  1.45892262e-05 
 2.51188643e+03 -9.82314805e-01  1.49290529e-05  1.76851946e-02  1.49290529e-05 
 2.57039578e+03 -9.82314805e-01  1.52767952e-05  1.76851946e-02  1.52767952e-05 
 2.63026799e+03 -9.82314805e-01  1.56326374e-05  1.76851947e-02  1.56326374e-05 
 2.69153480e+03 -9.82314805e-01  1.59967683e-05  1.76851947e-02  1.59967683e-05 
 2.75422870e+03 -9.82314805e-01  1.63693809e-05  1.76851948e-02  1.63693809e-05 
 2.81838293e+03 -9.82314805e-01  1.67506728e-05  1.76851948e-02  1.67506728e-05 
 2.88403150e+03 -9.82314805e-01  1.71408460e-05  1.76851949e-02  1.71408460e-05 
 2.95120923e+03 -9.82314805e-01  1.75401076e-05  1.76851949e-02  1.75401076e-05 
 3.01995172e+03 -9.82314805e-01  1.79486692e-05  1.76851950e-02  1.79486692e-05 
 3.09029543e+03 -9.82314805e-01  1.83667473e-05  1.76851950e-02  1.83667473e-05 
 3.16227766e+03 -9.82314805e-01  1.87945638e-05  1.76851951e-02  1.87945638e-05 
 3.23593657e+03 -9.82314805e-01  1.92323454e-05  1.76851952e-02  1.92323454e-05 
 3.31131121e+03 -9.82314805e-01  1.96803243e-05  1.76851953e-02  1.96803243e-05 
 3.38844156e+03 -9.82314805e-01  2.01387379e-05  1.76851953e-02  2.01387379e-05 
 3.46736850e+03 -9.82314805e-01  2.06078293e-05  1.76851954e-02  2.06078293e-05 
 3.54813389e+03 -9.82314804e-01  2.10878473e-05  1.76851955e-02  2.10878473e-05 
 3.63078055e+03 -9.82314804e-01  2.15790463e-05  1.76851956e-02  2.15790463e-05 
 3.71535229e+03 -9.82314804e-01  2.20816868e-05  1.76851957e-02  2.20816868e-05 
 3.80189396e+03 -9.82314804e-01  2.25960353e-05  1.76851958e-02  2.25960353e-05 
 3.89045145e+03 -9.82314804e-01  2.31223645e-05  1.76851959e-02  2.31223645e-05 
 3.98107171e+03 -9.82314804e-01  2.36609535e-05  1.76851960e-02  2.36609535e-05 
 4.07380278e+03 -9.82314804e-01  2.42120879e-05  1.76851961e-02  2.42120879e-05 
 4.16869383e+03 -9.82314804e-01  2.47760598e-05  1.76851962e-02  2.47760598e-05 
 4.26579519e+03 -9.82314804e-01  2.53531683e-05  1.76851964e-02  2.53531683e-05 
 4.36515832e+03 -9.82314804e-01  2.59437194e-05  1.76851965e-02  2.59437194e-05 
 4.46683592e+03 -9.82314803e-01  2.65480261e-05  1.76851966e-02  2.65480261e-05 
 4.57088190e+03 -9.82314803e-01  2.71664090e-05  1.76851968e-02  2.71664090e-05 
 4.67735141e+03 -9.82314803e-01  2.77991959e-05  1.76851969e-02  2.77991959e-05 
 4.78630092e+03 -9.82314803e-01  2.84467222e-05  1.76851971e-02  2.84467222e-05 
 4.89778819e+03 -9.82314803e-01  2.91093314e-05  1.76851972e-02  2.91093314e-05 
 5.01187234e+03 -9.82314803e-01  2.97873747e-05  1.76851974e-02  2.97873747e-05 
 5.12861384e+03 -9.82314802e-01  3.04812117e-05  1.76851976e-02  3.04812117e-05 
 5.24807460e+03 -9.82314802e-01  3.11912102e-05  1.76851978e-02  3.11912102e-05 
 5.37031796e+03 -9.82314802e-01  3.19177467e-05  1.76851980e-02  3.19177467e-05 
 5.49540874e+03 -9.82314802e-01  3.26612063e-05  1.76851982e-02  3.26612063e-05 
 5.62341325e+03 -9.82314802e-01  3.34219834e-05  1.76851984e-02  3.34219834e-05 
 5.75439937e+03 -9.82314801e-01  3.42004812e-05  1.76851986e-02  3.42004812e-05 
 5.88843655e+03 -9.82314801e-01  3.49971126e-05  1.76851989e-02  3.49971126e-05 
 6.02559586e+03 -9.82314801e-01  3.58122998e-05  1.76851991e-02  3.58122998e-05 
 6.16595002e+03 -9.82314801e-01  3.66464753e-05  1.76851994e-02  3.66464753e-05 
 6.30957344e+03 -9.82314800e-01  3.75000811e-05  1.76851996e-02  3.75000811e-05 
 6.45654229e+03 -9.82314800e-01  3.83735699e-05  1.76851999e-02  3.83735699e-05 
 6.60693448e+03 -9.82314800e-01  3.92674050e-05  1.76852002e-02  3.92674050e-05 
 6.76082975e+03 -9.82314799e-01  4.01820600e-05  1.76852005e-02  4.01820600e-05 
 6.91830971e+03 -9.82314799e-01  4.11180201e-05  1.76852009e-02  4.11180201e-05 
 7.07945784e+03 -9.82314799e-01  4.20757815e-05  1.76852012e-02  4.20757815e-05 
 7.24435960e+03 -9.82314798e-01  4.30558520e-05  1.76852016e-02  4.30558520e-05 
 7.41310241e+03 -9.82314798e-01  4.40587513e-05  1.76852019e-02  4.40587513e-05 
 7.58577575e+03 -9.82314798e-01  4.50850111e-05  1.76852023e-02  4.50850111e-05 
 7.76247117e+03 -9.82314797e-01  4.61351754e-05  1.76852027e-02  4.61351754e-05 
 7.94328235e+03 -9.82314797e-01  4.72098013e-05  1.76852032e-02  4.72098013e-05 
 8.12830516e+03 -9.82314796e-01  4.83094583e-05  1.76852036e-02  4.83094583e-05 
 8.31763771e+03 -9.82314796e-01  4.94347296e-05  1.76852041e-02  4.94347296e-05 
 8.51138038e+03 -9.82314795e-01  5.05862118e-05  1.76852046e-02  5.05862118e-05 
 8.70963590e+03 -9.82314795e-01  5.17645155e-05  1.76852051e-02  5.17645155e-05 
 8.91250938e+03 -9.82314794e-01  5.29702653e-05  1.76852056e-02  5.29702653e-05 
 9.12010839e+03 -9.82314794e-01  5.42041006e-05  1.76852062e-02  5.42041006e-05 
 9.33254301e+03 -9.82314793e-01  5.54666755e-05  1.76852068e-02  5.54666755e-05 
 9.54992586e+03 -9.82314793e-01  5.67586596e-05  1.76852074e-02  5.67586596e-05 
 9.77237221e+03 -9.82314792e-01  5.80807377e-05  1.76852081e-02  5.80807377e-05 
 1.00000000e+04 -9.82314791e-01  5.94336110e-05  1.76852088e-02  5.94336110e-05 
 1.02329299e+04 -9.82314791e-01  6.08179967e-05  1.76852095e-02  6.08179967e-05 
 1.04712855e+04 -9.82314790e-01  6.22346287e-05  1.76852102e-02  6.22346287e-05 
 1.07151931e+04 -9.82314789e-01  6.36842583e-05  1.76852110e-02  6.36842583e-05 
 1.09647820e+04 -9.82314788e-01  6.51676541e-05  1.76852118e-02  6.51676541e-05 
 1.12201845e+04 -9.82314787e-01  6.66856025e-05  1.76852127e-02  6.66856025e-05 
 1.14815362e+04 -9.82314786e-01  6.82389083e-05  1.76852136e-02  6.82389083e-05 
 1.17489755e+04 -9.82314785e-01  6.98283952e-05  1.76852145e-02  6.98283952e-05 
 1.20226443e+04 -9.82314784e-01  7.14549059e-05  1.76852155e-02  7.14549059e-05 
 1.23026877e+04 -9.82314783e-01  7.31193027e-05  1.76852166e-02  7.31193027e-05 
 1.25892541e+04 -9.82314782e-01  7.48224682e-05  1.76852176e-02  7.48224682e-05 
 1.28824955e+04 -9.82314781e-01  7.65653055e-05  1.76852188e-02  7.65653055e-05 
 1.31825674e+04 -9.82314780e-01  7.83487384e-05  1.76852200e-02  7.83487384e-05 
 1.34896288e+04 -9.82314779e-01  8.01737128e-05  1.76852212e-02  8.01737128e-05 
 1.38038426e+04 -9.82314777e-01  8.20411960e-05  1.76852225e-02  8.20411960e-05 
 1.41253754e+04 -9.82314776e-01  8.39521784e-05  1.76852239e-02  8.39521784e-05 
 1.44543977e+04 -9.82314775e-01  8.59076731e-05  1.76852253e-02  8.59076731e-05 
 1.47910839e+04 -9.82314773e-01  8.79087169e-05  1.76852268e-02  8.79087169e-05 
 1.51356125e+04 -9.82314772e-01  8.99563708e-05  1.76852283e-02  8.99563708e-05 
 1.54881662e+04 -9.82314770e-01  9.20517204e-05  1.76852300e-02  9.20517204e-05 
 1.58489319e+04 -9.82314768e-01  9.41958768e-05  1.76852317e-02  9.41958768e-05 
 1.62181010e+04 -9.82314767e-01  9.63899767e-05  1.76852335e-02  9.63899767e-05 
 1.65958691e+04 -9.82314765e-01  9.86351835e-05  1.76852354e-02  9.86351835e-05 
 1.69824365e+04 -9.82314763e-01  1.00932688e-04  1.76852373e-02  1.00932688e-04 
 1.73780083e+04 -9.82314761e-01  1.03283707e-04  1.76852394e-02  1.03283707e-04 
 1.77827941e+04 -9.82314758e-01  1.05689489e-04  1.76852416e-02  1.05689489e-04 
 1.81970086e+04 -9.82314756e-01  1.08151308e-04  1.76852438e-02  1.08151308e-04 
 1.86208714e+04 -9.82314754e-01  1.10670469e-04  1.76852462e-02  1.10670469e-04 
 1.90546072e+04 -9.82314751e-01  1.13248309e-04  1.76852487e-02  1.13248309e-04 
 1.94984460e+04 -9.82314749e-01  1.15886194e-04  1.76852513e-02  1.15886194e-04 
 1.99526231e+04 -9.82314746e-01  1.18585523e-04  1.76852540e-02  1.18585523e-04 
 2.04173794e+04 -9.82314743e-01  1.21347727e-04  1.76852568e-02  1.21347727e-04 
 2.08929613e+04 -9.82314740e-01  1.24174271e-04  1.76852598e-02  1.24174271e-04 
 2.13796209e+04 -9.82314737e-01  1.27066652e-04  1.76852629e-02  1.27066652e-04 
 2.18776162e+04 -9.82314734e-01  1.30026405e-04  1.76852662e-02  1.30026405e-04 
 2.23872114e+04 -9.82314730e-01  1.33055099e-04  1.76852696e-02  1.33055099e-04 
 2.29086765e+04 -9.82314727e-01  1.36154339e-04  1.76852732e-02  1.36154339e-04 
 2.34422882e+04 -9.82314723e-01  1.39325769e-04  1.76852770e-02  1.39325769e-04 
 2.39883292e+04 -9.82314719e-01  1.42571071e-04  1.76852809e-02  1.42571071e-04 
 2.45470892e+04 -9.82314715e-01  1.45891964e-04  1.76852850e-02  1.45891964e-04 
 2.51188643e+04 -9.82314711e-01  1.49290210e-04  1.76852893e-02  1.49290210e-04 
 2.57039578e+04 -9.82314706e-01  1.52767610e-04  1.76852938e-02  1.52767610e-04 
 2.63026799e+04 -9.82314701e-01  1.56326008e-04  1.76852985e-02  1.56326008e-04 
 2.69153480e+04 -9.82314697e-01  1.59967291e-04  1.76853035e-02  1.59967291e-04 
 2.75422870e+04 -9.82314691e-01  1.63693389e-04  1.76853087e-02  1.63693389e-04 
 2.81838293e+04 -9.82314686e-01  1.67506277e-04  1.76853141e-02  1.67506277e-04 
 2.88403150e+04 -9.82314680e-01  1.71407978e-04  1.76853198e-02  1.71407978e-04 
 2.95120923e+04 -9.82314674e-01  1.75400559e-04  1.76853257e-02  1.75400559e-04 
 3.01995172e+04 -9.82314668e-01  1.79486137e-04  1.76853319e-02  1.79486137e-04 
 3.09029543e+04 -9.82314662e-01  1.83666880e-04  1.76853385e-02  1.83666880e-04 
 3.16227766e+04 -9.82314655e-01  1.87945002e-04  1.76853453e-02  1.87945002e-04 
 3.23593657e+04 -9.82314648e-01  1.92322772e-04  1.76853524e-02  1.92322772e-04 
 3.31131121e+04 -9.82314640e-01  1.96802512e-04  1.76853599e-02  1.96802512e-04 
 3.38844156e+04 -9.82314632e-01  2.01386596e-04  1.76853678e-02  2.01386596e-04 
 3.46736850e+04 -9.82314624e-01  2.06077454e-04  1.76853760e-02  2.06077454e-04 
 3.54813389e+04 -9.82314615e-01  2.10877574e-04  1.76853846e-02  2.10877574e-04 
 3.63078055e+04 -9.82314606e-01  2.15789500e-04  1.76853936e-02  2.15789500e-04 
 3.71535229e+04 -9.82314597e-01  2.20815836e-04  1.76854030e-02  2.20815836e-04 
 3.80189396e+04 -9.82314587e-01  2.25959247e-04  1.76854128e-02  2.25959247e-04 
 3.89045145e+04 -9.82314577e-01  2.31222460e-04  1.76854232e-02  2.31222460e-04 
 3.98107171e+04 -9.82314566e-01  2.36608266e-04  1.76854340e-02  2.36608266e-04 
 4.07380278e+04 -9.82314555e-01  2.42119518e-04  1.76854453e-02  2.42119518e-04 
 4.16869383e+04 -9.82314543e-01  2.47759140e-04  1.76854572e-02  2.47759140e-04 
 4.26579519e+04 -9.82314530e-01  2.53530121e-04  1.76854696e-02  2.53530121e-04 
 4.36515832e+04 -9.82314517e-01  2.59435520e-04  1.76854826e-02  2.59435520e-04 
 4.46683592e+04 -9.82314504e-01  2.65478468e-04  1.76854962e-02  2.65478468e-04 
 4.57088190e+04 -9.82314490e-01  2.71662169e-04  1.76855105e-02  2.71662169e-04 
 4.67735141e+04 -9.82314475e-01  2.77989900e-04  1.76855254e-02  2.77989900e-04 
 4.78630092e+04 -9.82314459e-01  2.84465016e-04  1.76855411e-02  2.84465016e-04 
 4.89778819e+04 -9.82314443e-01  2.91090950e-04  1.76855574e-02  2.91090950e-04 
 5.01187234e+04 -9.82314425e-01  2.97871214e-04  1.76855746e-02  2.97871214e-04 
 5.12861384e+04 -9.82314407e-01  3.04809403e-04  1.76855925e-02  3.04809403e-04 
 5.24807460e+04 -9.82314389e-01  3.11909194e-04  1.76856113e-02  3.11909194e-04 
 5.37031796e+04 -9.82314369e-01  3.19174350e-04  1.76856310e-02  3.19174350e-04 
 5.49540874e+04 -9.82314348e-01  3.26608724e-04  1.76856516e-02  3.26608724e-04 
 5.62341325e+04 -9.82314327e-01  3.34216256e-04  1.76856732e-02  3.34216256e-04 
 5.75439937e+04 -9.82314304e-01  3.42000979e-04  1.76856958e-02  3.42000979e-04 
 5.88843655e+04 -9.82314281e-01  3.49967018e-04  1.76857195e-02  3.49967018e-04 
 6.02559586e+04 -9.82314256e-01  3.58118597e-04  1.76857443e-02  3.58118597e-04 
 6.16595002e+04 -9.82314230e-01  3.66460036e-04  1.76857702e-02  3.66460036e-04 
 6.30957344e+04 -9.82314203e-01  3.74995757e-04  1.76857974e-02  3.74995757e-04 
 6.45654229e+04 -9.82314174e-01  3.83730285e-04  1.76858259e-02  3.83730285e-04 
 6.60693448e+04 -9.82314144e-01  3.92668247e-04  1.76858557e-02  3.92668247e-04 
 6.76082975e+04 -9.82314113e-01  4.01814383e-04  1.76858869e-02  4.01814383e-04 
 6.91830971e+04 -9.82314080e-01  4.11173540e-04  1.76859195e-02  4.11173540e-04 
 7.07945784e+04 -9.82314046e-01  4.20750677e-04  1.76859537e-02  4.20750677e-04 
 7.24435960e+04 -9.82314010e-01  4.30550872e-04  1.76859895e-02  4.30550872e-04 
 7.41310241e+04 -9.82313973e-01  4.40579317e-04  1.76860271e-02  4.40579317e-04 
 7.58577575e+04 -9.82313934e-01  4.50841329e-04  1.76860663e-02  4.50841329e-04 
 7.76247117e+04 -9.82313893e-01  4.61342345e-04  1.76861075e-02  4.61342345e-04 
 7.94328235e+04 -9.82313849e-01  4.72087930e-04  1.76861505e-02  4.72087930e-04 
 8.12830516e+04 -9.82313804e-01  4.83083780e-04  1.76861956e-02  4.83083780e-04 
 8.31763771e+04 -9.82313757e-01  4.94335720e-04  1.76862428e-02  4.94335720e-04 
 8.51138038e+04 -9.82313708e-01  5.05849715e-04  1.76862923e-02  5.05849715e-04 
 8.70963590e+04 -9.82313656e-01  5.17631864e-04  1.76863440e-02  5.17631864e-04 
 8.91250938e+04 -9.82313602e-01  5.29688412e-04  1.76863982e-02  5.29688412e-04 
 9.12010839e+04 -9.82313545e-01  5.42025746e-04  1.76864550e-02  5.42025746e-04 
 9.33254301e+04 -9.82313486e-01  5.54650405e-04  1.76865144e-02  5.54650405e-04 
 9.54992586e+04 -9.82313423e-01  5.67569076e-04  1.76865767e-02  5.67569076e-04 
 9.77237221e+04 -9.82313358e-01  5.80788605e-04  1.76866418e-02  5.80788605e-04 
 1.00000000e+05 -9.82313290e-01  5.94315995e-04  1.76867101e-02  5.94315995e-04 
 1.02329299e+05 -9.82313218e-01  6.08158413e-04  1.76867815e-02  6.08158413e-04 
 1.04712855e+05 -9.82313144e-01  6.22323193e-04  1.76868564e-02  6.22323193e-04 
 1.07151931e+05 -9.82313065e-01  6.36817837e-04  1.76869347e-02  6.36817837e-04 
 1.09647820e+05 -9.82312983e-01  6.51650025e-04  1.76870167e-02  6.51650025e-04 
 1.12201845e+05 -9.82312897e-01  6.66827613e-04  1.76871026e-02  6.66827613e-04 
 1.14815362e+05 -9.82312807e-01  6.82358640e-04  1.76871926e-02  6.82358640e-04 
 1.17489755e+05 -9.82312713e-01  6.98251332e-04  1.76872868e-02  6.98251332e-04 
 1.20226443e+05 -9.82312615e-01  7.14514107e-04  1.76873854e-02  7.14514107e-04 
 1.23026877e+05 -9.82312511e-01  7.31155576e-04  1.76874886e-02  7.31155576e-04 
 1.25892541e+05 -9.82312403e-01  7.48184554e-04  1.76875968e-02  7.48184554e-04 
 1.28824955e+05 -9.82312290e-01  7.65610057e-04  1.76877100e-02  7.65610057e-04 
 1.31825674e+05 -9.82312171e-01  7.83441313e-04  1.76878285e-02  7.83441313e-04 
 1.34896288e+05 -9.82312047e-01  8.01687762e-04  1.76879526e-02  8.01687762e-04 
 1.38038426e+05 -9.82311917e-01  8.20359065e-04  1.76880826e-02  8.20359065e-04 
 1.41253754e+05 -9.82311781e-01  8.39465107e-04  1.76882187e-02  8.39465107e-04 
 1.44543977e+05 -9.82311639e-01  8.59016002e-04  1.76883612e-02  8.59016002e-04 
 1.47910839e+05 -9.82311490e-01  8.79022099e-04  1.76885104e-02  8.79022099e-04 
 1.51356125e+05 -9.82311333e-01  8.99493986e-04  1.76886667e-02  8.99493986e-04 
 1.54881662e+05 -9.82311170e-01  9.20442498e-04  1.76888303e-02  9.20442498e-04 
 1.58489319e+05 -9.82310998e-01  9.41878722e-04  1.76890016e-02  9.41878722e-04 
 1.62181010e+05 -9.82310819e-01  9.63813999e-04  1.76891809e-02  9.63813999e-04 
 1.65958691e+05 -9.82310631e-01  9.86259936e-04  1.76893687e-02  9.86259936e-04 
 1.69824365e+05 -9.82310435e-01  1.00922841e-03  1.76895654e-02  1.00922841e-03 
 1.73780083e+05 -9.82310229e-01  1.03273156e-03  1.76897713e-02  1.03273156e-03 
 1.77827941e+05 -9.82310013e-01  1.05678184e-03  1.76899869e-02  1.05678184e-03 
 1.81970086e+05 -9.82309787e-01  1.08139195e-03  1.76902126e-02  1.08139195e-03 
 1.86208714e+05 -9.82309551e-01  1.10657491e-03  1.76904489e-02  1.10657491e-03 
 1.90546072e+05 -9.82309304e-01  1.13234403e-03  1.76906964e-02  1.13234403e-03 
 1.94984460e+05 -9.82309044e-01  1.15871294e-03  1.76909555e-02  1.15871294e-03 
 1.99526231e+05 -9.82308773e-01  1.18569559e-03  1.76912269e-02  1.18569559e-03 
 2.04173794e+05 -9.82308489e-01  1.21330622e-03  1.76915109e-02  1.21330622e-03 
 2.08929613e+05 -9.82308192e-01  1.24155942e-03  1.76918084e-02  1.24155942e-03 
 2.13796209e+05 -9.82307880e-01  1.27047014e-03  1.76921198e-02  1.27047014e-03 
 2.18776162e+05 -9.82307554e-01  1.30005364e-03  1.76924459e-02  1.30005364e-03 
 2.23872114e+05 -9.82307213e-01  1.33032554e-03  1.76927873e-02  1.33032554e-03 
 2.29086765e+05 -9.82306855e-01  1.36130184e-03  1.76931448e-02  1.36130184e-03 
 2.34422882e+05 -9.82306481e-01  1.39299888e-03  1.76935190e-02  1.39299888e-03 
 2.39883292e+05 -9.82306089e-01  1.42543341e-03  1.76939109e-02  1.42543341e-03 
 2.45470892e+05 -9.82305679e-01  1.45862253e-03  1.76943212e-02  1.45862253e-03 
 2.51188643e+05 -9.82305249e-01  1.49258376e-03  1.76947508e-02  1.49258376e-03 
 2.57039578e+05 -9.82304799e-01  1.52733503e-03  1.76952005e-02  1.52733503e-03 
 2.63026799e+05 -9.82304329e-01  1.56289465e-03  1.76956714e-02  1.56289465e-03 
 2.69153480e+05 -9.82303836e-01  1.59928137e-03  1.76961644e-02  1.59928137e-03 
 2.75422870e+05 -9.82303319e-01  1.63651439e-03  1.76966806e-02  1.63651439e-03 
 2.81838293e+05 -9.82302779e-01  1.67461331e-03  1.76972210e-02  1.67461331e-03 
 2.88403150e+05 -9.82302213e-01  1.71359822e-03  1.76977868e-02  1.71359822e-03 
 2.95120923e+05 -9.82301621e-01  1.75348965e-03  1.76983792e-02  1.75348965e-03 
 3.01995172e+05 -9.82301001e-01  1.79430860e-03  1.76989994e-02  1.79430860e-03 
 3.09029543e+05 -9.82300351e-01  1.83607656e-03  1.76996486e-02  1.83607656e-03 
 3.16227766e+05 -9.82299672e-01  1.87881551e-03  1.77003284e-02  1.87881551e-03 
 3.23593657e+05 -9.82298960e-01  1.92254792e-03  1.77010400e-02  1.92254792e-03 
 3.31131121e+05 -9.82298215e-01  1.96729680e-03  1.77017850e-02  1.96729680e-03 
 3.38844156e+05 -9.82297435e-01  2.01308566e-03  1.77025650e-02  2.01308566e-03 
 3.46736850e+05 -9.82296618e-01  2.05993856e-03  1.77033815e-02  2.05993856e-03 
 3.54813389e+05 -9.82295764e-01  2.10788011e-03  1.77042363e-02  2.10788011e-03 
 3.63078055e+05 -9.82294869e-01  2.15693547e-03  1.77051312e-02  2.15693547e-03 
 3.71535229e+05 -9.82293932e-01  2.20713038e-03  1.77060680e-02  2.20713038e-03 
 3.80189396e+05 -9.82292951e-01  2.25849117e-03  1.77070486e-02  2.25849117e-03 
 3.89045145e+05 -9.82291925e-01  2.31104476e-03  1.77080752e-02  2.31104476e-03 
 3.98107171e+05 -9.82290850e-01  2.36481868e-03  1.77091498e-02  2.36481868e-03 
 4.07380278e+05 -9.82289725e-01  2.41984109e-03  1.77102747e-02  2.41984109e-03 
 4.16869383e+05 -9.82288548e-01  2.47614077e-03  1.77114522e-02  2.47614077e-03 
 4.26579519e+05 -9.82287315e-01  2.53374719e-03  1.77126848e-02  2.53374719e-03 
 4.36515832e+05 -9.82286025e-01  2.59269043e-03  1.77139750e-02  2.59269043e-03 
 4.46683592e+05 -9.82284674e-01  2.65300129e-03  1.77153255e-02  2.65300129e-03 
 4.57088190e+05 -9.82283261e-01  2.71471124e-03  1.77167391e-02  2.71471124e-03 
 4.67735141e+05 -9.82281781e-01  2.77785247e-03  1.77182186e-02  2.77785247e-03 
 4.78630092e+05 -9.82280233e-01  2.84245789e-03  1.77197673e-02  2.84245789e-03 
 4.89778819e+05 -9.82278612e-01  2.90856114e-03  1.77213881e-02  2.90856114e-03 
 5.01187234e+05 -9.82276915e-01  2.97619662e-03  1.77230845e-02  2.97619662e-03 
 5.12861384e+05 -9.82275140e-01  3.04539947e-03  1.77248600e-02  3.04539947e-03 
 5.24807460e+05 -9.82273282e-01  3.11620565e-03  1.77267181e-02  3.11620565e-03 
 5.37031796e+05 -9.82271337e-01  3.18865190e-03  1.77286628e-02  3.18865190e-03 
 5.49540874e+05 -9.82269302e-01  3.26277577e-03  1.77306979e-02  3.26277577e-03 
 5.62341325e+05 -9.82267172e-01  3.33861564e-03  1.77328276e-02  3.33861564e-03 
 5.75439937e+05 -9.82264944e-01  3.41621075e-03  1.77350563e-02  3.41621075e-03 
 5.88843655e+05 -9.82262612e-01  3.49560118e-03  1.77373885e-02  3.49560118e-03 
 6.02559586e+05 -9.82260171e-01  3.57682791e-03  1.77398289e-02  3.57682791e-03 
 6.16595002e+05 -9.82257618e-01  3.65993281e-03  1.77423824e-02  3.65993281e-03 
 6.30957344e+05 -9.82254946e-01  3.74495866e-03  1.77450543e-02  3.74495866e-03 
 6.45654229e+05 -9.82252150e-01  3.83194917e-03  1.77478498e-02  3.83194917e-03 
 6.60693448e+05 -9.82249225e-01  3.92094900e-03  1.77507746e-02  3.92094900e-03 
 6.76082975e+05 -9.82246165e-01  4.01200376e-03  1.77538346e-02  4.01200376e-03 
 6.91830971e+05 -9.82242964e-01  4.10516007e-03  1.77570359e-02  4.10516007e-03 
 7.07945784e+05 -9.82239615e-01  4.20046553e-03  1.77603849e-02  4.20046553e-03 
 7.24435960e+05 -9.82236112e-01  4.29796876e-03  1.77638882e-02  4.29796876e-03 
 7.41310241e+05 -9.82232447e-01  4.39771943e-03  1.77675528e-02  4.39771943e-03 
 7.58577575e+05 -9.82228614e-01  4.49976823e-03  1.77713859e-02  4.49976823e-03 
 7.76247117e+05 -9.82224605e-01  4.60416695e-03  1.77753950e-02  4.60416695e-03 
 7.94328235e+05 -9.82220412e-01  4.71096846e-03  1.77795881e-02  4.71096846e-03 
 8.12830516e+05 -9.82216027e-01  4.82022674e-03  1.77839732e-02  4.82022674e-03 
 8.31763771e+05 -9.82211441e-01  4.93199688e-03  1.77885591e-02  4.93199688e-03 
 8.51138038e+05 -9.82206646e-01  5.04633513e-03  1.77933545e-02  5.04633513e-03 
 8.70963590e+05 -9.82201631e-01  5.16329889e-03  1.77983687e-02  5.16329889e-03 
 8.91250938e+05 -9.82196389e-01  5.28294673e-03  1.78036113e-02  5.28294673e-03 
 9.12010839e+05 -9.82190908e-01  5.40533844e-03  1.78090924e-02  5.40533844e-03 
 9.33254301e+05 -9.82185178e-01  5.53053499e-03  1.78148225e-02  5.53053499e-03 
 9.54992586e+05 -9.82179188e-01  5.65859861e-03  1.78208123e-02  5.65859861e-03 
 9.77237221e+05 -9.82172927e-01  5.78959274e-03  1.78270732e-02  5.78959274e-03 
 1.00000000e+06 -9.82166383e-01  5.92358212e-03  1.78336169e-02  5.92358212e-03 
 1.02329299e+06 -9.82159544e-01  6.06063275e-03  1.78404556e-02  6.06063275e-03 
 1.04712855e+06 -9.82152398e-01  6.20081193e-03  1.78476020e-02  6.20081193e-03 
 1.07151931e+06 -9.82144931e-01  6.34418828e-03  1.78550692e-02  6.34418828e-03 
 1.09647820e+06 -9.82137129e-01  6.49083173e-03  1.78628709e-02  6.49083173e-03 
 1.12201845e+06 -9.82128979e-01  6.64081356e-03  1.78710212e-02  6.64081356e-03 
 1.14815362e+06 -9.82120465e-01  6.79420643e-03  1.78795349e-02  6.79420643e-03 
 1.17489755e+06 -9.82111573e-01  6.95108435e-03  1.78884270e-02  6.95108435e-03 
 1.20226443e+06 -9.82102286e-01  7.11152272e-03  1.78977136e-02  7.11152272e-03 
 1.23026877e+06 -9.82092589e-01  7.27559836e-03  1.79074107e-02  7.27559836e-03 
 1.25892541e+06 -9.82082465e-01  7.44338948e-03  1.79175355e-02  7.44338948e-03 
 1.28824955e+06 -9.82071895e-01  7.61497574e-03  1.79281053e-02  7.61497574e-03 
 1.31825674e+06 -9.82060862e-01  7.79043825e-03  1.79391383e-02  7.79043825e-03 
 1.34896288e+06 -9.82049347e-01  7.96985954e-03  1.79506531e-02  7.96985954e-03 
 1.38038426e+06 -9.82037331e-01  8.15332366e-03  1.79626691e-02  8.15332366e-03 
 1.41253754e+06 -9.82024794e-01  8.34091609e-03  1.79752061e-02  8.34091609e-03 
 1.44543977e+06 -9.82011715e-01  8.53272384e-03  1.79882848e-02  8.53272384e-03 
 1.47910839e+06 -9.81998074e-01  8.72883541e-03  1.80019262e-02  8.72883541e-03 
 1.51356125e+06 -9.81983848e-01  8.92934082e-03  1.80161522e-02  8.92934082e-03 
 1.54881662e+06 -9.81969015e-01  9.13433161e-03  1.80309853e-02  9.13433161e-03 
 1.58489319e+06 -9.81953551e-01  9.34390089e-03  1.80464485e-02  9.34390089e-03 
 1.62181010e+06 -9.81937434e-01  9.55814328e-03  1.80625655e-02  9.55814328e-03 
 1.65958691e+06 -9.81920639e-01  9.77715501e-03  1.80793607e-02  9.77715501e-03 
 1.69824365e+06 -9.81903141e-01  1.00010339e-02  1.80968590e-02  1.00010339e-02 
 1.73780083e+06 -9.81884914e-01  1.02298792e-02  1.81150859e-02  1.02298792e-02 
 1.77827941e+06 -9.81865932e-01  1.04637921e-02  1.81340678e-02  1.04637921e-02 
 1.81970086e+06 -9.81846169e-01  1.07028750e-02  1.81538313e-02  1.07028750e-02 
 1.86208714e+06 -9.81825596e-01  1.09472324e-02  1.81744038e-02  1.09472324e-02 
 1.90546072e+06 -9.81804187e-01  1.11969700e-02  1.81958131e-02  1.11969700e-02 
 1.94984460e+06 -9.81781912e-01  1.14521955e-02  1.82180878e-02  1.14521955e-02 
 1.99526231e+06 -9.81758743e-01  1.17130183e-02  1.82412568e-02  1.17130183e-02 
 2.04173794e+06 -9.81734651e-01  1.19795492e-02  1.82653494e-02  1.19795492e-02 
 2.08929613e+06 -9.81709604e-01  1.22519011e-02  1.82903956e-02  1.22519011e-02 
 2.13796209e+06 -9.81683574e-01  1.25301887e-02  1.83164257e-02  1.25301887e-02 
 2.18776162e+06 -9.81656530e-01  1.28145282e-02  1.83434703e-02  1.28145282e-02 
 2.23872114e+06 -9.81628440e-01  1.31050381e-02  1.83715605e-02  1.31050381e-02 
 2.29086765e+06 -9.81599273e-01  1.34018384e-02  1.84007274e-02  1.34018384e-02 
 2.34422882e+06 -9.81568997e-01  1.37050513e-02  1.84310028e-02  1.37050513e-02 
 2.39883292e+06 -9.81537582e-01  1.40148009e-02  1.84624183e-02  1.40148009e-02 
 2.45470892e+06 -9.81504994e-01  1.43312136e-02  1.84950058e-02  1.43312136e-02 
 2.51188643e+06 -9.81471203e-01  1.46544177e-02  1.85287972e-02  1.46544177e-02 
 2.57039578e+06 -9.81436175e-01  1.49845438e-02  1.85638247e-02  1.49845438e-02 
 2.63026799e+06 -9.81399880e-01  1.53217249e-02  1.86001201e-02  1.53217249e-02 
 2.69153480e+06 -9.81362285e-01  1.56660963e-02  1.86377154e-02  1.56660963e-02 
 2.75422870e+06 -9.81323358e-01  1.60177958e-02  1.86766423e-02  1.60177958e-02 
 2.81838293e+06 -9.81283068e-01  1.63769639e-02  1.87169323e-02  1.63769639e-02 
 2.88403150e+06 -9.81241383e-01  1.67437439e-02  1.87586168e-02  1.67437439e-02 
 2.95120923e+06 -9.81198273e-01  1.71182816e-02  1.88017266e-02  1.71182816e-02 
 3.01995172e+06 -9.81153708e-01  1.75007264e-02  1.88462923e-02  1.75007264e-02 
 3.09029543e+06 -9.81107656e-01  1.78912304e-02  1.88923442e-02  1.78912304e-02 
 3.16227766e+06 -9.81060088e-01  1.82899493e-02  1.89399117e-02  1.82899493e-02 
 3.23593657e+06 -9.81010976e-01  1.86970422e-02  1.89890242e-02  1.86970422e-02 
 3.31131121e+06 -9.80960290e-01  1.91126719e-02  1.90397100e-02  1.91126719e-02 
 3.38844156e+06 -9.80908003e-01  1.95370053e-02  1.90919973e-02  1.95370053e-02 
 3.46736850e+06 -9.80854087e-01  1.99702132e-02  1.91459134e-02  1.99702132e-02 
 3.54813389e+06 -9.80798515e-01  2.04124709e-02  1.92014850e-02  2.04124709e-02 
 3.63078055e+06 -9.80741262e-01  2.08639583e-02  1.92587383e-02  2.08639583e-02 
 3.71535229e+06 -9.80682301e-01  2.13248601e-02  1.93176989e-02  2.13248601e-02 
 3.80189396e+06 -9.80621608e-01  2.17953660e-02  1.93783917e-02  2.17953660e-02 
 3.89045145e+06 -9.80559159e-01  2.22756714e-02  1.94408412e-02  2.22756714e-02 
 3.98107171e+06 -9.80494929e-01  2.27659770e-02  1.95050713e-02  2.27659770e-02 
 4.07380278e+06 -9.80428894e-01  2.32664896e-02  1.95711056e-02  2.32664896e-02 
 4.16869383e+06 -9.80361033e-01  2.37774223e-02  1.96389675e-02  2.37774223e-02 
 4.26579519e+06 -9.80291320e-01  2.42989945e-02  1.97086800e-02  2.42989945e-02 
 4.36515832e+06 -9.80219734e-01  2.48314327e-02  1.97802663e-02  2.48314327e-02 
 4.46683592e+06 -9.80146250e-01  2.53749703e-02  1.98537496e-02  2.53749703e-02 
 4.57088190e+06 -9.80070847e-01  2.59298483e-02  1.99291533e-02  2.59298483e-02 
 4.67735141e+06 -9.79993498e-01  2.64963152e-02  2.00065015e-02  2.64963152e-02 
 4.78630092e+06 -9.79914181e-01  2.70746277e-02  2.00858190e-02  2.70746277e-02 
 4.89778819e+06 -9.79832869e-01  2.76650508e-02  2.01671314e-02  2.76650508e-02 
 5.01187234e+06 -9.79749534e-01  2.82678579e-02  2.02504657e-02  2.82678579e-02 
 5.12861384e+06 -9.79664150e-01  2.88833315e-02  2.03358504e-02  2.88833315e-02 
 5.24807460e+06 -9.79576684e-01  2.95117631e-02  2.04233158e-02  2.95117631e-02 
 5.37031796e+06 -9.79487105e-01  3.01534537e-02  2.05128945e-02  3.01534537e-02 
 5.49540874e+06 -9.79395379e-01  3.08087136e-02  2.06046214e-02  3.08087136e-02 
 5.62341325e+06 -9.79301465e-01  3.14778632e-02  2.06985345e-02  3.14778632e-02 
 5.75439937e+06 -9.79205325e-01  3.21612329e-02  2.07946750e-02  3.21612329e-02 
 5.88843655e+06 -9.79106912e-01  3.28591633e-02  2.08930877e-02  3.28591633e-02 
 6.02559586e+06 -9.79006178e-01  3.35720054e-02  2.09938215e-02  3.35720054e-02 
 6.16595002e+06 -9.78903070e-01  3.43001205e-02  2.10969300e-02  3.43001205e-02 
 6.30957344e+06 -9.78797528e-01  3.50438809e-02  2.12024716e-02  3.50438809e-02 
 6.45654229e+06 -9.78689490e-01  3.58036696e-02  2.13105099e-02  3.58036696e-02 
 6.60693448e+06 -9.78578885e-01  3.65798801e-02  2.14211148e-02  3.65798801e-02 
 6.76082975e+06 -9.78465638e-01  3.73729173e-02  2.15343621e-02  3.73729173e-02 
 6.91830971e+06 -9.78349665e-01  3.81831967e-02  2.16503345e-02  3.81831967e-02 
 7.07945784e+06 -9.78230878e-01  3.90111449e-02  2.17691220e-02  3.90111449e-02 
 7.24435960e+06 -9.78109178e-01  3.98571996e-02  2.18908221e-02  3.98571996e-02 
 7.41310241e+06 -9.77984459e-01  4.07218093e-02  2.20155406e-02  4.07218093e-02 
 7.58577575e+06 -9.77856608e-01  4.16054336e-02  2.21433918e-02  4.16054336e-02 
 7.76247117e+06 -9.77725501e-01  4.25085427e-02  2.22744992e-02  4.25085427e-02 
 7.94328235e+06 -9.77591004e-01  4.34316181e-02  2.24089958e-02  4.34316181e-02 
 8.12830516e+06 -9.77452976e-01  4.43751516e-02  2.25470244e-02  4.43751516e-02 
 8.31763771e+06 -9.77311261e-01  4.53396460e-02  2.26887385e-02  4.53396460e-02 
 8.51138038e+06 -9.77165698e-01  4.63256144e-02  2.28343024e-02  4.63256144e-02 
 8.70963590e+06 -9.77016108e-01  4.73335806e-02  2.29838917e-02  4.73335806e-02 
 8.91250938e+06 -9.76862306e-01  4.83640787e-02  2.31376937e-02  4.83640787e-02 
 9.12010839e+06 -9.76704092e-01  4.94176527e-02  2.32959080e-02  4.94176527e-02 
 9.33254301e+06 -9.76541253e-01  5.04948572e-02  2.34587470e-02  5.04948572e-02 
 9.54992586e+06 -9.76373564e-01  5.15962562e-02  2.36264360e-02  5.15962562e-02 
 9.77237221e+06 -9.76200786e-01  5.27224238e-02  2.37992140e-02  5.27224238e-02 
 1.00000000e+07 -9.76022666e-01  5.38739435e-02  2.39773338e-02  5.38739435e-02 
 1.02329299e+07 -9.75838937e-01  5.50514085e-02  2.41610628e-02  5.50514085e-02 
 1.04712855e+07 -9.75649317e-01  5.62554210e-02  2.43506833e-02  5.62554210e-02 
 1.07151931e+07 -9.75453507e-01  5.74865924e-02  2.45464928e-02  5.74865924e-02 
 1.09647820e+07 -9.75251195e-01  5.87455431e-02  2.47488048e-02  5.87455431e-02 
 1.12201845e+07 -9.75042051e-01  6.00329020e-02  2.49579491e-02  6.00329020e-02 
 1.14815362e+07 -9.74825728e-01  6.13493068e-02  2.51742720e-02  6.13493068e-02 
 1.17489755e+07 -9.74601863e-01  6.26954031e-02  2.53981374e-02  6.26954031e-02 
 1.20226443e+07 -9.74370073e-01  6.40718448e-02  2.56299269e-02  6.40718448e-02 
 1.23026877e+07 -9.74129960e-01  6.54792937e-02  2.58700402e-02  6.54792937e-02 
 1.25892541e+07 -9.73881104e-01  6.69184189e-02  2.61188961e-02  6.69184189e-02 
 1.28824955e+07 -9.73623067e-01  6.83898971e-02  2.63769327e-02  6.83898971e-02 
 1.31825674e+07 -9.73355392e-01  6.98944117e-02  2.66446081e-02  6.98944117e-02 
 1.34896288e+07 -9.73077599e-01  7.14326529e-02  2.69224008e-02  7.14326529e-02 
 1.38038426e+07 -9.72789189e-01  7.30053174e-02  2.72108106e-02  7.30053174e-02 
 1.41253754e+07 -9.72489641e-01  7.46131077e-02  2.75103590e-02  7.46131077e-02 
 1.44543977e+07 -9.72178410e-01  7.62567319e-02  2.78215901e-02  7.62567319e-02 
 1.47910839e+07 -9.71854929e-01  7.79369033e-02  2.81450707e-02  7.79369033e-02 
 1.51356125e+07 -9.71518608e-01  7.96543400e-02  2.84813915e-02  7.96543400e-02 
 1.54881662e+07 -9.71168832e-01  8.14097641e-02  2.88311678e-02  8.14097641e-02 
 1.58489319e+07 -9.70804960e-01  8.32039015e-02  2.91950397e-02  8.32039015e-02 
 1.62181010e+07 -9.70426327e-01  8.50374811e-02  2.95736733e-02  8.50374811e-02 
 1.65958691e+07 -9.70032239e-01  8.69112343e-02  2.99677612e-02  8.69112343e-02 
 1.69824365e+07 -9.69621977e-01  8.88258943e-02  3.03780232e-02  8.88258943e-02 
 1.73780083e+07 -9.69194793e-01  9.07821952e-02  3.08052071e-02  9.07821952e-02 
 1.77827941e+07 -9.68749910e-01  9.27808715e-02  3.12500898e-02  9.27808715e-02 
 1.81970086e+07 -9.68286523e-01  9.48226568e-02  3.17134771e-02  9.48226568e-02 
 1.86208714e+07 -9.67803794e-01  9.69082833e-02  3.21962056e-02  9.69082833e-02 
 1.90546072e+07 -9.67300858e-01  9.90384807e-02  3.26991425e-02  9.90384807e-02 
 1.94984460e+07 -9.66776813e-01  1.01213975e-01  3.32231869e-02  1.01213975e-01 
 1.99526231e+07 -9.66230730e-01  1.03435488e-01  3.37692703e-02  1.03435488e-01 
 2.04173794e+07 -9.65661643e-01  1.05703734e-01  3.43383572e-02  1.05703734e-01 
 2.08929613e+07 -9.65068554e-01  1.08019421e-01  3.49314459e-02  1.08019421e-01 
 2.13796209e+07 -9.64450431e-01  1.10383250e-01  3.55495694e-02  1.10383250e-01 
 2.18776162e+07 -9.63806205e-01  1.12795908e-01  3.61937952e-02  1.12795908e-01 
 2.23872114e+07 -9.63134773e-01  1.15258075e-01  3.68652268e-02  1.15258075e-01 
 2.29086765e+07 -9.62434996e-01  1.17770414e-01  3.75650036e-02  1.17770414e-01 
 2.34422882e+07 -9.61705699e-01  1.20333575e-01  3.82943015e-02  1.20333575e-01 
 2.39883292e+07 -9.60945667e-01  1.22948190e-01  3.90543333e-02  1.22948190e-01 
 2.45470892e+07 -9.60153651e-01  1.25614874e-01  3.98463489e-02  1.25614874e-01 
 2.51188643e+07 -9.59328364e-01  1.28334218e-01  4.06716358e-02  1.28334218e-01 
 2.57039578e+07 -9.58468481e-01  1.31106795e-01  4.15315188e-02  1.31106795e-01 
 2.63026799e+07 -9.57572640e-01  1.33933148e-01  4.24273601e-02  1.33933148e-01 
 2.69153480e+07 -9.56639441e-01  1.36813796e-01  4.33605593e-02  1.36813796e-01 
 2.75422870e+07 -9.55667447e-01  1.39749228e-01  4.43325532e-02  1.39749228e-01 
 2.81838293e+07 -9.54655185e-01  1.42739900e-01  4.53448151e-02  1.42739900e-01 
 2.88403150e+07 -9.53601146e-01  1.45786235e-01  4.63988545e-02  1.45786235e-01 
 2.95120923e+07 -9.52503784e-01  1.48888616e-01  4.74962161e-02  1.48888616e-01 
 3.01995172e+07 -9.51361521e-01  1.52047391e-01  4.86384790e-02  1.52047391e-01 
 3.09029543e+07 -9.50172744e-01  1.55262861e-01  4.98272558e-02  1.55262861e-01 
 3.16227766e+07 -9.48935809e-01  1.58535286e-01  5.10641906e-02  1.58535286e-01 
 3.23593657e+07 -9.47649042e-01  1.61864877e-01  5.23509582e-02  1.61864877e-01 
 3.31131121e+07 -9.46310739e-01  1.65251793e-01  5.36892615e-02  1.65251793e-01 
 3.38844156e+07 -9.44919170e-01  1.68696143e-01  5.50808301e-02  1.68696143e-01 
 3.46736850e+07 -9.43472583e-01  1.72197980e-01  5.65274173e-02  1.72197980e-01 
 3.54813389e+07 -9.41969202e-01  1.75757297e-01  5.80307980e-02  1.75757297e-01 
 3.63078055e+07 -9.40407235e-01  1.79374030e-01  5.95927655e-02  1.79374030e-01 
 3.71535229e+07 -9.38784872e-01  1.83048049e-01  6.12151280e-02  1.83048049e-01 
 3.80189396e+07 -9.37100295e-01  1.86779161e-01  6.28997055e-02  1.86779161e-01 
 3.89045145e+07 -9.35351674e-01  1.90567106e-01  6.46483255e-02  1.90567106e-01 
 3.98107171e+07 -9.33537181e-01  1.94411557e-01  6.64628193e-02  1.94411557e-01 
 4.07380278e+07 -9.31654983e-01  1.98312113e-01  6.83450167e-02  1.98312113e-01 
 4.16869383e+07 -9.29703258e-01  2.02268307e-01  7.02967419e-02  2.02268307e-01 
 4.26579519e+07 -9.27680192e-01  2.06279598e-01  7.23198078e-02  2.06279598e-01 
 4.36515832e+07 -9.25583989e-01  2.10345371e-01  7.44160107e-02  2.10345371e-01 
 4.46683592e+07 -9.23412876e-01  2.14464943e-01  7.65871245e-02  2.14464943e-01 
 4.57088190e+07 -9.21165105e-01  2.18637557e-01  7.88348946e-02  2.18637557e-01 
 4.67735141e+07 -9.18838968e-01  2.22862388e-01  8.11610317e-02  2.22862388e-01 
 4.78630092e+07 -9.16432795e-01  2.27138540e-01  8.35672053e-02  2.27138540e-01 
 4.89778819e+07 -9.13944963e-01  2.31465054e-01  8.60550368e-02  2.31465054e-01 
 5.01187234e+07 -9.11373907e-01  2.35840908e-01  8.86260928e-02  2.35840908e-01 
 5.12861384e+07 -9.08718122e-01  2.40265021e-01  9.12818783e-02  2.40265021e-01 
 5.24807460e+07 -9.05976170e-01  2.44736262e-01  9.40238297e-02  2.44736262e-01 
 5.37031796e+07 -9.03146692e-01  2.49253449e-01  9.68533082e-02  2.49253449e-01 
 5.49540874e+07 -9.00228407e-01  2.53815362e-01  9.97715929e-02  2.53815362e-01 
 5.62341325e+07 -8.97220126e-01  2.58420750e-01  1.02779874e-01  2.58420750e-01 
 5.75439937e+07 -8.94120751e-01  2.63068337e-01  1.05879249e-01  2.63068337e-01 
 5.88843655e+07 -8.90929288e-01  2.67756835e-01  1.09070712e-01  2.67756835e-01 
 6.02559586e+07 -8.87644844e-01  2.72484956e-01  1.12355156e-01  2.72484956e-01 
 6.16595002e+07 -8.84266639e-01  2.77251421e-01  1.15733361e-01  2.77251421e-01 
 6.30957344e+07 -8.80794002e-01  2.82054979e-01  1.19205998e-01  2.82054979e-01 
 6.45654229e+07 -8.77226381e-01  2.86894417e-01  1.22773619e-01  2.86894417e-01 
 6.60693448e+07 -8.73563337e-01  2.91768581e-01  1.26436663e-01  2.91768581e-01 
 6.76082975e+07 -8.69804548e-01  2.96676389e-01  1.30195452e-01  2.96676389e-01 
 6.91830971e+07 -8.65949805e-01  3.01616854e-01  1.34050195e-01  3.01616854e-01 
 7.07945784e+07 -8.61999012e-01  3.06589100e-01  1.38000988e-01  3.06589100e-01 
 7.24435960e+07 -8.57952176e-01  3.11592385e-01  1.42047824e-01  3.11592385e-01 
 7.41310241e+07 -8.53809400e-01  3.16626126e-01  1.46190600e-01  3.16626126e-01 
 7.58577575e+07 -8.49570875e-01  3.21689914e-01  1.50429125e-01  3.21689914e-01 
 7.76247117e+07 -8.45236865e-01  3.26783544e-01  1.54763135e-01  3.26783544e-01 
 7.94328235e+07 -8.40807693e-01  3.31907039e-01  1.59192307e-01  3.31907039e-01 
 8.12830516e+07 -8.36283719e-01  3.37060671e-01  1.63716281e-01  3.37060671e-01 
 8.31763771e+07 -8.31665321e-01  3.42244989e-01  1.68334679e-01  3.42244989e-01 
 8.51138038e+07 -8.26952866e-01  3.47460841e-01  1.73047134e-01  3.47460841e-01 
 8.70963590e+07 -8.22146683e-01  3.52709403e-01  1.77853317e-01  3.52709403e-01 
 8.91250938e+07 -8.17247027e-01  3.57992199e-01  1.82752973e-01  3.57992199e-01 
 9.12010839e+07 -8.12254039e-01  3.63311128e-01  1.87745961e-01  3.63311128e-01 
 9.33254301e+07 -8.07167705e-01  3.68668481e-01  1.92832295e-01  3.68668481e-01 
 9.54992586e+07 -8.01987807e-01  3.74066967e-01  1.98012193e-01  3.74066967e-01 
 9.77237221e+07 -7.96713869e-01  3.79509730e-01  2.03286131e-01  3.79509730e-01 
 1.00000000e+08 -7.91345098e-01  3.85000362e-01  2.08654902e-01  3.85000362e-01 
 1.02329299e+08 -7.85880316e-01  3.90542919e-01  2.14119684e-01  3.90542919e-01 
 1.04712855e+08 -7.80317893e-01  3.96141929e-01  2.19682107e-01  3.96141929e-01 
 1.07151931e+08 -7.74655663e-01  4.01802397e-01  2.25344337e-01  4.01802397e-01 
 1.09647820e+08 -7.68890844e-01  4.07529802e-01  2.31109156e-01  4.07529802e-01 
 1.12201845e+08 -7.63019941e-01  4.13330093e-01  2.36980059e-01  4.13330093e-01 
 1.14815362e+08 -7.57038649e-01  4.19209672e-01  2.42961351e-01  4.19209672e-01 
 1.17489755e+08 -7.50941740e-01  4.25175372e-01  2.49058260e-01  4.25175372e-01 
 1.20226443e+08 -7.44722952e-01  4.31234424e-01  2.55277048e-01  4.31234424e-01 
 1.23026877e+08 -7.38374858e-01  4.37394409e-01  2.61625142e-01  4.37394409e-01 
 1.25892541e+08 -7.31888735e-01  4.43663202e-01  2.68111265e-01  4.43663202e-01 
 1.28824955e+08 -7.25254421e-01  4.50048893e-01  2.74745579e-01  4.50048893e-01 
 1.31825674e+08 -7.18460162e-01  4.56559698e-01  2.81539838e-01  4.56559698e-01 
 1.34896288e+08 -7.11492453e-01  4.63203836e-01  2.88507547e-01  4.63203836e-01 
 1.38038426e+08 -7.04335870e-01  4.69989393e-01  2.95664130e-01  4.69989393e-01 
 1.41253754e+08 -6.96972896e-01  4.76924148e-01  3.03027104e-01  4.76924148e-01 
 1.44543977e+08 -6.89383747e-01  4.84015369e-01  3.10616253e-01  4.84015369e-01 
 1.47910839e+08 -6.81546184e-01  4.91269565e-01  3.18453816e-01  4.91269565e-01 
 1.51356125e+08 -6.73435346e-01  4.98692202e-01  3.26564654e-01  4.98692202e-01 
 1.54881662e+08 -6.65023569e-01  5.06287360e-01  3.34976431e-01  5.06287360e-01 
 1.58489319e+08 -6.56280237e-01  5.14057330e-01  3.43719763e-01  5.14057330e-01 
 1.62181010e+08 -6.47171641e-01  5.22002162e-01  3.52828359e-01  5.22002162e-01 
 1.65958691e+08 -6.37660883e-01  5.30119119e-01  3.62339117e-01  5.30119119e-01 
 1.69824365e+08 -6.27707821e-01  5.38402074e-01  3.72292179e-01  5.38402074e-01 
 1.73780083e+08 -6.17269083e-01  5.46840812e-01  3.82730917e-01  5.46840812e-01 
 1.77827941e+08 -6.06298164e-01  5.55420249e-01  3.93701836e-01  5.55420249e-01 
 1.81970086e+08 -5.94745640e-01  5.64119566e-01  4.05254360e-01  5.64119566e-01 
 1.86208714e+08 -5.82559526e-01  5.72911262e-01  4.17440474e-01  5.72911262e-01 
 1.90546072e+08 -5.69685806e-01  5.81760133e-01  4.30314194e-01  5.81760133e-01 
 1.94984460e+08 -5.56069187e-01  5.90622205e-01  4.43930813e-01  5.90622205e-01 
 1.99526231e+08 -5.41654106e-01  5.99443638e-01  4.58345894e-01  5.99443638e-01 
 2.04173794e+08 -5.26386041e-01  6.08159664e-01  4.73613959e-01  6.08159664e-01 
 2.08929613e+08 -5.10213161e-01  6.16693606e-01  4.89786839e-01  6.16693606e-01 
 2.13796209e+08 -4.93088344e-01  6.24956062e-01  5.06911656e-01  6.24956062e-01 
 2.18776162e+08 -4.74971584e-01  6.32844361e-01  5.25028416e-01  6.32844361e-01 
 2.23872114e+08 -4.55832781e-01  6.40242407e-01  5.44167219e-01  6.40242407e-01 
 2.29086765e+08 -4.35654874e-01  6.47021046e-01  5.64345126e-01  6.47021046e-01 
 2.34422882e+08 -4.14437234e-01  6.53039114e-01  5.85562766e-01  6.53039114e-01 
 2.39883292e+08 -3.92199193e-01  6.58145297e-01  6.07800807e-01  6.58145297e-01 
 2.45470892e+08 -3.68983500e-01  6.62180950e-01  6.31016500e-01  6.62180950e-01 
 2.51188643e+08 -3.44859472e-01  6.64983928e-01  6.55140528e-01  6.64983928e-01 
 2.57039578e+08 -3.19925511e-01  6.66393477e-01  6.80074489e-01  6.66393477e-01 
 2.63026799e+08 -2.94310657e-01  6.66256083e-01  7.05689343e-01  6.66256083e-01 
 2.69153480e+08 -2.68174826e-01  6.64432082e-01  7.31825174e-01  6.64432082e-01 
 2.75422870e+08 -2.41707428e-01  6.60802716e-01  7.58292572e-01  6.60802716e-01 
 2.81838293e+08 -2.15124132e-01  6.55277168e-01  7.84875868e-01  6.55277168e-01 
 2.88403150e+08 -1.88661727e-01  6.47799036e-01  8.11338273e-01  6.47799036e-01 
 2.95120923e+08 -1.62571169e-01  6.38351641e-01  8.37428831e-01  6.38351641e-01 
 3.01995172e+08 -1.37109142e-01  6.26961616e-01  8.62890858e-01  6.26961616e-01 
 3.09029543e+08 -1.12528655e-01  6.13700305e-01  8.87471345e-01  6.13700305e-01 
 3.16227766e+08 -8.90693414e-02  5.98682698e-01  9.10930659e-01  5.98682698e-01 
 3.23593657e+08 -6.69482195e-02  5.82063873e-01  9.33051780e-01  5.82063873e-01 
 3.31131121e+08 -4.63516368e-02  5.64033160e-01  9.53648363e-01  5.64033160e-01 
 3.38844156e+08 -2.74290292e-02  5.44806498e-01  9.72570971e-01  5.44806498e-01 
 3.46736850e+08 -1.02889098e-02  5.24617607e-01  9.89711090e-01  5.24617607e-01 
 3.54813389e+08  5.00273026e-03  5.03708714e-01  1.00500273e+00  5.03708714e-01 
 3.63078055e+08  1.84216761e-02  4.82321533e-01  1.01842168e+00  4.82321533e-01 
 3.71535229e+08  2.99826851e-02  4.60689128e-01  1.02998269e+00  4.60689128e-01 
 3.80189396e+08  3.97350638e-02  4.39029109e-01  1.03973506e+00  4.39029109e-01 
 3.89045145e+08  4.77571473e-02  4.17538448e-01  1.04775715e+00  4.17538448e-01 
 3.98107171e+08  5.41502139e-02  3.96389988e-01  1.05415021e+00  3.96389988e-01 
 4.07380278e+08  5.90323142e-02  3.75730588e-01  1.05903231e+00  3.75730588e-01 
 4.16869383e+08  6.25324065e-02  3.55680698e-01  1.06253241e+00  3.55680698e-01 
 4.26579519e+08  6.47850820e-02  3.36335125e-01  1.06478508e+00  3.36335125e-01 
 4.36515832e+08  6.59260528e-02  3.17764678e-01  1.06592605e+00  3.17764678e-01 
 4.46683592e+08  6.60884806e-02  3.00018421e-01  1.06608848e+00  3.00018421e-01 
 4.57088190e+08  6.54001437e-02  2.83126272e-01  1.06540014e+00  2.83126272e-01 
 4.67735141e+08  6.39813888e-02  2.67101747e-01  1.06398139e+00  2.67101747e-01 
 4.78630092e+08  6.19437724e-02  2.51944671e-01  1.06194377e+00  2.51944671e-01 
 4.89778819e+08  5.93892873e-02  2.37643743e-01  1.05938929e+00  2.37643743e-01 
 5.01187234e+08  5.64100591e-02  2.24178887e-01  1.05641006e+00  2.24178887e-01 
 5.12861384e+08  5.30884059e-02  2.11523335e-01  1.05308841e+00  2.11523335e-01 
 5.24807460e+08  4.94971670e-02  1.99645432e-01  1.04949717e+00  1.99645432e-01 
 5.37031796e+08  4.57002165e-02  1.88510163e-01  1.04570022e+00  1.88510163e-01 
 5.49540874e+08  4.17530952e-02  1.78080423e-01  1.04175310e+00  1.78080423e-01 
 5.62341325e+08  3.77037091e-02  1.68318043e-01  1.03770371e+00  1.68318043e-01 
 5.75439937e+08  3.35930505e-02  1.59184615e-01  1.03359305e+00  1.59184615e-01 
 5.88843655e+08  2.94559156e-02  1.50642126e-01  1.02945592e+00  1.50642126e-01 
 6.02559586e+08  2.53215950e-02  1.42653440e-01  1.02532160e+00  1.42653440e-01 
 6.16595002e+08  2.12145245e-02  1.35182660e-01  1.02121452e+00  1.35182660e-01 
 6.30957344e+08  1.71548880e-02  1.28195369e-01  1.01715489e+00  1.28195369e-01 
 6.45654229e+08  1.31591677e-02  1.21658802e-01  1.01315917e+00  1.21658802e-01 
 6.60693448e+08  9.24064130e-03  1.15541938e-01  1.00924064e+00  1.15541938e-01 
 6.76082975e+08  5.40982695e-03  1.09815546e-01  1.00540983e+00  1.09815546e-01 
 6.91830971e+08  1.67487774e-03  1.04452188e-01  1.00167488e+00  1.04452188e-01 
 7.07945784e+08 -1.95806990e-03  9.94261910e-02  9.98041930e-01  9.94261910e-02 
 7.24435960e+08 -5.48459093e-03  9.47135993e-02  9.94515409e-01  9.47135993e-02 
 7.41310241e+08 -8.90170526e-03  9.02921076e-02  9.91098295e-01  9.02921076e-02 
 7.58577575e+08 -1.22076463e-02  8.61409854e-02  9.87792354e-01  8.61409854e-02 
 7.76247117e+08 -1.54016606e-02  8.22409949e-02  9.84598339e-01  8.22409949e-02 
 7.94328235e+08 -1.84838352e-02  7.85743045e-02  9.81516165e-01  7.85743045e-02 
 8.12830516e+08 -2.14549492e-02  7.51244026e-02  9.78545051e-01  7.51244026e-02 
 8.31763771e+08 -2.43163462e-02  7.18760112e-02  9.75683654e-01  7.18760112e-02 
 8.51138038e+08 -2.70698262e-02  6.88150017e-02  9.72930174e-01  6.88150017e-02 
 8.70963590e+08 -2.97175523e-02  6.59283144e-02  9.70282448e-01  6.59283144e-02 
 8.91250938e+08 -3.22619728e-02  6.32038809e-02  9.67738027e-01  6.32038809e-02 
 9.12010839e+08 -3.47057539e-02  6.06305505e-02  9.65294246e-01  6.06305505e-02 
 9.33254301e+08 -3.70517241e-02  5.81980215e-02  9.62948276e-01  5.81980215e-02 
 9.54992586e+08 -3.93028264e-02  5.58967762e-02  9.60697174e-01  5.58967762e-02 
 9.77237221e+08 -4.14620792e-02  5.37180201e-02  9.58537921e-01  5.37180201e-02 
 1.00000000e+09 -4.35325429e-02  5.16536261e-02  9.56467457e-01  5.16536261e-02 
 1.02329299e+09 -4.55172926e-02  4.96960815e-02  9.54482707e-01  4.96960815e-02 
 1.04712855e+09 -4.74193958e-02  4.78384397e-02  9.52580604e-01  4.78384397e-02 
 1.07151931e+09 -4.92418932e-02  4.60742759e-02  9.50758107e-01  4.60742759e-02 
 1.09647820e+09 -5.09877843e-02  4.43976449e-02  9.49012216e-01  4.43976449e-02 
 1.12201845e+09 -5.26600151e-02  4.28030435e-02  9.47339985e-01  4.28030435e-02 
 1.14815362e+09 -5.42614686e-02  4.12853750e-02  9.45738531e-01  4.12853750e-02 
 1.17489755e+09 -5.57949569e-02  3.98399173e-02  9.44205043e-01  3.98399173e-02 
 1.20226443e+09 -5.72632164e-02  3.84622926e-02  9.42736784e-01  3.84622926e-02 
 1.23026877e+09 -5.86689029e-02  3.71484406e-02  9.41331097e-01  3.71484406e-02 
 1.25892541e+09 -6.00145889e-02  3.58945927e-02  9.39985411e-01  3.58945927e-02 
 1.28824955e+09 -6.13027621e-02  3.46972495e-02  9.38697238e-01  3.46972495e-02 
 1.31825674e+09 -6.25358241e-02  3.35531595e-02  9.37464176e-01  3.35531595e-02 
 1.34896288e+09 -6.37160904e-02  3.24592992e-02  9.36283910e-01  3.24592992e-02 
 1.38038426e+09 -6.48457906e-02  3.14128558e-02  9.35154209e-01  3.14128558e-02 
 1.41253754e+09 -6.59270696e-02  3.04112103e-02  9.34072930e-01  3.04112103e-02 
 1.44543977e+09 -6.69619886e-02  2.94519227e-02  9.33038011e-01  2.94519227e-02 
 1.47910839e+09 -6.79525268e-02  2.85327178e-02  9.32047473e-01  2.85327178e-02 
 1.51356125e+09 -6.89005835e-02  2.76514732e-02  9.31099416e-01  2.76514732e-02 
 1.54881662e+09 -6.98079800e-02  2.68062067e-02  9.30192020e-01  2.68062067e-02 
 1.58489319e+09 -7.06764618e-02  2.59950663e-02  9.29323538e-01  2.59950663e-02 
 1.62181010e+09 -7.15077009e-02  2.52163198e-02  9.28492299e-01  2.52163198e-02 
 1.65958691e+09 -7.23032985e-02  2.44683463e-02  9.27696702e-01  2.44683463e-02 
 1.69824365e+09 -7.30647872e-02  2.37496274e-02  9.26935213e-01  2.37496274e-02 
 1.73780083e+09 -7.37936335e-02  2.30587397e-02  9.26206367e-01  2.30587397e-02 
 1.77827941e+09 -7.44912405e-02  2.23943479e-02  9.25508760e-01  2.23943479e-02 
 1.81970086e+09 -7.51589501e-02  2.17551984e-02  9.24841050e-01  2.17551984e-02 
 1.86208714e+09 -7.57980457e-02  2.11401129e-02  9.24201954e-01  2.11401129e-02 
 1.90546072e+09 -7.64097544e-02  2.05479837e-02  9.23590246e-01  2.05479837e-02 
 1.94984460e+09 -7.69952495e-02  1.99777679e-02  9.23004751e-01  1.99777679e-02 
 1.99526231e+09 -7.75556527e-02  1.94284832e-02  9.22444347e-01  1.94284832e-02 
 2.04173794e+09 -7.80920362e-02  1.88992040e-02  9.21907964e-01  1.88992040e-02 
 2.08929613e+09 -7.86054255e-02  1.83890566e-02  9.21394575e-01  1.83890566e-02 
 2.13796209e+09 -7.90968004e-02  1.78972165e-02  9.20903200e-01  1.78972165e-02 
 2.18776162e+09 -7.95670981e-02  1.74229046e-02  9.20432902e-01  1.74229046e-02 
 2.23872114e+09 -8.00172144e-02  1.69653843e-02  9.19982786e-01  1.69653843e-02 
 2.29086765e+09 -8.04480061e-02  1.65239588e-02  9.19551994e-01  1.65239588e-02 
 2.34422882e+09 -8.08602922e-02  1.60979682e-02  9.19139708e-01  1.60979682e-02 
 2.39883292e+09 -8.12548562e-02  1.56867876e-02  9.18745144e-01  1.56867876e-02 
 2.45470892e+09 -8.16324472e-02  1.52898244e-02  9.18367553e-01  1.52898244e-02 
 2.51188643e+09 -8.19937821e-02  1.49065168e-02  9.18006218e-01  1.49065168e-02 
 2.57039578e+09 -8.23395464e-02  1.45363313e-02  9.17660454e-01  1.45363313e-02 
 2.63026799e+09 -8.26703959e-02  1.41787617e-02  9.17329604e-01  1.41787617e-02 
 2.69153480e+09 -8.29869585e-02  1.38333269e-02  9.17013042e-01  1.38333269e-02 
 2.75422870e+09 -8.32898345e-02  1.34995697e-02  9.16710165e-01  1.34995697e-02 
 2.81838293e+09 -8.35795989e-02  1.31770554e-02  9.16420401e-01  1.31770554e-02 
 2.88403150e+09 -8.38568017e-02  1.28653703e-02  9.16143198e-01  1.28653703e-02 
 2.95120923e+09 -8.41219695e-02  1.25641210e-02  9.15878031e-01  1.25641210e-02 
 3.01995172e+09 -8.43756064e-02  1.22729328e-02  9.15624394e-01  1.22729328e-02 
 3.09029543e+09 -8.46181950e-02  1.19914489e-02  9.15381805e-01  1.19914489e-02 
 3.16227766e+09 -8.48501972e-02  1.17193295e-02  9.15149803e-01  1.17193295e-02 
 3.23593657e+09 -8.50720556e-02  1.14562508e-02  9.14927944e-01  1.14562508e-02 
 3.31131121e+09 -8.52841935e-02  1.12019041e-02  9.14715806e-01  1.12019041e-02 
 3.38844156e+09 -8.54870166e-02  1.09559951e-02  9.14512983e-01  1.09559951e-02 
 3.46736850e+09 -8.56809130e-02  1.07182434e-02  9.14319087e-01  1.07182434e-02 
 3.54813389e+09 -8.58662547e-02  1.04883812e-02  9.14133745e-01  1.04883812e-02 
 3.63078055e+09 -8.60433976e-02  1.02661535e-02  9.13956602e-01  1.02661535e-02 
 3.71535229e+09 -8.62126824e-02  1.00513165e-02  9.13787318e-01  1.00513165e-02 
 3.80189396e+09 -8.63744356e-02  9.84363801e-03  9.13625564e-01  9.84363801e-03 
 3.89045145e+09 -8.65289693e-02  9.64289615e-03  9.13471031e-01  9.64289615e-03 
 3.98107171e+09 -8.66765827e-02  9.44887928e-03  9.13323417e-01  9.44887928e-03 
 4.07380278e+09 -8.68175618e-02  9.26138535e-03  9.13182438e-01  9.26138535e-03 
 4.16869383e+09 -8.69521804e-02  9.08022146e-03  9.13047820e-01  9.08022146e-03 
 4.26579519e+09 -8.70807007e-02  8.90520347e-03  9.12919299e-01  8.90520347e-03 
 4.36515832e+09 -8.72033732e-02  8.73615555e-03  9.12796627e-01  8.73615555e-03 
 4.46683592e+09 -8.73204377e-02  8.57290980e-03  9.12679562e-01  8.57290980e-03 
 4.57088190e+09 -8.74321234e-02  8.41530593e-03  9.12567877e-01  8.41530593e-03 
 4.67735141e+09 -8.75386496e-02  8.26319085e-03  9.12461350e-01  8.26319085e-03 
 4.78630092e+09 -8.76402258e-02  8.11641837e-03  9.12359774e-01  8.11641837e-03 
 4.89778819e+09 -8.77370521e-02  7.97484891e-03  9.12262948e-01  7.97484891e-03 
 5.01187234e+09 -8.78293197e-02  7.83834916e-03  9.12170680e-01  7.83834916e-03 
 5.12861384e+09 -8.79172113e-02  7.70679182e-03  9.12082789e-01  7.70679182e-03 
 5.24807460e+09 -8.80009011e-02  7.58005533e-03  9.11999099e-01  7.58005533e-03 
 5.37031796e+09 -8.80805554e-02  7.45802362e-03  9.11919445e-01  7.45802362e-03 
 5.49540874e+09 -8.81563329e-02  7.34058587e-03  9.11843667e-01  7.34058587e-03 
 5.62341325e+09 -8.82283847e-02  7.22763625e-03  9.11771615e-01  7.22763625e-03 
 5.75439937e+09 -8.82968549e-02  7.11907375e-03  9.11703145e-01  7.11907375e-03 
 5.88843655e+09 -8.83618806e-02  7.01480190e-03  9.11638119e-01  7.01480190e-03 
 6.02559586e+09 -8.84235923e-02  6.91472867e-03  9.11576408e-01  6.91472867e-03 
 6.16595002e+09 -8.84821141e-02  6.81876617e-03  9.11517886e-01  6.81876617e-03 
 6.30957344e+09 -8.85375640e-02  6.72683055e-03  9.11462436e-01  6.72683055e-03 
 6.45654229e+09 -8.85900538e-02  6.63884179e-03  9.11409946e-01  6.63884179e-03 
 6.60693448e+09 -8.86396898e-02  6.55472354e-03  9.11360310e-01  6.55472354e-03 
 6.76082975e+09 -8.86865726e-02  6.47440297e-03  9.11313427e-01  6.47440297e-03 
 6.91830971e+09 -8.87307974e-02  6.39781060e-03  9.11269203e-01  6.39781060e-03 
 7.07945784e+09 -8.87724542e-02  6.32488018e-03  9.11227546e-01  6.32488018e-03 
 7.24435960e+09 -8.88116280e-02  6.25554854e-03  9.11188372e-01  6.25554854e-03 
 7.41310241e+09 -8.88483989e-02  6.18975543e-03  9.11151601e-01  6.18975543e-03 
 7.58577575e+09 -8.88828422e-02  6.12744344e-03  9.11117158e-01  6.12744344e-03 
 7.76247117e+09 -8.89150288e-02  6.06855785e-03  9.11084971e-01  6.06855785e-03 
 7.94328235e+09 -8.89450248e-02  6.01304651e-03  9.11054975e-01  6.01304651e-03 
 8.12830516e+09 -8.89728924e-02  5.96085971e-03  9.11027108e-01  5.96085971e-03 
 8.31763771e+09 -8.89986893e-02  5.91195012e-03  9.11001311e-01  5.91195012e-03 
 8.51138038e+09 -8.90224693e-02  5.86627261e-03  9.10977531e-01  5.86627261e-03 
 8.70963590e+09 -8.90442820e-02  5.82378422e-03  9.10955718e-01  5.82378422e-03 
 8.91250938e+09 -8.90641732e-02  5.78444400e-03  9.10935827e-01  5.78444400e-03 
 9.12010839e+09 -8.90821851e-02  5.74821293e-03  9.10917815e-01  5.74821293e-03 
 9.33254301e+09 -8.90983561e-02  5.71505382e-03  9.10901644e-01  5.71505382e-03 
 9.54992586e+09 -8.91127208e-02  5.68493123e-03  9.10887279e-01  5.68493123e-03 
 9.77237221e+09 -8.91253106e-02  5.65781134e-03  9.10874689e-01  5.65781134e-03 
 1.00000000e+10 -8.91361531e-02  5.63366190e-03  9.10863847e-01  5.63366190e-03 
 1.02329299e+10 -8.91452729e-02  5.61245209e-03  9.10854727e-01  5.61245209e-03 
 1.04712855e+10 -8.91526908e-02  5.59415247e-03  9.10847309e-01  5.59415247e-03 
 1.07151931e+10 -8.91584249e-02  5.57873485e-03  9.10841575e-01  5.57873485e-03 
 1.09647820e+10 -8.91624895e-02  5.56617223e-03  9.10837511e-01  5.56617223e-03 
 1.12201845e+10 -8.91648962e-02  5.55643869e-03  9.10835104e-01  5.55643869e-03 
 1.14815362e+10 -8.91656532e-02  5.54950927e-03  9.10834347e-01  5.54950927e-03 
 1.17489755e+10 -8.91647657e-02  5.54535995e-03  9.10835234e-01  5.54535995e-03 
 1.20226443e+10 -8.91622360e-02  5.54396746e-03  9.10837764e-01  5.54396746e-03 
 1.23026877e+10 -8.91580633e-02  5.54530925e-03  9.10841937e-01  5.54530925e-03 
 1.25892541e+10 -8.91522437e-02  5.54936338e-03  9.10847756e-01  5.54936338e-03 
 1.28824955e+10 -8.91447706e-02  5.55610836e-03  9.10855229e-01  5.55610836e-03 
 1.31825674e+10 -8.91356343e-02  5.56552315e-03  9.10864366e-01  5.56552315e-03 
 1.34896288e+10 -8.91248224e-02  5.57758695e-03  9.10875178e-01  5.57758695e-03 
 1.38038426e+10 -8.91123195e-02  5.59227913e-03  9.10887681e-01  5.59227913e-03 
 1.41253754e+10 -8.90981073e-02  5.60957916e-03  9.10901893e-01  5.60957916e-03 
 1.44543977e+10 -8.90821650e-02  5.62946640e-03  9.10917835e-01  5.62946640e-03 
 1.47910839e+10 -8.90644687e-02  5.65192006e-03  9.10935531e-01  5.65192006e-03 
 1.51356125e+10 -8.90449919e-02  5.67691903e-03  9.10955008e-01  5.67691903e-03 
 1.54881662e+10 -8.90237053e-02  5.70444178e-03  9.10976295e-01  5.70444178e-03 
 1.58489319e+10 -8.90005769e-02  5.73446619e-03  9.10999423e-01  5.73446619e-03 
 1.62181010e+10 -8.89755720e-02  5.76696943e-03  9.11024428e-01  5.76696943e-03 
 1.65958691e+10 -8.89486533e-02  5.80192783e-03  9.11051347e-01  5.80192783e-03 
 1.69824365e+10 -8.89197808e-02  5.83931671e-03  9.11080219e-01  5.83931671e-03 
 1.73780083e+10 -8.88889119e-02  5.87911022e-03  9.11111088e-01  5.87911022e-03 
 1.77827941e+10 -8.88560014e-02  5.92128121e-03  9.11143999e-01  5.92128121e-03 
 1.81970086e+10 -8.88210018e-02  5.96580103e-03  9.11178998e-01  5.96580103e-03 
 1.86208714e+10 -8.87838630e-02  6.01263940e-03  9.11216137e-01  6.01263940e-03 
 1.90546072e+10 -8.87445323e-02  6.06176418e-03  9.11255468e-01  6.06176418e-03 
 1.94984460e+10 -8.87029549e-02  6.11314124e-03  9.11297045e-01  6.11314124e-03 
 1.99526231e+10 -8.86590737e-02  6.16673424e-03  9.11340926e-01  6.16673424e-03 
 2.04173794e+10 -8.86128293e-02  6.22250446e-03  9.11387171e-01  6.22250446e-03 
 2.08929613e+10 -8.85641602e-02  6.28041058e-03  9.11435840e-01  6.28041058e-03 
 2.13796209e+10 -8.85130030e-02  6.34040852e-03  9.11486997e-01  6.34040852e-03 
 2.18776162e+10 -8.84592922e-02  6.40245117e-03  9.11540708e-01  6.40245117e-03 
 2.23872114e+10 -8.84029608e-02  6.46648826e-03  9.11597039e-01  6.46648826e-03 
 2.29086765e+10 -8.83439398e-02  6.53246608e-03  9.11656060e-01  6.53246608e-03 
 2.34422882e+10 -8.82821590e-02  6.60032730e-03  9.11717841e-01  6.60032730e-03 
 2.39883292e+10 -8.82175468e-02  6.67001077e-03  9.11782453e-01  6.67001077e-03 
 2.45470892e+10 -8.81500304e-02  6.74145127e-03  9.11849970e-01  6.74145127e-03 
 2.51188643e+10 -8.80795361e-02  6.81457931e-03  9.11920464e-01  6.81457931e-03 
 2.57039578e+10 -8.80059894e-02  6.88932092e-03  9.11994011e-01  6.88932092e-03 
 2.63026799e+10 -8.79293155e-02  6.96559745e-03  9.12070685e-01  6.96559745e-03 
 2.69153480e+10 -8.78494392e-02  7.04332535e-03  9.12150561e-01  7.04332535e-03 
 2.75422870e+10 -8.77662854e-02  7.12241598e-03  9.12233715e-01  7.12241598e-03 
 2.81838293e+10 -8.76797795e-02  7.20277542e-03  9.12320220e-01  7.20277542e-03 
 2.88403150e+10 -8.75898475e-02  7.28430427e-03  9.12410152e-01  7.28430427e-03 
 2.95120923e+10 -8.74964164e-02  7.36689754e-03  9.12503584e-01  7.36689754e-03 
 3.01995172e+10 -8.73994145e-02  7.45044443e-03  9.12600585e-01  7.45044443e-03 
 3.09029543e+10 -8.72987723e-02  7.53482824e-03  9.12701228e-01  7.53482824e-03 
 3.16227766e+10 -8.71944221e-02  7.61992623e-03  9.12805578e-01  7.61992623e-03 
 3.23593657e+10 -8.70862992e-02  7.70560957e-03  9.12913701e-01  7.70560957e-03 
 3.31131121e+10 -8.69743418e-02  7.79174320e-03  9.13025658e-01  7.79174320e-03 
 3.38844156e+10 -8.68584918e-02  7.87818587e-03  9.13141508e-01  7.87818587e-03 
 3.46736850e+10 -8.67386952e-02  7.96479008e-03  9.13261305e-01  7.96479008e-03 
 3.54813389e+10 -8.66149028e-02  8.05140213e-03  9.13385097e-01  8.05140213e-03 
 3.63078055e+10 -8.64870705e-02  8.13786218e-03  9.13512929e-01  8.13786218e-03 
 3.71535229e+10 -8.63551599e-02  8.22400437e-03  9.13644840e-01  8.22400437e-03 
 3.80189396e+10 -8.62191390e-02  8.30965695e-03  9.13780861e-01  8.30965695e-03 
 3.89045145e+10 -8.60789826e-02  8.39464247e-03  9.13921017e-01  8.39464247e-03 
 3.98107171e+10 -8.59346733e-02  8.47877808e-03  9.14065327e-01  8.47877808e-03 
 4.07380278e+10 -8.57862013e-02  8.56187575e-03  9.14213799e-01  8.56187575e-03 
 4.16869383e+10 -8.56335659e-02  8.64374270e-03  9.14366434e-01  8.64374270e-03 
 4.26579519e+10 -8.54767755e-02  8.72418175e-03  9.14523225e-01  8.72418175e-03 
 4.36515832e+10 -8.53158481e-02  8.80299183e-03  9.14684152e-01  8.80299183e-03 
 4.46683592e+10 -8.51508124e-02  8.87996849e-03  9.14849188e-01  8.87996849e-03 
 4.57088190e+10 -8.49817077e-02  8.95490449e-03  9.15018292e-01  8.95490449e-03 
 4.67735141e+10 -8.48085848e-02  9.02759044e-03  9.15191415e-01  9.02759044e-03 
 4.78630092e+10 -8.46315062e-02  9.09781552e-03  9.15368494e-01  9.09781552e-03 
 4.89778819e+10 -8.44505467e-02  9.16536824e-03  9.15549453e-01  9.16536824e-03 
 5.01187234e+10 -8.42657938e-02  9.23003725e-03  9.15734206e-01  9.23003725e-03 
 5.12861384e+10 -8.40773477e-02  9.29161222e-03  9.15922652e-01  9.29161222e-03 
 5.24807460e+10 -8.38853216e-02  9.34988478e-03  9.16114678e-01  9.34988478e-03 
 5.37031796e+10 -8.36898423e-02  9.40464945e-03  9.16310158e-01  9.40464945e-03 
 5.49540874e+10 -8.34910497e-02  9.45570465e-03  9.16508950e-01  9.45570465e-03 
 5.62341325e+10 -8.32890973e-02  9.50285378e-03  9.16710903e-01  9.50285378e-03 
 5.75439937e+10 -8.30841514e-02  9.54590623e-03  9.16915849e-01  9.54590623e-03 
 5.88843655e+10 -8.28763920e-02  9.58467845e-03  9.17123608e-01  9.58467845e-03 
 6.02559586e+10 -8.26660115e-02  9.61899510e-03  9.17333989e-01  9.61899510e-03 
 6.16595002e+10 -8.24532147e-02  9.64869003e-03  9.17546785e-01  9.64869003e-03 
 6.30957344e+10 -8.22382185e-02  9.67360745e-03  9.17761782e-01  9.67360745e-03 
 6.45654229e+10 -8.20212511e-02  9.69360290e-03  9.17978749e-01  9.69360290e-03 
 6.60693448e+10 -8.18025513e-02  9.70854429e-03  9.18197449e-01  9.70854429e-03 
 6.76082975e+10 -8.15823678e-02  9.71831284e-03  9.18417632e-01  9.71831284e-03 
 6.91830971e+10 -8.13609581e-02  9.72280401e-03  9.18639042e-01  9.72280401e-03 
 7.07945784e+10 -8.11385879e-02  9.72192833e-03  9.18861412e-01  9.72192833e-03 
 7.24435960e+10 -8.09155296e-02  9.71561211e-03  9.19084470e-01  9.71561211e-03 
 7.41310241e+10 -8.06920614e-02  9.70379818e-03  9.19307939e-01  9.70379818e-03 
 7.58577575e+10 -8.04684660e-02  9.68644638e-03  9.19531534e-01  9.68644638e-03 
 7.76247117e+10 -8.02450291e-02  9.66353405e-03  9.19754971e-01  9.66353405e-03 
 7.94328235e+10 -8.00220385e-02  9.63505637e-03  9.19977961e-01  9.63505637e-03 
 8.12830516e+10 -7.97997824e-02  9.60102656e-03  9.20200218e-01  9.60102656e-03 
 8.31763771e+10 -7.95785479e-02  9.56147597e-03  9.20421452e-01  9.56147597e-03 
 8.51138038e+10 -7.93586198e-02  9.51645404e-03  9.20641380e-01  9.51645404e-03 
 8.70963590e+10 -7.91402792e-02  9.46602809e-03  9.20859721e-01  9.46602809e-03 
 8.91250938e+10 -7.89238018e-02  9.41028308e-03  9.21076198e-01  9.41028308e-03 
 9.12010839e+10 -7.87094568e-02  9.34932106e-03  9.21290543e-01  9.34932106e-03 
 9.33254301e+10 -7.84975055e-02  9.28326070e-03  9.21502495e-01  9.28326070e-03 
 9.54992586e+10 -7.82881998e-02  9.21223651e-03  9.21711800e-01  9.21223651e-03 
 9.77237221e+10 -7.80817814e-02  9.13639808e-03  9.21918219e-01  9.13639808e-03 
 1.00000000e+11 -7.78784803e-02  9.05590910e-03  9.22121520e-01  9.05590910e-03 
