 time            v(detp)         v(detn)        
 0.00000000e+00  2.89648133e+00  2.89648133e+00 
 1.00000000e-14  2.89648133e+00  2.89648133e+00 
 1.12500000e-14  2.89648133e+00  2.89648133e+00 
 1.37500000e-14  2.89648133e+00  2.89648133e+00 
 1.87500000e-14  2.89648133e+00  2.89648133e+00 
 2.87500000e-14  2.89648133e+00  2.89648133e+00 
 4.87500000e-14  2.89648133e+00  2.89648133e+00 
 8.87500000e-14  2.89648133e+00  2.89648133e+00 
 1.68750000e-13  2.89648133e+00  2.89648133e+00 
 3.28750000e-13  2.89648133e+00  2.89648133e+00 
 6.48750000e-13  2.89648133e+00  2.89648133e+00 
 1.28875000e-12  2.89648133e+00  2.89648133e+00 
 2.28875000e-12  2.89648132e+00  2.89648132e+00 
 3.28875000e-12  2.89648129e+00  2.89648133e+00 
 4.28875000e-12  2.89648119e+00  2.89648140e+00 
 5.28875000e-12  2.89648099e+00  2.89648159e+00 
 6.28875000e-12  2.89648062e+00  2.89648198e+00 
 7.28875000e-12  2.89648003e+00  2.89648265e+00 
 8.28875000e-12  2.89647917e+00  2.89648365e+00 
 9.28875000e-12  2.89647801e+00  2.89648502e+00 
 1.02887500e-11  2.89647652e+00  2.89648677e+00 
 1.12887500e-11  2.89647472e+00  2.89648888e+00 
 1.22887500e-11  2.89647263e+00  2.89649131e+00 
 1.32887500e-11  2.89647030e+00  2.89649398e+00 
 1.42887500e-11  2.89646779e+00  2.89649683e+00 
 1.52887500e-11  2.89646515e+00  2.89649976e+00 
 1.62887500e-11  2.89646242e+00  2.89650271e+00 
 1.72887500e-11  2.89645964e+00  2.89650565e+00 
 1.82887500e-11  2.89645681e+00  2.89650860e+00 
 1.92887500e-11  2.89645390e+00  2.89651158e+00 
 2.02887500e-11  2.89645087e+00  2.89651469e+00 
 2.12887500e-11  2.89644766e+00  2.89651799e+00 
 2.22887500e-11  2.89644423e+00  2.89652157e+00 
 2.32887500e-11  2.89644053e+00  2.89652548e+00 
 2.42887500e-11  2.89643652e+00  2.89652975e+00 
 2.52887500e-11  2.89643219e+00  2.89653440e+00 
 2.62887500e-11  2.89642755e+00  2.89653941e+00 
 2.72887500e-11  2.89642263e+00  2.89654472e+00 
 2.82887500e-11  2.89641748e+00  2.89655028e+00 
 2.92887500e-11  2.89641215e+00  2.89655599e+00 
 3.02887500e-11  2.89640669e+00  2.89656178e+00 
 3.12887500e-11  2.89640117e+00  2.89656759e+00 
 3.22887500e-11  2.89639559e+00  2.89657338e+00 
 3.32887500e-11  2.89638996e+00  2.89657917e+00 
 3.42887500e-11  2.89638425e+00  2.89658501e+00 
 3.52887500e-11  2.89637843e+00  2.89659097e+00 
 3.62887500e-11  2.89637243e+00  2.89659712e+00 
 3.72887500e-11  2.89636621e+00  2.89660354e+00 
 3.82887500e-11  2.89635972e+00  2.89661029e+00 
 3.92887500e-11  2.89635293e+00  2.89661740e+00 
 4.02887500e-11  2.89634582e+00  2.89662488e+00 
 4.12887500e-11  2.89633841e+00  2.89663270e+00 
 4.22887500e-11  2.89633073e+00  2.89664083e+00 
 4.32887500e-11  2.89632282e+00  2.89664919e+00 
 4.42887500e-11  2.89631474e+00  2.89665769e+00 
 4.52887500e-11  2.89630655e+00  2.89666626e+00 
 4.62887500e-11  2.89629830e+00  2.89667484e+00 
 4.72887500e-11  2.89628999e+00  2.89668340e+00 
 4.82887500e-11  2.89628164e+00  2.89669196e+00 
 4.92887500e-11  2.89627321e+00  2.89670057e+00 
 5.02887500e-11  2.89626466e+00  2.89670929e+00 
 5.12887500e-11  2.89625594e+00  2.89671821e+00 
 5.22887500e-11  2.89624699e+00  2.89672741e+00 
 5.32887500e-11  2.89623777e+00  2.89673694e+00 
 5.42887500e-11  2.89622824e+00  2.89674683e+00 
 5.52887500e-11  2.89621840e+00  2.89675708e+00 
 5.62887500e-11  2.89620826e+00  2.89676768e+00 
 5.72887500e-11  2.89619786e+00  2.89677856e+00 
 5.82887500e-11  2.89618724e+00  2.89678967e+00 
 5.92887500e-11  2.89617645e+00  2.89680092e+00 
 6.02887500e-11  2.89616556e+00  2.89681223e+00 
 6.12887500e-11  2.89615460e+00  2.89682355e+00 
 6.22887500e-11  2.89614360e+00  2.89683484e+00 
 6.32887500e-11  2.89613255e+00  2.89684612e+00 
 6.42887500e-11  2.89612143e+00  2.89685746e+00 
 6.52887500e-11  2.89611018e+00  2.89686891e+00 
 6.62887500e-11  2.89609877e+00  2.89688056e+00 
 6.72887500e-11  2.89608712e+00  2.89689249e+00 
 6.82887500e-11  2.89607521e+00  2.89690474e+00 
 6.92887500e-11  2.89606299e+00  2.89691735e+00 
 7.02887500e-11  2.89605047e+00  2.89693032e+00 
 7.12887500e-11  2.89603765e+00  2.89694362e+00 
 7.22887500e-11  2.89602457e+00  2.89695721e+00 
 7.32887500e-11  2.89601129e+00  2.89697100e+00 
 7.42887500e-11  2.89599784e+00  2.89698493e+00 
 7.52887500e-11  2.89598430e+00  2.89699891e+00 
 7.62887500e-11  2.89597070e+00  2.89701288e+00 
 7.72887500e-11  2.89595706e+00  2.89702683e+00 
 7.82887500e-11  2.89594338e+00  2.89704078e+00 
 7.92887500e-11  2.89592962e+00  2.89705477e+00 
 8.02887500e-11  2.89591573e+00  2.89706889e+00 
 8.12887500e-11  2.89590167e+00  2.89708321e+00 
 8.22887500e-11  2.89588738e+00  2.89709781e+00 
 8.32887500e-11  2.89587281e+00  2.89711273e+00 
 8.42887500e-11  2.89585795e+00  2.89712802e+00 
 8.52887500e-11  2.89584278e+00  2.89714366e+00 
 8.62887500e-11  2.89582732e+00  2.89715962e+00 
 8.72887500e-11  2.89581160e+00  2.89717587e+00 
 8.82887500e-11  2.89579567e+00  2.89719232e+00 
 8.92887500e-11  2.89577960e+00  2.89720889e+00 
 9.02887500e-11  2.89576344e+00  2.89722551e+00 
 9.12887500e-11  2.89574722e+00  2.89724212e+00 
 9.22887500e-11  2.89573096e+00  2.89725870e+00 
 9.32887500e-11  2.89571466e+00  2.89727528e+00 
 9.42887500e-11  2.89569828e+00  2.89729191e+00 
 9.52887500e-11  2.89568178e+00  2.89730866e+00 
 9.62887500e-11  2.89566510e+00  2.89732562e+00 
 9.72887500e-11  2.89564819e+00  2.89734285e+00 
 9.82887500e-11  2.89563101e+00  2.89736041e+00 
 9.92887500e-11  2.89561353e+00  2.89737832e+00 
 1.00288750e-10  2.89559575e+00  2.89739658e+00 
 1.01288750e-10  2.89557768e+00  2.89741517e+00 
 1.02288750e-10  2.89555937e+00  2.89743402e+00 
 1.03288750e-10  2.89554085e+00  2.89745307e+00 
 1.04288750e-10  2.89552220e+00  2.89747223e+00 
 1.05288750e-10  2.89550346e+00  2.89749143e+00 
 1.06288750e-10  2.89548468e+00  2.89751062e+00 
 1.07288750e-10  2.89546585e+00  2.89752977e+00 
 1.08288750e-10  2.89544699e+00  2.89754892e+00 
 1.09288750e-10  2.89542804e+00  2.89756813e+00 
 1.10288750e-10  2.89540897e+00  2.89758746e+00 
 1.11288750e-10  2.89538972e+00  2.89760701e+00 
 1.12288750e-10  2.89537024e+00  2.89762683e+00 
 1.13288750e-10  2.89535048e+00  2.89764698e+00 
 1.14288750e-10  2.89533042e+00  2.89766749e+00 
 1.15288750e-10  2.89531006e+00  2.89768834e+00 
 1.16288750e-10  2.89528942e+00  2.89770951e+00 
 1.17288750e-10  2.89526854e+00  2.89773095e+00 
 1.18288750e-10  2.89524747e+00  2.89775257e+00 
 1.19288750e-10  2.89522626e+00  2.89777430e+00 
 1.20288750e-10  2.89520497e+00  2.89779606e+00 
 1.21288750e-10  2.89518363e+00  2.89781780e+00 
 1.22288750e-10  2.89516226e+00  2.89783951e+00 
 1.23288750e-10  2.89514085e+00  2.89786122e+00 
 1.24288750e-10  2.89511936e+00  2.89788299e+00 
 1.25288750e-10  2.89509774e+00  2.89790488e+00 
 1.26288750e-10  2.89507594e+00  2.89792699e+00 
 1.27288750e-10  2.89505391e+00  2.89794937e+00 
 1.28288750e-10  2.89503160e+00  2.89797208e+00 
 1.29288750e-10  2.89500900e+00  2.89799514e+00 
 1.30288750e-10  2.89498611e+00  2.89801855e+00 
 1.31288750e-10  2.89496294e+00  2.89804226e+00 
 1.32288750e-10  2.89493953e+00  2.89806623e+00 
 1.33288750e-10  2.89491594e+00  2.89809038e+00 
 1.34288750e-10  2.89489222e+00  2.89811462e+00 
 1.35288750e-10  2.89486843e+00  2.89813889e+00 
 1.36288750e-10  2.89484459e+00  2.89816314e+00 
 1.37288750e-10  2.89482073e+00  2.89818736e+00 
 1.38288750e-10  2.89479682e+00  2.89821157e+00 
 1.39288750e-10  2.89477283e+00  2.89823585e+00 
 1.40288750e-10  2.89474871e+00  2.89826026e+00 
 1.41288750e-10  2.89472441e+00  2.89828488e+00 
 1.42288750e-10  2.89469987e+00  2.89830979e+00 
 1.43288750e-10  2.89467506e+00  2.89833503e+00 
 1.44288750e-10  2.89464995e+00  2.89836061e+00 
 1.45288750e-10  2.89462454e+00  2.89838654e+00 
 1.46288750e-10  2.89459887e+00  2.89841277e+00 
 1.47288750e-10  2.89457296e+00  2.89843925e+00 
 1.48288750e-10  2.89454688e+00  2.89846591e+00 
 1.49288750e-10  2.89452067e+00  2.89849265e+00 
 1.50288750e-10  2.89449439e+00  2.89851942e+00 
 1.51288750e-10  2.89446808e+00  2.89854616e+00 
 1.52288750e-10  2.89444174e+00  2.89857286e+00 
 1.53288750e-10  2.89441535e+00  2.89859957e+00 
 1.54288750e-10  2.89438888e+00  2.89862634e+00 
 1.55288750e-10  2.89436228e+00  2.89865324e+00 
 1.56288750e-10  2.89433550e+00  2.89868036e+00 
 1.57288750e-10  2.89430848e+00  2.89870777e+00 
 1.58288750e-10  2.89428119e+00  2.89873550e+00 
 1.59288750e-10  2.89425361e+00  2.89876357e+00 
 1.60288750e-10  2.89422574e+00  2.89879198e+00 
 1.61288750e-10  2.89419760e+00  2.89882069e+00 
 1.62288750e-10  2.89416923e+00  2.89884964e+00 
 1.63288750e-10  2.89414070e+00  2.89887876e+00 
 1.64288750e-10  2.89411205e+00  2.89890795e+00 
 1.65288750e-10  2.89408334e+00  2.89893716e+00 
 1.66288750e-10  2.89405460e+00  2.89896634e+00 
 1.67288750e-10  2.89402583e+00  2.89899549e+00 
 1.68288750e-10  2.89399701e+00  2.89902464e+00 
 1.69288750e-10  2.89396811e+00  2.89905385e+00 
 1.70288750e-10  2.89393908e+00  2.89908321e+00 
 1.71288750e-10  2.89390986e+00  2.89911279e+00 
 1.72288750e-10  2.89388040e+00  2.89914265e+00 
 1.73288750e-10  2.89385067e+00  2.89917284e+00 
 1.74288750e-10  2.89382064e+00  2.89920337e+00 
 1.75288750e-10  2.89379033e+00  2.89923424e+00 
 1.76288750e-10  2.89375976e+00  2.89926541e+00 
 1.77288750e-10  2.89372896e+00  2.89929681e+00 
 1.78288750e-10  2.89369800e+00  2.89932836e+00 
 1.79288750e-10  2.89366694e+00  2.89936000e+00 
 1.80288750e-10  2.89363581e+00  2.89939164e+00 
 1.81288750e-10  2.89360465e+00  2.89942324e+00 
 1.82288750e-10  2.89357347e+00  2.89945482e+00 
 1.83288750e-10  2.89354224e+00  2.89948639e+00 
 1.84288750e-10  2.89351093e+00  2.89951804e+00 
 1.85288750e-10  2.89347949e+00  2.89954982e+00 
 1.86288750e-10  2.89344785e+00  2.89958183e+00 
 1.87288750e-10  2.89341598e+00  2.89961413e+00 
 1.88288750e-10  2.89338384e+00  2.89964675e+00 
 1.89288750e-10  2.89335140e+00  2.89967971e+00 
 1.90288750e-10  2.89331869e+00  2.89971300e+00 
 1.91288750e-10  2.89328572e+00  2.89974658e+00 
 1.92288750e-10  2.89325254e+00  2.89978038e+00 
 1.93288750e-10  2.89321919e+00  2.89981433e+00 
 1.94288750e-10  2.89318575e+00  2.89984835e+00 
 1.95288750e-10  2.89315226e+00  2.89988237e+00 
 1.96288750e-10  2.89311874e+00  2.89991635e+00 
 1.97288750e-10  2.89308519e+00  2.89995030e+00 
 1.98288750e-10  2.89305160e+00  2.89998426e+00 
 1.99288750e-10  2.89301793e+00  2.90001829e+00 
 2.00288750e-10  2.89298411e+00  2.90005246e+00 
 2.01288750e-10  2.89295011e+00  2.90008687e+00 
 2.02288750e-10  2.89291586e+00  2.90012156e+00 
 2.03288750e-10  2.89288134e+00  2.90015657e+00 
 2.04288750e-10  2.89284653e+00  2.90019193e+00 
 2.05288750e-10  2.89281145e+00  2.90022761e+00 
 2.06288750e-10  2.89277610e+00  2.90026358e+00 
 2.07288750e-10  2.89274056e+00  2.90029976e+00 
 2.08288750e-10  2.89270486e+00  2.90033609e+00 
 2.09288750e-10  2.89266906e+00  2.90037248e+00 
 2.10288750e-10  2.89263321e+00  2.90040887e+00 
 2.11288750e-10  2.89259735e+00  2.90044521e+00 
 2.12288750e-10  2.89256145e+00  2.90048153e+00 
 2.13288750e-10  2.89252552e+00  2.90051784e+00 
 2.14288750e-10  2.89248950e+00  2.90055424e+00 
 2.15288750e-10  2.89245334e+00  2.90059078e+00 
 2.16288750e-10  2.89241698e+00  2.90062755e+00 
 2.17288750e-10  2.89238039e+00  2.90066461e+00 
 2.18288750e-10  2.89234352e+00  2.90070199e+00 
 2.19288750e-10  2.89230637e+00  2.90073971e+00 
 2.20288750e-10  2.89226895e+00  2.90077775e+00 
 2.21288750e-10  2.89223128e+00  2.90081606e+00 
 2.22288750e-10  2.89219341e+00  2.90085458e+00 
 2.23288750e-10  2.89215539e+00  2.90089324e+00 
 2.24288750e-10  2.89211729e+00  2.90093195e+00 
 2.25288750e-10  2.89207914e+00  2.90097065e+00 
 2.26288750e-10  2.89204098e+00  2.90100931e+00 
 2.27288750e-10  2.89200279e+00  2.90104793e+00 
 2.28288750e-10  2.89196455e+00  2.90108657e+00 
 2.29288750e-10  2.89192623e+00  2.90112528e+00 
 2.30288750e-10  2.89188776e+00  2.90116415e+00 
 2.31288750e-10  2.89184910e+00  2.90120325e+00 
 2.32288750e-10  2.89181020e+00  2.90124264e+00 
 2.33288750e-10  2.89177102e+00  2.90128235e+00 
 2.34288750e-10  2.89173156e+00  2.90132240e+00 
 2.35288750e-10  2.89169183e+00  2.90136277e+00 
 2.36288750e-10  2.89165186e+00  2.90140340e+00 
 2.37288750e-10  2.89161169e+00  2.90144424e+00 
 2.38288750e-10  2.89157138e+00  2.90148521e+00 
 2.39288750e-10  2.89153098e+00  2.90152623e+00 
 2.40288750e-10  2.89149055e+00  2.90156723e+00 
 2.41288750e-10  2.89145010e+00  2.90160818e+00 
 2.42288750e-10  2.89140963e+00  2.90164910e+00 
 2.43288750e-10  2.89136912e+00  2.90169004e+00 
 2.44288750e-10  2.89132851e+00  2.90173105e+00 
 2.45288750e-10  2.89128776e+00  2.90177222e+00 
 2.46288750e-10  2.89124682e+00  2.90181363e+00 
 2.47288750e-10  2.89120563e+00  2.90185532e+00 
 2.48288750e-10  2.89116417e+00  2.90189733e+00 
 2.49288750e-10  2.89112244e+00  2.90193967e+00 
 2.50288750e-10  2.89108043e+00  2.90198233e+00 
 2.51288750e-10  2.89103819e+00  2.90202524e+00 
 2.52288750e-10  2.89099577e+00  2.90206836e+00 
 2.53288750e-10  2.89095321e+00  2.90211159e+00 
 2.54288750e-10  2.89091058e+00  2.90215486e+00 
 2.55288750e-10  2.89086791e+00  2.90219811e+00 
 2.56288750e-10  2.89082522e+00  2.90224131e+00 
 2.57288750e-10  2.89078252e+00  2.90228448e+00 
 2.58288750e-10  2.89073977e+00  2.90232766e+00 
 2.59288750e-10  2.89069693e+00  2.90237093e+00 
 2.60288750e-10  2.89065394e+00  2.90241436e+00 
 2.61288750e-10  2.89061075e+00  2.90245803e+00 
 2.62288750e-10  2.89056731e+00  2.90250199e+00 
 2.63288750e-10  2.89052361e+00  2.90254627e+00 
 2.64288750e-10  2.89047963e+00  2.90259088e+00 
 2.65288750e-10  2.89043538e+00  2.90263579e+00 
 2.66288750e-10  2.89039090e+00  2.90268096e+00 
 2.67288750e-10  2.89034624e+00  2.90272633e+00 
 2.68288750e-10  2.89030145e+00  2.90277180e+00 
 2.69288750e-10  2.89025659e+00  2.90281731e+00 
 2.70288750e-10  2.89021170e+00  2.90286280e+00 
 2.71288750e-10  2.89016680e+00  2.90290823e+00 
 2.72288750e-10  2.89012188e+00  2.90295364e+00 
 2.73288750e-10  2.89007691e+00  2.90299905e+00 
 2.74288750e-10  2.89003185e+00  2.90304456e+00 
 2.75288750e-10  2.88998664e+00  2.90309023e+00 
 2.76288750e-10  2.88994123e+00  2.90313613e+00 
 2.77288750e-10  2.88989558e+00  2.90318233e+00 
 2.78288750e-10  2.88984966e+00  2.90322884e+00 
 2.79288750e-10  2.88980346e+00  2.90327568e+00 
 2.80288750e-10  2.88975701e+00  2.90332282e+00 
 2.81288750e-10  2.88971033e+00  2.90337021e+00 
 2.82288750e-10  2.88966348e+00  2.90341778e+00 
 2.83288750e-10  2.88961650e+00  2.90346545e+00 
 2.84288750e-10  2.88956947e+00  2.90351315e+00 
 2.85288750e-10  2.88952240e+00  2.90356081e+00 
 2.86288750e-10  2.88947533e+00  2.90360843e+00 
 2.87288750e-10  2.88942824e+00  2.90365602e+00 
 2.88288750e-10  2.88938110e+00  2.90370362e+00 
 2.89288750e-10  2.88933386e+00  2.90375132e+00 
 2.90288750e-10  2.88928647e+00  2.90379919e+00 
 2.91288750e-10  2.88923888e+00  2.90384729e+00 
 2.92288750e-10  2.88919105e+00  2.90389569e+00 
 2.93288750e-10  2.88914294e+00  2.90394440e+00 
 2.94288750e-10  2.88909457e+00  2.90399344e+00 
 2.95288750e-10  2.88904593e+00  2.90404278e+00 
 2.96288750e-10  2.88899708e+00  2.90409236e+00 
 2.97288750e-10  2.88894805e+00  2.90414211e+00 
 2.98288750e-10  2.88889892e+00  2.90419196e+00 
 2.99288750e-10  2.88884972e+00  2.90424184e+00 
 3.00288750e-10  2.88880050e+00  2.90429168e+00 
 3.01288750e-10  2.88875127e+00  2.90434146e+00 
 3.02288750e-10  2.88870203e+00  2.90439122e+00 
 3.03288750e-10  2.88865273e+00  2.90444099e+00 
 3.04288750e-10  2.88860334e+00  2.90449086e+00 
 3.05288750e-10  2.88855379e+00  2.90454090e+00 
 3.06288750e-10  2.88850404e+00  2.90459118e+00 
 3.07288750e-10  2.88845405e+00  2.90464175e+00 
 3.08288750e-10  2.88840379e+00  2.90469263e+00 
 3.09288750e-10  2.88835327e+00  2.90474384e+00 
 3.10288750e-10  2.88830249e+00  2.90479533e+00 
 3.11288750e-10  2.88825150e+00  2.90484706e+00 
 3.12288750e-10  2.88820034e+00  2.90489896e+00 
 3.13288750e-10  2.88814909e+00  2.90495094e+00 
 3.14288750e-10  2.88809777e+00  2.90500294e+00 
 3.15288750e-10  2.88804644e+00  2.90505490e+00 
 3.16288750e-10  2.88799511e+00  2.90510680e+00 
 3.17288750e-10  2.88794375e+00  2.90515868e+00 
 3.18288750e-10  2.88789235e+00  2.90521058e+00 
 3.19288750e-10  2.88784084e+00  2.90526258e+00 
 3.20288750e-10  2.88778918e+00  2.90531475e+00 
 3.21288750e-10  2.88773731e+00  2.90536717e+00 
 3.22288750e-10  2.88768520e+00  2.90541987e+00 
 3.23288750e-10  2.88763282e+00  2.90547290e+00 
 3.24288750e-10  2.88758017e+00  2.90552624e+00 
 3.25288750e-10  2.88752728e+00  2.90557986e+00 
 3.26288750e-10  2.88747417e+00  2.90563372e+00 
 3.27288750e-10  2.88742091e+00  2.90568774e+00 
 3.28288750e-10  2.88736755e+00  2.90574184e+00 
 3.29288750e-10  2.88731414e+00  2.90579595e+00 
 3.30288750e-10  2.88726072e+00  2.90585001e+00 
 3.31288750e-10  2.88720729e+00  2.90590402e+00 
 3.32288750e-10  2.88715385e+00  2.90595801e+00 
 3.33288750e-10  2.88710035e+00  2.90601201e+00 
 3.34288750e-10  2.88704675e+00  2.90606612e+00 
 3.35288750e-10  2.88699299e+00  2.90612041e+00 
 3.36288750e-10  2.88693902e+00  2.90617493e+00 
 3.37288750e-10  2.88688482e+00  2.90622975e+00 
 3.38288750e-10  2.88683035e+00  2.90628488e+00 
 3.39288750e-10  2.88677561e+00  2.90634032e+00 
 3.40288750e-10  2.88672064e+00  2.90639604e+00 
 3.41288750e-10  2.88666546e+00  2.90645199e+00 
 3.42288750e-10  2.88661014e+00  2.90650808e+00 
 3.43288750e-10  2.88655472e+00  2.90656425e+00 
 3.44288750e-10  2.88649926e+00  2.90662042e+00 
 3.45288750e-10  2.88644379e+00  2.90667654e+00 
 3.46288750e-10  2.88638831e+00  2.90673261e+00 
 3.47288750e-10  2.88633282e+00  2.90678865e+00 
 3.48288750e-10  2.88627727e+00  2.90684472e+00 
 3.49288750e-10  2.88622162e+00  2.90690090e+00 
 3.50288750e-10  2.88616580e+00  2.90695726e+00 
 3.51288750e-10  2.88610978e+00  2.90701386e+00 
 3.52288750e-10  2.88605352e+00  2.90707075e+00 
 3.53288750e-10  2.88599699e+00  2.90712796e+00 
 3.54288750e-10  2.88594019e+00  2.90718547e+00 
 3.55288750e-10  2.88588316e+00  2.90724326e+00 
 3.56288750e-10  2.88582594e+00  2.90730127e+00 
 3.57288750e-10  2.88576857e+00  2.90735943e+00 
 3.58288750e-10  2.88571111e+00  2.90741765e+00 
 3.59288750e-10  2.88565361e+00  2.90747587e+00 
 3.60288750e-10  2.88559611e+00  2.90753403e+00 
 3.61288750e-10  2.88553860e+00  2.90759215e+00 
 3.62288750e-10  2.88548108e+00  2.90765023e+00 
 3.63288750e-10  2.88542350e+00  2.90770835e+00 
 3.64288750e-10  2.88536581e+00  2.90776657e+00 
 3.65288750e-10  2.88530796e+00  2.90782498e+00 
 3.66288750e-10  2.88524991e+00  2.90788363e+00 
 3.67288750e-10  2.88519161e+00  2.90794257e+00 
 3.68288750e-10  2.88513305e+00  2.90800182e+00 
 3.69288750e-10  2.88507424e+00  2.90806138e+00 
 3.70288750e-10  2.88501519e+00  2.90812120e+00 
 3.71288750e-10  2.88495595e+00  2.90818123e+00 
 3.72288750e-10  2.88489658e+00  2.90824140e+00 
 3.73288750e-10  2.88483713e+00  2.90830163e+00 
 3.74288750e-10  2.88477764e+00  2.90836184e+00 
 3.75288750e-10  2.88471815e+00  2.90842201e+00 
 3.76288750e-10  2.88465866e+00  2.90848212e+00 
 3.77288750e-10  2.88459914e+00  2.90854220e+00 
 3.78288750e-10  2.88453958e+00  2.90860232e+00 
 3.79288750e-10  2.88447990e+00  2.90866255e+00 
 3.80288750e-10  2.88442006e+00  2.90872297e+00 
 3.81288750e-10  2.88436000e+00  2.90878363e+00 
 3.82288750e-10  2.88429971e+00  2.90884459e+00 
 3.83288750e-10  2.88423915e+00  2.90890585e+00 
 3.84288750e-10  2.88417834e+00  2.90896742e+00 
 3.85288750e-10  2.88411730e+00  2.90902925e+00 
 3.86288750e-10  2.88405607e+00  2.90909129e+00 
 3.87288750e-10  2.88399471e+00  2.90915345e+00 
 3.88288750e-10  2.88393328e+00  2.90921567e+00 
 3.89288750e-10  2.88387182e+00  2.90927787e+00 
 3.90288750e-10  2.88381036e+00  2.90934002e+00 
 3.91288750e-10  2.88374890e+00  2.90940211e+00 
 3.92288750e-10  2.88368742e+00  2.90946418e+00 
 3.93288750e-10  2.88362588e+00  2.90952628e+00 
 3.94288750e-10  2.88356423e+00  2.90958850e+00 
 3.95288750e-10  2.88350241e+00  2.90965090e+00 
 3.96288750e-10  2.88344039e+00  2.90971356e+00 
 3.97288750e-10  2.88337812e+00  2.90977650e+00 
 3.98288750e-10  2.88331559e+00  2.90983975e+00 
 3.99288750e-10  2.88325282e+00  2.90990329e+00 
 4.00288750e-10  2.88318982e+00  2.90996709e+00 
 4.01288750e-10  2.88312665e+00  2.91003108e+00 
 4.02288750e-10  2.88306335e+00  2.91009520e+00 
 4.03288750e-10  2.88299998e+00  2.91015936e+00 
 4.04288750e-10  2.88293659e+00  2.91022350e+00 
 4.05288750e-10  2.88287321e+00  2.91028759e+00 
 4.06288750e-10  2.88280982e+00  2.91035161e+00 
 4.07288750e-10  2.88274641e+00  2.91041561e+00 
 4.08288750e-10  2.88268294e+00  2.91047966e+00 
 4.09288750e-10  2.88261936e+00  2.91054382e+00 
 4.10288750e-10  2.88255561e+00  2.91060818e+00 
 4.11288750e-10  2.88249165e+00  2.91067278e+00 
 4.12288750e-10  2.88242744e+00  2.91073768e+00 
 4.13288750e-10  2.88236298e+00  2.91080288e+00 
 4.14288750e-10  2.88229827e+00  2.91086837e+00 
 4.15288750e-10  2.88223334e+00  2.91093411e+00 
 4.16288750e-10  2.88216824e+00  2.91100005e+00 
 4.17288750e-10  2.88210302e+00  2.91106610e+00 
 4.18288750e-10  2.88203774e+00  2.91113219e+00 
 4.19288750e-10  2.88197243e+00  2.91119825e+00 
 4.20288750e-10  2.88190713e+00  2.91126426e+00 
 4.21288750e-10  2.88184184e+00  2.91133020e+00 
 4.22288750e-10  2.88177652e+00  2.91139612e+00 
 4.23288750e-10  2.88171114e+00  2.91146209e+00 
 4.24288750e-10  2.88164565e+00  2.91152818e+00 
 4.25288750e-10  2.88157998e+00  2.91159446e+00 
 4.26288750e-10  2.88151411e+00  2.91166099e+00 
 4.27288750e-10  2.88144799e+00  2.91172781e+00 
 4.28288750e-10  2.88138162e+00  2.91179493e+00 
 4.29288750e-10  2.88131501e+00  2.91186233e+00 
 4.30288750e-10  2.88124819e+00  2.91192998e+00 
 4.31288750e-10  2.88118120e+00  2.91199781e+00 
 4.32288750e-10  2.88111410e+00  2.91206575e+00 
 4.33288750e-10  2.88104694e+00  2.91213372e+00 
 4.34288750e-10  2.88097977e+00  2.91220166e+00 
 4.35288750e-10  2.88091261e+00  2.91226954e+00 
 4.36288750e-10  2.88084544e+00  2.91233735e+00 
 4.37288750e-10  2.88077826e+00  2.91240515e+00 
 4.38288750e-10  2.88071101e+00  2.91247300e+00 
 4.39288750e-10  2.88064364e+00  2.91254097e+00 
 4.40288750e-10  2.88057610e+00  2.91260914e+00 
 4.41288750e-10  2.88050835e+00  2.91267756e+00 
 4.42288750e-10  2.88044036e+00  2.91274627e+00 
 4.43288750e-10  2.88037211e+00  2.91281527e+00 
 4.44288750e-10  2.88030362e+00  2.91288456e+00 
 4.45288750e-10  2.88023493e+00  2.91295409e+00 
 4.46288750e-10  2.88016607e+00  2.91302380e+00 
 4.47288750e-10  2.88009711e+00  2.91309361e+00 
 4.48288750e-10  2.88002810e+00  2.91316344e+00 
 4.49288750e-10  2.87995907e+00  2.91323324e+00 
 4.50288750e-10  2.87989006e+00  2.91330297e+00 
 4.51288750e-10  2.87982105e+00  2.91337264e+00 
 4.52288750e-10  2.87975201e+00  2.91344230e+00 
 4.53288750e-10  2.87968291e+00  2.91351201e+00 
 4.54288750e-10  2.87961369e+00  2.91358184e+00 
 4.55288750e-10  2.87954430e+00  2.91365187e+00 
 4.56288750e-10  2.87947469e+00  2.91372215e+00 
 4.57288750e-10  2.87940485e+00  2.91379271e+00 
 4.58288750e-10  2.87933475e+00  2.91386357e+00 
 4.59288750e-10  2.87926443e+00  2.91393471e+00 
 4.60288750e-10  2.87919390e+00  2.91400608e+00 
 4.61288750e-10  2.87912321e+00  2.91407762e+00 
 4.62288750e-10  2.87905243e+00  2.91414925e+00 
 4.63288750e-10  2.87898161e+00  2.91422090e+00 
 4.64288750e-10  2.87891078e+00  2.91429250e+00 
 4.65288750e-10  2.87883995e+00  2.91436404e+00 
 4.66288750e-10  2.87876914e+00  2.91443552e+00 
 4.67288750e-10  2.87869830e+00  2.91450699e+00 
 4.68288750e-10  2.87862738e+00  2.91457851e+00 
 4.69288750e-10  2.87855635e+00  2.91465016e+00 
 4.70288750e-10  2.87848514e+00  2.91472201e+00 
 4.71288750e-10  2.87841372e+00  2.91479411e+00 
 4.72288750e-10  2.87834205e+00  2.91486650e+00 
 4.73288750e-10  2.87827014e+00  2.91493919e+00 
 4.74288750e-10  2.87819799e+00  2.91501214e+00 
 4.75288750e-10  2.87812565e+00  2.91508533e+00 
 4.76288750e-10  2.87805317e+00  2.91515867e+00 
 4.77288750e-10  2.87798058e+00  2.91523211e+00 
 4.78288750e-10  2.87790796e+00  2.91530555e+00 
 4.79288750e-10  2.87783534e+00  2.91537895e+00 
 4.80288750e-10  2.87776272e+00  2.91545227e+00 
 4.81288750e-10  2.87769012e+00  2.91552554e+00 
 4.82288750e-10  2.87761748e+00  2.91559880e+00 
 4.83288750e-10  2.87754478e+00  2.91567212e+00 
 4.84288750e-10  2.87747195e+00  2.91574556e+00 
 4.85288750e-10  2.87739895e+00  2.91581921e+00 
 4.86288750e-10  2.87732573e+00  2.91589311e+00 
 4.87288750e-10  2.87725227e+00  2.91596729e+00 
 4.88288750e-10  2.87717857e+00  2.91604175e+00 
 4.89288750e-10  2.87710465e+00  2.91611649e+00 
 4.90288750e-10  2.87703054e+00  2.91619144e+00 
 4.91288750e-10  2.87695628e+00  2.91626655e+00 
 4.92288750e-10  2.87688194e+00  2.91634174e+00 
 4.93288750e-10  2.87680756e+00  2.91641693e+00 
 4.94288750e-10  2.87673319e+00  2.91649207e+00 
 4.95288750e-10  2.87665883e+00  2.91656713e+00 
 4.96288750e-10  2.87658447e+00  2.91664214e+00 
 4.97288750e-10  2.87651009e+00  2.91671714e+00 
 4.98288750e-10  2.87643563e+00  2.91679221e+00 
 4.99288750e-10  2.87636105e+00  2.91686740e+00 
 5.00288750e-10  2.87628629e+00  2.91694280e+00 
 5.01288750e-10  2.87621131e+00  2.91701845e+00 
 5.02288750e-10  2.87613609e+00  2.91709439e+00 
 5.03288750e-10  2.87606064e+00  2.91717061e+00 
 5.04288750e-10  2.87598496e+00  2.91724709e+00 
 5.05288750e-10  2.87590909e+00  2.91732379e+00 
 5.06288750e-10  2.87583309e+00  2.91740063e+00 
 5.07288750e-10  2.87575701e+00  2.91747755e+00 
 5.08288750e-10  2.87568089e+00  2.91755446e+00 
 5.09288750e-10  2.87560478e+00  2.91763132e+00 
 5.10288750e-10  2.87552869e+00  2.91770811e+00 
 5.11288750e-10  2.87545261e+00  2.91778484e+00 
 5.12288750e-10  2.87537649e+00  2.91786156e+00 
 5.13288750e-10  2.87530030e+00  2.91793834e+00 
 5.14288750e-10  2.87522398e+00  2.91801526e+00 
 5.15288750e-10  2.87514748e+00  2.91809238e+00 
 5.16288750e-10  2.87507077e+00  2.91816976e+00 
 5.17288750e-10  2.87499382e+00  2.91824741e+00 
 5.18288750e-10  2.87491664e+00  2.91832534e+00 
 5.19288750e-10  2.87483923e+00  2.91840353e+00 
 5.20288750e-10  2.87476165e+00  2.91848192e+00 
 5.21288750e-10  2.87468394e+00  2.91856045e+00 
 5.22288750e-10  2.87460616e+00  2.91863905e+00 
 5.23288750e-10  2.87452835e+00  2.91871763e+00 
 5.24288750e-10  2.87445055e+00  2.91879616e+00 
 5.25288750e-10  2.87437277e+00  2.91887461e+00 
 5.26288750e-10  2.87429500e+00  2.91895300e+00 
 5.27288750e-10  2.87421719e+00  2.91903139e+00 
 5.28288750e-10  2.87413930e+00  2.91910985e+00 
 5.29288750e-10  2.87406128e+00  2.91918844e+00 
 5.30288750e-10  2.87398309e+00  2.91926724e+00 
 5.31288750e-10  2.87390467e+00  2.91934629e+00 
 5.32288750e-10  2.87382602e+00  2.91942562e+00 
 5.33288750e-10  2.87374714e+00  2.91950522e+00 
 5.34288750e-10  2.87366804e+00  2.91958508e+00 
 5.35288750e-10  2.87358876e+00  2.91966513e+00 
 5.36288750e-10  2.87350937e+00  2.91974532e+00 
 5.37288750e-10  2.87342990e+00  2.91982557e+00 
 5.38288750e-10  2.87335041e+00  2.91990580e+00 
 5.39288750e-10  2.87327094e+00  2.91998596e+00 
 5.40288750e-10  2.87319148e+00  2.92006605e+00 
 5.41288750e-10  2.87311203e+00  2.92014608e+00 
 5.42288750e-10  2.87303255e+00  2.92022611e+00 
 5.43288750e-10  2.87295299e+00  2.92030620e+00 
 5.44288750e-10  2.87287329e+00  2.92038643e+00 
 5.45288750e-10  2.87279341e+00  2.92046687e+00 
 5.46288750e-10  2.87271332e+00  2.92054755e+00 
 5.47288750e-10  2.87263300e+00  2.92062851e+00 
 5.48288750e-10  2.87255244e+00  2.92070974e+00 
 5.49288750e-10  2.87247168e+00  2.92079122e+00 
 5.50288750e-10  2.87239075e+00  2.92087289e+00 
 5.51288750e-10  2.87230971e+00  2.92095468e+00 
 5.52288750e-10  2.87222860e+00  2.92103651e+00 
 5.53288750e-10  2.87214748e+00  2.92111833e+00 
 5.54288750e-10  2.87206637e+00  2.92120008e+00 
 5.55288750e-10  2.87198528e+00  2.92128175e+00 
 5.56288750e-10  2.87190420e+00  2.92136336e+00 
 5.57288750e-10  2.87182308e+00  2.92144498e+00 
 5.58288750e-10  2.87174188e+00  2.92152666e+00 
 5.59288750e-10  2.87166054e+00  2.92160849e+00 
 5.60288750e-10  2.87157902e+00  2.92169052e+00 
 5.61288750e-10  2.87149728e+00  2.92177280e+00 
 5.62288750e-10  2.87141532e+00  2.92185536e+00 
 5.63288750e-10  2.87133312e+00  2.92193819e+00 
 5.64288750e-10  2.87125072e+00  2.92202125e+00 
 5.65288750e-10  2.87116815e+00  2.92210451e+00 
 5.66288750e-10  2.87108548e+00  2.92218788e+00 
 5.67288750e-10  2.87100275e+00  2.92227129e+00 
 5.68288750e-10  2.87092001e+00  2.92235468e+00 
 5.69288750e-10  2.87083728e+00  2.92243799e+00 
 5.70288750e-10  2.87075458e+00  2.92252123e+00 
 5.71288750e-10  2.87067188e+00  2.92260441e+00 
 5.72288750e-10  2.87058914e+00  2.92268759e+00 
 5.73288750e-10  2.87050632e+00  2.92277085e+00 
 5.74288750e-10  2.87042336e+00  2.92285425e+00 
 5.75288750e-10  2.87034022e+00  2.92293785e+00 
 5.76288750e-10  2.87025687e+00  2.92302170e+00 
 5.77288750e-10  2.87017328e+00  2.92310583e+00 
 5.78288750e-10  2.87008947e+00  2.92319021e+00 
 5.79288750e-10  2.87000547e+00  2.92327484e+00 
 5.80288750e-10  2.86992131e+00  2.92335964e+00 
 5.81288750e-10  2.86983704e+00  2.92344455e+00 
 5.82288750e-10  2.86975273e+00  2.92352949e+00 
 5.83288750e-10  2.86966841e+00  2.92361440e+00 
 5.84288750e-10  2.86958410e+00  2.92369924e+00 
 5.85288750e-10  2.86949983e+00  2.92378399e+00 
 5.86288750e-10  2.86941555e+00  2.92386870e+00 
 5.87288750e-10  2.86933123e+00  2.92395341e+00 
 5.88288750e-10  2.86924683e+00  2.92403819e+00 
 5.89288750e-10  2.86916229e+00  2.92412312e+00 
 5.90288750e-10  2.86907756e+00  2.92420827e+00 
 5.91288750e-10  2.86899262e+00  2.92429366e+00 
 5.92288750e-10  2.86890744e+00  2.92437932e+00 
 5.93288750e-10  2.86882205e+00  2.92446524e+00 
 5.94288750e-10  2.86873646e+00  2.92455139e+00 
 5.95288750e-10  2.86865072e+00  2.92463772e+00 
 5.96288750e-10  2.86856488e+00  2.92472415e+00 
 5.97288750e-10  2.86847900e+00  2.92481061e+00 
 5.98288750e-10  2.86839311e+00  2.92489703e+00 
 5.99288750e-10  2.86830725e+00  2.92498337e+00 
 6.00288750e-10  2.86822141e+00  2.92506963e+00 
 6.01288750e-10  2.86813557e+00  2.92515584e+00 
 6.02288750e-10  2.86804969e+00  2.92524206e+00 
 6.03288750e-10  2.86796372e+00  2.92532836e+00 
 6.04288750e-10  2.86787761e+00  2.92541481e+00 
 6.05288750e-10  2.86779131e+00  2.92550146e+00 
 6.06288750e-10  2.86770480e+00  2.92558836e+00 
 6.07288750e-10  2.86761807e+00  2.92567553e+00 
 6.08288750e-10  2.86753111e+00  2.92576295e+00 
 6.09288750e-10  2.86744397e+00  2.92585060e+00 
 6.10288750e-10  2.86735669e+00  2.92593841e+00 
 6.11288750e-10  2.86726931e+00  2.92602632e+00 
 6.12288750e-10  2.86718189e+00  2.92611425e+00 
 6.13288750e-10  2.86709447e+00  2.92620213e+00 
 6.14288750e-10  2.86700708e+00  2.92628994e+00 
 6.15288750e-10  2.86691971e+00  2.92637766e+00 
 6.16288750e-10  2.86683234e+00  2.92646534e+00 
 6.17288750e-10  2.86674492e+00  2.92655303e+00 
 6.18288750e-10  2.86665741e+00  2.92664080e+00 
 6.19288750e-10  2.86656975e+00  2.92672872e+00 
 6.20288750e-10  2.86648191e+00  2.92681685e+00 
 6.21288750e-10  2.86639385e+00  2.92690523e+00 
 6.22288750e-10  2.86630556e+00  2.92699387e+00 
 6.23288750e-10  2.86621706e+00  2.92708277e+00 
 6.24288750e-10  2.86612837e+00  2.92717189e+00 
 6.25288750e-10  2.86603953e+00  2.92726117e+00 
 6.26288750e-10  2.86595061e+00  2.92735053e+00 
 6.27288750e-10  2.86586165e+00  2.92743992e+00 
 6.28288750e-10  2.86577269e+00  2.92752925e+00 
 6.29288750e-10  2.86568375e+00  2.92761850e+00 
 6.30288750e-10  2.86559483e+00  2.92770767e+00 
 6.31288750e-10  2.86550591e+00  2.92779679e+00 
 6.32288750e-10  2.86541693e+00  2.92788593e+00 
 6.33288750e-10  2.86532786e+00  2.92797515e+00 
 6.34288750e-10  2.86523863e+00  2.92806452e+00 
 6.35288750e-10  2.86514921e+00  2.92815410e+00 
 6.36288750e-10  2.86505958e+00  2.92824393e+00 
 6.37288750e-10  2.86496971e+00  2.92833401e+00 
 6.38288750e-10  2.86487962e+00  2.92842435e+00 
 6.39288750e-10  2.86478934e+00  2.92851489e+00 
 6.40288750e-10  2.86469892e+00  2.92860559e+00 
 6.41288750e-10  2.86460841e+00  2.92869636e+00 
 6.42288750e-10  2.86451786e+00  2.92878715e+00 
 6.43288750e-10  2.86442730e+00  2.92887788e+00 
 6.44288750e-10  2.86433676e+00  2.92896852e+00 
 6.45288750e-10  2.86424622e+00  2.92905908e+00 
 6.46288750e-10  2.86415566e+00  2.92914960e+00 
 6.47288750e-10  2.86406504e+00  2.92924013e+00 
 6.48288750e-10  2.86397430e+00  2.92933075e+00 
 6.49288750e-10  2.86388338e+00  2.92942152e+00 
 6.50288750e-10  2.86379226e+00  2.92951251e+00 
 6.51288750e-10  2.86370090e+00  2.92960373e+00 
 6.52288750e-10  2.86360929e+00  2.92969522e+00 
 6.53288750e-10  2.86351744e+00  2.92978695e+00 
 6.54288750e-10  2.86342539e+00  2.92987888e+00 
 6.55288750e-10  2.86333318e+00  2.92997096e+00 
 6.56288750e-10  2.86324086e+00  2.93006312e+00 
 6.57288750e-10  2.86314848e+00  2.93015528e+00 
 6.58288750e-10  2.86305607e+00  2.93024738e+00 
 6.59288750e-10  2.86296365e+00  2.93033939e+00 
 6.60288750e-10  2.86287122e+00  2.93043132e+00 
 6.61288750e-10  2.86277873e+00  2.93052321e+00 
 6.62288750e-10  2.86268615e+00  2.93061512e+00 
 6.63288750e-10  2.86259343e+00  2.93070712e+00 
 6.64288750e-10  2.86250050e+00  2.93079928e+00 
 6.65288750e-10  2.86240734e+00  2.93089165e+00 
 6.66288750e-10  2.86231391e+00  2.93098427e+00 
 6.67288750e-10  2.86222021e+00  2.93107714e+00 
 6.68288750e-10  2.86212626e+00  2.93117025e+00 
 6.69288750e-10  2.86203208e+00  2.93126357e+00 
 6.70288750e-10  2.86193772e+00  2.93135704e+00 
 6.71288750e-10  2.86184323e+00  2.93145058e+00 
 6.72288750e-10  2.86174867e+00  2.93154412e+00 
 6.73288750e-10  2.86165406e+00  2.93163761e+00 
 6.74288750e-10  2.86155943e+00  2.93173102e+00 
 6.75288750e-10  2.86146477e+00  2.93182436e+00 
 6.76288750e-10  2.86137004e+00  2.93191766e+00 
 6.77288750e-10  2.86127520e+00  2.93201100e+00 
 6.78288750e-10  2.86118020e+00  2.93210444e+00 
 6.79288750e-10  2.86108499e+00  2.93219806e+00 
 6.80288750e-10  2.86098955e+00  2.93229189e+00 
 6.81288750e-10  2.86089383e+00  2.93238598e+00 
 6.82288750e-10  2.86079785e+00  2.93248033e+00 
 6.83288750e-10  2.86070162e+00  2.93257492e+00 
 6.84288750e-10  2.86060517e+00  2.93266973e+00 
 6.85288750e-10  2.86050857e+00  2.93276468e+00 
 6.86288750e-10  2.86041185e+00  2.93285971e+00 
 6.87288750e-10  2.86031507e+00  2.93295474e+00 
 6.88288750e-10  2.86021828e+00  2.93304972e+00 
 6.89288750e-10  2.86012148e+00  2.93314461e+00 
 6.90288750e-10  2.86002467e+00  2.93323944e+00 
 6.91288750e-10  2.85992781e+00  2.93333424e+00 
 6.92288750e-10  2.85983088e+00  2.93342908e+00 
 6.93288750e-10  2.85973380e+00  2.93352402e+00 
 6.94288750e-10  2.85963655e+00  2.93361912e+00 
 6.95288750e-10  2.85953909e+00  2.93371444e+00 
 6.96288750e-10  2.85944139e+00  2.93381001e+00 
 6.97288750e-10  2.85934346e+00  2.93390584e+00 
 6.98288750e-10  2.85924532e+00  2.93400190e+00 
 6.99288750e-10  2.85914700e+00  2.93409815e+00 
 7.00288750e-10  2.85904856e+00  2.93419453e+00 
 7.01288750e-10  2.85895005e+00  2.93429098e+00 
 7.02288750e-10  2.85885151e+00  2.93438741e+00 
 7.03288750e-10  2.85875299e+00  2.93448377e+00 
 7.04288750e-10  2.85865450e+00  2.93458005e+00 
 7.05288750e-10  2.85855603e+00  2.93467624e+00 
 7.06288750e-10  2.85845754e+00  2.93477240e+00 
 7.07288750e-10  2.85835899e+00  2.93486859e+00 
 7.08288750e-10  2.85826034e+00  2.93496487e+00 
 7.09288750e-10  2.85816153e+00  2.93506131e+00 
 7.10288750e-10  2.85806253e+00  2.93515795e+00 
 7.11288750e-10  2.85796333e+00  2.93525483e+00 
 7.12288750e-10  2.85786391e+00  2.93535195e+00 
 7.13288750e-10  2.85776431e+00  2.93544928e+00 
 7.14288750e-10  2.85766456e+00  2.93554680e+00 
 7.15288750e-10  2.85756472e+00  2.93564442e+00 
 7.16288750e-10  2.85746482e+00  2.93574209e+00 
 7.17288750e-10  2.85736493e+00  2.93583973e+00 
 7.18288750e-10  2.85726508e+00  2.93593729e+00 
 7.19288750e-10  2.85716527e+00  2.93603474e+00 
 7.20288750e-10  2.85706549e+00  2.93613210e+00 
 7.21288750e-10  2.85696571e+00  2.93622941e+00 
 7.22288750e-10  2.85686589e+00  2.93632674e+00 
 7.23288750e-10  2.85676597e+00  2.93642416e+00 
 7.24288750e-10  2.85666590e+00  2.93652172e+00 
 7.25288750e-10  2.85656566e+00  2.93661947e+00 
 7.26288750e-10  2.85646523e+00  2.93671744e+00 
 7.27288750e-10  2.85636460e+00  2.93681564e+00 
 7.28288750e-10  2.85626379e+00  2.93691403e+00 
 7.29288750e-10  2.85616286e+00  2.93701259e+00 
 7.30288750e-10  2.85606184e+00  2.93711124e+00 
 7.31288750e-10  2.85596078e+00  2.93720992e+00 
 7.32288750e-10  2.85585974e+00  2.93730855e+00 
 7.33288750e-10  2.85575874e+00  2.93740708e+00 
 7.34288750e-10  2.85565780e+00  2.93750550e+00 
 7.35288750e-10  2.85555688e+00  2.93760383e+00 
 7.36288750e-10  2.85545597e+00  2.93770210e+00 
 7.37288750e-10  2.85535501e+00  2.93780038e+00 
 7.38288750e-10  2.85525396e+00  2.93789873e+00 
 7.39288750e-10  2.85515276e+00  2.93799723e+00 
 7.40288750e-10  2.85505138e+00  2.93809592e+00 
 7.41288750e-10  2.85494981e+00  2.93819481e+00 
 7.42288750e-10  2.85484805e+00  2.93829392e+00 
 7.43288750e-10  2.85474612e+00  2.93839322e+00 
 7.44288750e-10  2.85464406e+00  2.93849267e+00 
 7.45288750e-10  2.85454192e+00  2.93859220e+00 
 7.46288750e-10  2.85443975e+00  2.93869175e+00 
 7.47288750e-10  2.85433760e+00  2.93879123e+00 
 7.48288750e-10  2.85423550e+00  2.93889061e+00 
 7.49288750e-10  2.85413344e+00  2.93898987e+00 
 7.50288750e-10  2.85403142e+00  2.93908903e+00 
 7.51288750e-10  2.85392939e+00  2.93918813e+00 
 7.52288750e-10  2.85382732e+00  2.93928723e+00 
 7.53288750e-10  2.85372514e+00  2.93938641e+00 
 7.54288750e-10  2.85362282e+00  2.93948573e+00 
 7.55288750e-10  2.85352033e+00  2.93958522e+00 
 7.56288750e-10  2.85341764e+00  2.93968492e+00 
 7.57288750e-10  2.85331476e+00  2.93978482e+00 
 7.58288750e-10  2.85321171e+00  2.93988490e+00 
 7.59288750e-10  2.85310854e+00  2.93998511e+00 
 7.60288750e-10  2.85300530e+00  2.94008540e+00 
 7.61288750e-10  2.85290203e+00  2.94018568e+00 
 7.62288750e-10  2.85279878e+00  2.94028590e+00 
 7.63288750e-10  2.85269558e+00  2.94038601e+00 
 7.64288750e-10  2.85259242e+00  2.94048599e+00 
 7.65288750e-10  2.85248930e+00  2.94058586e+00 
 7.66288750e-10  2.85238617e+00  2.94068567e+00 
 7.67288750e-10  2.85228298e+00  2.94078550e+00 
 7.68288750e-10  2.85217968e+00  2.94088539e+00 
 7.69288750e-10  2.85207624e+00  2.94098542e+00 
 7.70288750e-10  2.85197262e+00  2.94108562e+00 
 7.71288750e-10  2.85186880e+00  2.94118603e+00 
 7.72288750e-10  2.85176480e+00  2.94128663e+00 
 7.73288750e-10  2.85166063e+00  2.94138740e+00 
 7.74288750e-10  2.85155634e+00  2.94148830e+00 
 7.75288750e-10  2.85145197e+00  2.94158926e+00 
 7.76288750e-10  2.85134758e+00  2.94169021e+00 
 7.77288750e-10  2.85124322e+00  2.94179109e+00 
 7.78288750e-10  2.85113890e+00  2.94189185e+00 
 7.79288750e-10  2.85103463e+00  2.94199248e+00 
 7.80288750e-10  2.85093038e+00  2.94209300e+00 
 7.81288750e-10  2.85082613e+00  2.94219346e+00 
 7.82288750e-10  2.85072181e+00  2.94229392e+00 
 7.83288750e-10  2.85061739e+00  2.94239446e+00 
 7.84288750e-10  2.85051282e+00  2.94249513e+00 
 7.85288750e-10  2.85040807e+00  2.94259597e+00 
 7.86288750e-10  2.85030312e+00  2.94269700e+00 
 7.87288750e-10  2.85019799e+00  2.94279822e+00 
 7.88288750e-10  2.85009270e+00  2.94289960e+00 
 7.89288750e-10  2.84998729e+00  2.94300110e+00 
 7.90288750e-10  2.84988181e+00  2.94310265e+00 
 7.91288750e-10  2.84977632e+00  2.94320418e+00 
 7.92288750e-10  2.84967085e+00  2.94330563e+00 
 7.93288750e-10  2.84956543e+00  2.94340696e+00 
 7.94288750e-10  2.84946006e+00  2.94350815e+00 
 7.95288750e-10  2.84935471e+00  2.94360923e+00 
 7.96288750e-10  2.84924934e+00  2.94371026e+00 
 7.97288750e-10  2.84914391e+00  2.94381129e+00 
 7.98288750e-10  2.84903837e+00  2.94391239e+00 
 7.99288750e-10  2.84893268e+00  2.94401362e+00 
 8.00288750e-10  2.84882680e+00  2.94411502e+00 
 8.01288750e-10  2.84872073e+00  2.94421661e+00 
 8.02288750e-10  2.84861448e+00  2.94431838e+00 
 8.03288750e-10  2.84850807e+00  2.94442031e+00 
 8.04288750e-10  2.84840155e+00  2.94452235e+00 
 8.05288750e-10  2.84829496e+00  2.94462443e+00 
 8.06288750e-10  2.84818837e+00  2.94472649e+00 
 8.07288750e-10  2.84808179e+00  2.94482846e+00 
 8.08288750e-10  2.84797527e+00  2.94493030e+00 
 8.09288750e-10  2.84786879e+00  2.94503200e+00 
 8.10288750e-10  2.84776234e+00  2.94513359e+00 
 8.11288750e-10  2.84765586e+00  2.94523512e+00 
 8.12288750e-10  2.84754933e+00  2.94533666e+00 
 8.13288750e-10  2.84744267e+00  2.94543827e+00 
 8.14288750e-10  2.84733587e+00  2.94554000e+00 
 8.15288750e-10  2.84722888e+00  2.94564190e+00 
 8.16288750e-10  2.84712171e+00  2.94574398e+00 
 8.17288750e-10  2.84701435e+00  2.94584624e+00 
 8.18288750e-10  2.84690685e+00  2.94594864e+00 
 8.19288750e-10  2.84679923e+00  2.94605115e+00 
 8.20288750e-10  2.84669156e+00  2.94615369e+00 
 8.21288750e-10  2.84658388e+00  2.94625620e+00 
 8.22288750e-10  2.84647624e+00  2.94635860e+00 
 8.23288750e-10  2.84636864e+00  2.94646088e+00 
 8.24288750e-10  2.84626109e+00  2.94656301e+00 
 8.25288750e-10  2.84615356e+00  2.94666504e+00 
 8.26288750e-10  2.84604600e+00  2.94676700e+00 
 8.27288750e-10  2.84593838e+00  2.94686898e+00 
 8.28288750e-10  2.84583065e+00  2.94697102e+00 
 8.29288750e-10  2.84572275e+00  2.94707319e+00 
 8.30288750e-10  2.84561468e+00  2.94717552e+00 
 8.31288750e-10  2.84550642e+00  2.94727803e+00 
 8.32288750e-10  2.84539798e+00  2.94738072e+00 
 8.33288750e-10  2.84528939e+00  2.94748354e+00 
 8.34288750e-10  2.84518070e+00  2.94758646e+00 
 8.35288750e-10  2.84507196e+00  2.94768941e+00 
 8.36288750e-10  2.84496321e+00  2.94779231e+00 
 8.37288750e-10  2.84485450e+00  2.94789511e+00 
 8.38288750e-10  2.84474584e+00  2.94799777e+00 
 8.39288750e-10  2.84463722e+00  2.94810029e+00 
 8.40288750e-10  2.84452863e+00  2.94820270e+00 
 8.41288750e-10  2.84442001e+00  2.94830505e+00 
 8.42288750e-10  2.84431132e+00  2.94840741e+00 
 8.43288750e-10  2.84420251e+00  2.94850983e+00 
 8.44288750e-10  2.84409355e+00  2.94861238e+00 
 8.45288750e-10  2.84398441e+00  2.94871509e+00 
 8.46288750e-10  2.84387508e+00  2.94881797e+00 
 8.47288750e-10  2.84376559e+00  2.94892101e+00 
 8.48288750e-10  2.84365595e+00  2.94902419e+00 
 8.49288750e-10  2.84354621e+00  2.94912745e+00 
 8.50288750e-10  2.84343643e+00  2.94923073e+00 
 8.51288750e-10  2.84332665e+00  2.94933396e+00 
 8.52288750e-10  2.84321691e+00  2.94943708e+00 
 8.53288750e-10  2.84310722e+00  2.94954006e+00 
 8.54288750e-10  2.84299758e+00  2.94964289e+00 
 8.55288750e-10  2.84288795e+00  2.94974561e+00 
 8.56288750e-10  2.84277830e+00  2.94984828e+00 
 8.57288750e-10  2.84266858e+00  2.94995095e+00 
 8.58288750e-10  2.84255873e+00  2.95005369e+00 
 8.59288750e-10  2.84244873e+00  2.95015656e+00 
 8.60288750e-10  2.84233855e+00  2.95025958e+00 
 8.61288750e-10  2.84222819e+00  2.95036277e+00 
 8.62288750e-10  2.84211765e+00  2.95046612e+00 
 8.63288750e-10  2.84200698e+00  2.95056959e+00 
 8.64288750e-10  2.84189622e+00  2.95067315e+00 
 8.65288750e-10  2.84178542e+00  2.95077671e+00 
 8.66288750e-10  2.84167462e+00  2.95088022e+00 
 8.67288750e-10  2.84156386e+00  2.95098361e+00 
 8.68288750e-10  2.84145316e+00  2.95108686e+00 
 8.69288750e-10  2.84134250e+00  2.95118996e+00 
 8.70288750e-10  2.84123186e+00  2.95129295e+00 
 8.71288750e-10  2.84112120e+00  2.95139588e+00 
 8.72288750e-10  2.84101045e+00  2.95149882e+00 
 8.73288750e-10  2.84089959e+00  2.95160183e+00 
 8.74288750e-10  2.84078857e+00  2.95170495e+00 
 8.75288750e-10  2.84067738e+00  2.95180823e+00 
 8.76288750e-10  2.84056600e+00  2.95191167e+00 
 8.77288750e-10  2.84045446e+00  2.95201526e+00 
 8.78288750e-10  2.84034279e+00  2.95211898e+00 
 8.79288750e-10  2.84023104e+00  2.95222276e+00 
 8.80288750e-10  2.84011925e+00  2.95232654e+00 
 8.81288750e-10  2.84000747e+00  2.95243026e+00 
 8.82288750e-10  2.83989574e+00  2.95253385e+00 
 8.83288750e-10  2.83978406e+00  2.95263730e+00 
 8.84288750e-10  2.83967243e+00  2.95274060e+00 
 8.85288750e-10  2.83956081e+00  2.95284378e+00 
 8.86288750e-10  2.83944916e+00  2.95294692e+00 
 8.87288750e-10  2.83933743e+00  2.95305006e+00 
 8.88288750e-10  2.83922558e+00  2.95315327e+00 
 8.89288750e-10  2.83911357e+00  2.95325660e+00 
 8.90288750e-10  2.83900139e+00  2.95336007e+00 
 8.91288750e-10  2.83888903e+00  2.95346371e+00 
 8.92288750e-10  2.83877651e+00  2.95356750e+00 
 8.93288750e-10  2.83866386e+00  2.95367139e+00 
 8.94288750e-10  2.83855113e+00  2.95377535e+00 
 8.95288750e-10  2.83843837e+00  2.95387931e+00 
 8.96288750e-10  2.83832563e+00  2.95398319e+00 
 8.97288750e-10  2.83821294e+00  2.95408695e+00 
 8.98288750e-10  2.83810030e+00  2.95419055e+00 
 8.99288750e-10  2.83798770e+00  2.95429400e+00 
 9.00288750e-10  2.83787512e+00  2.95439734e+00 
 9.01288750e-10  2.83776251e+00  2.95450063e+00 
 9.02288750e-10  2.83764982e+00  2.95460393e+00 
 9.03288750e-10  2.83753700e+00  2.95470729e+00 
 9.04288750e-10  2.83742403e+00  2.95481077e+00 
 9.05288750e-10  2.83731089e+00  2.95491439e+00 
 9.06288750e-10  2.83719757e+00  2.95501817e+00 
 9.07288750e-10  2.83708409e+00  2.95512208e+00 
 9.08288750e-10  2.83697050e+00  2.95522611e+00 
 9.09288750e-10  2.83685683e+00  2.95533018e+00 
 9.10288750e-10  2.83674314e+00  2.95543424e+00 
 9.11288750e-10  2.83662948e+00  2.95553822e+00 
 9.12288750e-10  2.83651586e+00  2.95564207e+00 
 9.13288750e-10  2.83640229e+00  2.95574576e+00 
 9.14288750e-10  2.83628877e+00  2.95584931e+00 
 9.15288750e-10  2.83617527e+00  2.95595274e+00 
 9.16288750e-10  2.83606172e+00  2.95605612e+00 
 9.17288750e-10  2.83594810e+00  2.95615951e+00 
 9.18288750e-10  2.83583435e+00  2.95626296e+00 
 9.19288750e-10  2.83572044e+00  2.95636653e+00 
 9.20288750e-10  2.83560636e+00  2.95647025e+00 
 9.21288750e-10  2.83549211e+00  2.95657411e+00 
 9.22288750e-10  2.83537771e+00  2.95667811e+00 
 9.23288750e-10  2.83526319e+00  2.95678221e+00 
 9.24288750e-10  2.83514860e+00  2.95688636e+00 
 9.25288750e-10  2.83503400e+00  2.95699048e+00 
 9.26288750e-10  2.83491942e+00  2.95709452e+00 
 9.27288750e-10  2.83480489e+00  2.95719842e+00 
 9.28288750e-10  2.83469042e+00  2.95730216e+00 
 9.29288750e-10  2.83457599e+00  2.95740576e+00 
 9.30288750e-10  2.83446157e+00  2.95750924e+00 
 9.31288750e-10  2.83434712e+00  2.95761267e+00 
 9.32288750e-10  2.83423258e+00  2.95771610e+00 
 9.33288750e-10  2.83411792e+00  2.95781961e+00 
 9.34288750e-10  2.83400310e+00  2.95792322e+00 
 9.35288750e-10  2.83388811e+00  2.95802698e+00 
 9.36288750e-10  2.83377296e+00  2.95813087e+00 
 9.37288750e-10  2.83365766e+00  2.95823490e+00 
 9.38288750e-10  2.83354225e+00  2.95833902e+00 
 9.39288750e-10  2.83342677e+00  2.95844318e+00 
 9.40288750e-10  2.83331129e+00  2.95854730e+00 
 9.41288750e-10  2.83319584e+00  2.95865134e+00 
 9.42288750e-10  2.83308044e+00  2.95875523e+00 
 9.43288750e-10  2.83296509e+00  2.95885895e+00 
 9.44288750e-10  2.83284979e+00  2.95896253e+00 
 9.45288750e-10  2.83273450e+00  2.95906600e+00 
 9.46288750e-10  2.83261917e+00  2.95916942e+00 
 9.47288750e-10  2.83250375e+00  2.95927285e+00 
 9.48288750e-10  2.83238820e+00  2.95937634e+00 
 9.49288750e-10  2.83227250e+00  2.95947995e+00 
 9.50288750e-10  2.83215663e+00  2.95958369e+00 
 9.51288750e-10  2.83204059e+00  2.95968758e+00 
 9.52288750e-10  2.83192442e+00  2.95979159e+00 
 9.53288750e-10  2.83180813e+00  2.95989568e+00 
 9.54288750e-10  2.83169179e+00  2.95999980e+00 
 9.55288750e-10  2.83157545e+00  2.96010389e+00 
 9.56288750e-10  2.83145913e+00  2.96020788e+00 
 9.57288750e-10  2.83134288e+00  2.96031173e+00 
 9.58288750e-10  2.83122668e+00  2.96041541e+00 
 9.59288750e-10  2.83111052e+00  2.96051893e+00 
 9.60288750e-10  2.83099437e+00  2.96062235e+00 
 9.61288750e-10  2.83087817e+00  2.96072572e+00 
 9.62288750e-10  2.83076189e+00  2.96082910e+00 
 9.63288750e-10  2.83064549e+00  2.96093254e+00 
 9.64288750e-10  2.83052893e+00  2.96103610e+00 
 9.65288750e-10  2.83041220e+00  2.96113978e+00 
 9.66288750e-10  2.83029531e+00  2.96124360e+00 
 9.67288750e-10  2.83017828e+00  2.96134753e+00 
 9.68288750e-10  2.83006116e+00  2.96145155e+00 
 9.69288750e-10  2.82994399e+00  2.96155559e+00 
 9.70288750e-10  2.82982682e+00  2.96165958e+00 
 9.71288750e-10  2.82970968e+00  2.96176347e+00 
 9.72288750e-10  2.82959260e+00  2.96186721e+00 
 9.73288750e-10  2.82947558e+00  2.96197078e+00 
 9.74288750e-10  2.82935860e+00  2.96207419e+00 
 9.75288750e-10  2.82924162e+00  2.96217751e+00 
 9.76288750e-10  2.82912460e+00  2.96228077e+00 
 9.77288750e-10  2.82900749e+00  2.96238405e+00 
 9.78288750e-10  2.82889025e+00  2.96248739e+00 
 9.79288750e-10  2.82877286e+00  2.96259084e+00 
 9.80288750e-10  2.82865530e+00  2.96269441e+00 
 9.81288750e-10  2.82853758e+00  2.96279812e+00 
 9.82288750e-10  2.82841973e+00  2.96290195e+00 
 9.83288750e-10  2.82830179e+00  2.96300584e+00 
 9.84288750e-10  2.82818380e+00  2.96310976e+00 
 9.85288750e-10  2.82806581e+00  2.96321362e+00 
 9.86288750e-10  2.82794787e+00  2.96331737e+00 
 9.87288750e-10  2.82782998e+00  2.96342097e+00 
 9.88288750e-10  2.82771215e+00  2.96352440e+00 
 9.89288750e-10  2.82759437e+00  2.96362767e+00 
 9.90288750e-10  2.82747658e+00  2.96373085e+00 
 9.91288750e-10  2.82735875e+00  2.96383397e+00 
 9.92288750e-10  2.82724082e+00  2.96393710e+00 
 9.93288750e-10  2.82712277e+00  2.96404030e+00 
 9.94288750e-10  2.82700457e+00  2.96414360e+00 
 9.95288750e-10  2.82688620e+00  2.96424703e+00 
 9.96288750e-10  2.82676769e+00  2.96435059e+00 
 9.97288750e-10  2.82664904e+00  2.96445425e+00 
 9.98288750e-10  2.82653031e+00  2.96455798e+00 
 9.99144375e-10  2.82642868e+00  2.96464660e+00 
 1.00000000e-09  2.82632706e+00  2.96473508e+00 
