 frequency       v(vout)         v(vout)         v(vinn)         v(vinn)        
 1.00000000e+03 -9.89518534e-01  5.18896244e-06  1.04814656e-02  5.18896244e-06 
 1.02329299e+03 -9.89518534e-01  5.30982890e-06  1.04814656e-02  5.30982890e-06 
 1.04712855e+03 -9.89518534e-01  5.43351070e-06  1.04814656e-02  5.43351070e-06 
 1.07151931e+03 -9.89518534e-01  5.56007343e-06  1.04814656e-02  5.56007343e-06 
 1.09647820e+03 -9.89518534e-01  5.68958417e-06  1.04814656e-02  5.68958417e-06 
 1.12201845e+03 -9.89518534e-01  5.82211161e-06  1.04814656e-02  5.82211161e-06 
 1.14815362e+03 -9.89518534e-01  5.95772602e-06  1.04814656e-02  5.95772602e-06 
 1.17489755e+03 -9.89518534e-01  6.09649928e-06  1.04814656e-02  6.09649928e-06 
 1.20226443e+03 -9.89518534e-01  6.23850499e-06  1.04814656e-02  6.23850499e-06 
 1.23026877e+03 -9.89518534e-01  6.38381844e-06  1.04814656e-02  6.38381844e-06 
 1.25892541e+03 -9.89518534e-01  6.53251667e-06  1.04814656e-02  6.53251667e-06 
 1.28824955e+03 -9.89518534e-01  6.68467854e-06  1.04814656e-02  6.68467854e-06 
 1.31825674e+03 -9.89518534e-01  6.84038470e-06  1.04814656e-02  6.84038470e-06 
 1.34896288e+03 -9.89518534e-01  6.99971773e-06  1.04814656e-02  6.99971773e-06 
 1.38038426e+03 -9.89518534e-01  7.16276210e-06  1.04814656e-02  7.16276210e-06 
 1.41253754e+03 -9.89518534e-01  7.32960426e-06  1.04814656e-02  7.32960426e-06 
 1.44543977e+03 -9.89518534e-01  7.50033268e-06  1.04814656e-02  7.50033268e-06 
 1.47910839e+03 -9.89518534e-01  7.67503787e-06  1.04814656e-02  7.67503787e-06 
 1.51356125e+03 -9.89518534e-01  7.85381247e-06  1.04814656e-02  7.85381247e-06 
 1.54881662e+03 -9.89518534e-01  8.03675126e-06  1.04814656e-02  8.03675126e-06 
 1.58489319e+03 -9.89518534e-01  8.22395124e-06  1.04814656e-02  8.22395124e-06 
 1.62181010e+03 -9.89518534e-01  8.41551168e-06  1.04814656e-02  8.41551168e-06 
 1.65958691e+03 -9.89518534e-01  8.61153413e-06  1.04814656e-02  8.61153413e-06 
 1.69824365e+03 -9.89518534e-01  8.81212252e-06  1.04814657e-02  8.81212252e-06 
 1.73780083e+03 -9.89518534e-01  9.01738323e-06  1.04814657e-02  9.01738323e-06 
 1.77827941e+03 -9.89518534e-01  9.22742506e-06  1.04814657e-02  9.22742506e-06 
 1.81970086e+03 -9.89518534e-01  9.44235940e-06  1.04814657e-02  9.44235940e-06 
 1.86208714e+03 -9.89518534e-01  9.66230021e-06  1.04814657e-02  9.66230021e-06 
 1.90546072e+03 -9.89518534e-01  9.88736409e-06  1.04814657e-02  9.88736409e-06 
 1.94984460e+03 -9.89518534e-01  1.01176704e-05  1.04814657e-02  1.01176704e-05 
 1.99526231e+03 -9.89518534e-01  1.03533412e-05  1.04814657e-02  1.03533412e-05 
 2.04173794e+03 -9.89518534e-01  1.05945015e-05  1.04814657e-02  1.05945015e-05 
 2.08929613e+03 -9.89518534e-01  1.08412791e-05  1.04814657e-02  1.08412791e-05 
 2.13796209e+03 -9.89518534e-01  1.10938050e-05  1.04814657e-02  1.10938050e-05 
 2.18776162e+03 -9.89518534e-01  1.13522129e-05  1.04814657e-02  1.13522129e-05 
 2.23872114e+03 -9.89518534e-01  1.16166399e-05  1.04814657e-02  1.16166399e-05 
 2.29086765e+03 -9.89518534e-01  1.18872262e-05  1.04814657e-02  1.18872262e-05 
 2.34422882e+03 -9.89518534e-01  1.21641153e-05  1.04814657e-02  1.21641153e-05 
 2.39883292e+03 -9.89518534e-01  1.24474539e-05  1.04814657e-02  1.24474539e-05 
 2.45470892e+03 -9.89518534e-01  1.27373924e-05  1.04814657e-02  1.27373924e-05 
 2.51188643e+03 -9.89518534e-01  1.30340843e-05  1.04814657e-02  1.30340843e-05 
 2.57039578e+03 -9.89518534e-01  1.33376872e-05  1.04814657e-02  1.33376872e-05 
 2.63026799e+03 -9.89518534e-01  1.36483618e-05  1.04814657e-02  1.36483618e-05 
 2.69153480e+03 -9.89518534e-01  1.39662730e-05  1.04814657e-02  1.39662730e-05 
 2.75422870e+03 -9.89518534e-01  1.42915893e-05  1.04814657e-02  1.42915893e-05 
 2.81838293e+03 -9.89518534e-01  1.46244832e-05  1.04814657e-02  1.46244832e-05 
 2.88403150e+03 -9.89518534e-01  1.49651311e-05  1.04814657e-02  1.49651311e-05 
 2.95120923e+03 -9.89518534e-01  1.53137138e-05  1.04814657e-02  1.53137138e-05 
 3.01995172e+03 -9.89518534e-01  1.56704160e-05  1.04814657e-02  1.56704160e-05 
 3.09029543e+03 -9.89518534e-01  1.60354269e-05  1.04814657e-02  1.60354269e-05 
 3.16227766e+03 -9.89518534e-01  1.64089400e-05  1.04814657e-02  1.64089400e-05 
 3.23593657e+03 -9.89518534e-01  1.67911533e-05  1.04814657e-02  1.67911533e-05 
 3.31131121e+03 -9.89518534e-01  1.71822695e-05  1.04814657e-02  1.71822695e-05 
 3.38844156e+03 -9.89518534e-01  1.75824960e-05  1.04814658e-02  1.75824960e-05 
 3.46736850e+03 -9.89518534e-01  1.79920449e-05  1.04814658e-02  1.79920449e-05 
 3.54813389e+03 -9.89518534e-01  1.84111335e-05  1.04814658e-02  1.84111335e-05 
 3.63078055e+03 -9.89518534e-01  1.88399839e-05  1.04814658e-02  1.88399839e-05 
 3.71535229e+03 -9.89518534e-01  1.92788235e-05  1.04814658e-02  1.92788235e-05 
 3.80189396e+03 -9.89518534e-01  1.97278850e-05  1.04814658e-02  1.97278850e-05 
 3.89045145e+03 -9.89518534e-01  2.01874064e-05  1.04814658e-02  2.01874064e-05 
 3.98107171e+03 -9.89518534e-01  2.06576315e-05  1.04814658e-02  2.06576315e-05 
 4.07380278e+03 -9.89518534e-01  2.11388096e-05  1.04814658e-02  2.11388096e-05 
 4.16869383e+03 -9.89518534e-01  2.16311957e-05  1.04814658e-02  2.16311957e-05 
 4.26579519e+03 -9.89518534e-01  2.21350510e-05  1.04814658e-02  2.21350510e-05 
 4.36515832e+03 -9.89518534e-01  2.26506426e-05  1.04814658e-02  2.26506426e-05 
 4.46683592e+03 -9.89518534e-01  2.31782438e-05  1.04814659e-02  2.31782438e-05 
 4.57088190e+03 -9.89518534e-01  2.37181345e-05  1.04814659e-02  2.37181345e-05 
 4.67735141e+03 -9.89518534e-01  2.42706008e-05  1.04814659e-02  2.42706008e-05 
 4.78630092e+03 -9.89518534e-01  2.48359357e-05  1.04814659e-02  2.48359357e-05 
 4.89778819e+03 -9.89518534e-01  2.54144390e-05  1.04814659e-02  2.54144390e-05 
 5.01187234e+03 -9.89518534e-01  2.60064173e-05  1.04814659e-02  2.60064173e-05 
 5.12861384e+03 -9.89518534e-01  2.66121846e-05  1.04814659e-02  2.66121846e-05 
 5.24807460e+03 -9.89518534e-01  2.72320620e-05  1.04814659e-02  2.72320620e-05 
 5.37031796e+03 -9.89518534e-01  2.78663782e-05  1.04814660e-02  2.78663782e-05 
 5.49540874e+03 -9.89518534e-01  2.85154695e-05  1.04814660e-02  2.85154695e-05 
 5.62341325e+03 -9.89518534e-01  2.91796801e-05  1.04814660e-02  2.91796801e-05 
 5.75439937e+03 -9.89518534e-01  2.98593622e-05  1.04814660e-02  2.98593622e-05 
 5.88843655e+03 -9.89518534e-01  3.05548761e-05  1.04814660e-02  3.05548761e-05 
 6.02559586e+03 -9.89518534e-01  3.12665906e-05  1.04814661e-02  3.12665906e-05 
 6.16595002e+03 -9.89518534e-01  3.19948830e-05  1.04814661e-02  3.19948830e-05 
 6.30957344e+03 -9.89518534e-01  3.27401396e-05  1.04814661e-02  3.27401396e-05 
 6.45654229e+03 -9.89518534e-01  3.35027554e-05  1.04814661e-02  3.35027554e-05 
 6.60693448e+03 -9.89518534e-01  3.42831349e-05  1.04814661e-02  3.42831349e-05 
 6.76082975e+03 -9.89518534e-01  3.50816917e-05  1.04814662e-02  3.50816917e-05 
 6.91830971e+03 -9.89518534e-01  3.58988492e-05  1.04814662e-02  3.58988492e-05 
 7.07945784e+03 -9.89518534e-01  3.67350408e-05  1.04814662e-02  3.67350408e-05 
 7.24435960e+03 -9.89518534e-01  3.75907099e-05  1.04814662e-02  3.75907099e-05 
 7.41310241e+03 -9.89518534e-01  3.84663100e-05  1.04814663e-02  3.84663100e-05 
 7.58577575e+03 -9.89518534e-01  3.93623054e-05  1.04814663e-02  3.93623054e-05 
 7.76247117e+03 -9.89518534e-01  4.02791713e-05  1.04814663e-02  4.02791713e-05 
 7.94328235e+03 -9.89518534e-01  4.12173937e-05  1.04814664e-02  4.12173937e-05 
 8.12830516e+03 -9.89518534e-01  4.21774702e-05  1.04814664e-02  4.21774702e-05 
 8.31763771e+03 -9.89518534e-01  4.31599097e-05  1.04814664e-02  4.31599097e-05 
 8.51138038e+03 -9.89518534e-01  4.41652331e-05  1.04814665e-02  4.41652331e-05 
 8.70963590e+03 -9.89518533e-01  4.51939735e-05  1.04814665e-02  4.51939735e-05 
 8.91250938e+03 -9.89518533e-01  4.62466764e-05  1.04814666e-02  4.62466764e-05 
 9.12010839e+03 -9.89518533e-01  4.73238999e-05  1.04814666e-02  4.73238999e-05 
 9.33254301e+03 -9.89518533e-01  4.84262151e-05  1.04814667e-02  4.84262151e-05 
 9.54992586e+03 -9.89518533e-01  4.95542066e-05  1.04814667e-02  4.95542066e-05 
 9.77237221e+03 -9.89518533e-01  5.07084723e-05  1.04814668e-02  5.07084723e-05 
 1.00000000e+04 -9.89518533e-01  5.18896244e-05  1.04814668e-02  5.18896244e-05 
 1.02329299e+04 -9.89518533e-01  5.30982890e-05  1.04814669e-02  5.30982890e-05 
 1.04712855e+04 -9.89518533e-01  5.43351071e-05  1.04814669e-02  5.43351071e-05 
 1.07151931e+04 -9.89518533e-01  5.56007343e-05  1.04814670e-02  5.56007343e-05 
 1.09647820e+04 -9.89518533e-01  5.68958418e-05  1.04814671e-02  5.68958418e-05 
 1.12201845e+04 -9.89518533e-01  5.82211162e-05  1.04814671e-02  5.82211162e-05 
 1.14815362e+04 -9.89518533e-01  5.95772602e-05  1.04814672e-02  5.95772602e-05 
 1.17489755e+04 -9.89518533e-01  6.09649928e-05  1.04814673e-02  6.09649928e-05 
 1.20226443e+04 -9.89518533e-01  6.23850500e-05  1.04814674e-02  6.23850500e-05 
 1.23026877e+04 -9.89518533e-01  6.38381844e-05  1.04814674e-02  6.38381844e-05 
 1.25892541e+04 -9.89518532e-01  6.53251668e-05  1.04814675e-02  6.53251668e-05 
 1.28824955e+04 -9.89518532e-01  6.68467854e-05  1.04814676e-02  6.68467854e-05 
 1.31825674e+04 -9.89518532e-01  6.84038471e-05  1.04814677e-02  6.84038471e-05 
 1.34896288e+04 -9.89518532e-01  6.99971773e-05  1.04814678e-02  6.99971773e-05 
 1.38038426e+04 -9.89518532e-01  7.16276211e-05  1.04814679e-02  7.16276211e-05 
 1.41253754e+04 -9.89518532e-01  7.32960427e-05  1.04814680e-02  7.32960427e-05 
 1.44543977e+04 -9.89518532e-01  7.50033268e-05  1.04814681e-02  7.50033268e-05 
 1.47910839e+04 -9.89518532e-01  7.67503788e-05  1.04814682e-02  7.67503788e-05 
 1.51356125e+04 -9.89518532e-01  7.85381247e-05  1.04814684e-02  7.85381247e-05 
 1.54881662e+04 -9.89518532e-01  8.03675127e-05  1.04814685e-02  8.03675127e-05 
 1.58489319e+04 -9.89518531e-01  8.22395125e-05  1.04814686e-02  8.22395125e-05 
 1.62181010e+04 -9.89518531e-01  8.41551169e-05  1.04814688e-02  8.41551169e-05 
 1.65958691e+04 -9.89518531e-01  8.61153414e-05  1.04814689e-02  8.61153414e-05 
 1.69824365e+04 -9.89518531e-01  8.81212253e-05  1.04814691e-02  8.81212253e-05 
 1.73780083e+04 -9.89518531e-01  9.01738324e-05  1.04814692e-02  9.01738324e-05 
 1.77827941e+04 -9.89518531e-01  9.22742508e-05  1.04814694e-02  9.22742508e-05 
 1.81970086e+04 -9.89518530e-01  9.44235942e-05  1.04814696e-02  9.44235942e-05 
 1.86208714e+04 -9.89518530e-01  9.66230022e-05  1.04814698e-02  9.66230022e-05 
 1.90546072e+04 -9.89518530e-01  9.88736411e-05  1.04814700e-02  9.88736411e-05 
 1.94984460e+04 -9.89518530e-01  1.01176704e-04  1.04814702e-02  1.01176704e-04 
 1.99526231e+04 -9.89518530e-01  1.03533412e-04  1.04814704e-02  1.03533412e-04 
 2.04173794e+04 -9.89518529e-01  1.05945015e-04  1.04814706e-02  1.05945015e-04 
 2.08929613e+04 -9.89518529e-01  1.08412792e-04  1.04814709e-02  1.08412792e-04 
 2.13796209e+04 -9.89518529e-01  1.10938050e-04  1.04814711e-02  1.10938050e-04 
 2.18776162e+04 -9.89518529e-01  1.13522129e-04  1.04814714e-02  1.13522129e-04 
 2.23872114e+04 -9.89518528e-01  1.16166399e-04  1.04814716e-02  1.16166399e-04 
 2.29086765e+04 -9.89518528e-01  1.18872262e-04  1.04814719e-02  1.18872262e-04 
 2.34422882e+04 -9.89518528e-01  1.21641153e-04  1.04814722e-02  1.21641153e-04 
 2.39883292e+04 -9.89518527e-01  1.24474539e-04  1.04814725e-02  1.24474539e-04 
 2.45470892e+04 -9.89518527e-01  1.27373924e-04  1.04814729e-02  1.27373924e-04 
 2.51188643e+04 -9.89518527e-01  1.30340844e-04  1.04814732e-02  1.30340844e-04 
 2.57039578e+04 -9.89518526e-01  1.33376872e-04  1.04814736e-02  1.33376872e-04 
 2.63026799e+04 -9.89518526e-01  1.36483618e-04  1.04814739e-02  1.36483618e-04 
 2.69153480e+04 -9.89518526e-01  1.39662730e-04  1.04814743e-02  1.39662730e-04 
 2.75422870e+04 -9.89518525e-01  1.42915893e-04  1.04814747e-02  1.42915893e-04 
 2.81838293e+04 -9.89518525e-01  1.46244832e-04  1.04814752e-02  1.46244832e-04 
 2.88403150e+04 -9.89518524e-01  1.49651312e-04  1.04814756e-02  1.49651312e-04 
 2.95120923e+04 -9.89518524e-01  1.53137139e-04  1.04814761e-02  1.53137139e-04 
 3.01995172e+04 -9.89518523e-01  1.56704161e-04  1.04814766e-02  1.56704161e-04 
 3.09029543e+04 -9.89518523e-01  1.60354270e-04  1.04814771e-02  1.60354270e-04 
 3.16227766e+04 -9.89518522e-01  1.64089401e-04  1.04814776e-02  1.64089401e-04 
 3.23593657e+04 -9.89518522e-01  1.67911534e-04  1.04814782e-02  1.67911534e-04 
 3.31131121e+04 -9.89518521e-01  1.71822696e-04  1.04814788e-02  1.71822696e-04 
 3.38844156e+04 -9.89518521e-01  1.75824961e-04  1.04814794e-02  1.75824961e-04 
 3.46736850e+04 -9.89518520e-01  1.79920450e-04  1.04814801e-02  1.79920450e-04 
 3.54813389e+04 -9.89518519e-01  1.84111336e-04  1.04814807e-02  1.84111336e-04 
 3.63078055e+04 -9.89518519e-01  1.88399840e-04  1.04814815e-02  1.88399840e-04 
 3.71535229e+04 -9.89518518e-01  1.92788236e-04  1.04814822e-02  1.92788236e-04 
 3.80189396e+04 -9.89518517e-01  1.97278851e-04  1.04814830e-02  1.97278851e-04 
 3.89045145e+04 -9.89518516e-01  2.01874066e-04  1.04814838e-02  2.01874066e-04 
 3.98107171e+04 -9.89518515e-01  2.06576317e-04  1.04814847e-02  2.06576317e-04 
 4.07380278e+04 -9.89518514e-01  2.11388097e-04  1.04814856e-02  2.11388097e-04 
 4.16869383e+04 -9.89518514e-01  2.16311959e-04  1.04814865e-02  2.16311959e-04 
 4.26579519e+04 -9.89518513e-01  2.21350512e-04  1.04814875e-02  2.21350512e-04 
 4.36515832e+04 -9.89518511e-01  2.26506427e-04  1.04814885e-02  2.26506427e-04 
 4.46683592e+04 -9.89518510e-01  2.31782440e-04  1.04814896e-02  2.31782440e-04 
 4.57088190e+04 -9.89518509e-01  2.37181347e-04  1.04814907e-02  2.37181347e-04 
 4.67735141e+04 -9.89518508e-01  2.42706010e-04  1.04814919e-02  2.42706010e-04 
 4.78630092e+04 -9.89518507e-01  2.48359359e-04  1.04814931e-02  2.48359359e-04 
 4.89778819e+04 -9.89518506e-01  2.54144392e-04  1.04814944e-02  2.54144392e-04 
 5.01187234e+04 -9.89518504e-01  2.60064176e-04  1.04814958e-02  2.60064176e-04 
 5.12861384e+04 -9.89518503e-01  2.66121848e-04  1.04814972e-02  2.66121848e-04 
 5.24807460e+04 -9.89518501e-01  2.72320623e-04  1.04814987e-02  2.72320623e-04 
 5.37031796e+04 -9.89518500e-01  2.78663785e-04  1.04815003e-02  2.78663785e-04 
 5.49540874e+04 -9.89518498e-01  2.85154699e-04  1.04815019e-02  2.85154699e-04 
 5.62341325e+04 -9.89518496e-01  2.91796805e-04  1.04815036e-02  2.91796805e-04 
 5.75439937e+04 -9.89518495e-01  2.98593626e-04  1.04815054e-02  2.98593626e-04 
 5.88843655e+04 -9.89518493e-01  3.05548765e-04  1.04815073e-02  3.05548765e-04 
 6.02559586e+04 -9.89518491e-01  3.12665910e-04  1.04815092e-02  3.12665910e-04 
 6.16595002e+04 -9.89518489e-01  3.19948835e-04  1.04815113e-02  3.19948835e-04 
 6.30957344e+04 -9.89518487e-01  3.27401401e-04  1.04815134e-02  3.27401401e-04 
 6.45654229e+04 -9.89518484e-01  3.35027560e-04  1.04815157e-02  3.35027560e-04 
 6.60693448e+04 -9.89518482e-01  3.42831354e-04  1.04815181e-02  3.42831354e-04 
 6.76082975e+04 -9.89518479e-01  3.50816923e-04  1.04815205e-02  3.50816923e-04 
 6.91830971e+04 -9.89518477e-01  3.58988499e-04  1.04815231e-02  3.58988499e-04 
 7.07945784e+04 -9.89518474e-01  3.67350415e-04  1.04815258e-02  3.67350415e-04 
 7.24435960e+04 -9.89518471e-01  3.75907106e-04  1.04815287e-02  3.75907106e-04 
 7.41310241e+04 -9.89518468e-01  3.84663108e-04  1.04815316e-02  3.84663108e-04 
 7.58577575e+04 -9.89518465e-01  3.93623063e-04  1.04815347e-02  3.93623063e-04 
 7.76247117e+04 -9.89518462e-01  4.02791722e-04  1.04815380e-02  4.02791722e-04 
 7.94328235e+04 -9.89518459e-01  4.12173947e-04  1.04815414e-02  4.12173947e-04 
 8.12830516e+04 -9.89518455e-01  4.21774712e-04  1.04815450e-02  4.21774712e-04 
 8.31763771e+04 -9.89518451e-01  4.31599108e-04  1.04815487e-02  4.31599108e-04 
 8.51138038e+04 -9.89518447e-01  4.41652343e-04  1.04815527e-02  4.41652343e-04 
 8.70963590e+04 -9.89518443e-01  4.51939749e-04  1.04815568e-02  4.51939749e-04 
 8.91250938e+04 -9.89518439e-01  4.62466778e-04  1.04815610e-02  4.62466778e-04 
 9.12010839e+04 -9.89518434e-01  4.73239014e-04  1.04815655e-02  4.73239014e-04 
 9.33254301e+04 -9.89518430e-01  4.84262167e-04  1.04815703e-02  4.84262167e-04 
 9.54992586e+04 -9.89518425e-01  4.95542083e-04  1.04815752e-02  4.95542083e-04 
 9.77237221e+04 -9.89518420e-01  5.07084742e-04  1.04815803e-02  5.07084742e-04 
 1.00000000e+05 -9.89518414e-01  5.18896264e-04  1.04815858e-02  5.18896264e-04 
 1.02329299e+05 -9.89518409e-01  5.30982911e-04  1.04815914e-02  5.30982911e-04 
 1.04712855e+05 -9.89518403e-01  5.43351093e-04  1.04815973e-02  5.43351093e-04 
 1.07151931e+05 -9.89518396e-01  5.56007367e-04  1.04816036e-02  5.56007367e-04 
 1.09647820e+05 -9.89518390e-01  5.68958444e-04  1.04816101e-02  5.68958444e-04 
 1.12201845e+05 -9.89518383e-01  5.82211190e-04  1.04816169e-02  5.82211190e-04 
 1.14815362e+05 -9.89518376e-01  5.95772632e-04  1.04816240e-02  5.95772632e-04 
 1.17489755e+05 -9.89518369e-01  6.09649961e-04  1.04816315e-02  6.09649961e-04 
 1.20226443e+05 -9.89518361e-01  6.23850534e-04  1.04816393e-02  6.23850534e-04 
 1.23026877e+05 -9.89518353e-01  6.38381881e-04  1.04816475e-02  6.38381881e-04 
 1.25892541e+05 -9.89518344e-01  6.53251707e-04  1.04816560e-02  6.53251707e-04 
 1.28824955e+05 -9.89518335e-01  6.68467896e-04  1.04816650e-02  6.68467896e-04 
 1.31825674e+05 -9.89518326e-01  6.84038516e-04  1.04816744e-02  6.84038516e-04 
 1.34896288e+05 -9.89518316e-01  6.99971822e-04  1.04816842e-02  6.99971822e-04 
 1.38038426e+05 -9.89518305e-01  7.16276262e-04  1.04816945e-02  7.16276262e-04 
 1.41253754e+05 -9.89518295e-01  7.32960482e-04  1.04817053e-02  7.32960482e-04 
 1.44543977e+05 -9.89518283e-01  7.50033328e-04  1.04817166e-02  7.50033328e-04 
 1.47910839e+05 -9.89518272e-01  7.67503851e-04  1.04817285e-02  7.67503851e-04 
 1.51356125e+05 -9.89518259e-01  7.85381316e-04  1.04817408e-02  7.85381316e-04 
 1.54881662e+05 -9.89518246e-01  8.03675200e-04  1.04817538e-02  8.03675200e-04 
 1.58489319e+05 -9.89518233e-01  8.22395204e-04  1.04817674e-02  8.22395204e-04 
 1.62181010e+05 -9.89518218e-01  8.41551253e-04  1.04817816e-02  8.41551253e-04 
 1.65958691e+05 -9.89518203e-01  8.61153504e-04  1.04817965e-02  8.61153504e-04 
 1.69824365e+05 -9.89518188e-01  8.81212350e-04  1.04818121e-02  8.81212350e-04 
 1.73780083e+05 -9.89518172e-01  9.01738427e-04  1.04818284e-02  9.01738427e-04 
 1.77827941e+05 -9.89518154e-01  9.22742619e-04  1.04818455e-02  9.22742619e-04 
 1.81970086e+05 -9.89518137e-01  9.44236061e-04  1.04818634e-02  9.44236061e-04 
 1.86208714e+05 -9.89518118e-01  9.66230150e-04  1.04818822e-02  9.66230150e-04 
 1.90546072e+05 -9.89518098e-01  9.88736547e-04  1.04819018e-02  9.88736547e-04 
 1.94984460e+05 -9.89518078e-01  1.01176719e-03  1.04819224e-02  1.01176719e-03 
 1.99526231e+05 -9.89518056e-01  1.03533428e-03  1.04819439e-02  1.03533428e-03 
 2.04173794e+05 -9.89518034e-01  1.05945032e-03  1.04819664e-02  1.05945032e-03 
 2.08929613e+05 -9.89518010e-01  1.08412810e-03  1.04819900e-02  1.08412810e-03 
 2.13796209e+05 -9.89517985e-01  1.10938069e-03  1.04820148e-02  1.10938069e-03 
 2.18776162e+05 -9.89517959e-01  1.13522150e-03  1.04820406e-02  1.13522150e-03 
 2.23872114e+05 -9.89517932e-01  1.16166421e-03  1.04820677e-02  1.16166421e-03 
 2.29086765e+05 -9.89517904e-01  1.18872286e-03  1.04820961e-02  1.18872286e-03 
 2.34422882e+05 -9.89517874e-01  1.21641178e-03  1.04821258e-02  1.21641178e-03 
 2.39883292e+05 -9.89517843e-01  1.24474567e-03  1.04821570e-02  1.24474567e-03 
 2.45470892e+05 -9.89517810e-01  1.27373953e-03  1.04821895e-02  1.27373953e-03 
 2.51188643e+05 -9.89517776e-01  1.30340875e-03  1.04822236e-02  1.30340875e-03 
 2.57039578e+05 -9.89517741e-01  1.33376906e-03  1.04822594e-02  1.33376906e-03 
 2.63026799e+05 -9.89517703e-01  1.36483654e-03  1.04822968e-02  1.36483654e-03 
 2.69153480e+05 -9.89517664e-01  1.39662769e-03  1.04823360e-02  1.39662769e-03 
 2.75422870e+05 -9.89517623e-01  1.42915935e-03  1.04823770e-02  1.42915935e-03 
 2.81838293e+05 -9.89517580e-01  1.46244876e-03  1.04824199e-02  1.46244876e-03 
 2.88403150e+05 -9.89517535e-01  1.49651359e-03  1.04824649e-02  1.49651359e-03 
 2.95120923e+05 -9.89517488e-01  1.53137190e-03  1.04825120e-02  1.53137190e-03 
 3.01995172e+05 -9.89517439e-01  1.56704215e-03  1.04825613e-02  1.56704215e-03 
 3.09029543e+05 -9.89517387e-01  1.60354328e-03  1.04826129e-02  1.60354328e-03 
 3.16227766e+05 -9.89517333e-01  1.64089463e-03  1.04826670e-02  1.64089463e-03 
 3.23593657e+05 -9.89517276e-01  1.67911601e-03  1.04827236e-02  1.67911601e-03 
 3.31131121e+05 -9.89517217e-01  1.71822768e-03  1.04827829e-02  1.71822768e-03 
 3.38844156e+05 -9.89517155e-01  1.75825038e-03  1.04828450e-02  1.75825038e-03 
 3.46736850e+05 -9.89517090e-01  1.79920533e-03  1.04829100e-02  1.79920533e-03 
 3.54813389e+05 -9.89517022e-01  1.84111424e-03  1.04829781e-02  1.84111424e-03 
 3.63078055e+05 -9.89516951e-01  1.88399934e-03  1.04830494e-02  1.88399934e-03 
 3.71535229e+05 -9.89516876e-01  1.92788337e-03  1.04831240e-02  1.92788337e-03 
 3.80189396e+05 -9.89516798e-01  1.97278959e-03  1.04832022e-02  1.97278959e-03 
 3.89045145e+05 -9.89516716e-01  2.01874182e-03  1.04832840e-02  2.01874182e-03 
 3.98107171e+05 -9.89516630e-01  2.06576441e-03  1.04833697e-02  2.06576441e-03 
 4.07380278e+05 -9.89516541e-01  2.11388231e-03  1.04834595e-02  2.11388231e-03 
 4.16869383e+05 -9.89516447e-01  2.16312102e-03  1.04835534e-02  2.16312102e-03 
 4.26579519e+05 -9.89516348e-01  2.21350665e-03  1.04836518e-02  2.21350665e-03 
 4.36515832e+05 -9.89516245e-01  2.26506592e-03  1.04837548e-02  2.26506592e-03 
 4.46683592e+05 -9.89516137e-01  2.31782616e-03  1.04838627e-02  2.31782616e-03 
 4.57088190e+05 -9.89516024e-01  2.37181535e-03  1.04839757e-02  2.37181535e-03 
 4.67735141e+05 -9.89515906e-01  2.42706212e-03  1.04840940e-02  2.42706212e-03 
 4.78630092e+05 -9.89515782e-01  2.48359576e-03  1.04842179e-02  2.48359576e-03 
 4.89778819e+05 -9.89515652e-01  2.54144624e-03  1.04843476e-02  2.54144624e-03 
 5.01187234e+05 -9.89515517e-01  2.60064424e-03  1.04844834e-02  2.60064424e-03 
 5.12861384e+05 -9.89515374e-01  2.66122115e-03  1.04846256e-02  2.66122115e-03 
 5.24807460e+05 -9.89515225e-01  2.72320908e-03  1.04847746e-02  2.72320908e-03 
 5.37031796e+05 -9.89515069e-01  2.78664091e-03  1.04849305e-02  2.78664091e-03 
 5.49540874e+05 -9.89514906e-01  2.85155027e-03  1.04850938e-02  2.85155027e-03 
 5.62341325e+05 -9.89514735e-01  2.91797156e-03  1.04852648e-02  2.91797156e-03 
 5.75439937e+05 -9.89514556e-01  2.98594002e-03  1.04854439e-02  2.98594002e-03 
 5.88843655e+05 -9.89514369e-01  3.05549169e-03  1.04856313e-02  3.05549169e-03 
 6.02559586e+05 -9.89514172e-01  3.12666343e-03  1.04858277e-02  3.12666343e-03 
 6.16595002e+05 -9.89513967e-01  3.19949298e-03  1.04860333e-02  3.19949298e-03 
 6.30957344e+05 -9.89513751e-01  3.27401898e-03  1.04862485e-02  3.27401898e-03 
 6.45654229e+05 -9.89513526e-01  3.35028092e-03  1.04864739e-02  3.35028092e-03 
 6.60693448e+05 -9.89513290e-01  3.42831924e-03  1.04867100e-02  3.42831924e-03 
 6.76082975e+05 -9.89513043e-01  3.50817533e-03  1.04869571e-02  3.50817533e-03 
 6.91830971e+05 -9.89512784e-01  3.58989153e-03  1.04872159e-02  3.58989153e-03 
 7.07945784e+05 -9.89512513e-01  3.67351117e-03  1.04874869e-02  3.67351117e-03 
 7.24435960e+05 -9.89512229e-01  3.75907858e-03  1.04877707e-02  3.75907858e-03 
 7.41310241e+05 -9.89511932e-01  3.84663913e-03  1.04880679e-02  3.84663913e-03 
 7.58577575e+05 -9.89511621e-01  3.93623926e-03  1.04883790e-02  3.93623926e-03 
 7.76247117e+05 -9.89511295e-01  4.02792647e-03  1.04887049e-02  4.02792647e-03 
 7.94328235e+05 -9.89510954e-01  4.12174938e-03  1.04890460e-02  4.12174938e-03 
 8.12830516e+05 -9.89510597e-01  4.21775774e-03  1.04894033e-02  4.21775774e-03 
 8.31763771e+05 -9.89510223e-01  4.31600245e-03  1.04897774e-02  4.31600245e-03 
 8.51138038e+05 -9.89509831e-01  4.41653562e-03  1.04901691e-02  4.41653562e-03 
 8.70963590e+05 -9.89509421e-01  4.51941054e-03  1.04905793e-02  4.51941054e-03 
 8.91250938e+05 -9.89508991e-01  4.62468178e-03  1.04910089e-02  4.62468178e-03 
 9.12010839e+05 -9.89508541e-01  4.73240513e-03  1.04914586e-02  4.73240513e-03 
 9.33254301e+05 -9.89508070e-01  4.84263774e-03  1.04919296e-02  4.84263774e-03 
 9.54992586e+05 -9.89507577e-01  4.95543805e-03  1.04924227e-02  4.95543805e-03 
 9.77237221e+05 -9.89507061e-01  5.07086587e-03  1.04929392e-02  5.07086587e-03 
 1.00000000e+06 -9.89506520e-01  5.18898240e-03  1.04934799e-02  5.18898240e-03 
 1.02329299e+06 -9.89505954e-01  5.30985029e-03  1.04940461e-02  5.30985029e-03 
 1.04712855e+06 -9.89505361e-01  5.43353363e-03  1.04946390e-02  5.43353363e-03 
 1.07151931e+06 -9.89504740e-01  5.56009799e-03  1.04952599e-02  5.56009799e-03 
 1.09647820e+06 -9.89504090e-01  5.68961049e-03  1.04959100e-02  5.68961049e-03 
 1.12201845e+06 -9.89503409e-01  5.82213982e-03  1.04965908e-02  5.82213982e-03 
 1.14815362e+06 -9.89502696e-01  5.95775623e-03  1.04973036e-02  5.95775623e-03 
 1.17489755e+06 -9.89501950e-01  6.09653166e-03  1.04980501e-02  6.09653166e-03 
 1.20226443e+06 -9.89501168e-01  6.23853969e-03  1.04988317e-02  6.23853969e-03 
 1.23026877e+06 -9.89500350e-01  6.38385562e-03  1.04996502e-02  6.38385562e-03 
 1.25892541e+06 -9.89499493e-01  6.53255651e-03  1.05005072e-02  6.53255651e-03 
 1.28824955e+06 -9.89498595e-01  6.68472122e-03  1.05014047e-02  6.68472122e-03 
 1.31825674e+06 -9.89497656e-01  6.84043044e-03  1.05023444e-02  6.84043044e-03 
 1.34896288e+06 -9.89496672e-01  6.99976673e-03  1.05033284e-02  6.99976673e-03 
 1.38038426e+06 -9.89495641e-01  7.16281461e-03  1.05043588e-02  7.16281461e-03 
 1.41253754e+06 -9.89494562e-01  7.32966053e-03  1.05054378e-02  7.32966053e-03 
 1.44543977e+06 -9.89493432e-01  7.50039297e-03  1.05065676e-02  7.50039297e-03 
 1.47910839e+06 -9.89492249e-01  7.67510247e-03  1.05077507e-02  7.67510247e-03 
 1.51356125e+06 -9.89491010e-01  7.85388169e-03  1.05089896e-02  7.85388169e-03 
 1.54881662e+06 -9.89489713e-01  8.03682543e-03  1.05102868e-02  8.03682543e-03 
 1.58489319e+06 -9.89488355e-01  8.22403072e-03  1.05116452e-02  8.22403072e-03 
 1.62181010e+06 -9.89486932e-01  8.41559684e-03  1.05130676e-02  8.41559684e-03 
 1.65958691e+06 -9.89485443e-01  8.61162537e-03  1.05145570e-02  8.61162537e-03 
 1.69824365e+06 -9.89483883e-01  8.81222030e-03  1.05161167e-02  8.81222030e-03 
 1.73780083e+06 -9.89482250e-01  9.01748799e-03  1.05177499e-02  9.01748799e-03 
 1.77827941e+06 -9.89480540e-01  9.22753732e-03  1.05194600e-02  9.22753732e-03 
 1.81970086e+06 -9.89478749e-01  9.44247969e-03  1.05212508e-02  9.44247969e-03 
 1.86208714e+06 -9.89476874e-01  9.66242909e-03  1.05231259e-02  9.66242909e-03 
 1.90546072e+06 -9.89474911e-01  9.88750220e-03  1.05250895e-02  9.88750220e-03 
 1.94984460e+06 -9.89472854e-01  1.01178184e-02  1.05271456e-02  1.01178184e-02 
 1.99526231e+06 -9.89470701e-01  1.03534998e-02  1.05292986e-02  1.03534998e-02 
 2.04173794e+06 -9.89468447e-01  1.05946714e-02  1.05315532e-02  1.05946714e-02 
 2.08929613e+06 -9.89466086e-01  1.08414612e-02  1.05339140e-02  1.08414612e-02 
 2.13796209e+06 -9.89463614e-01  1.10940000e-02  1.05363860e-02  1.10940000e-02 
 2.18776162e+06 -9.89461025e-01  1.13524219e-02  1.05389746e-02  1.13524219e-02 
 2.23872114e+06 -9.89458315e-01  1.16168639e-02  1.05416853e-02  1.16168639e-02 
 2.29086765e+06 -9.89455476e-01  1.18874662e-02  1.05445237e-02  1.18874662e-02 
 2.34422882e+06 -9.89452504e-01  1.21643724e-02  1.05474959e-02  1.21643724e-02 
 2.39883292e+06 -9.89449392e-01  1.24477294e-02  1.05506082e-02  1.24477294e-02 
 2.45470892e+06 -9.89446133e-01  1.27376876e-02  1.05538673e-02  1.27376876e-02 
 2.51188643e+06 -9.89442720e-01  1.30344007e-02  1.05572800e-02  1.30344007e-02 
 2.57039578e+06 -9.89439146e-01  1.33380261e-02  1.05608535e-02  1.33380261e-02 
 2.63026799e+06 -9.89435404e-01  1.36487250e-02  1.05645956e-02  1.36487250e-02 
 2.69153480e+06 -9.89431486e-01  1.39666621e-02  1.05685140e-02  1.39666621e-02 
 2.75422870e+06 -9.89427383e-01  1.42920063e-02  1.05726172e-02  1.42920063e-02 
 2.81838293e+06 -9.89423086e-01  1.46249300e-02  1.05769139e-02  1.46249300e-02 
 2.88403150e+06 -9.89418587e-01  1.49656099e-02  1.05814131e-02  1.49656099e-02 
 2.95120923e+06 -9.89413876e-01  1.53142268e-02  1.05861244e-02  1.53142268e-02 
 3.01995172e+06 -9.89408942e-01  1.56709657e-02  1.05910579e-02  1.56709657e-02 
 3.09029543e+06 -9.89403776e-01  1.60360159e-02  1.05962239e-02  1.60360159e-02 
 3.16227766e+06 -9.89398366e-01  1.64095710e-02  1.06016336e-02  1.64095710e-02 
 3.23593657e+06 -9.89392702e-01  1.67918295e-02  1.06072983e-02  1.67918295e-02 
 3.31131121e+06 -9.89386770e-01  1.71829940e-02  1.06132301e-02  1.71829940e-02 
 3.38844156e+06 -9.89380558e-01  1.75832723e-02  1.06194417e-02  1.75832723e-02 
 3.46736850e+06 -9.89374054e-01  1.79928767e-02  1.06259461e-02  1.79928767e-02 
 3.54813389e+06 -9.89367243e-01  1.84120247e-02  1.06327573e-02  1.84120247e-02 
 3.63078055e+06 -9.89360110e-01  1.88409388e-02  1.06398896e-02  1.88409388e-02 
 3.71535229e+06 -9.89352642e-01  1.92798467e-02  1.06473583e-02  1.92798467e-02 
 3.80189396e+06 -9.89344821e-01  1.97289813e-02  1.06551792e-02  1.97289813e-02 
 3.89045145e+06 -9.89336631e-01  2.01885812e-02  1.06633690e-02  2.01885812e-02 
 3.98107171e+06 -9.89328055e-01  2.06588902e-02  1.06719450e-02  2.06588902e-02 
 4.07380278e+06 -9.89319075e-01  2.11401582e-02  1.06809255e-02  2.11401582e-02 
 4.16869383e+06 -9.89309670e-01  2.16326408e-02  1.06903295e-02  2.16326408e-02 
 4.26579519e+06 -9.89299823e-01  2.21365993e-02  1.07001772e-02  2.21365993e-02 
 4.36515832e+06 -9.89289511e-01  2.26523016e-02  1.07104893e-02  2.26523016e-02 
 4.46683592e+06 -9.89278712e-01  2.31800214e-02  1.07212879e-02  2.31800214e-02 
 4.57088190e+06 -9.89267404e-01  2.37200391e-02  1.07325958e-02  2.37200391e-02 
 4.67735141e+06 -9.89255563e-01  2.42726415e-02  1.07444373e-02  2.42726415e-02 
 4.78630092e+06 -9.89243163e-01  2.48381222e-02  1.07568374e-02  2.48381222e-02 
 4.89778819e+06 -9.89230178e-01  2.54167817e-02  1.07698225e-02  2.54167817e-02 
 5.01187234e+06 -9.89216580e-01  2.60089275e-02  1.07834203e-02  2.60089275e-02 
 5.12861384e+06 -9.89202340e-01  2.66148741e-02  1.07976597e-02  2.66148741e-02 
 5.24807460e+06 -9.89187429e-01  2.72349437e-02  1.08125710e-02  2.72349437e-02 
 5.37031796e+06 -9.89171814e-01  2.78694658e-02  1.08281860e-02  2.78694658e-02 
 5.49540874e+06 -9.89155462e-01  2.85187777e-02  1.08445379e-02  2.85187777e-02 
 5.62341325e+06 -9.89138338e-01  2.91832246e-02  1.08616616e-02  2.91832246e-02 
 5.75439937e+06 -9.89120407e-01  2.98631599e-02  1.08795935e-02  2.98631599e-02 
 5.88843655e+06 -9.89101628e-01  3.05589450e-02  1.08983718e-02  3.05589450e-02 
 6.02559586e+06 -9.89081963e-01  3.12709502e-02  1.09180366e-02  3.12709502e-02 
 6.16595002e+06 -9.89061370e-01  3.19995540e-02  1.09386298e-02  3.19995540e-02 
 6.30957344e+06 -9.89039805e-01  3.27451441e-02  1.09601953e-02  3.27451441e-02 
 6.45654229e+06 -9.89017221e-01  3.35081173e-02  1.09827790e-02  3.35081173e-02 
 6.60693448e+06 -9.88993571e-01  3.42888796e-02  1.10064292e-02  3.42888796e-02 
 6.76082975e+06 -9.88968804e-01  3.50878466e-02  1.10311963e-02  3.50878466e-02 
 6.91830971e+06 -9.88942867e-01  3.59054436e-02  1.10571331e-02  3.59054436e-02 
 7.07945784e+06 -9.88915705e-01  3.67421060e-02  1.10842952e-02  3.67421060e-02 
 7.24435960e+06 -9.88887260e-01  3.75982794e-02  1.11127404e-02  3.75982794e-02 
 7.41310241e+06 -9.88857471e-01  3.84744198e-02  1.11425295e-02  3.84744198e-02 
 7.58577575e+06 -9.88826274e-01  3.93709941e-02  1.11737262e-02  3.93709941e-02 
 7.76247117e+06 -9.88793603e-01  4.02884800e-02  1.12063972e-02  4.02884800e-02 
 7.94328235e+06 -9.88759388e-01  4.12273666e-02  1.12406123e-02  4.12273666e-02 
 8.12830516e+06 -9.88723555e-01  4.21881546e-02  1.12764448e-02  4.21881546e-02 
 8.31763771e+06 -9.88686029e-01  4.31713564e-02  1.13139713e-02  4.31713564e-02 
 8.51138038e+06 -9.88646728e-01  4.41774963e-02  1.13532722e-02  4.41774963e-02 
 8.70963590e+06 -9.88605568e-01  4.52071114e-02  1.13944317e-02  4.52071114e-02 
 8.91250938e+06 -9.88562462e-01  4.62607512e-02  1.14375379e-02  4.62607512e-02 
 9.12010839e+06 -9.88517317e-01  4.73389783e-02  1.14826834e-02  4.73389783e-02 
 9.33254301e+06 -9.88470035e-01  4.84423685e-02  1.15299649e-02  4.84423685e-02 
 9.54992586e+06 -9.88420516e-01  4.95715115e-02  1.15794839e-02  4.95715115e-02 
 9.77237221e+06 -9.88368653e-01  5.07270106e-02  1.16313468e-02  5.07270106e-02 
 1.00000000e+07 -9.88314335e-01  5.19094837e-02  1.16856650e-02  5.19094837e-02 
 1.02329299e+07 -9.88257445e-01  5.31195632e-02  1.17425553e-02  5.31195632e-02 
 1.04712855e+07 -9.88197860e-01  5.43578968e-02  1.18021400e-02  5.43578968e-02 
 1.07151931e+07 -9.88135452e-01  5.56251471e-02  1.18645475e-02  5.56251471e-02 
 1.09647820e+07 -9.88070088e-01  5.69219930e-02  1.19299122e-02  5.69219930e-02 
 1.12201845e+07 -9.88001625e-01  5.82491292e-02  1.19983750e-02  5.82491292e-02 
 1.14815362e+07 -9.87929916e-01  5.96072671e-02  1.20700836e-02  5.96072671e-02 
 1.17489755e+07 -9.87854807e-01  6.09971351e-02  1.21451928e-02  6.09971351e-02 
 1.20226443e+07 -9.87776135e-01  6.24194789e-02  1.22238650e-02  6.24194789e-02 
 1.23026877e+07 -9.87693730e-01  6.38750622e-02  1.23062702e-02  6.38750622e-02 
 1.25892541e+07 -9.87607413e-01  6.53646669e-02  1.23925869e-02  6.53646669e-02 
 1.28824955e+07 -9.87516998e-01  6.68890935e-02  1.24830020e-02  6.68890935e-02 
 1.31825674e+07 -9.87422288e-01  6.84491619e-02  1.25777117e-02  6.84491619e-02 
 1.34896288e+07 -9.87323078e-01  7.00457116e-02  1.26769217e-02  7.00457116e-02 
 1.38038426e+07 -9.87219153e-01  7.16796024e-02  1.27808474e-02  7.16796024e-02 
 1.41253754e+07 -9.87110285e-01  7.33517147e-02  1.28897151e-02  7.33517147e-02 
 1.44543977e+07 -9.86996238e-01  7.50629501e-02  1.30037618e-02  7.50629501e-02 
 1.47910839e+07 -9.86876764e-01  7.68142322e-02  1.31232364e-02  7.68142322e-02 
 1.51356125e+07 -9.86751600e-01  7.86065068e-02  1.32483997e-02  7.86065068e-02 
 1.54881662e+07 -9.86620475e-01  8.04407425e-02  1.33795255e-02  8.04407425e-02 
 1.58489319e+07 -9.86483099e-01  8.23179317e-02  1.35169008e-02  8.23179317e-02 
 1.62181010e+07 -9.86339173e-01  8.42390905e-02  1.36608270e-02  8.42390905e-02 
 1.65958691e+07 -9.86188380e-01  8.62052602e-02  1.38116201e-02  8.62052602e-02 
 1.69824365e+07 -9.86030388e-01  8.82175071e-02  1.39696119e-02  8.82175071e-02 
 1.73780083e+07 -9.85864850e-01  9.02769239e-02  1.41351504e-02  9.02769239e-02 
 1.77827941e+07 -9.85691399e-01  9.23846297e-02  1.43086010e-02  9.23846297e-02 
 1.81970086e+07 -9.85509653e-01  9.45417713e-02  1.44903474e-02  9.45417713e-02 
 1.86208714e+07 -9.85319208e-01  9.67495234e-02  1.46807921e-02  9.67495234e-02 
 1.90546072e+07 -9.85119642e-01  9.90090899e-02  1.48803578e-02  9.90090899e-02 
 1.94984460e+07 -9.84910511e-01  1.01321704e-01  1.50894885e-02  1.01321704e-01 
 1.99526231e+07 -9.84691350e-01  1.03688630e-01  1.53086503e-02  1.03688630e-01 
 2.04173794e+07 -9.84461667e-01  1.06111163e-01  1.55383328e-02  1.06111163e-01 
 2.08929613e+07 -9.84220950e-01  1.08590630e-01  1.57790503e-02  1.08590630e-01 
 2.13796209e+07 -9.83968657e-01  1.11128392e-01  1.60313431e-02  1.11128392e-01 
 2.18776162e+07 -9.83704221e-01  1.13725842e-01  1.62957790e-02  1.13725842e-01 
 2.23872114e+07 -9.83427045e-01  1.16384409e-01  1.65729545e-02  1.16384409e-01 
 2.29086765e+07 -9.83136503e-01  1.19105559e-01  1.68634967e-02  1.19105559e-01 
 2.34422882e+07 -9.82831935e-01  1.21890793e-01  1.71680648e-02  1.21890793e-01 
 2.39883292e+07 -9.82512648e-01  1.24741649e-01  1.74873519e-02  1.24741649e-01 
 2.45470892e+07 -9.82177913e-01  1.27659705e-01  1.78220867e-02  1.27659705e-01 
 2.51188643e+07 -9.81826964e-01  1.30646579e-01  1.81730357e-02  1.30646579e-01 
 2.57039578e+07 -9.81458995e-01  1.33703929e-01  1.85410052e-02  1.33703929e-01 
 2.63026799e+07 -9.81073156e-01  1.36833456e-01  1.89268436e-02  1.36833456e-01 
 2.69153480e+07 -9.80668556e-01  1.40036902e-01  1.93314437e-02  1.40036902e-01 
 2.75422870e+07 -9.80244255e-01  1.43316055e-01  1.97557451e-02  1.43316055e-01 
 2.81838293e+07 -9.79799263e-01  1.46672749e-01  2.02007371e-02  1.46672749e-01 
 2.88403150e+07 -9.79332538e-01  1.50108862e-01  2.06674615e-02  1.50108862e-01 
 2.95120923e+07 -9.78842985e-01  1.53626322e-01  2.11570155e-02  1.53626322e-01 
 3.01995172e+07 -9.78329445e-01  1.57227106e-01  2.16705549e-02  1.57227106e-01 
 3.09029543e+07 -9.77790702e-01  1.60913240e-01  2.22092977e-02  1.60913240e-01 
 3.16227766e+07 -9.77225472e-01  1.64686804e-01  2.27745277e-02  1.64686804e-01 
 3.23593657e+07 -9.76632402e-01  1.68549929e-01  2.33675985e-02  1.68549929e-01 
 3.31131121e+07 -9.76010063e-01  1.72504801e-01  2.39899371e-02  1.72504801e-01 
 3.38844156e+07 -9.75356951e-01  1.76553662e-01  2.46430492e-02  1.76553662e-01 
 3.46736850e+07 -9.74671477e-01  1.80698811e-01  2.53285231e-02  1.80698811e-01 
 3.54813389e+07 -9.73951965e-01  1.84942604e-01  2.60480355e-02  1.84942604e-01 
 3.63078055e+07 -9.73196644e-01  1.89287460e-01  2.68033561e-02  1.89287460e-01 
 3.71535229e+07 -9.72403646e-01  1.93735855e-01  2.75963539e-02  1.93735855e-01 
 3.80189396e+07 -9.71570997e-01  1.98290330e-01  2.84290034e-02  1.98290330e-01 
 3.89045145e+07 -9.70696609e-01  2.02953488e-01  2.93033908e-02  2.02953488e-01 
 3.98107171e+07 -9.69778279e-01  2.07728000e-01  3.02217212e-02  2.07728000e-01 
 4.07380278e+07 -9.68813674e-01  2.12616598e-01  3.11863261e-02  2.12616598e-01 
 4.16869383e+07 -9.67800328e-01  2.17622084e-01  3.21996717e-02  2.17622084e-01 
 4.26579519e+07 -9.66735633e-01  2.22747328e-01  3.32643671e-02  2.22747328e-01 
 4.36515832e+07 -9.65616826e-01  2.27995266e-01  3.43831740e-02  2.27995266e-01 
 4.46683592e+07 -9.64440984e-01  2.33368907e-01  3.55590161e-02  2.33368907e-01 
 4.57088190e+07 -9.63205010e-01  2.38871326e-01  3.67949901e-02  2.38871326e-01 
 4.67735141e+07 -9.61905623e-01  2.44505671e-01  3.80943767e-02  2.44505671e-01 
 4.78630092e+07 -9.60539347e-01  2.50275158e-01  3.94606534e-02  2.50275158e-01 
 4.89778819e+07 -9.59102493e-01  2.56183072e-01  4.08975065e-02  2.56183072e-01 
 5.01187234e+07 -9.57591154e-01  2.62232768e-01  4.24088463e-02  2.62232768e-01 
 5.12861384e+07 -9.56001179e-01  2.68427668e-01  4.39988211e-02  2.68427668e-01 
 5.24807460e+07 -9.54328166e-01  2.74771259e-01  4.56718337e-02  2.74771259e-01 
 5.37031796e+07 -9.52567441e-01  2.81267091e-01  4.74325588e-02  2.81267091e-01 
 5.49540874e+07 -9.50714039e-01  2.87918777e-01  4.92859609e-02  2.87918777e-01 
 5.62341325e+07 -9.48762685e-01  2.94729982e-01  5.12373146e-02  2.94729982e-01 
 5.75439937e+07 -9.46707774e-01  3.01704426e-01  5.32922255e-02  3.01704426e-01 
 5.88843655e+07 -9.44543347e-01  3.08845874e-01  5.54566530e-02  3.08845874e-01 
 6.02559586e+07 -9.42263066e-01  3.16158128e-01  5.77369345e-02  3.16158128e-01 
 6.16595002e+07 -9.39860189e-01  3.23645022e-01  6.01398111e-02  3.23645022e-01 
 6.30957344e+07 -9.37327544e-01  3.31310409e-01  6.26724558e-02  3.31310409e-01 
 6.45654229e+07 -9.34657497e-01  3.39158150e-01  6.53425028e-02  3.39158150e-01 
 6.60693448e+07 -9.31841921e-01  3.47192099e-01  6.81580789e-02  3.47192099e-01 
 6.76082975e+07 -9.28872163e-01  3.55416087e-01  7.11278375e-02  3.55416087e-01 
 6.91830971e+07 -9.25739006e-01  3.63833905e-01  7.42609939e-02  3.63833905e-01 
 7.07945784e+07 -9.22432636e-01  3.72449276e-01  7.75673637e-02  3.72449276e-01 
 7.24435960e+07 -9.18942598e-01  3.81265835e-01  8.10574025e-02  3.81265835e-01 
 7.41310241e+07 -9.15257751e-01  3.90287092e-01  8.47422489e-02  3.90287092e-01 
 7.58577575e+07 -9.11366231e-01  3.99516405e-01  8.86337688e-02  3.99516405e-01 
 7.76247117e+07 -9.07255397e-01  4.08956934e-01  9.27446030e-02  4.08956934e-01 
 7.94328235e+07 -9.02911784e-01  4.18611597e-01  9.70882157e-02  4.18611597e-01 
 8.12830516e+07 -8.98321053e-01  4.28483018e-01  1.01678947e-01  4.28483018e-01 
 8.31763771e+07 -8.93467937e-01  4.38573467e-01  1.06532063e-01  4.38573467e-01 
 8.51138038e+07 -8.88336183e-01  4.48884789e-01  1.11663817e-01  4.48884789e-01 
 8.70963590e+07 -8.82908502e-01  4.59418331e-01  1.17091498e-01  4.59418331e-01 
 8.91250938e+07 -8.77166509e-01  4.70174848e-01  1.22833491e-01  4.70174848e-01 
 9.12010839e+07 -8.71090666e-01  4.81154408e-01  1.28909334e-01  4.81154408e-01 
 9.33254301e+07 -8.64660227e-01  4.92356275e-01  1.35339773e-01  4.92356275e-01 
 9.54992586e+07 -8.57853185e-01  5.03778784e-01  1.42146815e-01  5.03778784e-01 
 9.77237221e+07 -8.50646220e-01  5.15419197e-01  1.49353780e-01  5.15419197e-01 
 1.00000000e+08 -8.43014655e-01  5.27273540e-01  1.56985345e-01  5.27273540e-01 
 1.02329299e+08 -8.34932418e-01  5.39336427e-01  1.65067582e-01  5.39336427e-01 
 1.04712855e+08 -8.26372009e-01  5.51600857e-01  1.73627991e-01  5.51600857e-01 
 1.07151931e+08 -8.17304489e-01  5.64057993e-01  1.82695511e-01  5.64057993e-01 
 1.09647820e+08 -8.07699475e-01  5.76696916e-01  1.92300525e-01  5.76696916e-01 
 1.12201845e+08 -7.97525160e-01  5.89504354e-01  2.02474840e-01  5.89504354e-01 
 1.14815362e+08 -7.86748358e-01  6.02464384e-01  2.13251642e-01  6.02464384e-01 
 1.17489755e+08 -7.75334578e-01  6.15558113e-01  2.24665422e-01  6.15558113e-01 
 1.20226443e+08 -7.63248133e-01  6.28763326e-01  2.36751867e-01  6.28763326e-01 
 1.23026877e+08 -7.50452298e-01  6.42054115e-01  2.49547702e-01  6.42054115e-01 
 1.25892541e+08 -7.36909511e-01  6.55400480e-01  2.63090489e-01  6.55400480e-01 
 1.28824955e+08 -7.22581649e-01  6.68767912e-01  2.77418351e-01  6.68767912e-01 
 1.31825674e+08 -7.07430358e-01  6.82116961e-01  2.92569642e-01  6.82116961e-01 
 1.34896288e+08 -6.91417477e-01  6.95402797e-01  3.08582523e-01  6.95402797e-01 
 1.38038426e+08 -6.74505547e-01  7.08574768e-01  3.25494453e-01  7.08574768e-01 
 1.41253754e+08 -6.56658424e-01  7.21575983e-01  3.43341576e-01  7.21575983e-01 
 1.44543977e+08 -6.37842005e-01  7.34342910e-01  3.62157995e-01  7.34342910e-01 
 1.47910839e+08 -6.18025073e-01  7.46805035e-01  3.81974927e-01  7.46805035e-01 
 1.51356125e+08 -5.97180270e-01  7.58884590e-01  4.02819730e-01  7.58884590e-01 
 1.54881662e+08 -5.75285205e-01  7.70496383e-01  4.24714795e-01  7.70496383e-01 
 1.58489319e+08 -5.52323688e-01  7.81547760e-01  4.47676312e-01  7.81547760e-01 
 1.62181010e+08 -5.28287085e-01  7.91938737e-01  4.71712915e-01  7.91938737e-01 
 1.65958691e+08 -5.03175785e-01  8.01562344e-01  4.96824215e-01  8.01562344e-01 
 1.69824365e+08 -4.77000749e-01  8.10305211e-01  5.22999251e-01  8.10305211e-01 
 1.73780083e+08 -4.49785098e-01  8.18048450e-01  5.50214902e-01  8.18048450e-01 
 1.77827941e+08 -4.21565710e-01  8.24668860e-01  5.78434290e-01  8.24668860e-01 
 1.81970086e+08 -3.92394740e-01  8.30040497e-01  6.07605260e-01  8.30040497e-01 
 1.86208714e+08 -3.62341010e-01  8.34036610e-01  6.37658990e-01  8.34036610e-01 
 1.90546072e+08 -3.31491162e-01  8.36531974e-01  6.68508838e-01  8.36531974e-01 
 1.94984460e+08 -2.99950489e-01  8.37405581e-01  7.00049511e-01  8.37405581e-01 
 1.99526231e+08 -2.67843339e-01  8.36543670e-01  7.32156661e-01  8.36543670e-01 
 2.04173794e+08 -2.35312979e-01  8.33843007e-01  7.64687021e-01  8.33843007e-01 
 2.08929613e+08 -2.02520850e-01  8.29214332e-01  7.97479150e-01  8.29214332e-01 
 2.13796209e+08 -1.69645116e-01  8.22585842e-01  8.30354884e-01  8.22585842e-01 
 2.18776162e+08 -1.36878478e-01  8.13906549e-01  8.63121522e-01  8.13906549e-01 
 2.23872114e+08 -1.04425238e-01  8.03149333e-01  8.95574762e-01  8.03149333e-01 
 2.29086765e+08 -7.24976661e-02  7.90313529e-01  9.27502334e-01  7.90313529e-01 
 2.34422882e+08 -4.13117406e-02  7.75426834e-01  9.58688259e-01  7.75426834e-01 
 2.39883292e+08 -1.10824277e-02  7.58546401e-01  9.88917572e-01  7.58546401e-01 
 2.45470892e+08  1.79813291e-02  7.39758985e-01  1.01798133e+00  7.39758985e-01 
 2.51188643e+08  4.56816767e-02  7.19180060e-01  1.04568168e+00  7.19180060e-01 
 2.57039578e+08  7.18367366e-02  6.96951907e-01  1.07183674e+00  6.96951907e-01 
 2.63026799e+08  9.62850600e-02  6.73240720e-01  1.09628506e+00  6.73240720e-01 
 2.69153480e+08  1.18889427e-01  6.48232844e-01  1.11888943e+00  6.48232844e-01 
 2.75422870e+08  1.39539805e-01  6.22130326e-01  1.13953980e+00  6.22130326e-01 
 2.81838293e+08  1.58155331e-01  5.95146008e-01  1.15815533e+00  5.95146008e-01 
 2.88403150e+08  1.74685251e-01  5.67498382e-01  1.17468525e+00  5.67498382e-01 
 2.95120923e+08  1.89108811e-01  5.39406485e-01  1.18910881e+00  5.39406485e-01 
 3.01995172e+08  2.01434173e-01  5.11085046e-01  1.20143417e+00  5.11085046e-01 
 3.09029543e+08  2.11696457e-01  4.82740097e-01  1.21169646e+00  4.82740097e-01 
 3.16227766e+08  2.19955089e-01  4.54565208e-01  1.21995509e+00  4.54565208e-01 
 3.23593657e+08  2.26290615e-01  4.26738434e-01  1.22629062e+00  4.26738434e-01 
 3.31131121e+08  2.30801201e-01  3.99420053e-01  1.23080120e+00  3.99420053e-01 
 3.38844156e+08  2.33598974e-01  3.72751066e-01  1.23359897e+00  3.72751066e-01 
 3.46736850e+08  2.34806399e-01  3.46852439e-01  1.23480640e+00  3.46852439e-01 
 3.54813389e+08  2.34552815e-01  3.21825015e-01  1.23455281e+00  3.21825015e-01 
 3.63078055e+08  2.32971241e-01  2.97749982e-01  1.23297124e+00  2.97749982e-01 
 3.71535229e+08  2.30195542e-01  2.74689807e-01  1.23019554e+00  2.74689807e-01 
 3.80189396e+08  2.26357977e-01  2.52689525e-01  1.22635798e+00  2.52689525e-01 
 3.89045145e+08  2.21587175e-01  2.31778262e-01  1.22158718e+00  2.31778262e-01 
 3.98107171e+08  2.16006507e-01  2.11970917e-01  1.21600651e+00  2.11970917e-01 
 4.07380278e+08  2.09732856e-01  1.93269903e-01  1.20973286e+00  1.93269903e-01 
 4.16869383e+08  2.02875740e-01  1.75666888e-01  1.20287574e+00  1.75666888e-01 
 4.26579519e+08  1.95536741e-01  1.59144480e-01  1.19553674e+00  1.59144480e-01 
 4.36515832e+08  1.87809216e-01  1.43677813e-01  1.18780922e+00  1.43677813e-01 
 4.46683592e+08  1.79778217e-01  1.29236014e-01  1.17977822e+00  1.29236014e-01 
 4.57088190e+08  1.71520604e-01  1.15783528e-01  1.17152060e+00  1.15783528e-01 
 4.67735141e+08  1.63105292e-01  1.03281296e-01  1.16310529e+00  1.03281296e-01 
 4.78630092e+08  1.54593601e-01  9.16877854e-02  1.15459360e+00  9.16877854e-02 
 4.89778819e+08  1.46039688e-01  8.09598805e-02  1.14603969e+00  8.09598805e-02 
 5.01187234e+08  1.37491017e-01  7.10536331e-02  1.13749102e+00  7.10536331e-02 
 5.12861384e+08  1.28988864e-01  6.19248928e-02  1.12898886e+00  6.19248928e-02 
 5.24807460e+08  1.20568828e-01  5.35298229e-02  1.12056883e+00  5.35298229e-02 
 5.37031796e+08  1.12261334e-01  4.58253163e-02  1.11226133e+00  4.58253163e-02 
 5.49540874e+08  1.04092133e-01  3.87693240e-02  1.10409213e+00  3.87693240e-02 
 5.62341325e+08  9.60827671e-02  3.23211067e-02  1.09608277e+00  3.23211067e-02 
 5.75439937e+08  8.82510199e-02  2.64414214e-02  1.08825102e+00  2.64414214e-02 
 5.88843655e+08  8.06113305e-02  2.10926536e-02  1.08061133e+00  2.10926536e-02 
 6.02559586e+08  7.31751792e-02  1.62389027e-02  1.07317518e+00  1.62389027e-02 
 6.16595002e+08  6.59514415e-02  1.18460296e-02  1.06595144e+00  1.18460296e-02 
 6.30957344e+08  5.89467102e-02  7.88167412e-03  1.05894671e+00  7.88167412e-03 
 6.45654229e+08  5.21655877e-02  4.31524653e-03  1.05216559e+00  4.31524653e-03 
 6.60693448e+08  4.56109496e-02  1.11790051e-03  1.04561095e+00  1.11790051e-03 
 6.76082975e+08  3.92841807e-02 -1.73750950e-03  1.03928418e+00 -1.73750950e-03 
 6.91830971e+08  3.31853859e-02 -4.27648220e-03  1.03318539e+00 -4.27648220e-03 
 7.07945784e+08  2.73135776e-02 -6.52293161e-03  1.02731358e+00 -6.52293161e-03 
 7.24435960e+08  2.16668424e-02 -8.49925489e-03  1.02166684e+00 -8.49925489e-03 
 7.41310241e+08  1.62424869e-02 -1.02264038e-02  1.01624249e+00 -1.02264038e-02 
 7.58577575e+08  1.10371672e-02 -1.17239582e-02  1.01103717e+00 -1.17239582e-02 
 7.76247117e+08  6.04700191e-03 -1.30101996e-02  1.00604700e+00 -1.30101996e-02 
 7.94328235e+08  1.26767051e-03 -1.41021849e-02  1.00126767e+00 -1.41021849e-02 
 8.12830516e+08 -3.30550045e-03 -1.50158184e-02  9.96694500e-01 -1.50158184e-02 
 8.31763771e+08 -7.67746288e-03 -1.57659214e-02  9.92322537e-01 -1.57659214e-02 
 8.51138038e+08 -1.18533828e-02 -1.63663003e-02  9.88146617e-01 -1.63663003e-02 
 8.70963590e+08 -1.58385848e-02 -1.68298110e-02  9.84161415e-01 -1.68298110e-02 
 8.91250938e+08 -1.96385045e-02 -1.71684209e-02  9.80361495e-01 -1.71684209e-02 
 9.12010839e+08 -2.32586482e-02 -1.73932672e-02  9.76741352e-01 -1.73932672e-02 
 9.33254301e+08 -2.67045582e-02 -1.75147128e-02  9.73295442e-01 -1.75147128e-02 
 9.54992586e+08 -2.99817838e-02 -1.75423977e-02  9.70018216e-01 -1.75423977e-02 
 9.77237221e+08 -3.30958567e-02 -1.74852887e-02  9.66904143e-01 -1.74852887e-02 
 1.00000000e+09 -3.60522713e-02 -1.73517247e-02  9.63947729e-01 -1.73517247e-02 
 1.02329299e+09 -3.88564671e-02 -1.71494600e-02  9.61143533e-01 -1.71494600e-02 
 1.04712855e+09 -4.15138154e-02 -1.68857035e-02  9.58486185e-01 -1.68857035e-02 
 1.07151931e+09 -4.40296081e-02 -1.65671565e-02  9.55970392e-01 -1.65671565e-02 
 1.09647820e+09 -4.64090488e-02 -1.62000464e-02  9.53590951e-01 -1.62000464e-02 
 1.12201845e+09 -4.86572459e-02 -1.57901593e-02  9.51342754e-01 -1.57901593e-02 
 1.14815362e+09 -5.07792071e-02 -1.53428689e-02  9.49220793e-01 -1.53428689e-02 
 1.17489755e+09 -5.27798356e-02 -1.48631640e-02  9.47220164e-01 -1.48631640e-02 
 1.20226443e+09 -5.46639272e-02 -1.43556740e-02  9.45336073e-01 -1.43556740e-02 
 1.23026877e+09 -5.64361683e-02 -1.38246916e-02  9.43563832e-01 -1.38246916e-02 
 1.25892541e+09 -5.81011349e-02 -1.32741945e-02  9.41898865e-01 -1.32741945e-02 
 1.28824955e+09 -5.96632922e-02 -1.27078652e-02  9.40336708e-01 -1.27078652e-02 
 1.31825674e+09 -6.11269940e-02 -1.21291092e-02  9.38873006e-01 -1.21291092e-02 
 1.34896288e+09 -6.24964837e-02 -1.15410717e-02  9.37503516e-01 -1.15410717e-02 
 1.38038426e+09 -6.37758946e-02 -1.09466530e-02  9.36224105e-01 -1.09466530e-02 
 1.41253754e+09 -6.49692506e-02 -1.03485231e-02  9.35030749e-01 -1.03485231e-02 
 1.44543977e+09 -6.60804674e-02 -9.74913491e-03  9.33919533e-01 -9.74913491e-03 
 1.47910839e+09 -6.71133533e-02 -9.15073631e-03  9.32886647e-01 -9.15073631e-03 
 1.51356125e+09 -6.80716105e-02 -8.55538172e-03  9.31928390e-01 -8.55538172e-03 
 1.54881662e+09 -6.89588357e-02 -7.96494271e-03  9.31041164e-01 -7.96494271e-03 
 1.58489319e+09 -6.97785218e-02 -7.38111793e-03  9.30221478e-01 -7.38111793e-03 
 1.62181010e+09 -7.05340583e-02 -6.80544244e-03  9.29465942e-01 -6.80544244e-03 
 1.65958691e+09 -7.12287326e-02 -6.23929643e-03  9.28771267e-01 -6.23929643e-03 
 1.69824365e+09 -7.18657307e-02 -5.68391360e-03  9.28134269e-01 -5.68391360e-03 
 1.73780083e+09 -7.24481382e-02 -5.14038894e-03  9.27551862e-01 -5.14038894e-03 
 1.77827941e+09 -7.29789411e-02 -4.60968628e-03  9.27021059e-01 -4.60968628e-03 
 1.81970086e+09 -7.34610264e-02 -4.09264543e-03  9.26538974e-01 -4.09264543e-03 
 1.86208714e+09 -7.38971832e-02 -3.58998910e-03  9.26102817e-01 -3.58998910e-03 
 1.90546072e+09 -7.42901030e-02 -3.10232954e-03  9.25709897e-01 -3.10232954e-03 
 1.94984460e+09 -7.46423807e-02 -2.63017491e-03  9.25357619e-01 -2.63017491e-03 
 1.99526231e+09 -7.49565152e-02 -2.17393557e-03  9.25043485e-01 -2.17393557e-03 
 2.04173794e+09 -7.52349107e-02 -1.73393007e-03  9.24765089e-01 -1.73393007e-03 
 2.08929613e+09 -7.54798766e-02 -1.31039106e-03  9.24520123e-01 -1.31039106e-03 
 2.13796209e+09 -7.56936293e-02 -9.03470995e-04  9.24306371e-01 -9.03470995e-04 
 2.18776162e+09 -7.58782928e-02 -5.13247716e-04  9.24121707e-01 -5.13247716e-04 
 2.23872114e+09 -7.60358997e-02 -1.39729900e-04  9.23964100e-01 -1.39729900e-04 
 2.29086765e+09 -7.61683925e-02  2.17137667e-04  9.23831608e-01  2.17137667e-04 
 2.34422882e+09 -7.62776248e-02  5.57468936e-04  9.23722375e-01  5.57468936e-04 
 2.39883292e+09 -7.63653627e-02  8.81431599e-04  9.23634637e-01  8.81431599e-04 
 2.45470892e+09 -7.64332865e-02  1.18924224e-03  9.23566714e-01  1.18924224e-03 
 2.51188643e+09 -7.64829918e-02  1.48116167e-03  9.23517008e-01  1.48116167e-03 
 2.57039578e+09 -7.65159919e-02  1.75749035e-03  9.23484008e-01  1.75749035e-03 
 2.63026799e+09 -7.65337191e-02  2.01856410e-03  9.23466281e-01  2.01856410e-03 
 2.69153480e+09 -7.65375268e-02  2.26474990e-03  9.23462473e-01  2.26474990e-03 
 2.75422870e+09 -7.65286917e-02  2.49644190e-03  9.23471308e-01  2.49644190e-03 
 2.81838293e+09 -7.65084157e-02  2.71405760e-03  9.23491584e-01  2.71405760e-03 
 2.88403150e+09 -7.64778286e-02  2.91803431e-03  9.23522171e-01  2.91803431e-03 
 2.95120923e+09 -7.64379897e-02  3.10882564e-03  9.23562010e-01  3.10882564e-03 
 3.01995172e+09 -7.63898909e-02  3.28689839e-03  9.23610109e-01  3.28689839e-03 
 3.09029543e+09 -7.63344586e-02  3.45272948e-03  9.23665541e-01  3.45272948e-03 
 3.16227766e+09 -7.62725565e-02  3.60680319e-03  9.23727443e-01  3.60680319e-03 
 3.23593657e+09 -7.62049880e-02  3.74960851e-03  9.23795012e-01  3.74960851e-03 
 3.31131121e+09 -7.61324988e-02  3.88163679e-03  9.23867501e-01  3.88163679e-03 
 3.38844156e+09 -7.60557792e-02  4.00337952e-03  9.23944221e-01  4.00337952e-03 
 3.46736850e+09 -7.59754672e-02  4.11532630e-03  9.24024533e-01  4.11532630e-03 
 3.54813389e+09 -7.58921503e-02  4.21796305e-03  9.24107850e-01  4.21796305e-03 
 3.63078055e+09 -7.58063688e-02  4.31177035e-03  9.24193631e-01  4.31177035e-03 
 3.71535229e+09 -7.57186174e-02  4.39722199e-03  9.24281383e-01  4.39722199e-03 
 3.80189396e+09 -7.56293486e-02  4.47478368e-03  9.24370651e-01  4.47478368e-03 
 3.89045145e+09 -7.55389742e-02  4.54491190e-03  9.24461026e-01  4.54491190e-03 
 3.98107171e+09 -7.54478683e-02  4.60805292e-03  9.24552132e-01  4.60805292e-03 
 4.07380278e+09 -7.53563693e-02  4.66464199e-03  9.24643631e-01  4.66464199e-03 
 4.16869383e+09 -7.52647820e-02  4.71510262e-03  9.24735218e-01  4.71510262e-03 
 4.26579519e+09 -7.51733799e-02  4.75984602e-03  9.24826620e-01  4.75984602e-03 
 4.36515832e+09 -7.50824072e-02  4.79927062e-03  9.24917593e-01  4.79927062e-03 
 4.46683592e+09 -7.49920810e-02  4.83376172e-03  9.25007919e-01  4.83376172e-03 
 4.57088190e+09 -7.49025926e-02  4.86369129e-03  9.25097407e-01  4.86369129e-03 
 4.67735141e+09 -7.48141100e-02  4.88941777e-03  9.25185890e-01  4.88941777e-03 
 4.78630092e+09 -7.47267793e-02  4.91128598e-03  9.25273221e-01  4.91128598e-03 
 4.89778819e+09 -7.46407262e-02  4.92962717e-03  9.25359274e-01  4.92962717e-03 
 5.01187234e+09 -7.45560579e-02  4.94475904e-03  9.25443942e-01  4.94475904e-03 
 5.12861384e+09 -7.44728642e-02  4.95698589e-03  9.25527136e-01  4.95698589e-03 
 5.24807460e+09 -7.43912194e-02  4.96659881e-03  9.25608781e-01  4.96659881e-03 
 5.37031796e+09 -7.43111831e-02  4.97387585e-03  9.25688817e-01  4.97387585e-03 
 5.49540874e+09 -7.42328016e-02  4.97908234e-03  9.25767198e-01  4.97908234e-03 
 5.62341325e+09 -7.41561092e-02  4.98247116e-03  9.25843891e-01  4.98247116e-03 
 5.75439937e+09 -7.40811291e-02  4.98428307e-03  9.25918871e-01  4.98428307e-03 
 5.88843655e+09 -7.40078745e-02  4.98474704e-03  9.25992126e-01  4.98474704e-03 
 6.02559586e+09 -7.39363495e-02  4.98408065e-03  9.26063651e-01  4.98408065e-03 
 6.16595002e+09 -7.38665500e-02  4.98249044e-03  9.26133450e-01  4.98249044e-03 
 6.30957344e+09 -7.37984645e-02  4.98017232e-03  9.26201536e-01  4.98017232e-03 
 6.45654229e+09 -7.37320748e-02  4.97731196e-03  9.26267925e-01  4.97731196e-03 
 6.60693448e+09 -7.36673567e-02  4.97408519e-03  9.26332643e-01  4.97408519e-03 
 6.76082975e+09 -7.36042806e-02  4.97065842e-03  9.26395719e-01  4.97065842e-03 
 6.91830971e+09 -7.35428123e-02  4.96718902e-03  9.26457188e-01  4.96718902e-03 
 7.07945784e+09 -7.34829132e-02  4.96382576e-03  9.26517087e-01  4.96382576e-03 
 7.24435960e+09 -7.34245411e-02  4.96070915e-03  9.26575459e-01  4.96070915e-03 
 7.41310241e+09 -7.33676502e-02  4.95797188e-03  9.26632350e-01  4.95797188e-03 
 7.58577575e+09 -7.33121920e-02  4.95573917e-03  9.26687808e-01  4.95573917e-03 
 7.76247117e+09 -7.32581156e-02  4.95412915e-03  9.26741884e-01  4.95412915e-03 
 7.94328235e+09 -7.32053674e-02  4.95325323e-03  9.26794633e-01  4.95325323e-03 
 8.12830516e+09 -7.31538923e-02  4.95321644e-03  9.26846108e-01  4.95321644e-03 
 8.31763771e+09 -7.31036332e-02  4.95411776e-03  9.26896367e-01  4.95411776e-03 
 8.51138038e+09 -7.30545319e-02  4.95605047e-03  9.26945468e-01  4.95605047e-03 
 8.70963590e+09 -7.30065286e-02  4.95910245e-03  9.26993471e-01  4.95910245e-03 
 8.91250938e+09 -7.29595627e-02  4.96335647e-03  9.27040437e-01  4.96335647e-03 
 9.12010839e+09 -7.29135727e-02  4.96889049e-03  9.27086427e-01  4.96889049e-03 
 9.33254301e+09 -7.28684960e-02  4.97577792e-03  9.27131504e-01  4.97577792e-03 
 9.54992586e+09 -7.28242697e-02  4.98408791e-03  9.27175730e-01  4.98408791e-03 
 9.77237221e+09 -7.27808304e-02  4.99388556e-03  9.27219170e-01  4.99388556e-03 
 1.00000000e+10 -7.27381139e-02  5.00523216e-03  9.27261886e-01  5.00523216e-03 
 1.02329299e+10 -7.26960559e-02  5.01818543e-03  9.27303944e-01  5.01818543e-03 
 1.04712855e+10 -7.26545916e-02  5.03279969e-03  9.27345408e-01  5.03279969e-03 
 1.07151931e+10 -7.26136560e-02  5.04912610e-03  9.27386344e-01  5.04912610e-03 
 1.09647820e+10 -7.25731837e-02  5.06721279e-03  9.27426816e-01  5.06721279e-03 
 1.12201845e+10 -7.25331093e-02  5.08710505e-03  9.27466891e-01  5.08710505e-03 
 1.14815362e+10 -7.24933670e-02  5.10884549e-03  9.27506633e-01  5.10884549e-03 
 1.17489755e+10 -7.24538908e-02  5.13247418e-03  9.27546109e-01  5.13247418e-03 
 1.20226443e+10 -7.24146144e-02  5.15802876e-03  9.27585386e-01  5.15802876e-03 
 1.23026877e+10 -7.23754714e-02  5.18554458e-03  9.27624529e-01  5.18554458e-03 
 1.25892541e+10 -7.23363951e-02  5.21505481e-03  9.27663605e-01  5.21505481e-03 
 1.28824955e+10 -7.22973185e-02  5.24659051e-03  9.27702682e-01  5.24659051e-03 
 1.31825674e+10 -7.22581743e-02  5.28018073e-03  9.27741826e-01  5.28018073e-03 
 1.34896288e+10 -7.22188949e-02  5.31585259e-03  9.27781105e-01  5.31585259e-03 
 1.38038426e+10 -7.21794123e-02  5.35363135e-03  9.27820588e-01  5.35363135e-03 
 1.41253754e+10 -7.21396582e-02  5.39354042e-03  9.27860342e-01  5.39354042e-03 
 1.44543977e+10 -7.20995639e-02  5.43560147e-03  9.27900436e-01  5.43560147e-03 
 1.47910839e+10 -7.20590601e-02  5.47983439e-03  9.27940940e-01  5.47983439e-03 
 1.51356125e+10 -7.20180772e-02  5.52625739e-03  9.27981923e-01  5.52625739e-03 
 1.54881662e+10 -7.19765448e-02  5.57488696e-03  9.28023455e-01  5.57488696e-03 
 1.58489319e+10 -7.19343923e-02  5.62573790e-03  9.28065608e-01  5.62573790e-03 
 1.62181010e+10 -7.18915483e-02  5.67882332e-03  9.28108452e-01  5.67882332e-03 
 1.65958691e+10 -7.18479407e-02  5.73415461e-03  9.28152059e-01  5.73415461e-03 
 1.69824365e+10 -7.18034971e-02  5.79174145e-03  9.28196503e-01  5.79174145e-03 
 1.73780083e+10 -7.17581439e-02  5.85159176e-03  9.28241856e-01  5.85159176e-03 
 1.77827941e+10 -7.17118073e-02  5.91371170e-03  9.28288193e-01  5.91371170e-03 
 1.81970086e+10 -7.16644124e-02  5.97810560e-03  9.28335588e-01  5.97810560e-03 
 1.86208714e+10 -7.16158839e-02  6.04477589e-03  9.28384116e-01  6.04477589e-03 
 1.90546072e+10 -7.15661455e-02  6.11372314e-03  9.28433855e-01  6.11372314e-03 
 1.94984460e+10 -7.15151202e-02  6.18494589e-03  9.28484880e-01  6.18494589e-03 
 1.99526231e+10 -7.14627304e-02  6.25844067e-03  9.28537270e-01  6.25844067e-03 
 2.04173794e+10 -7.14088974e-02  6.33420188e-03  9.28591103e-01  6.33420188e-03 
 2.08929613e+10 -7.13535423e-02  6.41222173e-03  9.28646458e-01  6.41222173e-03 
 2.13796209e+10 -7.12965849e-02  6.49249019e-03  9.28703415e-01  6.49249019e-03 
 2.18776162e+10 -7.12379446e-02  6.57499487e-03  9.28762055e-01  6.57499487e-03 
 2.23872114e+10 -7.11775402e-02  6.65972094e-03  9.28822460e-01  6.65972094e-03 
 2.29086765e+10 -7.11152897e-02  6.74665105e-03  9.28884710e-01  6.74665105e-03 
 2.34422882e+10 -7.10511106e-02  6.83576527e-03  9.28948889e-01  6.83576527e-03 
 2.39883292e+10 -7.09849198e-02  6.92704094e-03  9.29015080e-01  6.92704094e-03 
 2.45470892e+10 -7.09166339e-02  7.02045263e-03  9.29083366e-01  7.02045263e-03 
 2.51188643e+10 -7.08461689e-02  7.11597199e-03  9.29153831e-01  7.11597199e-03 
 2.57039578e+10 -7.07734406e-02  7.21356774e-03  9.29226559e-01  7.21356774e-03 
 2.63026799e+10 -7.06983644e-02  7.31320551e-03  9.29301636e-01  7.31320551e-03 
 2.69153480e+10 -7.06208560e-02  7.41484777e-03  9.29379144e-01  7.41484777e-03 
 2.75422870e+10 -7.05408305e-02  7.51845375e-03  9.29459170e-01  7.51845375e-03 
 2.81838293e+10 -7.04582035e-02  7.62397938e-03  9.29541796e-01  7.62397938e-03 
 2.88403150e+10 -7.03728907e-02  7.73137716e-03  9.29627109e-01  7.73137716e-03 
 2.95120923e+10 -7.02848079e-02  7.84059612e-03  9.29715192e-01  7.84059612e-03 
 3.01995172e+10 -7.01938718e-02  7.95158177e-03  9.29806128e-01  7.95158177e-03 
 3.09029543e+10 -7.00999995e-02  8.06427596e-03  9.29900001e-01  8.06427596e-03 
 3.16227766e+10 -7.00031086e-02  8.17861695e-03  9.29996891e-01  8.17861695e-03 
 3.23593657e+10 -6.99031181e-02  8.29453922e-03  9.30096882e-01  8.29453922e-03 
 3.31131121e+10 -6.97999478e-02  8.41197354e-03  9.30200052e-01  8.41197354e-03 
 3.38844156e+10 -6.96935189e-02  8.53084689e-03  9.30306481e-01  8.53084689e-03 
 3.46736850e+10 -6.95837537e-02  8.65108244e-03  9.30416246e-01  8.65108244e-03 
 3.54813389e+10 -6.94705766e-02  8.77259954e-03  9.30529423e-01  8.77259954e-03 
 3.63078055e+10 -6.93539134e-02  8.89531371e-03  9.30646087e-01  8.89531371e-03 
 3.71535229e+10 -6.92336920e-02  9.01913666e-03  9.30766308e-01  9.01913666e-03 
 3.80189396e+10 -6.91098424e-02  9.14397626e-03  9.30890158e-01  9.14397626e-03 
 3.89045145e+10 -6.89822970e-02  9.26973664e-03  9.31017703e-01  9.26973664e-03 
 3.98107171e+10 -6.88509907e-02  9.39631815e-03  9.31149009e-01  9.39631815e-03 
 4.07380278e+10 -6.87158610e-02  9.52361742e-03  9.31284139e-01  9.52361742e-03 
 4.16869383e+10 -6.85768484e-02  9.65152745e-03  9.31423152e-01  9.65152745e-03 
 4.26579519e+10 -6.84338964e-02  9.77993760e-03  9.31566104e-01  9.77993760e-03 
 4.36515832e+10 -6.82869517e-02  9.90873371e-03  9.31713048e-01  9.90873371e-03 
 4.46683592e+10 -6.81359646e-02  1.00377982e-02  9.31864035e-01  1.00377982e-02 
 4.57088190e+10 -6.79808887e-02  1.01670100e-02  9.32019111e-01  1.01670100e-02 
 4.67735141e+10 -6.78216816e-02  1.02962448e-02  9.32178318e-01  1.02962448e-02 
 4.78630092e+10 -6.76583046e-02  1.04253752e-02  9.32341695e-01  1.04253752e-02 
 4.89778819e+10 -6.74907235e-02  1.05542705e-02  9.32509277e-01  1.05542705e-02 
 5.01187234e+10 -6.73189078e-02  1.06827971e-02  9.32681092e-01  1.06827971e-02 
 5.12861384e+10 -6.71428320e-02  1.08108185e-02  9.32857168e-01  1.08108185e-02 
 5.24807460e+10 -6.69624747e-02  1.09381955e-02  9.33037525e-01  1.09381955e-02 
 5.37031796e+10 -6.67778194e-02  1.10647861e-02  9.33222181e-01  1.10647861e-02 
 5.49540874e+10 -6.65888547e-02  1.11904458e-02  9.33411145e-01  1.11904458e-02 
 5.62341325e+10 -6.63955739e-02  1.13150276e-02  9.33604426e-01  1.13150276e-02 
 5.75439937e+10 -6.61979759e-02  1.14383824e-02  9.33802024e-01  1.14383824e-02 
 5.88843655e+10 -6.59960647e-02  1.15603589e-02  9.34003935e-01  1.15603589e-02 
 6.02559586e+10 -6.57898499e-02  1.16808035e-02  9.34210150e-01  1.16808035e-02 
 6.16595002e+10 -6.55793470e-02  1.17995611e-02  9.34420653e-01  1.17995611e-02 
 6.30957344e+10 -6.53645772e-02  1.19164746e-02  9.34635423e-01  1.19164746e-02 
 6.45654229e+10 -6.51455678e-02  1.20313855e-02  9.34854432e-01  1.20313855e-02 
 6.60693448e+10 -6.49223525e-02  1.21441339e-02  9.35077648e-01  1.21441339e-02 
 6.76082975e+10 -6.46949714e-02  1.22545587e-02  9.35305029e-01  1.22545587e-02 
 6.91830971e+10 -6.44634711e-02  1.23624978e-02  9.35536529e-01  1.23624978e-02 
 7.07945784e+10 -6.42279054e-02  1.24677883e-02  9.35772095e-01  1.24677883e-02 
 7.24435960e+10 -6.39883348e-02  1.25702670e-02  9.36011665e-01  1.25702670e-02 
 7.41310241e+10 -6.37448271e-02  1.26697701e-02  9.36255173e-01  1.26697701e-02 
 7.58577575e+10 -6.34974579e-02  1.27661343e-02  9.36502542e-01  1.27661343e-02 
 7.76247117e+10 -6.32463099e-02  1.28591962e-02  9.36753690e-01  1.28591962e-02 
 7.94328235e+10 -6.29914742e-02  1.29487935e-02  9.37008526e-01  1.29487935e-02 
 8.12830516e+10 -6.27330495e-02  1.30347647e-02  9.37266950e-01  1.30347647e-02 
 8.31763771e+10 -6.24711430e-02  1.31169499e-02  9.37528857e-01  1.31169499e-02 
 8.51138038e+10 -6.22058699e-02  1.31951912e-02  9.37794130e-01  1.31951912e-02 
 8.70963590e+10 -6.19373543e-02  1.32693331e-02  9.38062646e-01  1.32693331e-02 
 8.91250938e+10 -6.16657285e-02  1.33392228e-02  9.38334272e-01  1.33392228e-02 
 9.12010839e+10 -6.13911335e-02  1.34047113e-02  9.38608866e-01  1.34047113e-02 
 9.33254301e+10 -6.11137193e-02  1.34656532e-02  9.38886281e-01  1.34656532e-02 
 9.54992586e+10 -6.08336442e-02  1.35219079e-02  9.39166356e-01  1.35219079e-02 
 9.77237221e+10 -6.05510752e-02  1.35733401e-02  9.39448925e-01  1.35733401e-02 
 1.00000000e+11 -6.02661880e-02  1.36198200e-02  9.39733812e-01  1.36198200e-02 
