 time            v(detp)         v(detn)        
 0.00000000e+00  2.73787842e+00  2.73787842e+00 
 1.00000000e-14  2.73787647e+00  2.73787647e+00 
 2.00000000e-14  2.73787358e+00  2.73787359e+00 
 4.00000000e-14  2.73786718e+00  2.73786718e+00 
 8.00000000e-14  2.73785618e+00  2.73785620e+00 
 1.60000000e-13  2.73784270e+00  2.73784307e+00 
 3.20000000e-13  2.73779913e+00  2.73780914e+00 
 6.40000000e-13  2.73714309e+00  2.73734952e+00 
 1.14812564e-12  2.73158149e+00  2.73309825e+00 
 2.14812564e-12  2.70106452e+00  2.69982915e+00 
 3.14812564e-12  2.66892689e+00  2.64223554e+00 
 4.14812564e-12  2.65722951e+00  2.57689208e+00 
 5.14812564e-12  2.67001010e+00  2.51423051e+00 
 6.14812564e-12  2.69976281e+00  2.45927869e+00 
 7.14812564e-12  2.73694609e+00  2.41510107e+00 
 8.14812564e-12  2.77464899e+00  2.38422349e+00 
 9.14812564e-12  2.80893439e+00  2.36857122e+00 
 1.01481256e-11  2.83769780e+00  2.36913309e+00 
 1.11481256e-11  2.86031224e+00  2.38582503e+00 
 1.21481256e-11  2.87779970e+00  2.41759174e+00 
 1.31481256e-11  2.89211620e+00  2.46270041e+00 
 1.41481256e-11  2.90418392e+00  2.51958944e+00 
 1.51481256e-11  2.89760901e+00  2.59381332e+00 
 1.61481256e-11  2.84484993e+00  2.69128218e+00 
 1.71481256e-11  2.76997117e+00  2.77831403e+00 
 1.81481256e-11  2.71385892e+00  2.79127968e+00 
 1.91481256e-11  2.69401668e+00  2.72762014e+00 
 2.01481256e-11  2.70638625e+00  2.63198690e+00 
 2.11481256e-11  2.73846744e+00  2.54164253e+00 
 2.21481256e-11  2.77808077e+00  2.47281029e+00 
 2.31481256e-11  2.81708623e+00  2.42810253e+00 
 2.41481256e-11  2.85121948e+00  2.40545450e+00 
 2.51481256e-11  2.87859576e+00  2.40234851e+00 
 2.61481256e-11  2.89907390e+00  2.41668692e+00 
 2.71481256e-11  2.91414167e+00  2.44652028e+00 
 2.81481256e-11  2.92603219e+00  2.48980780e+00 
 2.91481256e-11  2.93548240e+00  2.54505723e+00 
 3.01481256e-11  2.92379970e+00  2.61871842e+00 
 3.11481256e-11  2.86591168e+00  2.71482183e+00 
 3.21481256e-11  2.78926768e+00  2.79646309e+00 
 3.31481256e-11  2.73392453e+00  2.80083822e+00 
 3.41481256e-11  2.71524495e+00  2.73114088e+00 
 3.51481256e-11  2.72811784e+00  2.63318915e+00 
 3.61481256e-11  2.75979749e+00  2.54267928e+00 
 3.71481256e-11  2.79831772e+00  2.47439411e+00 
 3.81481256e-11  2.83586880e+00  2.43031052e+00 
 3.91481256e-11  2.86842345e+00  2.40821317e+00 
 4.01481256e-11  2.89423918e+00  2.40558490e+00 
 4.11481256e-11  2.91330856e+00  2.42033194e+00 
 4.21481256e-11  2.92721372e+00  2.45048872e+00 
 4.31481256e-11  2.93818533e+00  2.49400189e+00 
 4.41481256e-11  2.94651226e+00  2.54955925e+00 
 4.51481256e-11  2.93101145e+00  2.62452611e+00 
 4.61481256e-11  2.86970458e+00  2.72077510e+00 
 4.71481256e-11  2.79294341e+00  2.79836400e+00 
 4.81481256e-11  2.73970251e+00  2.79610781e+00 
 4.91481256e-11  2.72335519e+00  2.72234813e+00 
 5.01481256e-11  2.73779318e+00  2.62358775e+00 
 5.11481256e-11  2.77008866e+00  2.53408913e+00 
 5.21481256e-11  2.80851672e+00  2.46733156e+00 
 5.31481256e-11  2.84558390e+00  2.42472826e+00 
 5.41481256e-11  2.87747570e+00  2.40394788e+00 
 5.51481256e-11  2.90258027e+00  2.40249255e+00 
 5.61481256e-11  2.92102072e+00  2.41828515e+00 
 5.71481256e-11  2.93446950e+00  2.44935376e+00 
 5.81481256e-11  2.94515189e+00  2.49364132e+00 
 5.91481256e-11  2.95280973e+00  2.55006542e+00 
 6.01481256e-11  2.93389894e+00  2.62683266e+00 
 6.11481256e-11  2.86983480e+00  2.72338278e+00 
 6.21481256e-11  2.79361248e+00  2.79671877e+00 
 6.31481256e-11  2.74290915e+00  2.78789793e+00 
 6.41481256e-11  2.72917566e+00  2.71076777e+00 
 6.51481256e-11  2.74537589e+00  2.61183361e+00 
 6.61481256e-11  2.77844417e+00  2.52373509e+00 
 6.71481256e-11  2.81692622e+00  2.45874211e+00 
 6.81481256e-11  2.85365409e+00  2.41779614e+00 
 6.91481256e-11  2.88502436e+00  2.39848910e+00 
 7.01481256e-11  2.90955697e+00  2.39835115e+00 
 7.11481256e-11  2.92750650e+00  2.41532141e+00 
 7.21481256e-11  2.94063010e+00  2.44742081e+00 
 7.31481256e-11  2.95113777e+00  2.49259160e+00 
 7.41481256e-11  2.95809223e+00  2.55003846e+00 
 7.51481256e-11  2.93571680e+00  2.62872702e+00 
 7.61481256e-11  2.86917504e+00  2.72542332e+00 
 7.71481256e-11  2.79376885e+00  2.79419980e+00 
 7.81481256e-11  2.74571217e+00  2.77918549e+00 
 7.91481256e-11  2.73457708e+00  2.69894799e+00 
 8.01481256e-11  2.75249387e+00  2.60000906e+00 
 8.11481256e-11  2.78631196e+00  2.51340577e+00 
 8.21481256e-11  2.82485543e+00  2.45022797e+00 
 8.31481256e-11  2.86126999e+00  2.41096818e+00 
 8.41481256e-11  2.89215150e+00  2.39315362e+00 
 8.51481256e-11  2.91614961e+00  2.39434686e+00 
 8.61481256e-11  2.93364981e+00  2.41250451e+00 
 8.71481256e-11  2.94648798e+00  2.44564149e+00 
 8.81481256e-11  2.95684843e+00  2.49170393e+00 
 8.91481256e-11  2.96296280e+00  2.55024882e+00 
 9.01481256e-11  2.93703804e+00  2.63087681e+00 
 9.11481256e-11  2.86826799e+00  2.72746734e+00 
 9.21481256e-11  2.79391285e+00  2.79124773e+00 
 9.31481256e-11  2.74855919e+00  2.77014932e+00 
 9.41481256e-11  2.73997663e+00  2.68707948e+00 
 9.51481256e-11  2.75953233e+00  2.58832062e+00 
 9.61481256e-11  2.79403338e+00  2.50328448e+00 
 9.71481256e-11  2.83259630e+00  2.44193559e+00 
 9.81481256e-11  2.86867552e+00  2.40435781e+00 
 9.91481256e-11  2.89905799e+00  2.38802933e+00 
 1.00148126e-10  2.92252219e+00  2.39054752e+00 
 1.01148126e-10  2.93958322e+00  2.40988538e+00 
 1.02148126e-10  2.95214899e+00  2.44405151e+00 
 1.03148126e-10  2.96236519e+00  2.49100065e+00 
 1.04148126e-10  2.96745725e+00  2.55071554e+00 
 1.05148126e-10  2.93790732e+00  2.63327460e+00 
 1.06148126e-10  2.86714577e+00  2.72950275e+00 
 1.07148126e-10  2.79404700e+00  2.78791492e+00 
 1.08148126e-10  2.75143175e+00  2.76089596e+00 
 1.09148126e-10  2.74534745e+00  2.67527389e+00 
 1.10148126e-10  2.76646479e+00  2.57686120e+00 
 1.11148126e-10  2.80158738e+00  2.49344279e+00 
 1.12148126e-10  2.84013495e+00  2.43392027e+00 
 1.13148126e-10  2.87586349e+00  2.39800953e+00 
 1.14148126e-10  2.90574231e+00  2.38315355e+00 
 1.15148126e-10  2.92867782e+00  2.38698531e+00 
 1.16148126e-10  2.94531296e+00  2.40749230e+00 
 1.17148126e-10  2.95762092e+00  2.44267617e+00 
 1.18148126e-10  2.96769391e+00  2.49050606e+00 
 1.19148126e-10  2.97155818e+00  2.55146983e+00 
 1.20148126e-10  2.93834045e+00  2.63593033e+00 
 1.21148126e-10  2.86583510e+00  2.73153301e+00 
 1.22148126e-10  2.79419109e+00  2.78422792e+00 
 1.23148126e-10  2.75434492e+00  2.75143691e+00 
 1.24148126e-10  2.75070347e+00  2.66351721e+00 
 1.25148126e-10  2.77330589e+00  2.56560358e+00 
 1.26148126e-10  2.80898917e+00  2.48385223e+00 
 1.27148126e-10  2.84748565e+00  2.42615707e+00 
 1.28148126e-10  2.88284599e+00  2.39190225e+00 
 1.29148126e-10  2.91221419e+00  2.37850794e+00 
 1.30148126e-10  2.93462445e+00  2.38364362e+00 
 1.31148126e-10  2.95084543e+00  2.40530972e+00 
 1.32148126e-10  2.96290868e+00  2.44150065e+00 
 1.33148126e-10  2.97283489e+00  2.49020740e+00 
 1.34148126e-10  2.97524449e+00  2.55250615e+00 
 1.35148126e-10  2.93834567e+00  2.63881832e+00 
 1.36148126e-10  2.86434713e+00  2.73352935e+00 
 1.37148126e-10  2.79434247e+00  2.78021200e+00 
 1.38148126e-10  2.75728835e+00  2.74181231e+00 
 1.39148126e-10  2.75603327e+00  2.65183791e+00 
 1.40148126e-10  2.78004733e+00  2.55456235e+00 
 1.41148126e-10  2.81623490e+00  2.47451969e+00 
 1.42148126e-10  2.85464850e+00  2.41864997e+00 
 1.43148126e-10  2.88962575e+00  2.38603917e+00 
 1.44148126e-10  2.91847834e+00  2.37409548e+00 
 1.45148126e-10  2.94036852e+00  2.38052519e+00 
 1.46148126e-10  2.95618812e+00  2.40334011e+00 
 1.47148126e-10  2.96802002e+00  2.44052730e+00 
 1.48148126e-10  2.97779146e+00  2.49010897e+00 
 1.49148126e-10  2.97850473e+00  2.55383272e+00 
 1.50148126e-10  2.93794258e+00  2.64192332e+00 
 1.51148126e-10  2.86270507e+00  2.73546481e+00 
 1.52148126e-10  2.79451167e+00  2.77588834e+00 
 1.53148126e-10  2.76026545e+00  2.73204927e+00 
 1.54148126e-10  2.76133854e+00  2.64024878e+00 
 1.55148126e-10  2.78669235e+00  2.54373802e+00 
 1.56148126e-10  2.82333028e+00  2.46544062e+00 
 1.57148126e-10  2.86163082e+00  2.41139370e+00 
 1.58148126e-10  2.89621067e+00  2.38041565e+00 
 1.59148126e-10  2.92454289e+00  2.36991217e+00 
 1.60148126e-10  2.94591843e+00  2.37762633e+00 
 1.61148126e-10  2.96134930e+00  2.40157985e+00 
 1.62148126e-10  2.97296267e+00  2.43975260e+00 
 1.63148126e-10  2.98256501e+00  2.49020986e+00 
 1.64148126e-10  2.98133178e+00  2.55544946e+00 
 1.65148126e-10  2.93715363e+00  2.64521989e+00 
 1.66148126e-10  2.86093243e+00  2.73729464e+00 
 1.67148126e-10  2.79470740e+00  2.77127023e+00 
 1.68148126e-10  2.76327678e+00  2.72217482e+00 
 1.69148126e-10  2.76661741e+00  2.62876669e+00 
 1.70148126e-10  2.79324035e+00  2.53313623e+00 
 1.71148126e-10  2.83027726e+00  2.45661498e+00 
 1.72148126e-10  2.86843670e+00  2.40438649e+00 
 1.73148126e-10  2.90260601e+00  2.37502977e+00 
 1.74148126e-10  2.93041405e+00  2.36595615e+00 
 1.75148126e-10  2.95128122e+00  2.37494516e+00 
 1.76148126e-10  2.96633632e+00  2.40002700e+00 
 1.77148126e-10  2.97774365e+00  2.43917460e+00 
 1.78148126e-10  2.98715484e+00  2.49051143e+00 
 1.79148126e-10  2.98372437e+00  2.55735507e+00 
 1.80148126e-10  2.93600640e+00  2.64867945e+00 
 1.81148126e-10  2.85905680e+00  2.73896134e+00 
 1.82148126e-10  2.79494199e+00  2.76636108e+00 
 1.83148126e-10  2.76632625e+00  2.71220775e+00 
 1.84148126e-10  2.77187068e+00  2.61740232e+00 
 1.85148126e-10  2.79969251e+00  2.52275828e+00 
 1.86148126e-10  2.83707878e+00  2.44803955e+00 
 1.87148126e-10  2.87507048e+00  2.39762391e+00 
 1.88148126e-10  2.90881690e+00  2.36987715e+00 
 1.89148126e-10  2.93609757e+00  2.36222330e+00 
 1.90148126e-10  2.95646330e+00  2.37247767e+00 
 1.91148126e-10  2.97115578e+00  2.39867752e+00 
 1.92148126e-10  2.98236908e+00  2.43878945e+00 
 1.93148126e-10  2.99155734e+00  2.49101402e+00 
 1.94148126e-10  2.98568627e+00  2.55954393e+00 
 1.95148126e-10  2.93453156e+00  2.65226842e+00 
 1.96148126e-10  2.85710700e+00  2.74039538e+00 
 1.97148126e-10  2.79522829e+00  2.76115533e+00 
 1.98148126e-10  2.76941806e+00  2.70216172e+00 
 1.99148126e-10  2.77709905e+00  2.60616439e+00 
 2.00148126e-10  2.80604950e+00  2.51260518e+00 
 2.01148126e-10  2.84373688e+00  2.43971116e+00 
 2.02148126e-10  2.88153551e+00  2.39110148e+00 
 2.03148126e-10  2.91484745e+00  2.36495317e+00 
 2.04148126e-10  2.94159841e+00  2.35870908e+00 
 2.05148126e-10  2.96147039e+00  2.37021936e+00 
 2.06148126e-10  2.97581360e+00  2.39752696e+00 
 2.07148126e-10  2.98684444e+00  2.43859290e+00 
 2.08148126e-10  2.99576597e+00  2.49171866e+00 
 2.09148126e-10  2.98722612e+00  2.56200811e+00 
 2.10148126e-10  2.93276196e+00  2.65595140e+00 
 2.11148126e-10  2.85511211e+00  2.74152286e+00 
 2.12148126e-10  2.79557933e+00  2.75564025e+00 
 2.13148126e-10  2.77255764e+00  2.69210205e+00 
 2.14148126e-10  2.78230429e+00  2.59501027e+00 
 2.15148126e-10  2.81230782e+00  2.50249274e+00 
 2.16148126e-10  2.85024197e+00  2.43142935e+00 
 2.17148126e-10  2.88781699e+00  2.38466593e+00 
 2.18148126e-10  2.92067834e+00  2.36015319e+00 
 2.19148126e-10  2.94689413e+00  2.35534002e+00 
 2.20148126e-10  2.96627855e+00  2.36811340e+00 
 2.21148126e-10  2.98028550e+00  2.39652733e+00 
 2.22148126e-10  2.99114559e+00  2.43854271e+00 
 2.23148126e-10  2.99974342e+00  2.49259354e+00 
 2.24148126e-10  2.98833084e+00  2.56470776e+00 
 2.25148126e-10  2.93070715e+00  2.65966634e+00 
 2.26148126e-10  2.85307780e+00  2.74225029e+00 
 2.27148126e-10  2.79598769e+00  2.74961246e+00 
 2.28148126e-10  2.77572384e+00  2.68196282e+00 
 2.29148126e-10  2.78747156e+00  2.58434038e+00 
 2.30148126e-10  2.81847751e+00  2.49314165e+00 
 2.31148126e-10  2.85663361e+00  2.42386280e+00 
 2.32148126e-10  2.89398008e+00  2.37879691e+00 
 2.33148126e-10  2.92639560e+00  2.35579565e+00 
 2.34148126e-10  2.95208608e+00  2.35233709e+00 
 2.35148126e-10  2.97099763e+00  2.36632918e+00 
 2.36148126e-10  2.98468314e+00  2.39581997e+00 
 2.37148126e-10  2.99538055e+00  2.43876263e+00 
 2.38148126e-10  3.00357434e+00  2.49375623e+00 
 2.39148126e-10  2.98910494e+00  2.56773572e+00 
 2.40148126e-10  2.92847947e+00  2.66347463e+00 
 2.41148126e-10  2.85109996e+00  2.74260672e+00 
 2.42148126e-10  2.79653662e+00  2.74345094e+00 
 2.43148126e-10  2.77897926e+00  2.67177937e+00 
 2.44148126e-10  2.79263392e+00  2.57360167e+00 
 2.45148126e-10  2.82455969e+00  2.48375867e+00 
 2.46148126e-10  2.86288472e+00  2.41633494e+00 
 2.47148126e-10  2.89997286e+00  2.37302528e+00 
 2.48148126e-10  2.93192587e+00  2.35156993e+00 
 2.49148126e-10  2.95708555e+00  2.34948098e+00 
 2.50148126e-10  2.97553065e+00  2.36469475e+00 
 2.51148126e-10  2.98890729e+00  2.39525877e+00 
 2.52148126e-10  2.99945152e+00  2.43912378e+00 
 2.53148126e-10  3.00714559e+00  2.49509943e+00 
 2.54148126e-10  2.98935414e+00  2.57100963e+00 
 2.55148126e-10  2.92602101e+00  2.66729844e+00 
 2.56148126e-10  2.84920246e+00  2.74251273e+00 
 2.57148126e-10  2.79723681e+00  2.73695090e+00 
 2.58148126e-10  2.78235462e+00  2.66157985e+00 
 2.59148126e-10  2.79783366e+00  2.56302616e+00 
 2.60148126e-10  2.83059585e+00  2.47459668e+00 
 2.61148126e-10  2.86903322e+00  2.40903405e+00 
 2.62148126e-10  2.90583254e+00  2.36747331e+00 
 2.63148126e-10  2.93730836e+00  2.34755606e+00 
 2.64148126e-10  2.96193461e+00  2.34682946e+00 
 2.65148126e-10  2.97992141e+00  2.36325654e+00 
 2.66148126e-10  2.99300152e+00  2.39488370e+00 
 2.67148126e-10  3.00339944e+00  2.43966209e+00 
 2.68148126e-10  3.01047270e+00  2.49666485e+00 
 2.69148126e-10  2.98928014e+00  2.57451649e+00 
 2.70148126e-10  2.92339435e+00  2.67109220e+00 
 2.71148126e-10  2.84732426e+00  2.74193113e+00 
 2.72148126e-10  2.79800077e+00  2.72992640e+00 
 2.73148126e-10  2.78576315e+00  2.65146618e+00 
 2.74148126e-10  2.80301070e+00  2.55292301e+00 
 2.75148126e-10  2.83655741e+00  2.46596350e+00 
 2.76148126e-10  2.87507559e+00  2.40218216e+00 
 2.77148126e-10  2.91157360e+00  2.36228312e+00 
 2.78148126e-10  2.94256988e+00  2.34384581e+00 
 2.79148126e-10  2.96666788e+00  2.34444726e+00 
 2.80148126e-10  2.98420830e+00  2.36206505e+00 
 2.81148126e-10  2.99700484e+00  2.39473693e+00 
 2.82148126e-10  3.00726059e+00  2.44041469e+00 
 2.83148126e-10  3.01356449e+00  2.49849530e+00 
 2.84148126e-10  2.98885339e+00  2.57829524e+00 
 2.85148126e-10  2.92064092e+00  2.67489347e+00 
 2.86148126e-10  2.84554094e+00  2.74091796e+00 
 2.87148126e-10  2.79891332e+00  2.72273580e+00 
 2.88148126e-10  2.78925518e+00  2.64129086e+00 
 2.89148126e-10  2.80817531e+00  2.54283669e+00 
 2.90148126e-10  2.84243175e+00  2.45741411e+00 
 2.91148126e-10  2.88098664e+00  2.39545885e+00 
 2.92148126e-10  2.91716038e+00  2.35724536e+00 
 2.93148126e-10  2.94766580e+00  2.34029777e+00 
 2.94148126e-10  2.97123512e+00  2.34222847e+00 
 2.95148126e-10  2.98833885e+00  2.36103269e+00 
 2.96148126e-10  3.00086500e+00  2.39474179e+00 
 2.97148126e-10  3.01098302e+00  2.44131363e+00 
 2.98148126e-10  3.01634639e+00  2.50053949e+00 
 2.99148126e-10  2.98803304e+00  2.58228420e+00 
 3.00148126e-10  2.91773435e+00  2.67864348e+00 
 3.01148126e-10  2.84382034e+00  2.73945196e+00 
 3.02148126e-10  2.79993051e+00  2.71525067e+00 
 3.03148126e-10  2.79279987e+00  2.63111077e+00 
 3.04148126e-10  2.81331460e+00  2.53292022e+00 
 3.05148126e-10  2.84821702e+00  2.44908906e+00 
 3.06148126e-10  2.88677095e+00  2.38895885e+00 
 3.07148126e-10  2.92260244e+00  2.35241693e+00 
 3.08148126e-10  2.95261003e+00  2.33694672e+00 
 3.09148126e-10  2.97565383e+00  2.34019674e+00 
 3.10148126e-10  2.99233262e+00  2.36017760e+00 
 3.11148126e-10  3.00460203e+00  2.39491334e+00 
 3.12148126e-10  3.01458393e+00  2.44237305e+00 
 3.13148126e-10  3.01880973e+00  2.50281933e+00 
 3.14148126e-10  2.98683964e+00  2.58648622e+00 
 3.15148126e-10  2.91470137e+00  2.68234300e+00 
 3.16148126e-10  2.84217700e+00  2.73757285e+00 
 3.17148126e-10  2.80105842e+00  2.70751282e+00 
 3.18148126e-10  2.79640066e+00  2.62094788e+00 
 3.19148126e-10  2.81843312e+00  2.52318028e+00 
 3.20148126e-10  2.85392005e+00  2.44098923e+00 
 3.21148126e-10  2.89243707e+00  2.38268223e+00 
 3.22148126e-10  2.92790885e+00  2.34779844e+00 
 3.23148126e-10  2.95741170e+00  2.33379358e+00 
 3.24148126e-10  2.97993325e+00  2.33835279e+00 
 3.25148126e-10  2.99619867e+00  2.35950001e+00 
 3.26148126e-10  3.00822433e+00  2.39525135e+00 
 3.27148126e-10  3.01806787e+00  2.44359373e+00 
 3.28148126e-10  3.02093630e+00  2.50534305e+00 
 3.29148126e-10  2.98528516e+00  2.59088955e+00 
 3.30148126e-10  2.91155853e+00  2.68597732e+00 
 3.31148126e-10  2.84061482e+00  2.73531097e+00 
 3.32148126e-10  2.80229342e+00  2.69955586e+00 
 3.33148126e-10  2.80005228e+00  2.61081774e+00 
 3.34148126e-10  2.82352755e+00  2.51361805e+00 
 3.35148126e-10  2.85954064e+00  2.43311024e+00 
 3.36148126e-10  2.89798712e+00  2.37662401e+00 
 3.37148126e-10  2.93308287e+00  2.34338571e+00 
 3.38148126e-10  2.96207470e+00  2.33083478e+00 
 3.39148126e-10  2.98407794e+00  2.33669321e+00 
 3.40148126e-10  2.99994176e+00  2.35899644e+00 
 3.41148126e-10  3.01173638e+00  2.39575225e+00 
 3.42148126e-10  3.02143492e+00  2.44497392e+00 
 3.43148126e-10  3.02270854e+00  2.50811414e+00 
 3.44148126e-10  2.98338243e+00  2.59547566e+00 
 3.45148126e-10  2.90832169e+00  2.68952014e+00 
 3.46148126e-10  2.83913625e+00  2.73268987e+00 
 3.47148126e-10  2.80363042e+00  2.69140957e+00 
 3.48148126e-10  2.80374794e+00  2.60073472e+00 
 3.49148126e-10  2.82859311e+00  2.50423465e+00 
 3.50148126e-10  2.86507707e+00  2.42544772e+00 
 3.51148126e-10  2.90342176e+00  2.37077897e+00 
 3.52148126e-10  2.93812641e+00  2.33917409e+00 
 3.53148126e-10  2.96660176e+00  2.32806622e+00 
 3.54148126e-10  2.98809141e+00  2.33521408e+00 
 3.55148126e-10  3.00356573e+00  2.35866290e+00 
 3.56148126e-10  3.01514176e+00  2.39641212e+00 
 3.57148126e-10  3.02468311e+00  2.44651207e+00 
 3.58148126e-10  3.02411335e+00  2.51113334e+00 
 3.59148126e-10  2.98114843e+00  2.60022096e+00 
 3.60148126e-10  2.90500950e+00  2.69293230e+00 
 3.61148126e-10  2.83774555e+00  2.72972521e+00 
 3.62148126e-10  2.80506575e+00  2.68309957e+00 
 3.63148126e-10  2.80748176e+00  2.59071200e+00 
 3.64148126e-10  2.83362536e+00  2.49503150e+00 
 3.65148126e-10  2.87052758e+00  2.41799792e+00 
 3.66148126e-10  2.90874136e+00  2.36514227e+00 
 3.67148126e-10  2.94304100e+00  2.33515909e+00 
 3.68148126e-10  2.97099530e+00  2.32548377e+00 
 3.69148126e-10  2.99197687e+00  2.33391142e+00 
 3.70148126e-10  3.00707411e+00  2.35849543e+00 
 3.71148126e-10  3.01844374e+00  2.39722704e+00 
 3.72148126e-10  3.02780870e+00  2.44820734e+00 
 3.73148126e-10  3.02514330e+00  2.51439870e+00 
 3.74148126e-10  2.97860498e+00  2.60509714e+00 
 3.75148126e-10  2.90164408e+00  2.69616064e+00 
 3.76148126e-10  2.83644962e+00  2.72642374e+00 
 3.77148126e-10  2.80659793e+00  2.67464635e+00 
 3.78148126e-10  2.81124939e+00  2.58076054e+00 
 3.79148126e-10  2.83862072e+00  2.48600948e+00 
 3.80148126e-10  2.87589070e+00  2.41075702e+00 
 3.81148126e-10  2.91394621e+00  2.35970907e+00 
 3.82148126e-10  2.94782795e+00  2.33133606e+00 
 3.83148126e-10  2.97525747e+00  2.32308312e+00 
 3.84148126e-10  2.99573730e+00  2.33278103e+00 
 3.85148126e-10  3.01047017e+00  2.35848982e+00 
 3.86148126e-10  3.02164525e+00  2.39819297e+00 
 3.87148126e-10  3.03080582e+00  2.45005959e+00 
 3.88148126e-10  3.02579683e+00  2.51790557e+00 
 3.89148126e-10  2.97577830e+00  2.61007194e+00 
 3.90148126e-10  2.89825043e+00  2.69913962e+00 
 3.91148126e-10  2.83525758e+00  2.72278321e+00 
 3.92148126e-10  2.80822742e+00  2.66606494e+00 
 3.93148126e-10  2.81504792e+00  2.57088881e+00 
 3.94148126e-10  2.84357643e+00  2.47716873e+00 
 3.95148126e-10  2.88116525e+00  2.40372111e+00 
 3.96148126e-10  2.91903656e+00  2.35447438e+00 
 3.97148126e-10  2.95248837e+00  2.32770010e+00 
 3.98148126e-10  2.97939023e+00  2.32085960e+00 
 3.99148126e-10  2.99937546e+00  2.33181835e+00 
 4.00148126e-10  3.01375699e+00  2.35864157e+00 
 4.01148126e-10  3.02474900e+00  2.39930563e+00 
 4.02148126e-10  3.03366614e+00  2.45206941e+00 
 4.03148126e-10  3.02607785e+00  2.52164685e+00 
 4.04148126e-10  2.97269773e+00  2.61511054e+00 
 4.05148126e-10  2.89485483e+00  2.70179640e+00 
 4.06148126e-10  2.83417952e+00  2.71879371e+00 
 4.07148126e-10  2.80995658e+00  2.65745185e+00 
 4.08148126e-10  2.81887657e+00  2.56099305e+00 
 4.09148126e-10  2.84848414e+00  2.46831247e+00 
 4.10148126e-10  2.88633728e+00  2.39671359e+00 
 4.11148126e-10  2.92399431e+00  2.34931257e+00 
 4.12148126e-10  2.95700051e+00  2.32416583e+00 
 4.13148126e-10  2.98336952e+00  2.31875125e+00 
 4.14148126e-10  3.00286653e+00  2.33097374e+00 
 4.15148126e-10  3.01690987e+00  2.35890792e+00 
 4.16148126e-10  3.02773077e+00  2.40052714e+00 
 4.17148126e-10  3.03635354e+00  2.45420844e+00 
 4.18148126e-10  3.02597189e+00  2.52558677e+00 
 4.19148126e-10  2.96937293e+00  2.62015365e+00 
 4.20148126e-10  2.89146373e+00  2.70403747e+00 
 4.21148126e-10  2.83320795e+00  2.71442078e+00 
 4.22148126e-10  2.81176975e+00  2.64856112e+00 
 4.23148126e-10  2.82271615e+00  2.55138726e+00 
 4.24148126e-10  2.85334586e+00  2.45992213e+00 
 4.25148126e-10  2.89142795e+00  2.39012458e+00 
 4.26148126e-10  2.92885545e+00  2.34448221e+00 
 4.27148126e-10  2.96141256e+00  2.32090022e+00 
 4.28148126e-10  2.98725274e+00  2.31687499e+00 
 4.29148126e-10  3.00627306e+00  2.33033848e+00 
 4.30148126e-10  3.01999245e+00  2.35936581e+00 
 4.31148126e-10  3.03065183e+00  2.40192508e+00 
 4.32148126e-10  3.03890950e+00  2.45654376e+00 
 4.33148126e-10  3.02554180e+00  2.52977348e+00 
 4.34148126e-10  2.96587983e+00  2.62522075e+00 
 4.35148126e-10  2.88814086e+00  2.70584912e+00 
 4.36148126e-10  2.83239816e+00  2.70952571e+00 
 4.37148126e-10  2.81368422e+00  2.63975161e+00 
 4.38148126e-10  2.82657924e+00  2.54209414e+00 
 4.39148126e-10  2.85816758e+00  2.45194490e+00 
 4.40148126e-10  2.89644487e+00  2.38392689e+00 
 4.41148126e-10  2.93363062e+00  2.33998013e+00 
 4.42148126e-10  2.96573608e+00  2.31790868e+00 
 4.43148126e-10  2.99105120e+00  2.31523693e+00 
 4.44148126e-10  3.00960560e+00  2.32991737e+00 
 4.45148126e-10  3.02301402e+00  2.36001881e+00 
 4.46148126e-10  3.03351944e+00  2.40350251e+00 
 4.47148126e-10  3.04132084e+00  2.45908583e+00 
 4.48148126e-10  3.02470923e+00  2.53422484e+00 
 4.49148126e-10  2.96224344e+00  2.63032050e+00 
 4.50148126e-10  2.88496736e+00  2.70722348e+00 
 4.51148126e-10  2.83180499e+00  2.70443705e+00 
 4.52148126e-10  2.81579368e+00  2.63085442e+00 
 4.53148126e-10  2.83054925e+00  2.53269132e+00 
 4.54148126e-10  2.86300081e+00  2.44389703e+00 
 4.55148126e-10  2.90140513e+00  2.37773084e+00 
 4.56148126e-10  2.93830831e+00  2.33553947e+00 
 4.57148126e-10  2.96993889e+00  2.31501361e+00 
 4.58148126e-10  2.99472005e+00  2.31371063e+00 
 4.59148126e-10  3.01281307e+00  2.32961094e+00 
 4.60148126e-10  3.02592164e+00  2.36078254e+00 
 4.61148126e-10  3.03628068e+00  2.40518547e+00 
 4.62148126e-10  3.04351533e+00  2.46177755e+00 
 4.63148126e-10  3.02355573e+00  2.53884887e+00 
 4.64148126e-10  2.95845275e+00  2.63533744e+00 
 4.65148126e-10  2.88184321e+00  2.70805382e+00 
 4.66148126e-10  2.83131203e+00  2.69879418e+00 
 4.67148126e-10  2.81797413e+00  2.62192833e+00 
 4.68148126e-10  2.83453320e+00  2.52369379e+00 
 4.69148126e-10  2.86779605e+00  2.43634886e+00 
 4.70148126e-10  2.90629589e+00  2.37196125e+00 
 4.71148126e-10  2.94290424e+00  2.33143214e+00 
 4.72148126e-10  2.97405816e+00  2.31238772e+00 
 4.73148126e-10  2.99831123e+00  2.31241610e+00 
 4.74148126e-10  3.01595546e+00  2.32951255e+00 
 4.75148126e-10  3.02877777e+00  2.36173556e+00 
 4.76148126e-10  3.03899571e+00  2.40704331e+00 
 4.77148126e-10  3.04552551e+00  2.46469061e+00 
 4.78148126e-10  3.02208926e+00  2.54370721e+00 
 4.79148126e-10  2.95457082e+00  2.64032634e+00 
 4.80148126e-10  2.87885322e+00  2.70840645e+00 
 4.81148126e-10  2.83101080e+00  2.69290847e+00 
 4.82148126e-10  2.82028021e+00  2.61292793e+00 
 4.83148126e-10  2.83854606e+00  2.51469543e+00 
 4.84148126e-10  2.87254450e+00  2.42885205e+00 
 4.85148126e-10  2.91109553e+00  2.36628185e+00 
 4.86148126e-10  2.94738645e+00  2.32743845e+00 
 4.87148126e-10  2.97805271e+00  2.30988624e+00 
 4.88148126e-10  3.00177719e+00  2.31124796e+00 
 4.89148126e-10  3.01898218e+00  2.32953660e+00 
 4.90148126e-10  3.03153134e+00  2.36280353e+00 
 4.91148126e-10  3.04161336e+00  2.40901031e+00 
 4.92148126e-10  3.04727725e+00  2.46777593e+00 
 4.93148126e-10  3.02026872e+00  2.54874085e+00 
 4.94148126e-10  2.95057200e+00  2.64522969e+00 
 4.95148126e-10  2.87596626e+00  2.70825761e+00 
 4.96148126e-10  2.83085707e+00  2.68667714e+00 
 4.97148126e-10  2.82268204e+00  2.60387880e+00 
 4.98148126e-10  2.84257570e+00  2.50582876e+00 
 4.99148126e-10  2.87724470e+00  2.42154371e+00 
 5.00148126e-10  2.91580837e+00  2.36079022e+00 
 5.01148126e-10  2.95176346e+00  2.32361836e+00 
 5.02148126e-10  2.98193486e+00  2.30754592e+00 
 5.03148126e-10  3.00513361e+00  2.31023105e+00 
 5.04148126e-10  3.02191089e+00  2.32970212e+00 
 5.05148126e-10  3.03420054e+00  2.36400231e+00 
 5.06148126e-10  3.04414924e+00  2.41110126e+00 
 5.07148126e-10  3.04875973e+00  2.47105650e+00 
 5.08148126e-10  3.01811243e+00  2.55395448e+00 
 5.09148126e-10  2.94648186e+00  2.65004990e+00 
 5.10148126e-10  2.87319614e+00  2.70764603e+00 
 5.11148126e-10  2.83085602e+00  2.68014179e+00 
 5.12148126e-10  2.82518196e+00  2.59480301e+00 
 5.13148126e-10  2.84662536e+00  2.49710085e+00 
 5.14148126e-10  2.88190209e+00  2.41442532e+00 
 5.15148126e-10  2.92044148e+00  2.35548718e+00 
 5.16148126e-10  2.95604284e+00  2.31997331e+00 
 5.17148126e-10  2.98571219e+00  2.30536851e+00 
 5.18148126e-10  3.00838820e+00  2.30936695e+00 
 5.19148126e-10  3.02474917e+00  2.33001019e+00 
 5.20148126e-10  3.03679229e+00  2.36533254e+00 
 5.21148126e-10  3.04660679e+00  2.41331772e+00 
 5.22148126e-10  3.04995222e+00  2.47454208e+00 
 5.23148126e-10  3.01562977e+00  2.55933877e+00 
 5.24148126e-10  2.94231520e+00  2.65477579e+00 
 5.25148126e-10  2.87054544e+00  2.70660367e+00 
 5.26148126e-10  2.83100268e+00  2.67333720e+00 
 5.27148126e-10  2.82777334e+00  2.58571668e+00 
 5.28148126e-10  2.85069038e+00  2.48851330e+00 
 5.29148126e-10  2.88651511e+00  2.40749305e+00 
 5.30148126e-10  2.92499565e+00  2.35036847e+00 
 5.31148126e-10  2.96022651e+00  2.31649995e+00 
 5.32148126e-10  2.98938726e+00  2.30335138e+00 
 5.33148126e-10  3.01154414e+00  2.30865321e+00 
 5.34148126e-10  3.02750041e+00  2.33045830e+00 
 5.35148126e-10  3.03930972e+00  2.36679161e+00 
 5.36148126e-10  3.04898515e+00  2.41565868e+00 
 5.37148126e-10  3.05083406e+00  2.47823807e+00 
 5.38148126e-10  3.01283060e+00  2.56487808e+00 
 5.39148126e-10  2.93808555e+00  2.65938634e+00 
 5.40148126e-10  2.86801465e+00  2.70515747e+00 
 5.41148126e-10  2.83129014e+00  2.66629529e+00 
 5.42148126e-10  2.83044774e+00  2.57663527e+00 
 5.43148126e-10  2.85476449e+00  2.48006785e+00 
 5.44148126e-10  2.89108068e+00  2.40074319e+00 
 5.45148126e-10  2.92947024e+00  2.34542966e+00 
 5.46148126e-10  2.96431511e+00  2.31319456e+00 
 5.47148126e-10  2.99296149e+00  2.30149138e+00 
 5.48148126e-10  3.01460365e+00  2.30808691e+00 
 5.49148126e-10  3.03016717e+00  2.33104347e+00 
 5.50148126e-10  3.04175516e+00  2.36837658e+00 
 5.51148126e-10  3.05128159e+00  2.41812339e+00 
 5.52148126e-10  3.05138869e+00  2.48214727e+00 
 5.53148126e-10  3.00972868e+00  2.57055185e+00 
 5.54148126e-10  2.93380882e+00  2.66384885e+00 
 5.55148126e-10  2.86560564e+00  2.70332745e+00 
 5.56148126e-10  2.83171255e+00  2.65904451e+00 
 5.57148126e-10  2.83319740e+00  2.56757364e+00 
 5.58148126e-10  2.85884165e+00  2.47176703e+00 
 5.59148126e-10  2.89559565e+00  2.39417288e+00 
 5.60148126e-10  2.93386438e+00  2.34066689e+00 
 5.61148126e-10  2.96830896e+00  2.31005369e+00 
 5.62148126e-10  2.99643610e+00  2.29978552e+00 
 5.63148126e-10  3.01756874e+00  2.30766518e+00 
 5.64148126e-10  3.03275176e+00  2.33176283e+00 
 5.65148126e-10  3.04413068e+00  2.37008461e+00 
 5.66148126e-10  3.05349184e+00  2.42071180e+00 
 5.67148126e-10  3.05160505e+00  2.48626995e+00 
 5.68148126e-10  3.00634262e+00  2.57633475e+00 
 5.69148126e-10  2.92950447e+00  2.66811691e+00 
 5.70148126e-10  2.86332294e+00  2.70112507e+00 
 5.71148126e-10  2.83226619e+00  2.65160861e+00 
 5.72148126e-10  2.83601604e+00  2.55854486e+00 
 5.73148126e-10  2.86291664e+00  2.46361313e+00 
 5.74148126e-10  2.90005719e+00  2.38777955e+00 
 5.75148126e-10  2.93817714e+00  2.33607649e+00 
 5.76148126e-10  2.97220822e+00  2.30707391e+00 
 5.77148126e-10  2.99981209e+00  2.29823069e+00 
 5.78148126e-10  3.02044123e+00  2.30738503e+00 
 5.79148126e-10  3.03525634e+00  2.33261337e+00 
 5.80148126e-10  3.04643811e+00  2.37191283e+00 
 5.81148126e-10  3.05560966e+00  2.42342456e+00 
 5.82148126e-10  3.05147803e+00  2.49060362e+00 
 5.83148126e-10  3.00269579e+00  2.58219710e+00 
 5.84148126e-10  2.92519522e+00  2.67213063e+00 
 5.85148126e-10  2.86117361e+00  2.69855267e+00 
 5.86148126e-10  2.83294960e+00  2.64400582e+00 
 5.87148126e-10  2.83889898e+00  2.54955945e+00 
 5.88148126e-10  2.86698522e+00  2.45560764e+00 
 5.89148126e-10  2.90446281e+00  2.38156036e+00 
 5.90148126e-10  2.94240759e+00  2.33165460e+00 
 5.91148126e-10  2.97601288e+00  2.30425150e+00 
 5.92148126e-10  3.00309029e+00  2.29682342e+00 
 5.93148126e-10  3.02322277e+00  2.30724310e+00 
 5.94148126e-10  3.03768284e+00  2.33359175e+00 
 5.95148126e-10  3.04867906e+00  2.37385810e+00 
 5.96148126e-10  3.05762657e+00  2.42626301e+00 
 5.97148126e-10  3.05100828e+00  2.49514319e+00 
 5.98148126e-10  2.99881534e+00  2.58810597e+00 
 5.99148126e-10  2.92090591e+00  2.67582038e+00 
 6.00148126e-10  2.85916633e+00  2.69560418e+00 
 6.01148126e-10  2.83376278e+00  2.63624921e+00 
 6.02148126e-10  2.84184278e+00  2.54062585e+00 
 6.03148126e-10  2.87104385e+00  2.44775174e+00 
 6.04148126e-10  2.90881037e+00  2.37551267e+00 
 6.05148126e-10  2.94655487e+00  2.32739739e+00 
 6.06148126e-10  2.97972286e+00  2.30158258e+00 
 6.07148126e-10  3.00627149e+00  2.29555996e+00 
 6.08148126e-10  3.02591496e+00  2.30723572e+00 
 6.09148126e-10  3.04003315e+00  2.33469434e+00 
 6.10148126e-10  3.05085497e+00  2.37591706e+00 
 6.11148126e-10  3.05953151e+00  2.42922931e+00 
 6.12148126e-10  3.05020158e+00  2.49988145e+00 
 6.13148126e-10  2.99473052e+00  2.59402714e+00 
 6.14148126e-10  2.91666139e+00  2.67911395e+00 
 6.15148126e-10  2.85730985e+00  2.69226736e+00 
 6.16148126e-10  2.83470697e+00  2.62839186e+00 
 6.17148126e-10  2.84484486e+00  2.53171769e+00 
 6.18148126e-10  2.87508576e+00  2.43989579e+00 
 6.19148126e-10  2.91308825e+00  2.36946867e+00 
 6.20148126e-10  2.95060321e+00  2.32317532e+00 
 6.21148126e-10  2.98331881e+00  2.29897859e+00 
 6.22148126e-10  3.00933393e+00  2.29437839e+00 
 6.23148126e-10  3.02849492e+00  2.30731522e+00 
 6.24148126e-10  3.04228413e+00  2.33588106e+00 
 6.25148126e-10  3.05294274e+00  2.37805461e+00 
 6.26148126e-10  3.06128742e+00  2.43229847e+00 
 6.27148126e-10  3.04904611e+00  2.50478459e+00 
 6.28148126e-10  2.99045094e+00  2.59990485e+00 
 6.29148126e-10  2.91246639e+00  2.68192558e+00 
 6.30148126e-10  2.85560679e+00  2.68835758e+00 
 6.31148126e-10  2.83574754e+00  2.62040372e+00 
 6.32148126e-10  2.84786606e+00  2.52318229e+00 
 6.33148126e-10  2.87909534e+00  2.43265930e+00 
 6.34148126e-10  2.91731230e+00  2.36400524e+00 
 6.35148126e-10  2.95459569e+00  2.31940335e+00 
 6.36148126e-10  2.98686510e+00  2.29671522e+00 
 6.37148126e-10  3.01235717e+00  2.29346958e+00 
 6.38148126e-10  3.03105074e+00  2.30762738e+00 
 6.39148126e-10  3.04452615e+00  2.33727320e+00 
 6.40148126e-10  3.05502994e+00  2.38037683e+00 
 6.41148126e-10  3.06295902e+00  2.43557249e+00 
 6.42148126e-10  3.04755567e+00  2.50994808e+00 
 6.43148126e-10  2.98606792e+00  2.60581405e+00 
 6.44148126e-10  2.90844805e+00  2.68430101e+00 
 6.45148126e-10  2.85414769e+00  2.68422055e+00 
 6.46148126e-10  2.83701568e+00  2.61232008e+00 
 6.47148126e-10  2.85103135e+00  2.51456686e+00 
 6.48148126e-10  2.88315598e+00  2.42538516e+00 
 6.49148126e-10  2.92152002e+00  2.35856308e+00 
 6.50148126e-10  2.95853134e+00  2.31569907e+00 
 6.51148126e-10  2.99033136e+00  2.29454606e+00 
 6.52148126e-10  3.01529106e+00  2.29266565e+00 
 6.53148126e-10  3.03352101e+00  2.30804469e+00 
 6.54148126e-10  3.04669290e+00  2.33876465e+00 
 6.55148126e-10  3.05704896e+00  2.38279136e+00 
 6.56148126e-10  3.06446008e+00  2.43897770e+00 
 6.57148126e-10  3.04576622e+00  2.51527319e+00 
 6.58148126e-10  2.98155712e+00  2.61163427e+00 
 6.59148126e-10  2.90451629e+00  2.68612237e+00 
 6.60148126e-10  2.85283716e+00  2.67966989e+00 
 6.61148126e-10  2.83839327e+00  2.60411285e+00 
 6.62148126e-10  2.85423204e+00  2.50600252e+00 
 6.63148126e-10  2.88718526e+00  2.41822741e+00 
 6.64148126e-10  2.92565440e+00  2.35325024e+00 
 6.65148126e-10  2.96237287e+00  2.31212086e+00 
 6.66148126e-10  2.99369473e+00  2.29249745e+00 
 6.67148126e-10  3.01812321e+00  2.29197661e+00 
 6.68148126e-10  3.03590029e+00  2.30856992e+00 
 6.69148126e-10  3.04878299e+00  2.34035523e+00 
 6.70148126e-10  3.05899955e+00  2.38529746e+00 
 6.71148126e-10  3.06576790e+00  2.44252263e+00 
 6.72148126e-10  3.04364731e+00  2.52076202e+00 
 6.73148126e-10  2.97693736e+00  2.61736315e+00 
 6.74148126e-10  2.90070807e+00  2.68739848e+00 
 6.75148126e-10  2.85170095e+00  2.67452164e+00 
 6.76148126e-10  2.83990314e+00  2.59594710e+00 
 6.77148126e-10  2.85749891e+00  2.49787495e+00 
 6.78148126e-10  2.89122282e+00  2.41155846e+00 
 6.79148126e-10  2.92976289e+00  2.34833997e+00 
 6.80148126e-10  2.96617509e+00  2.30885358e+00 
 6.81148126e-10  2.99701610e+00  2.29069917e+00 
 6.82148126e-10  3.02091834e+00  2.29150218e+00 
 6.83148126e-10  3.03825413e+00  2.30928602e+00 
 6.84148126e-10  3.05085994e+00  2.34211721e+00 
 6.85148126e-10  3.06094004e+00  2.38796005e+00 
 6.86148126e-10  3.06691084e+00  2.44627570e+00 
 6.87148126e-10  3.04125135e+00  2.52646212e+00 
 6.88148126e-10  2.97226890e+00  2.62303787e+00 
 6.89148126e-10  2.89707029e+00  2.68818649e+00 
 6.90148126e-10  2.85078551e+00  2.66916403e+00 
 6.91148126e-10  2.84156768e+00  2.58764844e+00 
 6.92148126e-10  2.86082316e+00  2.48967850e+00 
 6.93148126e-10  2.89524205e+00  2.40488897e+00 
 6.94148126e-10  2.93380825e+00  2.34348036e+00 
 6.95148126e-10  2.96989054e+00  2.30566633e+00 
 6.96148126e-10  3.00023876e+00  2.28899410e+00 
 6.97148126e-10  3.02361391e+00  2.29112394e+00 
 6.98148126e-10  3.04051779e+00  2.31009487e+00 
 6.99148126e-10  3.05285961e+00  2.34396469e+00 
 7.00148126e-10  3.06280699e+00  2.39070311e+00 
 7.01148126e-10  3.06780346e+00  2.45017844e+00 
 7.02148126e-10  3.03852758e+00  2.53230525e+00 
 7.03148126e-10  2.96751548e+00  2.62859432e+00 
 7.04148126e-10  2.89356122e+00  2.68846215e+00 
 7.05148126e-10  2.85003834e+00  2.66345225e+00 
 7.06148126e-10  2.84334721e+00  2.57928150e+00 
 7.07148126e-10  2.86418428e+00  2.48158623e+00 
 7.08148126e-10  2.89923491e+00  2.39837816e+00 
 7.09148126e-10  2.93779021e+00  2.33877931e+00 
 7.10148126e-10  2.97352503e+00  2.30262462e+00 
 7.11148126e-10  3.00337375e+00  2.28742298e+00 
 7.12148126e-10  3.02622519e+00  2.29087015e+00 
 7.13148126e-10  3.04270900e+00  2.31101849e+00 
 7.14148126e-10  3.05480041e+00  2.34591632e+00 
 7.15148126e-10  3.06461596e+00  2.39354420e+00 
 7.16148126e-10  3.06843582e+00  2.45425580e+00 
 7.17148126e-10  3.03549546e+00  2.53829689e+00 
 7.18148126e-10  2.96270210e+00  2.63403564e+00 
 7.19148126e-10  2.89019328e+00  2.68826855e+00 
 7.20148126e-10  2.84946344e+00  2.65743128e+00 
 7.21148126e-10  2.84524321e+00  2.57087142e+00 
 7.22148126e-10  2.86758490e+00  2.47360787e+00 
 7.23148126e-10  2.90320638e+00  2.39202977e+00 
 7.24148126e-10  2.94171544e+00  2.33423957e+00 
 7.25148126e-10  2.97708573e+00  2.29973165e+00 
 7.26148126e-10  3.00642828e+00  2.28598922e+00 
 7.27148126e-10  3.02875948e+00  2.29074394e+00 
 7.28148126e-10  3.04483482e+00  2.31205949e+00 
 7.29148126e-10  3.05668870e+00  2.34797420e+00 
 7.30148126e-10  3.06636927e+00  2.39648649e+00 
 7.31148126e-10  3.06878825e+00  2.45851796e+00 
 7.32148126e-10  3.03216553e+00  2.54442678e+00 
 7.33148126e-10  2.95784341e+00  2.63934781e+00 
 7.34148126e-10  2.88696818e+00  2.68763751e+00 
 7.35148126e-10  2.84905496e+00  2.65113665e+00 
 7.36148126e-10  2.84724819e+00  2.56243612e+00 
 7.37148126e-10  2.87101959e+00  2.46574710e+00 
 7.38148126e-10  2.90715412e+00  2.38584183e+00 
 7.39148126e-10  2.94558392e+00  2.32985847e+00 
 7.40148126e-10  2.98057373e+00  2.29698543e+00 
 7.41148126e-10  3.00940410e+00  2.28469138e+00 
 7.42148126e-10  3.03121917e+00  2.29074399e+00 
 7.43148126e-10  3.04689788e+00  2.31321643e+00 
 7.44148126e-10  3.05852679e+00  2.35013679e+00 
 7.45148126e-10  3.06806458e+00  2.39953034e+00 
 7.46148126e-10  3.06884193e+00  2.46296999e+00 
 7.47148126e-10  3.02854938e+00  2.55067756e+00 
 7.48148126e-10  2.95295364e+00  2.64450426e+00 
 7.49148126e-10  2.88388646e+00  2.68659313e+00 
 7.50148126e-10  2.84880583e+00  2.64459943e+00 
 7.51148126e-10  2.84935337e+00  2.55399190e+00 
 7.52148126e-10  2.87448149e+00  2.45800725e+00 
 7.53148126e-10  2.91107433e+00  2.37981221e+00 
 7.54148126e-10  2.94939417e+00  2.32563291e+00 
 7.55148126e-10  2.98398882e+00  2.29438333e+00 
 7.56148126e-10  3.01230179e+00  2.28352729e+00 
 7.57148126e-10  3.03360564e+00  2.29086828e+00 
 7.58148126e-10  3.04889985e+00  2.31448725e+00 
 7.59148126e-10  3.06031612e+00  2.35240206e+00 
 7.60148126e-10  3.06969754e+00  2.40267621e+00 
 7.61148126e-10  3.06858276e+00  2.46761404e+00 
 7.62148126e-10  3.02466292e+00  2.55702660e+00 
 7.63148126e-10  2.94805003e+00  2.64946501e+00 
 7.64148126e-10  2.88095076e+00  2.68515116e+00 
 7.65148126e-10  2.84871067e+00  2.63784614e+00 
 7.66148126e-10  2.85155107e+00  2.54555349e+00 
 7.67148126e-10  2.87796431e+00  2.45039165e+00 
 7.68148126e-10  2.91496328e+00  2.37393910e+00 
 7.69148126e-10  2.95314456e+00  2.32155998e+00 
 7.70148126e-10  2.98733047e+00  2.29192274e+00 
 7.71148126e-10  3.01512171e+00  2.28249470e+00 
 7.72148126e-10  3.03592004e+00  2.29111466e+00 
 7.73148126e-10  3.05084219e+00  2.31586973e+00 
 7.74148126e-10  3.06205786e+00  2.35476790e+00 
 7.75148126e-10  3.07126197e+00  2.40592523e+00 
 7.76148126e-10  3.06800250e+00  2.47244946e+00 
 7.77148126e-10  3.02052694e+00  2.56344663e+00 
 7.78148126e-10  2.94315335e+00  2.65417610e+00 
 7.79148126e-10  2.87816641e+00  2.68331828e+00 
 7.80148126e-10  2.84876637e+00  2.63089800e+00 
 7.81148126e-10  2.85383525e+00  2.53713321e+00 
 7.82148126e-10  2.88146266e+00  2.44290287e+00 
 7.83148126e-10  2.91881762e+00  2.36822052e+00 
 7.84148126e-10  2.95683341e+00  2.31763664e+00 
 7.85148126e-10  2.99059799e+00  2.28960079e+00 
 7.86148126e-10  3.01786401e+00  2.28159100e+00 
 7.87148126e-10  3.03816336e+00  2.29148062e+00 
 7.88148126e-10  3.05272620e+00  2.31736141e+00 
 7.89148126e-10  3.06375297e+00  2.35723198e+00 
 7.90148126e-10  3.07274959e+00  2.40927914e+00 
 7.91148126e-10  3.06709881e+00  2.47747290e+00 
 7.92148126e-10  3.01616654e+00  2.56990656e+00 
 7.93148126e-10  2.93828705e+00  2.65857186e+00 
 7.94148126e-10  2.87554087e+00  2.68109230e+00 
 7.95148126e-10  2.84897175e+00  2.62377071e+00 
 7.96148126e-10  2.85620133e+00  2.52874092e+00 
 7.97148126e-10  2.88497207e+00  2.43554283e+00 
 7.98148126e-10  2.92263438e+00  2.36265440e+00 
 7.99148126e-10  2.96045913e+00  2.31385972e+00 
 8.00148126e-10  2.99379060e+00  2.28741432e+00 
 8.01148126e-10  3.02052877e+00  2.28081324e+00 
 8.02148126e-10  3.04033647e+00  2.29196329e+00 
 8.03148126e-10  3.05455304e+00  2.31895943e+00 
 8.04148126e-10  3.06540224e+00  2.35979171e+00 
 8.05148126e-10  3.07414969e+00  2.41274043e+00 
 8.06148126e-10  3.06587484e+00  2.48267859e+00 
 8.07148126e-10  3.01160967e+00  2.57637311e+00 
 8.08148126e-10  2.93347556e+00  2.66258076e+00 
 8.09148126e-10  2.87308235e+00  2.67846378e+00 
 8.10148126e-10  2.84932735e+00  2.61654617e+00 
 8.11148126e-10  2.85864652e+00  2.52031947e+00 
 8.12148126e-10  2.88848346e+00  2.42809384e+00 
 8.13148126e-10  2.92639719e+00  2.35700863e+00 
 8.14148126e-10  2.96399911e+00  2.31005342e+00 
 8.15148126e-10  2.99688033e+00  2.28524407e+00 
 8.16148126e-10  3.02308427e+00  2.28007813e+00 
 8.17148126e-10  3.04240583e+00  2.29249865e+00 
 8.18148126e-10  3.05628879e+00  2.32061012e+00 
 8.19148126e-10  3.06697208e+00  2.36240015e+00 
 8.20148126e-10  3.07541643e+00  2.41627318e+00 
 8.21148126e-10  3.06430827e+00  2.48802380e+00 
 8.22148126e-10  3.00685793e+00  2.58278136e+00 
 8.23148126e-10  2.92871730e+00  2.66610567e+00 
 8.24148126e-10  2.87077602e+00  2.67539333e+00 
 8.25148126e-10  2.84981084e+00  2.60901346e+00 
 8.26148126e-10  2.86114629e+00  2.51205465e+00 
 8.27148126e-10  2.89199091e+00  2.42112542e+00 
 8.28148126e-10  2.93012555e+00  2.35186475e+00 
 8.29148126e-10  2.96749490e+00  2.30664587e+00 
 8.30148126e-10  2.99992703e+00  2.28337265e+00 
 8.31148126e-10  3.02560459e+00  2.27957754e+00 
 8.32148126e-10  3.04445430e+00  2.29323057e+00 
 8.33148126e-10  3.05801927e+00  2.32243195e+00 
 8.34148126e-10  3.06854637e+00  2.36516052e+00 
 8.35148126e-10  3.07661265e+00  2.41997629e+00 
 8.36148126e-10  3.06248296e+00  2.49358504e+00 
 8.37148126e-10  3.00200557e+00  2.58917729e+00 
 8.38148126e-10  2.92409200e+00  2.66915927e+00 
 8.39148126e-10  2.86869127e+00  2.67175783e+00 
 8.40148126e-10  2.85045295e+00  2.60153508e+00 
 8.41148126e-10  2.86372601e+00  2.50410659e+00 
 8.42148126e-10  2.89551433e+00  2.41448200e+00 
 8.43148126e-10  2.93383268e+00  2.34698740e+00 
 8.44148126e-10  2.97095362e+00  2.30345462e+00 
 8.45148126e-10  3.00293097e+00  2.28168673e+00 
 8.46148126e-10  3.02808335e+00  2.27924335e+00 
 8.47148126e-10  3.04647004e+00  2.29411365e+00 
 8.48148126e-10  3.05972876e+00  2.32438995e+00 
 8.49148126e-10  3.07010635e+00  2.36804342e+00 
 8.50148126e-10  3.07769891e+00  2.42383203e+00 
 8.51148126e-10  3.06028445e+00  2.49935775e+00 
 8.52148126e-10  2.99705454e+00  2.59555142e+00 
 8.53148126e-10  2.91966753e+00  2.67172106e+00 
 8.54148126e-10  2.86687358e+00  2.66788807e+00 
 8.55148126e-10  2.85133591e+00  2.59389190e+00 
 8.56148126e-10  2.86645580e+00  2.49601629e+00 
 8.57148126e-10  2.89909328e+00  2.40775948e+00 
 8.58148126e-10  2.93752869e+00  2.34210060e+00 
 8.59148126e-10  2.97436179e+00  2.30030323e+00 
 8.60148126e-10  3.00586232e+00  2.28006743e+00 
 8.61148126e-10  3.03048163e+00  2.27898645e+00 
 8.62148126e-10  3.04841047e+00  2.29507463e+00 
 8.63148126e-10  3.06137419e+00  2.32642059e+00 
 8.64148126e-10  3.07160951e+00  2.37099299e+00 
 8.65148126e-10  3.07861265e+00  2.42779969e+00 
 8.66148126e-10  3.05782173e+00  2.50526045e+00 
 8.67148126e-10  2.99200212e+00  2.60179740e+00 
 8.68148126e-10  2.91533834e+00  2.67369572e+00 
 8.69148126e-10  2.86519861e+00  2.66340781e+00 
 8.70148126e-10  2.85233178e+00  2.58621672e+00 
 8.71148126e-10  2.86924076e+00  2.48827142e+00 
 8.72148126e-10  2.90267385e+00  2.40144641e+00 
 8.73148126e-10  2.94119405e+00  2.33755397e+00 
 8.74148126e-10  2.97772664e+00  2.29741269e+00 
 8.75148126e-10  3.00874812e+00  2.27865570e+00 
 8.76148126e-10  3.03283984e+00  2.27890571e+00 
 8.77148126e-10  3.05032322e+00  2.29619086e+00 
 8.78148126e-10  3.06300548e+00  2.32858910e+00 
 8.79148126e-10  3.07310359e+00  2.37406697e+00 
 8.80148126e-10  3.07937419e+00  2.43194082e+00 
 8.81148126e-10  3.05508434e+00  2.51134734e+00 
 8.82148126e-10  2.98690018e+00  2.60796509e+00 
 8.83148126e-10  2.91118366e+00  2.67514814e+00 
 8.84148126e-10  2.86375347e+00  2.65865433e+00 
 8.85148126e-10  2.85349090e+00  2.57840019e+00 
 8.86148126e-10  2.87209288e+00  2.48047943e+00 
 8.87148126e-10  2.90624743e+00  2.39515352e+00 
 8.88148126e-10  2.94480923e+00  2.33306750e+00 
 8.89148126e-10  2.98101939e+00  2.29460198e+00 
 8.90148126e-10  3.01155134e+00  2.27733133e+00 
 8.91148126e-10  3.03511553e+00  2.27891257e+00 
 8.92148126e-10  3.05216336e+00  2.29738995e+00 
 8.93148126e-10  3.06457741e+00  2.33083255e+00 
 8.94148126e-10  3.07454304e+00  2.37720996e+00 
 8.95148126e-10  3.07991460e+00  2.43621572e+00 
 8.96148126e-10  3.05203621e+00  2.51756782e+00 
 8.97148126e-10  2.98172689e+00  2.61400533e+00 
 8.98148126e-10  2.90717534e+00  2.67606410e+00 
 8.99148126e-10  2.86249692e+00  2.65352031e+00 
 9.00148126e-10  2.85478571e+00  2.57049598e+00 
 9.01148126e-10  2.87500158e+00  2.47277772e+00 
 9.02148126e-10  2.90981296e+00  2.38900738e+00 
 9.03148126e-10  2.94837828e+00  2.32872769e+00 
 9.04148126e-10  2.98424788e+00  2.29192449e+00 
 9.05148126e-10  3.01428325e+00  2.27612823e+00 
 9.06148126e-10  3.03732289e+00  2.27903103e+00 
 9.07148126e-10  3.05394677e+00  2.29869087e+00 
 9.08148126e-10  3.06610612e+00  2.33316704e+00 
 9.09148126e-10  3.07594124e+00  2.38043721e+00 
 9.10148126e-10  3.08022094e+00  2.44064780e+00 
 9.11148126e-10  3.04869368e+00  2.52392673e+00 
 9.12148126e-10  2.97650530e+00  2.61992084e+00 
 9.13148126e-10  2.90332441e+00  2.67648396e+00 
 9.14148126e-10  2.86143154e+00  2.64804869e+00 
 9.15148126e-10  2.85621618e+00  2.56252745e+00 
 9.16148126e-10  2.87796791e+00  2.46517458e+00 
 9.17148126e-10  2.91337386e+00  2.38301058e+00 
 9.18148126e-10  2.95190632e+00  2.32453641e+00 
 9.19148126e-10  2.98741780e+00  2.28938266e+00 
 9.20148126e-10  3.01694961e+00  2.27504920e+00 
 9.21148126e-10  3.03946786e+00  2.27926369e+00 
 9.22148126e-10  3.05567922e+00  2.30009578e+00 
 9.23148126e-10  3.06759680e+00  2.33559434e+00 
 9.24148126e-10  3.07729973e+00  2.38375147e+00 
 9.25148126e-10  3.08027126e+00  2.44524767e+00 
 9.26148126e-10  3.04506506e+00  2.53041523e+00 
 9.27148126e-10  2.97124866e+00  2.62570044e+00 
 9.28148126e-10  2.89963166e+00  2.67644056e+00 
 9.29148126e-10  2.86055063e+00  2.64227541e+00 
 9.30148126e-10  2.85777402e+00  2.55451227e+00 
 9.31148126e-10  2.88098567e+00  2.45767323e+00 
 9.32148126e-10  2.91692705e+00  2.37716086e+00 
 9.33148126e-10  2.95539266e+00  2.32049087e+00 
 9.34148126e-10  2.99052959e+00  2.28697455e+00 
 9.35148126e-10  3.01955150e+00  2.27409292e+00 
 9.36148126e-10  3.04155217e+00  2.27960943e+00 
 9.37148126e-10  3.05736271e+00  2.30160344e+00 
 9.38148126e-10  3.06905114e+00  2.33811311e+00 
 9.39148126e-10  3.07861601e+00  2.38715314e+00 
 9.40148126e-10  3.08004430e+00  2.45002164e+00 
 9.41148126e-10  3.04115963e+00  2.53701813e+00 
 9.42148126e-10  2.96596955e+00  2.63132241e+00 
 9.43148126e-10  2.89609640e+00  2.67596094e+00 
 9.44148126e-10  2.85984604e+00  2.63623318e+00 
 9.45148126e-10  2.85944954e+00  2.54646729e+00 
 9.46148126e-10  2.88404730e+00  2.45027708e+00 
 9.47148126e-10  2.92046816e+00  2.37145611e+00 
 9.48148126e-10  2.95883533e+00  2.31658814e+00 
 9.49148126e-10  2.99358254e+00  2.28469784e+00 
 9.50148126e-10  3.02208904e+00  2.27325761e+00 
 9.51148126e-10  3.04357672e+00  2.28006663e+00 
 9.52148126e-10  3.05899843e+00  2.30321220e+00 
 9.53148126e-10  3.07047013e+00  2.34072172e+00 
 9.54148126e-10  3.07988580e+00  2.39064286e+00 
 9.55148126e-10  3.07952325e+00  2.45497331e+00 
 9.56148126e-10  3.03699082e+00  2.54371523e+00 
 9.57148126e-10  2.96068325e+00  2.63675271e+00 
 9.58148126e-10  2.89271966e+00  2.67506472e+00 
 9.59148126e-10  2.85931097e+00  2.62995085e+00 
 9.60148126e-10  2.86123396e+00  2.53840844e+00 
 9.61148126e-10  2.88714566e+00  2.44299002e+00 
 9.62148126e-10  2.92399284e+00  2.36589492e+00 
 9.63148126e-10  2.96223220e+00  2.31282572e+00 
 9.64148126e-10  2.99657573e+00  2.28255037e+00 
 9.65148126e-10  3.02456215e+00  2.27254152e+00 
 9.66148126e-10  3.04554224e+00  2.28063365e+00 
 9.67148126e-10  3.06058745e+00  2.30492038e+00 
 9.68148126e-10  3.07185456e+00  2.34341856e+00 
 9.69148126e-10  3.08110318e+00  2.39422193e+00 
 9.70148126e-10  3.07869698e+00  2.46010364e+00 
 9.71148126e-10  3.03257702e+00  2.55048155e+00 
 9.72148126e-10  2.95540868e+00  2.64194337e+00 
 9.73148126e-10  2.88950523e+00  2.67376269e+00 
 9.74148126e-10  2.85894093e+00  2.62345230e+00 
 9.75148126e-10  2.86312009e+00  2.53034957e+00 
 9.76148126e-10  2.89027452e+00  2.43581548e+00 
 9.77148126e-10  2.92749714e+00  2.36047591e+00 
 9.78148126e-10  2.96558117e+00  2.30920114e+00 
 9.79148126e-10  2.99950806e+00  2.28052988e+00 
 9.80148126e-10  3.02697060e+00  2.27194267e+00 
 9.81148126e-10  3.04744931e+00  2.28130860e+00 
 9.82148126e-10  3.06213065e+00  2.30672609e+00 
 9.83148126e-10  3.07320499e+00  2.34620186e+00 
 9.84148126e-10  3.08226031e+00  2.39789232e+00 
 9.85148126e-10  3.07756037e+00  2.46541081e+00 
 9.86148126e-10  3.02794129e+00  2.55728782e+00 
 9.87148126e-10  2.95016791e+00  2.64683338e+00 
 9.88148126e-10  2.88645936e+00  2.67205654e+00 
 9.89148126e-10  2.85873360e+00  2.61675586e+00 
 9.90148126e-10  2.86510239e+00  2.52230190e+00 
 9.91148126e-10  2.89342863e+00  2.42875604e+00 
 9.92148126e-10  2.93097750e+00  2.35519746e+00 
 9.93148126e-10  2.96888015e+00  2.30571172e+00 
 9.94148126e-10  3.00237835e+00  2.27863377e+00 
 9.95148126e-10  3.02931405e+00  2.27145867e+00 
 9.96148126e-10  3.04929839e+00  2.28208920e+00 
 9.97148126e-10  3.06362878e+00  2.30862705e+00 
 9.98148126e-10  3.07452183e+00  2.34906957e+00 
 9.99074063e-10  3.08282792e+00  2.39735435e+00 
 1.00000000e-09  3.08029060e+00  2.45869170e+00 
