 frequency       v(vout)         v(vout)         v(vinn)         v(vinn)        
 1.00000000e+03 -9.87641767e-01  4.67107203e-06  1.23582325e-02  4.67107203e-06 
 1.02329299e+03 -9.87641767e-01  4.77987527e-06  1.23582325e-02  4.77987527e-06 
 1.04712855e+03 -9.87641767e-01  4.89121287e-06  1.23582325e-02  4.89121287e-06 
 1.07151931e+03 -9.87641767e-01  5.00514386e-06  1.23582325e-02  5.00514386e-06 
 1.09647820e+03 -9.87641767e-01  5.12172863e-06  1.23582325e-02  5.12172863e-06 
 1.12201845e+03 -9.87641767e-01  5.24102902e-06  1.23582325e-02  5.24102902e-06 
 1.14815362e+03 -9.87641767e-01  5.36310827e-06  1.23582325e-02  5.36310827e-06 
 1.17489755e+03 -9.87641767e-01  5.48803111e-06  1.23582325e-02  5.48803111e-06 
 1.20226443e+03 -9.87641767e-01  5.61586377e-06  1.23582325e-02  5.61586377e-06 
 1.23026877e+03 -9.87641767e-01  5.74667404e-06  1.23582325e-02  5.74667404e-06 
 1.25892541e+03 -9.87641767e-01  5.88053128e-06  1.23582325e-02  5.88053128e-06 
 1.28824955e+03 -9.87641767e-01  6.01750645e-06  1.23582325e-02  6.01750645e-06 
 1.31825674e+03 -9.87641767e-01  6.15767218e-06  1.23582325e-02  6.15767218e-06 
 1.34896288e+03 -9.87641767e-01  6.30110279e-06  1.23582325e-02  6.30110279e-06 
 1.38038426e+03 -9.87641767e-01  6.44787433e-06  1.23582325e-02  6.44787433e-06 
 1.41253754e+03 -9.87641767e-01  6.59806462e-06  1.23582325e-02  6.59806462e-06 
 1.44543977e+03 -9.87641767e-01  6.75175328e-06  1.23582325e-02  6.75175328e-06 
 1.47910839e+03 -9.87641767e-01  6.90902182e-06  1.23582325e-02  6.90902182e-06 
 1.51356125e+03 -9.87641767e-01  7.06995361e-06  1.23582325e-02  7.06995361e-06 
 1.54881662e+03 -9.87641767e-01  7.23463399e-06  1.23582325e-02  7.23463399e-06 
 1.58489319e+03 -9.87641767e-01  7.40315026e-06  1.23582325e-02  7.40315026e-06 
 1.62181010e+03 -9.87641767e-01  7.57559178e-06  1.23582325e-02  7.57559178e-06 
 1.65958691e+03 -9.87641767e-01  7.75204998e-06  1.23582325e-02  7.75204998e-06 
 1.69824365e+03 -9.87641767e-01  7.93261842e-06  1.23582325e-02  7.93261842e-06 
 1.73780083e+03 -9.87641767e-01  8.11739284e-06  1.23582325e-02  8.11739284e-06 
 1.77827941e+03 -9.87641767e-01  8.30647121e-06  1.23582325e-02  8.30647121e-06 
 1.81970086e+03 -9.87641767e-01  8.49995378e-06  1.23582325e-02  8.49995378e-06 
 1.86208714e+03 -9.87641767e-01  8.69794314e-06  1.23582325e-02  8.69794314e-06 
 1.90546072e+03 -9.87641767e-01  8.90054426e-06  1.23582325e-02  8.90054426e-06 
 1.94984460e+03 -9.87641767e-01  9.10786457e-06  1.23582325e-02  9.10786457e-06 
 1.99526231e+03 -9.87641767e-01  9.32001399e-06  1.23582326e-02  9.32001399e-06 
 2.04173794e+03 -9.87641767e-01  9.53710500e-06  1.23582326e-02  9.53710500e-06 
 2.08929613e+03 -9.87641767e-01  9.75925272e-06  1.23582326e-02  9.75925272e-06 
 2.13796209e+03 -9.87641767e-01  9.98657492e-06  1.23582326e-02  9.98657492e-06 
 2.18776162e+03 -9.87641767e-01  1.02191921e-05  1.23582326e-02  1.02191921e-05 
 2.23872114e+03 -9.87641767e-01  1.04572277e-05  1.23582326e-02  1.04572277e-05 
 2.29086765e+03 -9.87641767e-01  1.07008078e-05  1.23582326e-02  1.07008078e-05 
 2.34422882e+03 -9.87641767e-01  1.09500616e-05  1.23582326e-02  1.09500616e-05 
 2.39883292e+03 -9.87641767e-01  1.12051214e-05  1.23582326e-02  1.12051214e-05 
 2.45470892e+03 -9.87641767e-01  1.14661222e-05  1.23582326e-02  1.14661222e-05 
 2.51188643e+03 -9.87641767e-01  1.17332025e-05  1.23582326e-02  1.17332025e-05 
 2.57039578e+03 -9.87641767e-01  1.20065038e-05  1.23582326e-02  1.20065038e-05 
 2.63026799e+03 -9.87641767e-01  1.22861712e-05  1.23582326e-02  1.22861712e-05 
 2.69153480e+03 -9.87641767e-01  1.25723529e-05  1.23582326e-02  1.25723529e-05 
 2.75422870e+03 -9.87641767e-01  1.28652007e-05  1.23582326e-02  1.28652007e-05 
 2.81838293e+03 -9.87641767e-01  1.31648697e-05  1.23582326e-02  1.31648697e-05 
 2.88403150e+03 -9.87641767e-01  1.34715189e-05  1.23582326e-02  1.34715189e-05 
 2.95120923e+03 -9.87641767e-01  1.37853109e-05  1.23582326e-02  1.37853109e-05 
 3.01995172e+03 -9.87641767e-01  1.41064120e-05  1.23582326e-02  1.41064120e-05 
 3.09029543e+03 -9.87641767e-01  1.44349926e-05  1.23582326e-02  1.44349926e-05 
 3.16227766e+03 -9.87641767e-01  1.47712267e-05  1.23582326e-02  1.47712267e-05 
 3.23593657e+03 -9.87641767e-01  1.51152928e-05  1.23582326e-02  1.51152928e-05 
 3.31131121e+03 -9.87641767e-01  1.54673732e-05  1.23582326e-02  1.54673732e-05 
 3.38844156e+03 -9.87641767e-01  1.58276546e-05  1.23582326e-02  1.58276546e-05 
 3.46736850e+03 -9.87641767e-01  1.61963280e-05  1.23582326e-02  1.61963280e-05 
 3.54813389e+03 -9.87641767e-01  1.65735890e-05  1.23582326e-02  1.65735890e-05 
 3.63078055e+03 -9.87641767e-01  1.69596375e-05  1.23582326e-02  1.69596375e-05 
 3.71535229e+03 -9.87641767e-01  1.73546782e-05  1.23582327e-02  1.73546782e-05 
 3.80189396e+03 -9.87641767e-01  1.77589206e-05  1.23582327e-02  1.77589206e-05 
 3.89045145e+03 -9.87641767e-01  1.81725790e-05  1.23582327e-02  1.81725790e-05 
 3.98107171e+03 -9.87641767e-01  1.85958727e-05  1.23582327e-02  1.85958727e-05 
 4.07380278e+03 -9.87641767e-01  1.90290262e-05  1.23582327e-02  1.90290262e-05 
 4.16869383e+03 -9.87641767e-01  1.94722692e-05  1.23582327e-02  1.94722692e-05 
 4.26579519e+03 -9.87641767e-01  1.99258366e-05  1.23582327e-02  1.99258366e-05 
 4.36515832e+03 -9.87641767e-01  2.03899689e-05  1.23582327e-02  2.03899689e-05 
 4.46683592e+03 -9.87641767e-01  2.08649123e-05  1.23582327e-02  2.08649123e-05 
 4.57088190e+03 -9.87641767e-01  2.13509186e-05  1.23582327e-02  2.13509186e-05 
 4.67735141e+03 -9.87641767e-01  2.18482454e-05  1.23582327e-02  2.18482454e-05 
 4.78630092e+03 -9.87641767e-01  2.23571564e-05  1.23582328e-02  2.23571564e-05 
 4.89778819e+03 -9.87641767e-01  2.28779214e-05  1.23582328e-02  2.28779214e-05 
 5.01187234e+03 -9.87641767e-01  2.34108167e-05  1.23582328e-02  2.34108167e-05 
 5.12861384e+03 -9.87641767e-01  2.39561247e-05  1.23582328e-02  2.39561247e-05 
 5.24807460e+03 -9.87641767e-01  2.45141345e-05  1.23582328e-02  2.45141345e-05 
 5.37031796e+03 -9.87641767e-01  2.50851420e-05  1.23582328e-02  2.50851420e-05 
 5.49540874e+03 -9.87641767e-01  2.56694501e-05  1.23582328e-02  2.56694501e-05 
 5.62341325e+03 -9.87641767e-01  2.62673684e-05  1.23582328e-02  2.62673684e-05 
 5.75439937e+03 -9.87641767e-01  2.68792140e-05  1.23582329e-02  2.68792140e-05 
 5.88843655e+03 -9.87641767e-01  2.75053113e-05  1.23582329e-02  2.75053113e-05 
 6.02559586e+03 -9.87641767e-01  2.81459923e-05  1.23582329e-02  2.81459923e-05 
 6.16595002e+03 -9.87641767e-01  2.88015967e-05  1.23582329e-02  2.88015967e-05 
 6.30957344e+03 -9.87641767e-01  2.94724720e-05  1.23582329e-02  2.94724720e-05 
 6.45654229e+03 -9.87641767e-01  3.01589741e-05  1.23582330e-02  3.01589741e-05 
 6.60693448e+03 -9.87641767e-01  3.08614669e-05  1.23582330e-02  3.08614669e-05 
 6.76082975e+03 -9.87641767e-01  3.15803228e-05  1.23582330e-02  3.15803228e-05 
 6.91830971e+03 -9.87641767e-01  3.23159230e-05  1.23582330e-02  3.23159230e-05 
 7.07945784e+03 -9.87641767e-01  3.30686575e-05  1.23582330e-02  3.30686575e-05 
 7.24435960e+03 -9.87641767e-01  3.38389255e-05  1.23582331e-02  3.38389255e-05 
 7.41310241e+03 -9.87641767e-01  3.46271353e-05  1.23582331e-02  3.46271353e-05 
 7.58577575e+03 -9.87641767e-01  3.54337049e-05  1.23582331e-02  3.54337049e-05 
 7.76247117e+03 -9.87641767e-01  3.62590619e-05  1.23582332e-02  3.62590619e-05 
 7.94328235e+03 -9.87641767e-01  3.71036440e-05  1.23582332e-02  3.71036440e-05 
 8.12830516e+03 -9.87641767e-01  3.79678989e-05  1.23582332e-02  3.79678989e-05 
 8.31763771e+03 -9.87641767e-01  3.88522849e-05  1.23582332e-02  3.88522849e-05 
 8.51138038e+03 -9.87641767e-01  3.97572708e-05  1.23582333e-02  3.97572708e-05 
 8.70963590e+03 -9.87641767e-01  4.06833366e-05  1.23582333e-02  4.06833366e-05 
 8.91250938e+03 -9.87641767e-01  4.16309733e-05  1.23582334e-02  4.16309733e-05 
 9.12010839e+03 -9.87641767e-01  4.26006832e-05  1.23582334e-02  4.26006832e-05 
 9.33254301e+03 -9.87641767e-01  4.35929806e-05  1.23582334e-02  4.35929806e-05 
 9.54992586e+03 -9.87641767e-01  4.46083916e-05  1.23582335e-02  4.46083916e-05 
 9.77237221e+03 -9.87641766e-01  4.56474545e-05  1.23582335e-02  4.56474545e-05 
 1.00000000e+04 -9.87641766e-01  4.67107203e-05  1.23582336e-02  4.67107203e-05 
 1.02329299e+04 -9.87641766e-01  4.77987527e-05  1.23582336e-02  4.77987527e-05 
 1.04712855e+04 -9.87641766e-01  4.89121287e-05  1.23582337e-02  4.89121287e-05 
 1.07151931e+04 -9.87641766e-01  5.00514386e-05  1.23582337e-02  5.00514386e-05 
 1.09647820e+04 -9.87641766e-01  5.12172863e-05  1.23582338e-02  5.12172863e-05 
 1.12201845e+04 -9.87641766e-01  5.24102902e-05  1.23582339e-02  5.24102902e-05 
 1.14815362e+04 -9.87641766e-01  5.36310827e-05  1.23582339e-02  5.36310827e-05 
 1.17489755e+04 -9.87641766e-01  5.48803111e-05  1.23582340e-02  5.48803111e-05 
 1.20226443e+04 -9.87641766e-01  5.61586377e-05  1.23582341e-02  5.61586377e-05 
 1.23026877e+04 -9.87641766e-01  5.74667405e-05  1.23582341e-02  5.74667405e-05 
 1.25892541e+04 -9.87641766e-01  5.88053128e-05  1.23582342e-02  5.88053128e-05 
 1.28824955e+04 -9.87641766e-01  6.01750645e-05  1.23582343e-02  6.01750645e-05 
 1.31825674e+04 -9.87641766e-01  6.15767218e-05  1.23582344e-02  6.15767218e-05 
 1.34896288e+04 -9.87641766e-01  6.30110279e-05  1.23582345e-02  6.30110279e-05 
 1.38038426e+04 -9.87641765e-01  6.44787433e-05  1.23582345e-02  6.44787433e-05 
 1.41253754e+04 -9.87641765e-01  6.59806462e-05  1.23582346e-02  6.59806462e-05 
 1.44543977e+04 -9.87641765e-01  6.75175329e-05  1.23582347e-02  6.75175329e-05 
 1.47910839e+04 -9.87641765e-01  6.90902182e-05  1.23582348e-02  6.90902182e-05 
 1.51356125e+04 -9.87641765e-01  7.06995361e-05  1.23582350e-02  7.06995361e-05 
 1.54881662e+04 -9.87641765e-01  7.23463399e-05  1.23582351e-02  7.23463399e-05 
 1.58489319e+04 -9.87641765e-01  7.40315026e-05  1.23582352e-02  7.40315026e-05 
 1.62181010e+04 -9.87641765e-01  7.57559179e-05  1.23582353e-02  7.57559179e-05 
 1.65958691e+04 -9.87641765e-01  7.75204999e-05  1.23582354e-02  7.75204999e-05 
 1.69824365e+04 -9.87641764e-01  7.93261843e-05  1.23582356e-02  7.93261843e-05 
 1.73780083e+04 -9.87641764e-01  8.11739285e-05  1.23582357e-02  8.11739285e-05 
 1.77827941e+04 -9.87641764e-01  8.30647122e-05  1.23582359e-02  8.30647122e-05 
 1.81970086e+04 -9.87641764e-01  8.49995379e-05  1.23582360e-02  8.49995379e-05 
 1.86208714e+04 -9.87641764e-01  8.69794314e-05  1.23582362e-02  8.69794314e-05 
 1.90546072e+04 -9.87641764e-01  8.90054427e-05  1.23582364e-02  8.90054427e-05 
 1.94984460e+04 -9.87641763e-01  9.10786458e-05  1.23582366e-02  9.10786458e-05 
 1.99526231e+04 -9.87641763e-01  9.32001400e-05  1.23582368e-02  9.32001400e-05 
 2.04173794e+04 -9.87641763e-01  9.53710501e-05  1.23582370e-02  9.53710501e-05 
 2.08929613e+04 -9.87641763e-01  9.75925272e-05  1.23582372e-02  9.75925272e-05 
 2.13796209e+04 -9.87641763e-01  9.98657492e-05  1.23582374e-02  9.98657492e-05 
 2.18776162e+04 -9.87641762e-01  1.02191921e-04  1.23582376e-02  1.02191921e-04 
 2.23872114e+04 -9.87641762e-01  1.04572277e-04  1.23582379e-02  1.04572277e-04 
 2.29086765e+04 -9.87641762e-01  1.07008078e-04  1.23582381e-02  1.07008078e-04 
 2.34422882e+04 -9.87641762e-01  1.09500617e-04  1.23582384e-02  1.09500617e-04 
 2.39883292e+04 -9.87641761e-01  1.12051214e-04  1.23582386e-02  1.12051214e-04 
 2.45470892e+04 -9.87641761e-01  1.14661222e-04  1.23582389e-02  1.14661222e-04 
 2.51188643e+04 -9.87641761e-01  1.17332025e-04  1.23582392e-02  1.17332025e-04 
 2.57039578e+04 -9.87641760e-01  1.20065039e-04  1.23582396e-02  1.20065039e-04 
 2.63026799e+04 -9.87641760e-01  1.22861713e-04  1.23582399e-02  1.22861713e-04 
 2.69153480e+04 -9.87641760e-01  1.25723529e-04  1.23582402e-02  1.25723529e-04 
 2.75422870e+04 -9.87641759e-01  1.28652007e-04  1.23582406e-02  1.28652007e-04 
 2.81838293e+04 -9.87641759e-01  1.31648697e-04  1.23582410e-02  1.31648697e-04 
 2.88403150e+04 -9.87641759e-01  1.34715189e-04  1.23582414e-02  1.34715189e-04 
 2.95120923e+04 -9.87641758e-01  1.37853109e-04  1.23582418e-02  1.37853109e-04 
 3.01995172e+04 -9.87641758e-01  1.41064120e-04  1.23582422e-02  1.41064120e-04 
 3.09029543e+04 -9.87641757e-01  1.44349926e-04  1.23582427e-02  1.44349926e-04 
 3.16227766e+04 -9.87641757e-01  1.47712267e-04  1.23582432e-02  1.47712267e-04 
 3.23593657e+04 -9.87641756e-01  1.51152928e-04  1.23582437e-02  1.51152928e-04 
 3.31131121e+04 -9.87641756e-01  1.54673732e-04  1.23582442e-02  1.54673732e-04 
 3.38844156e+04 -9.87641755e-01  1.58276546e-04  1.23582448e-02  1.58276546e-04 
 3.46736850e+04 -9.87641755e-01  1.61963281e-04  1.23582453e-02  1.61963281e-04 
 3.54813389e+04 -9.87641754e-01  1.65735890e-04  1.23582459e-02  1.65735890e-04 
 3.63078055e+04 -9.87641753e-01  1.69596375e-04  1.23582466e-02  1.69596375e-04 
 3.71535229e+04 -9.87641753e-01  1.73546782e-04  1.23582472e-02  1.73546782e-04 
 3.80189396e+04 -9.87641752e-01  1.77589206e-04  1.23582479e-02  1.77589206e-04 
 3.89045145e+04 -9.87641751e-01  1.81725790e-04  1.23582487e-02  1.81725790e-04 
 3.98107171e+04 -9.87641751e-01  1.85958727e-04  1.23582494e-02  1.85958727e-04 
 4.07380278e+04 -9.87641750e-01  1.90290262e-04  1.23582502e-02  1.90290262e-04 
 4.16869383e+04 -9.87641749e-01  1.94722692e-04  1.23582511e-02  1.94722692e-04 
 4.26579519e+04 -9.87641748e-01  1.99258366e-04  1.23582519e-02  1.99258366e-04 
 4.36515832e+04 -9.87641747e-01  2.03899690e-04  1.23582528e-02  2.03899690e-04 
 4.46683592e+04 -9.87641746e-01  2.08649124e-04  1.23582538e-02  2.08649124e-04 
 4.57088190e+04 -9.87641745e-01  2.13509186e-04  1.23582548e-02  2.13509186e-04 
 4.67735141e+04 -9.87641744e-01  2.18482454e-04  1.23582559e-02  2.18482454e-04 
 4.78630092e+04 -9.87641743e-01  2.23571564e-04  1.23582570e-02  2.23571564e-04 
 4.89778819e+04 -9.87641742e-01  2.28779215e-04  1.23582581e-02  2.28779215e-04 
 5.01187234e+04 -9.87641741e-01  2.34108168e-04  1.23582593e-02  2.34108168e-04 
 5.12861384e+04 -9.87641739e-01  2.39561247e-04  1.23582606e-02  2.39561247e-04 
 5.24807460e+04 -9.87641738e-01  2.45141346e-04  1.23582619e-02  2.45141346e-04 
 5.37031796e+04 -9.87641737e-01  2.50851421e-04  1.23582633e-02  2.50851421e-04 
 5.49540874e+04 -9.87641735e-01  2.56694501e-04  1.23582647e-02  2.56694501e-04 
 5.62341325e+04 -9.87641734e-01  2.62673685e-04  1.23582663e-02  2.62673685e-04 
 5.75439937e+04 -9.87641732e-01  2.68792141e-04  1.23582679e-02  2.68792141e-04 
 5.88843655e+04 -9.87641730e-01  2.75053114e-04  1.23582695e-02  2.75053114e-04 
 6.02559586e+04 -9.87641729e-01  2.81459924e-04  1.23582713e-02  2.81459924e-04 
 6.16595002e+04 -9.87641727e-01  2.88015968e-04  1.23582731e-02  2.88015968e-04 
 6.30957344e+04 -9.87641725e-01  2.94724722e-04  1.23582750e-02  2.94724722e-04 
 6.45654229e+04 -9.87641723e-01  3.01589743e-04  1.23582770e-02  3.01589743e-04 
 6.60693448e+04 -9.87641721e-01  3.08614670e-04  1.23582791e-02  3.08614670e-04 
 6.76082975e+04 -9.87641719e-01  3.15803229e-04  1.23582813e-02  3.15803229e-04 
 6.91830971e+04 -9.87641716e-01  3.23159232e-04  1.23582836e-02  3.23159232e-04 
 7.07945784e+04 -9.87641714e-01  3.30686577e-04  1.23582860e-02  3.30686577e-04 
 7.24435960e+04 -9.87641711e-01  3.38389257e-04  1.23582885e-02  3.38389257e-04 
 7.41310241e+04 -9.87641709e-01  3.46271356e-04  1.23582912e-02  3.46271356e-04 
 7.58577575e+04 -9.87641706e-01  3.54337052e-04  1.23582939e-02  3.54337052e-04 
 7.76247117e+04 -9.87641703e-01  3.62590622e-04  1.23582968e-02  3.62590622e-04 
 7.94328235e+04 -9.87641700e-01  3.71036443e-04  1.23582999e-02  3.71036443e-04 
 8.12830516e+04 -9.87641697e-01  3.79678992e-04  1.23583030e-02  3.79678992e-04 
 8.31763771e+04 -9.87641694e-01  3.88522852e-04  1.23583064e-02  3.88522852e-04 
 8.51138038e+04 -9.87641690e-01  3.97572712e-04  1.23583098e-02  3.97572712e-04 
 8.70963590e+04 -9.87641687e-01  4.06833370e-04  1.23583135e-02  4.06833370e-04 
 8.91250938e+04 -9.87641683e-01  4.16309737e-04  1.23583173e-02  4.16309737e-04 
 9.12010839e+04 -9.87641679e-01  4.26006837e-04  1.23583213e-02  4.26006837e-04 
 9.33254301e+04 -9.87641675e-01  4.35929811e-04  1.23583255e-02  4.35929811e-04 
 9.54992586e+04 -9.87641670e-01  4.46083921e-04  1.23583299e-02  4.46083921e-04 
 9.77237221e+04 -9.87641666e-01  4.56474550e-04  1.23583344e-02  4.56474550e-04 
 1.00000000e+05 -9.87641661e-01  4.67107209e-04  1.23583392e-02  4.67107209e-04 
 1.02329299e+05 -9.87641656e-01  4.77987534e-04  1.23583443e-02  4.77987534e-04 
 1.04712855e+05 -9.87641650e-01  4.89121294e-04  1.23583495e-02  4.89121294e-04 
 1.07151931e+05 -9.87641645e-01  5.00514393e-04  1.23583551e-02  5.00514393e-04 
 1.09647820e+05 -9.87641639e-01  5.12172871e-04  1.23583608e-02  5.12172871e-04 
 1.12201845e+05 -9.87641633e-01  5.24102910e-04  1.23583669e-02  5.24102910e-04 
 1.14815362e+05 -9.87641627e-01  5.36310835e-04  1.23583732e-02  5.36310835e-04 
 1.17489755e+05 -9.87641620e-01  5.48803120e-04  1.23583798e-02  5.48803120e-04 
 1.20226443e+05 -9.87641613e-01  5.61586387e-04  1.23583868e-02  5.61586387e-04 
 1.23026877e+05 -9.87641606e-01  5.74667415e-04  1.23583941e-02  5.74667415e-04 
 1.25892541e+05 -9.87641598e-01  5.88053139e-04  1.23584017e-02  5.88053139e-04 
 1.28824955e+05 -9.87641590e-01  6.01750657e-04  1.23584096e-02  6.01750657e-04 
 1.31825674e+05 -9.87641582e-01  6.15767231e-04  1.23584180e-02  6.15767231e-04 
 1.34896288e+05 -9.87641573e-01  6.30110293e-04  1.23584267e-02  6.30110293e-04 
 1.38038426e+05 -9.87641564e-01  6.44787448e-04  1.23584359e-02  6.44787448e-04 
 1.41253754e+05 -9.87641555e-01  6.59806478e-04  1.23584455e-02  6.59806478e-04 
 1.44543977e+05 -9.87641544e-01  6.75175346e-04  1.23584555e-02  6.75175346e-04 
 1.47910839e+05 -9.87641534e-01  6.90902200e-04  1.23584660e-02  6.90902200e-04 
 1.51356125e+05 -9.87641523e-01  7.06995381e-04  1.23584770e-02  7.06995381e-04 
 1.54881662e+05 -9.87641511e-01  7.23463420e-04  1.23584885e-02  7.23463420e-04 
 1.58489319e+05 -9.87641499e-01  7.40315049e-04  1.23585006e-02  7.40315049e-04 
 1.62181010e+05 -9.87641487e-01  7.57559203e-04  1.23585133e-02  7.57559203e-04 
 1.65958691e+05 -9.87641474e-01  7.75205024e-04  1.23585265e-02  7.75205024e-04 
 1.69824365e+05 -9.87641460e-01  7.93261870e-04  1.23585403e-02  7.93261870e-04 
 1.73780083e+05 -9.87641445e-01  8.11739314e-04  1.23585548e-02  8.11739314e-04 
 1.77827941e+05 -9.87641430e-01  8.30647153e-04  1.23585700e-02  8.30647153e-04 
 1.81970086e+05 -9.87641414e-01  8.49995413e-04  1.23585859e-02  8.49995413e-04 
 1.86208714e+05 -9.87641397e-01  8.69794351e-04  1.23586026e-02  8.69794351e-04 
 1.90546072e+05 -9.87641380e-01  8.90054466e-04  1.23586200e-02  8.90054466e-04 
 1.94984460e+05 -9.87641362e-01  9.10786499e-04  1.23586383e-02  9.10786499e-04 
 1.99526231e+05 -9.87641343e-01  9.32001444e-04  1.23586574e-02  9.32001444e-04 
 2.04173794e+05 -9.87641323e-01  9.53710549e-04  1.23586775e-02  9.53710549e-04 
 2.08929613e+05 -9.87641302e-01  9.75925324e-04  1.23586984e-02  9.75925324e-04 
 2.13796209e+05 -9.87641280e-01  9.98657547e-04  1.23587204e-02  9.98657547e-04 
 2.18776162e+05 -9.87641257e-01  1.02191927e-03  1.23587434e-02  1.02191927e-03 
 2.23872114e+05 -9.87641233e-01  1.04572283e-03  1.23587675e-02  1.04572283e-03 
 2.29086765e+05 -9.87641207e-01  1.07008085e-03  1.23587927e-02  1.07008085e-03 
 2.34422882e+05 -9.87641181e-01  1.09500624e-03  1.23588191e-02  1.09500624e-03 
 2.39883292e+05 -9.87641153e-01  1.12051221e-03  1.23588467e-02  1.12051221e-03 
 2.45470892e+05 -9.87641124e-01  1.14661230e-03  1.23588757e-02  1.14661230e-03 
 2.51188643e+05 -9.87641094e-01  1.17332034e-03  1.23589060e-02  1.17332034e-03 
 2.57039578e+05 -9.87641062e-01  1.20065048e-03  1.23589377e-02  1.20065048e-03 
 2.63026799e+05 -9.87641029e-01  1.22861723e-03  1.23589709e-02  1.22861723e-03 
 2.69153480e+05 -9.87640994e-01  1.25723540e-03  1.23590057e-02  1.25723540e-03 
 2.75422870e+05 -9.87640958e-01  1.28652018e-03  1.23590422e-02  1.28652018e-03 
 2.81838293e+05 -9.87640920e-01  1.31648710e-03  1.23590803e-02  1.31648710e-03 
 2.88403150e+05 -9.87640880e-01  1.34715203e-03  1.23591203e-02  1.34715203e-03 
 2.95120923e+05 -9.87640838e-01  1.37853123e-03  1.23591621e-02  1.37853123e-03 
 3.01995172e+05 -9.87640794e-01  1.41064136e-03  1.23592059e-02  1.41064136e-03 
 3.09029543e+05 -9.87640748e-01  1.44349942e-03  1.23592518e-02  1.44349942e-03 
 3.16227766e+05 -9.87640700e-01  1.47712285e-03  1.23592999e-02  1.47712285e-03 
 3.23593657e+05 -9.87640650e-01  1.51152947e-03  1.23593502e-02  1.51152947e-03 
 3.31131121e+05 -9.87640597e-01  1.54673753e-03  1.23594028e-02  1.54673753e-03 
 3.38844156e+05 -9.87640542e-01  1.58276568e-03  1.23594580e-02  1.58276568e-03 
 3.46736850e+05 -9.87640484e-01  1.61963304e-03  1.23595157e-02  1.61963304e-03 
 3.54813389e+05 -9.87640424e-01  1.65735915e-03  1.23595762e-02  1.65735915e-03 
 3.63078055e+05 -9.87640360e-01  1.69596402e-03  1.23596396e-02  1.69596402e-03 
 3.71535229e+05 -9.87640294e-01  1.73546811e-03  1.23597059e-02  1.73546811e-03 
 3.80189396e+05 -9.87640225e-01  1.77589237e-03  1.23597753e-02  1.77589237e-03 
 3.89045145e+05 -9.87640152e-01  1.81725823e-03  1.23598480e-02  1.81725823e-03 
 3.98107171e+05 -9.87640076e-01  1.85958763e-03  1.23599242e-02  1.85958763e-03 
 4.07380278e+05 -9.87639996e-01  1.90290301e-03  1.23600039e-02  1.90290301e-03 
 4.16869383e+05 -9.87639913e-01  1.94722733e-03  1.23600874e-02  1.94722733e-03 
 4.26579519e+05 -9.87639825e-01  1.99258410e-03  1.23601748e-02  1.99258410e-03 
 4.36515832e+05 -9.87639734e-01  2.03899737e-03  1.23602663e-02  2.03899737e-03 
 4.46683592e+05 -9.87639638e-01  2.08649174e-03  1.23603622e-02  2.08649174e-03 
 4.57088190e+05 -9.87639537e-01  2.13509240e-03  1.23604625e-02  2.13509240e-03 
 4.67735141e+05 -9.87639432e-01  2.18482512e-03  1.23605676e-02  2.18482512e-03 
 4.78630092e+05 -9.87639322e-01  2.23571626e-03  1.23606777e-02  2.23571626e-03 
 4.89778819e+05 -9.87639207e-01  2.28779281e-03  1.23607929e-02  2.28779281e-03 
 5.01187234e+05 -9.87639086e-01  2.34108239e-03  1.23609136e-02  2.34108239e-03 
 5.12861384e+05 -9.87638960e-01  2.39561323e-03  1.23610399e-02  2.39561323e-03 
 5.24807460e+05 -9.87638828e-01  2.45141427e-03  1.23611723e-02  2.45141427e-03 
 5.37031796e+05 -9.87638689e-01  2.50851508e-03  1.23613108e-02  2.50851508e-03 
 5.49540874e+05 -9.87638544e-01  2.56694595e-03  1.23614559e-02  2.56694595e-03 
 5.62341325e+05 -9.87638392e-01  2.62673785e-03  1.23616078e-02  2.62673785e-03 
 5.75439937e+05 -9.87638233e-01  2.68792248e-03  1.23617669e-02  2.68792248e-03 
 5.88843655e+05 -9.87638067e-01  2.75053229e-03  1.23619334e-02  2.75053229e-03 
 6.02559586e+05 -9.87637892e-01  2.81460047e-03  1.23621078e-02  2.81460047e-03 
 6.16595002e+05 -9.87637710e-01  2.88016100e-03  1.23622905e-02  2.88016100e-03 
 6.30957344e+05 -9.87637518e-01  2.94724863e-03  1.23624817e-02  2.94724863e-03 
 6.45654229e+05 -9.87637318e-01  3.01589894e-03  1.23626820e-02  3.01589894e-03 
 6.60693448e+05 -9.87637108e-01  3.08614833e-03  1.23628917e-02  3.08614833e-03 
 6.76082975e+05 -9.87636889e-01  3.15803404e-03  1.23631113e-02  3.15803404e-03 
 6.91830971e+05 -9.87636659e-01  3.23159418e-03  1.23633412e-02  3.23159418e-03 
 7.07945784e+05 -9.87636418e-01  3.30686777e-03  1.23635820e-02  3.30686777e-03 
 7.24435960e+05 -9.87636166e-01  3.38389471e-03  1.23638341e-02  3.38389471e-03 
 7.41310241e+05 -9.87635902e-01  3.46271585e-03  1.23640981e-02  3.46271585e-03 
 7.58577575e+05 -9.87635625e-01  3.54337298e-03  1.23643745e-02  3.54337298e-03 
 7.76247117e+05 -9.87635336e-01  3.62590886e-03  1.23646640e-02  3.62590886e-03 
 7.94328235e+05 -9.87635033e-01  3.71036725e-03  1.23649671e-02  3.71036725e-03 
 8.12830516e+05 -9.87634716e-01  3.79679295e-03  1.23652845e-02  3.79679295e-03 
 8.31763771e+05 -9.87634383e-01  3.88523176e-03  1.23656169e-02  3.88523176e-03 
 8.51138038e+05 -9.87634035e-01  3.97573059e-03  1.23659649e-02  3.97573059e-03 
 8.70963590e+05 -9.87633671e-01  4.06833742e-03  1.23663293e-02  4.06833742e-03 
 8.91250938e+05 -9.87633289e-01  4.16310136e-03  1.23667109e-02  4.16310136e-03 
 9.12010839e+05 -9.87632890e-01  4.26007264e-03  1.23671105e-02  4.26007264e-03 
 9.33254301e+05 -9.87632471e-01  4.35930269e-03  1.23675289e-02  4.35930269e-03 
 9.54992586e+05 -9.87632033e-01  4.46084411e-03  1.23679670e-02  4.46084411e-03 
 9.77237221e+05 -9.87631574e-01  4.56475076e-03  1.23684258e-02  4.56475076e-03 
 1.00000000e+06 -9.87631094e-01  4.67107772e-03  1.23689062e-02  4.67107772e-03 
 1.02329299e+06 -9.87630591e-01  4.77988137e-03  1.23694092e-02  4.77988137e-03 
 1.04712855e+06 -9.87630064e-01  4.89121941e-03  1.23699360e-02  4.89121941e-03 
 1.07151931e+06 -9.87629512e-01  5.00515086e-03  1.23704875e-02  5.00515086e-03 
 1.09647820e+06 -9.87628935e-01  5.12173614e-03  1.23710651e-02  5.12173614e-03 
 1.12201845e+06 -9.87628330e-01  5.24103706e-03  1.23716699e-02  5.24103706e-03 
 1.14815362e+06 -9.87627697e-01  5.36311688e-03  1.23723032e-02  5.36311688e-03 
 1.17489755e+06 -9.87627034e-01  5.48804034e-03  1.23729664e-02  5.48804034e-03 
 1.20226443e+06 -9.87626339e-01  5.61587366e-03  1.23736608e-02  5.61587366e-03 
 1.23026877e+06 -9.87625612e-01  5.74668464e-03  1.23743879e-02  5.74668464e-03 
 1.25892541e+06 -9.87624851e-01  5.88054263e-03  1.23751493e-02  5.88054263e-03 
 1.28824955e+06 -9.87624053e-01  6.01751862e-03  1.23759466e-02  6.01751862e-03 
 1.31825674e+06 -9.87623219e-01  6.15768522e-03  1.23767814e-02  6.15768522e-03 
 1.34896288e+06 -9.87622344e-01  6.30111676e-03  1.23776556e-02  6.30111676e-03 
 1.38038426e+06 -9.87621429e-01  6.44788930e-03  1.23785710e-02  6.44788930e-03 
 1.41253754e+06 -9.87620470e-01  6.59808066e-03  1.23795296e-02  6.59808066e-03 
 1.44543977e+06 -9.87619467e-01  6.75177047e-03  1.23805333e-02  6.75177047e-03 
 1.47910839e+06 -9.87618416e-01  6.90904024e-03  1.23815843e-02  6.90904024e-03 
 1.51356125e+06 -9.87617315e-01  7.06997335e-03  1.23826849e-02  7.06997335e-03 
 1.54881662e+06 -9.87616163e-01  7.23465513e-03  1.23838374e-02  7.23465513e-03 
 1.58489319e+06 -9.87614956e-01  7.40317292e-03  1.23850441e-02  7.40317292e-03 
 1.62181010e+06 -9.87613692e-01  7.57561606e-03  1.23863077e-02  7.57561606e-03 
 1.65958691e+06 -9.87612369e-01  7.75207600e-03  1.23876309e-02  7.75207600e-03 
 1.69824365e+06 -9.87610983e-01  7.93264630e-03  1.23890165e-02  7.93264630e-03 
 1.73780083e+06 -9.87609533e-01  8.11742271e-03  1.23904674e-02  8.11742271e-03 
 1.77827941e+06 -9.87608013e-01  8.30650321e-03  1.23919866e-02  8.30650321e-03 
 1.81970086e+06 -9.87606423e-01  8.49998807e-03  1.23935775e-02  8.49998807e-03 
 1.86208714e+06 -9.87604757e-01  8.69797988e-03  1.23952433e-02  8.69797988e-03 
 1.90546072e+06 -9.87603012e-01  8.90058363e-03  1.23969877e-02  8.90058363e-03 
 1.94984460e+06 -9.87601186e-01  9.10790676e-03  1.23988142e-02  9.10790676e-03 
 1.99526231e+06 -9.87599273e-01  9.32005919e-03  1.24007269e-02  9.32005919e-03 
 2.04173794e+06 -9.87597270e-01  9.53715344e-03  1.24027297e-02  9.53715344e-03 
 2.08929613e+06 -9.87595173e-01  9.75930461e-03  1.24048269e-02  9.75930461e-03 
 2.13796209e+06 -9.87592977e-01  9.98663052e-03  1.24070230e-02  9.98663052e-03 
 2.18776162e+06 -9.87590677e-01  1.02192517e-02  1.24093226e-02  1.02192517e-02 
 2.23872114e+06 -9.87588269e-01  1.04572915e-02  1.24117305e-02  1.04572915e-02 
 2.29086765e+06 -9.87585748e-01  1.07008762e-02  1.24142520e-02  1.07008762e-02 
 2.34422882e+06 -9.87583108e-01  1.09501349e-02  1.24168923e-02  1.09501349e-02 
 2.39883292e+06 -9.87580343e-01  1.12051999e-02  1.24196571e-02  1.12051999e-02 
 2.45470892e+06 -9.87577448e-01  1.14662063e-02  1.24225522e-02  1.14662063e-02 
 2.51188643e+06 -9.87574416e-01  1.17332926e-02  1.24255837e-02  1.17332926e-02 
 2.57039578e+06 -9.87571242e-01  1.20066005e-02  1.24287582e-02  1.20066005e-02 
 2.63026799e+06 -9.87567918e-01  1.22862748e-02  1.24320823e-02  1.22862748e-02 
 2.69153480e+06 -9.87564437e-01  1.25724639e-02  1.24355630e-02  1.25724639e-02 
 2.75422870e+06 -9.87560792e-01  1.28653195e-02  1.24392079e-02  1.28653195e-02 
 2.81838293e+06 -9.87556975e-01  1.31649970e-02  1.24430246e-02  1.31649970e-02 
 2.88403150e+06 -9.87552979e-01  1.34716553e-02  1.24470211e-02  1.34716553e-02 
 2.95120923e+06 -9.87548794e-01  1.37854571e-02  1.24512061e-02  1.37854571e-02 
 3.01995172e+06 -9.87544412e-01  1.41065687e-02  1.24555884e-02  1.41065687e-02 
 3.09029543e+06 -9.87539823e-01  1.44351604e-02  1.24601772e-02  1.44351604e-02 
 3.16227766e+06 -9.87535018e-01  1.47714066e-02  1.24649824e-02  1.47714066e-02 
 3.23593657e+06 -9.87529986e-01  1.51154855e-02  1.24700141e-02  1.51154855e-02 
 3.31131121e+06 -9.87524717e-01  1.54675797e-02  1.24752830e-02  1.54675797e-02 
 3.38844156e+06 -9.87519200e-01  1.58278758e-02  1.24808003e-02  1.58278758e-02 
 3.46736850e+06 -9.87513422e-01  1.61965651e-02  1.24865777e-02  1.61965651e-02 
 3.54813389e+06 -9.87507373e-01  1.65738429e-02  1.24926274e-02  1.65738429e-02 
 3.63078055e+06 -9.87501038e-01  1.69599096e-02  1.24989624e-02  1.69599096e-02 
 3.71535229e+06 -9.87494404e-01  1.73549697e-02  1.25055960e-02  1.73549697e-02 
 3.80189396e+06 -9.87487458e-01  1.77592329e-02  1.25125425e-02  1.77592329e-02 
 3.89045145e+06 -9.87480184e-01  1.81729136e-02  1.25198164e-02  1.81729136e-02 
 3.98107171e+06 -9.87472567e-01  1.85962313e-02  1.25274332e-02  1.85962313e-02 
 4.07380278e+06 -9.87464591e-01  1.90294104e-02  1.25354092e-02  1.90294104e-02 
 4.16869383e+06 -9.87456239e-01  1.94726808e-02  1.25437613e-02  1.94726808e-02 
 4.26579519e+06 -9.87447493e-01  1.99262777e-02  1.25525072e-02  1.99262777e-02 
 4.36515832e+06 -9.87438335e-01  2.03904415e-02  1.25616655e-02  2.03904415e-02 
 4.46683592e+06 -9.87428744e-01  2.08654187e-02  1.25712556e-02  2.08654187e-02 
 4.57088190e+06 -9.87418702e-01  2.13514611e-02  1.25812979e-02  2.13514611e-02 
 4.67735141e+06 -9.87408186e-01  2.18488266e-02  1.25918138e-02  2.18488266e-02 
 4.78630092e+06 -9.87397174e-01  2.23577791e-02  1.26028256e-02  2.23577791e-02 
 4.89778819e+06 -9.87385643e-01  2.28785886e-02  1.26143567e-02  2.28785886e-02 
 5.01187234e+06 -9.87373568e-01  2.34115315e-02  1.26264317e-02  2.34115315e-02 
 5.12861384e+06 -9.87360924e-01  2.39568905e-02  1.26390761e-02  2.39568905e-02 
 5.24807460e+06 -9.87347683e-01  2.45149550e-02  1.26523168e-02  2.45149550e-02 
 5.37031796e+06 -9.87333818e-01  2.50860211e-02  1.26661820e-02  2.50860211e-02 
 5.49540874e+06 -9.87319299e-01  2.56703919e-02  1.26807013e-02  2.56703919e-02 
 5.62341325e+06 -9.87304095e-01  2.62683774e-02  1.26959053e-02  2.62683774e-02 
 5.75439937e+06 -9.87288173e-01  2.68802950e-02  1.27118266e-02  2.68802950e-02 
 5.88843655e+06 -9.87271501e-01  2.75064694e-02  1.27284989e-02  2.75064694e-02 
 6.02559586e+06 -9.87254042e-01  2.81472331e-02  1.27459577e-02  2.81472331e-02 
 6.16595002e+06 -9.87235760e-01  2.88029259e-02  1.27642401e-02  2.88029259e-02 
 6.30957344e+06 -9.87216615e-01  2.94738961e-02  1.27833851e-02  2.94738961e-02 
 6.45654229e+06 -9.87196567e-01  3.01604997e-02  1.28034334e-02  3.01604997e-02 
 6.60693448e+06 -9.87175572e-01  3.08631013e-02  1.28244276e-02  3.08631013e-02 
 6.76082975e+06 -9.87153588e-01  3.15820737e-02  1.28464124e-02  3.15820737e-02 
 6.91830971e+06 -9.87130565e-01  3.23177987e-02  1.28694347e-02  3.23177987e-02 
 7.07945784e+06 -9.87106457e-01  3.30706670e-02  1.28935435e-02  3.30706670e-02 
 7.24435960e+06 -9.87081210e-01  3.38410781e-02  1.29187900e-02  3.38410781e-02 
 7.41310241e+06 -9.87054772e-01  3.46294413e-02  1.29452282e-02  3.46294413e-02 
 7.58577575e+06 -9.87027086e-01  3.54361752e-02  1.29729142e-02  3.54361752e-02 
 7.76247117e+06 -9.86998093e-01  3.62617081e-02  1.30019072e-02  3.62617081e-02 
 7.94328235e+06 -9.86967731e-01  3.71064786e-02  1.30322689e-02  3.71064786e-02 
 8.12830516e+06 -9.86935936e-01  3.79709353e-02  1.30640639e-02  3.79709353e-02 
 8.31763771e+06 -9.86902640e-01  3.88555374e-02  1.30973603e-02  3.88555374e-02 
 8.51138038e+06 -9.86867771e-01  3.97607548e-02  1.31322288e-02  3.97607548e-02 
 8.70963590e+06 -9.86831256e-01  4.06870684e-02  1.31687440e-02  4.06870684e-02 
 8.91250938e+06 -9.86793016e-01  4.16349705e-02  1.32069838e-02  4.16349705e-02 
 9.12010839e+06 -9.86752970e-01  4.26049647e-02  1.32470297e-02  4.26049647e-02 
 9.33254301e+06 -9.86711033e-01  4.35975664e-02  1.32889674e-02  4.35975664e-02 
 9.54992586e+06 -9.86667114e-01  4.46133032e-02  1.33328863e-02  4.46133032e-02 
 9.77237221e+06 -9.86621120e-01  4.56527151e-02  1.33788803e-02  4.56527151e-02 
 1.00000000e+07 -9.86572952e-01  4.67163545e-02  1.34270478e-02  4.67163545e-02 
 1.02329299e+07 -9.86522508e-01  4.78047869e-02  1.34774916e-02  4.78047869e-02 
 1.04712855e+07 -9.86469680e-01  4.89185912e-02  1.35303198e-02  4.89185912e-02 
 1.07151931e+07 -9.86414355e-01  5.00583595e-02  1.35856452e-02  5.00583595e-02 
 1.09647820e+07 -9.86356413e-01  5.12246980e-02  1.36435865e-02  5.12246980e-02 
 1.12201845e+07 -9.86295732e-01  5.24182273e-02  1.37042676e-02  5.24182273e-02 
 1.14815362e+07 -9.86232181e-01  5.36395822e-02  1.37678186e-02  5.36395822e-02 
 1.17489755e+07 -9.86165624e-01  5.48894126e-02  1.38343757e-02  5.48894126e-02 
 1.20226443e+07 -9.86095918e-01  5.61683835e-02  1.39040815e-02  5.61683835e-02 
 1.23026877e+07 -9.86022914e-01  5.74771759e-02  1.39770858e-02  5.74771759e-02 
 1.25892541e+07 -9.85946455e-01  5.88164862e-02  1.40535451e-02  5.88164862e-02 
 1.28824955e+07 -9.85866376e-01  6.01870277e-02  1.41336238e-02  6.01870277e-02 
 1.31825674e+07 -9.85782506e-01  6.15895301e-02  1.42174940e-02  6.15895301e-02 
 1.34896288e+07 -9.85694664e-01  6.30247405e-02  1.43053359e-02  6.30247405e-02 
 1.38038426e+07 -9.85602661e-01  6.44934234e-02  1.43973387e-02  6.44934234e-02 
 1.41253754e+07 -9.85506300e-01  6.59963613e-02  1.44937004e-02  6.59963613e-02 
 1.44543977e+07 -9.85405371e-01  6.75343553e-02  1.45946287e-02  6.75343553e-02 
 1.47910839e+07 -9.85299659e-01  6.91082252e-02  1.47003413e-02  6.91082252e-02 
 1.51356125e+07 -9.85188934e-01  7.07188100e-02  1.48110662e-02  7.07188100e-02 
 1.54881662e+07 -9.85072957e-01  7.23669687e-02  1.49270427e-02  7.23669687e-02 
 1.58489319e+07 -9.84951479e-01  7.40535805e-02  1.50485213e-02  7.40535805e-02 
 1.62181010e+07 -9.84824235e-01  7.57795451e-02  1.51757650e-02  7.57795451e-02 
 1.65958691e+07 -9.84690951e-01  7.75457837e-02  1.53090492e-02  7.75457837e-02 
 1.69824365e+07 -9.84551337e-01  7.93532392e-02  1.54486629e-02  7.93532392e-02 
 1.73780083e+07 -9.84405091e-01  8.12028766e-02  1.55949089e-02  8.12028766e-02 
 1.77827941e+07 -9.84251895e-01  8.30956837e-02  1.57481050e-02  8.30956837e-02 
 1.81970086e+07 -9.84091416e-01  8.50326718e-02  1.59085841e-02  8.50326718e-02 
 1.86208714e+07 -9.83923304e-01  8.70148761e-02  1.60766955e-02  8.70148761e-02 
 1.90546072e+07 -9.83747194e-01  8.90433560e-02  1.62528058e-02  8.90433560e-02 
 1.94984460e+07 -9.83562701e-01  9.11191963e-02  1.64372990e-02  9.11191963e-02 
 1.99526231e+07 -9.83369422e-01  9.32435072e-02  1.66305784e-02  9.32435072e-02 
 2.04173794e+07 -9.83166933e-01  9.54174253e-02  1.68330667e-02  9.54174253e-02 
 2.08929613e+07 -9.82954793e-01  9.76421141e-02  1.70452075e-02  9.76421141e-02 
 2.13796209e+07 -9.82732534e-01  9.99187646e-02  1.72674662e-02  9.99187646e-02 
 2.18776162e+07 -9.82499669e-01  1.02248596e-01  1.75003313e-02  1.02248596e-01 
 2.23872114e+07 -9.82255685e-01  1.04632856e-01  1.77443153e-02  1.04632856e-01 
 2.29086765e+07 -9.82000044e-01  1.07072824e-01  1.79999559e-02  1.07072824e-01 
 2.34422882e+07 -9.81732182e-01  1.09569806e-01  1.82678178e-02  1.09569806e-01 
 2.39883292e+07 -9.81451507e-01  1.12125141e-01  1.85484934e-02  1.12125141e-01 
 2.45470892e+07 -9.81157395e-01  1.14740201e-01  1.88426050e-02  1.14740201e-01 
 2.51188643e+07 -9.80849194e-01  1.17416388e-01  1.91508057e-02  1.17416388e-01 
 2.57039578e+07 -9.80526219e-01  1.20155139e-01  1.94737813e-02  1.20155139e-01 
 2.63026799e+07 -9.80187748e-01  1.22957924e-01  1.98122521e-02  1.22957924e-01 
 2.69153480e+07 -9.79833025e-01  1.25826248e-01  2.01669746e-02  1.25826248e-01 
 2.75422870e+07 -9.79461257e-01  1.28761652e-01  2.05387434e-02  1.28761652e-01 
 2.81838293e+07 -9.79071607e-01  1.31765713e-01  2.09283934e-02  1.31765713e-01 
 2.88403150e+07 -9.78663198e-01  1.34840046e-01  2.13368017e-02  1.34840046e-01 
 2.95120923e+07 -9.78235110e-01  1.37986303e-01  2.17648902e-02  1.37986303e-01 
 3.01995172e+07 -9.77786372e-01  1.41206175e-01  2.22136276e-02  1.41206175e-01 
 3.09029543e+07 -9.77315968e-01  1.44501393e-01  2.26840324e-02  1.44501393e-01 
 3.16227766e+07 -9.76822825e-01  1.47873729e-01  2.31771753e-02  1.47873729e-01 
 3.23593657e+07 -9.76305818e-01  1.51324997e-01  2.36941821e-02  1.51324997e-01 
 3.31131121e+07 -9.75763763e-01  1.54857051e-01  2.42362370e-02  1.54857051e-01 
 3.38844156e+07 -9.75195415e-01  1.58471790e-01  2.48045854e-02  1.58471790e-01 
 3.46736850e+07 -9.74599462e-01  1.62171158e-01  2.54005378e-02  1.62171158e-01 
 3.54813389e+07 -9.73974527e-01  1.65957141e-01  2.60254728e-02  1.65957141e-01 
 3.63078055e+07 -9.73319158e-01  1.69831773e-01  2.66808418e-02  1.69831773e-01 
 3.71535229e+07 -9.72631828e-01  1.73797134e-01  2.73681723e-02  1.73797134e-01 
 3.80189396e+07 -9.71910927e-01  1.77855350e-01  2.80890727e-02  1.77855350e-01 
 3.89045145e+07 -9.71154763e-01  1.82008597e-01  2.88452369e-02  1.82008597e-01 
 3.98107171e+07 -9.70361551e-01  1.86259098e-01  2.96384488e-02  1.86259098e-01 
 4.07380278e+07 -9.69529412e-01  1.90609127e-01  3.04705882e-02  1.90609127e-01 
 4.16869383e+07 -9.68656364e-01  1.95061007e-01  3.13436358e-02  1.95061007e-01 
 4.26579519e+07 -9.67740321e-01  1.99617111e-01  3.22596793e-02  1.99617111e-01 
 4.36515832e+07 -9.66779080e-01  2.04279863e-01  3.32209197e-02  2.04279863e-01 
 4.46683592e+07 -9.65770322e-01  2.09051739e-01  3.42296782e-02  2.09051739e-01 
 4.57088190e+07 -9.64711597e-01  2.13935266e-01  3.52884027e-02  2.13935266e-01 
 4.67735141e+07 -9.63600324e-01  2.18933022e-01  3.63996761e-02  2.18933022e-01 
 4.78630092e+07 -9.62433776e-01  2.24047637e-01  3.75662241e-02  2.24047637e-01 
 4.89778819e+07 -9.61209076e-01  2.29281792e-01  3.87909238e-02  2.29281792e-01 
 5.01187234e+07 -9.59923187e-01  2.34638217e-01  4.00768128e-02  2.34638217e-01 
 5.12861384e+07 -9.58572901e-01  2.40119694e-01  4.14270991e-02  2.40119694e-01 
 5.24807460e+07 -9.57154828e-01  2.45729051e-01  4.28451715e-02  2.45729051e-01 
 5.37031796e+07 -9.55665389e-01  2.51469165e-01  4.43346109e-02  2.51469165e-01 
 5.49540874e+07 -9.54100798e-01  2.57342958e-01  4.58992016e-02  2.57342958e-01 
 5.62341325e+07 -9.52457055e-01  2.63353394e-01  4.75429446e-02  2.63353394e-01 
 5.75439937e+07 -9.50729930e-01  2.69503478e-01  4.92700705e-02  2.69503478e-01 
 5.88843655e+07 -9.48914946e-01  2.75796252e-01  5.10850541e-02  2.75796252e-01 
 6.02559586e+07 -9.47007370e-01  2.82234789e-01  5.29926296e-02  2.82234789e-01 
 6.16595002e+07 -9.45002193e-01  2.88822193e-01  5.49978068e-02  2.88822193e-01 
 6.30957344e+07 -9.42894112e-01  2.95561589e-01  5.71058884e-02  2.95561589e-01 
 6.45654229e+07 -9.40677512e-01  3.02456116e-01  5.93224884e-02  3.02456116e-01 
 6.60693448e+07 -9.38346448e-01  3.09508924e-01  6.16535516e-02  3.09508924e-01 
 6.76082975e+07 -9.35894626e-01  3.16723159e-01  6.41053742e-02  3.16723159e-01 
 6.91830971e+07 -9.33315374e-01  3.24101958e-01  6.66846263e-02  3.24101958e-01 
 7.07945784e+07 -9.30601625e-01  3.31648435e-01  6.93983746e-02  3.31648435e-01 
 7.24435960e+07 -9.27745892e-01  3.39365664e-01  7.22541077e-02  3.39365664e-01 
 7.41310241e+07 -9.24740238e-01  3.47256670e-01  7.52597618e-02  3.47256670e-01 
 7.58577575e+07 -9.21576251e-01  3.55324403e-01  7.84237485e-02  3.55324403e-01 
 7.76247117e+07 -9.18245016e-01  3.63571724e-01  8.17549839e-02  3.63571724e-01 
 7.94328235e+07 -9.14737081e-01  3.72001380e-01  8.52629191e-02  3.72001380e-01 
 8.12830516e+07 -9.11042428e-01  3.80615973e-01  8.89575720e-02  3.80615973e-01 
 8.31763771e+07 -9.07150439e-01  3.89417934e-01  9.28495613e-02  3.89417934e-01 
 8.51138038e+07 -9.03049859e-01  3.98409489e-01  9.69501409e-02  3.98409489e-01 
 8.70963590e+07 -8.98728764e-01  4.07592616e-01  1.01271236e-01  4.07592616e-01 
 8.91250938e+07 -8.94174518e-01  4.16969004e-01  1.05825482e-01  4.16969004e-01 
 9.12010839e+07 -8.89373740e-01  4.26540003e-01  1.10626260e-01  4.26540003e-01 
 9.33254301e+07 -8.84312262e-01  4.36306567e-01  1.15687738e-01  4.36306567e-01 
 9.54992586e+07 -8.78975091e-01  4.46269192e-01  1.21024909e-01  4.46269192e-01 
 9.77237221e+07 -8.73346366e-01  4.56427844e-01  1.26653634e-01  4.56427844e-01 
 1.00000000e+08 -8.67409324e-01  4.66781882e-01  1.32590676e-01  4.66781882e-01 
 1.02329299e+08 -8.61146260e-01  4.77329967e-01  1.38853740e-01  4.77329967e-01 
 1.04712855e+08 -8.54538492e-01  4.88069965e-01  1.45461508e-01  4.88069965e-01 
 1.07151931e+08 -8.47566324e-01  4.98998836e-01  1.52433676e-01  4.98998836e-01 
 1.09647820e+08 -8.40209023e-01  5.10112513e-01  1.59790977e-01  5.10112513e-01 
 1.12201845e+08 -8.32444793e-01  5.21405766e-01  1.67555207e-01  5.21405766e-01 
 1.14815362e+08 -8.24250760e-01  5.32872051e-01  1.75749240e-01  5.32872051e-01 
 1.17489755e+08 -8.15602961e-01  5.44503349e-01  1.84397039e-01  5.44503349e-01 
 1.20226443e+08 -8.06476355e-01  5.56289981e-01  1.93523645e-01  5.56289981e-01 
 1.23026877e+08 -7.96844835e-01  5.68220416e-01  2.03155165e-01  5.68220416e-01 
 1.25892541e+08 -7.86681269e-01  5.80281050e-01  2.13318731e-01  5.80281050e-01 
 1.28824955e+08 -7.75957554e-01  5.92455980e-01  2.24042446e-01  5.92455980e-01 
 1.31825674e+08 -7.64644697e-01  6.04726752e-01  2.35355303e-01  6.04726752e-01 
 1.34896288e+08 -7.52712925e-01  6.17072095e-01  2.47287075e-01  6.17072095e-01 
 1.38038426e+08 -7.40131833e-01  6.29467636e-01  2.59868167e-01  6.29467636e-01 
 1.41253754e+08 -7.26870565e-01  6.41885609e-01  2.73129435e-01  6.41885609e-01 
 1.44543977e+08 -7.12898051e-01  6.54294544e-01  2.87101949e-01  6.54294544e-01 
 1.47910839e+08 -6.98183282e-01  6.66658956e-01  3.01816718e-01  6.66658956e-01 
 1.51356125e+08 -6.82695660e-01  6.78939027e-01  3.17304340e-01  6.78939027e-01 
 1.54881662e+08 -6.66405402e-01  6.91090299e-01  3.33594598e-01  6.91090299e-01 
 1.58489319e+08 -6.49284024e-01  7.03063376e-01  3.50715976e-01  7.03063376e-01 
 1.62181010e+08 -6.31304899e-01  7.14803660e-01  3.68695101e-01  7.14803660e-01 
 1.65958691e+08 -6.12443901e-01  7.26251115e-01  3.87556099e-01  7.26251115e-01 
 1.69824365e+08 -5.92680138e-01  7.37340098e-01  4.07319862e-01  7.37340098e-01 
 1.73780083e+08 -5.71996769e-01  7.47999253e-01  4.28003231e-01  7.47999253e-01 
 1.77827941e+08 -5.50381917e-01  7.58151508e-01  4.49618083e-01  7.58151508e-01 
 1.81970086e+08 -5.27829654e-01  7.67714188e-01  4.72170346e-01  7.67714188e-01 
 1.86208714e+08 -5.04341070e-01  7.76599266e-01  4.95658930e-01  7.76599266e-01 
 1.90546072e+08 -4.79925387e-01  7.84713792e-01  5.20074613e-01  7.84713792e-01 
 1.94984460e+08 -4.54601117e-01  7.91960510e-01  5.45398883e-01  7.91960510e-01 
 1.99526231e+08 -4.28397216e-01  7.98238700e-01  5.71602784e-01  7.98238700e-01 
 2.04173794e+08 -4.01354208e-01  8.03445259e-01  5.98645792e-01  8.03445259e-01 
 2.08929613e+08 -3.73525223e-01  8.07476036e-01  6.26474777e-01  8.07476036e-01 
 2.13796209e+08 -3.44976908e-01  8.10227437e-01  6.55023092e-01  8.10227437e-01 
 2.18776162e+08 -3.15790129e-01  8.11598278e-01  6.84209871e-01  8.11598278e-01 
 2.23872114e+08 -2.86060423e-01  8.11491890e-01  7.13939577e-01  8.11491890e-01 
 2.29086765e+08 -2.55898113e-01  8.09818423e-01  7.44101887e-01  8.09818423e-01 
 2.34422882e+08 -2.25428032e-01  8.06497304e-01  7.74571968e-01  8.06497304e-01 
 2.39883292e+08 -1.94788807e-01  8.01459782e-01  8.05211193e-01  8.01459782e-01 
 2.45470892e+08 -1.64131636e-01  7.94651462e-01  8.35868364e-01  7.94651462e-01 
 2.51188643e+08 -1.33618568e-01  7.86034727e-01  8.66381432e-01  7.86034727e-01 
 2.57039578e+08 -1.03420255e-01  7.75590937e-01  8.96579745e-01  7.75590937e-01 
 2.63026799e+08 -7.37132362e-02  7.63322275e-01  9.26286764e-01  7.63322275e-01 
 2.69153480e+08 -4.46767834e-02  7.49253132e-01  9.55323217e-01  7.49253132e-01 
 2.75422870e+08 -1.64894353e-02  7.33430920e-01  9.83510565e-01  7.33430920e-01 
 2.81838293e+08  1.06746857e-02  7.15926234e-01  1.01067469e+00  7.15926234e-01 
 2.88403150e+08  3.66496148e-02  6.96832309e-01  1.03664961e+00  6.96832309e-01 
 2.95120923e+08  6.12811912e-02  6.76263752e-01  1.06128119e+00  6.76263752e-01 
 3.01995172e+08  8.44304472e-02  6.54354580e-01  1.08443045e+00  6.54354580e-01 
 3.09029543e+08  1.05976586e-01  6.31255631e-01  1.10597659e+00  6.31255631e-01 
 3.16227766e+08  1.25819419e-01  6.07131435e-01  1.12581942e+00  6.07131435e-01 
 3.23593657e+08  1.43881148e-01  5.82156707e-01  1.14388115e+00  5.82156707e-01 
 3.31131121e+08  1.60107451e-01  5.56512590e-01  1.16010745e+00  5.56512590e-01 
 3.38844156e+08  1.74467811e-01  5.30382824e-01  1.17446781e+00  5.30382824e-01 
 3.46736850e+08  1.86955149e-01  5.03950013e-01  1.18695515e+00  5.03950013e-01 
 3.54813389e+08  1.97584773e-01  4.77392111e-01  1.19758477e+00  4.77392111e-01 
 3.63078055e+08  2.06392766e-01  4.50879281e-01  1.20639277e+00  4.50879281e-01 
 3.71535229e+08  2.13433903e-01  4.24571201e-01  1.21343390e+00  4.24571201e-01 
 3.80189396e+08  2.18779227e-01  3.98614892e-01  1.21877923e+00  3.98614892e-01 
 3.89045145e+08  2.22513405e-01  3.73143090e-01  1.22251341e+00  3.73143090e-01 
 3.98107171e+08  2.24732006e-01  3.48273166e-01  1.22473201e+00  3.48273166e-01 
 4.07380278e+08  2.25538778e-01  3.24106563e-01  1.22553878e+00  3.24106563e-01 
 4.16869383e+08  2.25043051e-01  3.00728701e-01  1.22504305e+00  3.00728701e-01 
 4.26579519e+08  2.23357323e-01  2.78209296e-01  1.22335732e+00  2.78209296e-01 
 4.36515832e+08  2.20595084e-01  2.56603007e-01  1.22059508e+00  2.56603007e-01 
 4.46683592e+08  2.16868913e-01  2.35950355e-01  1.21686891e+00  2.35950355e-01 
 4.57088190e+08  2.12288875e-01  2.16278828e-01  1.21228888e+00  2.16278828e-01 
 4.67735141e+08  2.06961198e-01  1.97604118e-01  1.20696120e+00  1.97604118e-01 
 4.78630092e+08  2.00987242e-01  1.79931417e-01  1.20098724e+00  1.79931417e-01 
 4.89778819e+08  1.94462725e-01  1.63256738e-01  1.19446273e+00  1.63256738e-01 
 5.01187234e+08  1.87477191e-01  1.47568210e-01  1.18747719e+00  1.47568210e-01 
 5.12861384e+08  1.80113677e-01  1.32847315e-01  1.18011368e+00  1.32847315e-01 
 5.24807460e+08  1.72448568e-01  1.19070055e-01  1.17244857e+00  1.19070055e-01 
 5.37031796e+08  1.64551595e-01  1.06208018e-01  1.16455159e+00  1.06208018e-01 
 5.49540874e+08  1.56485950e-01  9.42293500e-02  1.15648595e+00  9.42293500e-02 
 5.62341325e+08  1.48308500e-01  8.30996167e-02  1.14830850e+00  8.30996167e-02 
 5.75439937e+08  1.40070066e-01  7.27825618e-02  1.14007007e+00  7.27825618e-02 
 5.88843655e+08  1.31815753e-01  6.32407643e-02  1.13181575e+00  6.32407643e-02 
 6.02559586e+08  1.23585318e-01  5.44361998e-02  1.12358532e+00  5.44361998e-02 
 6.16595002e+08  1.15413546e-01  4.63307135e-02  1.11541355e+00  4.63307135e-02 
 6.30957344e+08  1.07330638e-01  3.88864119e-02  1.10733064e+00  3.88864119e-02 
 6.45654229e+08  9.93626046e-02  3.20659829e-02  1.09936260e+00  3.20659829e-02 
 6.60693448e+08  9.15316335e-02  2.58329521e-02  1.09153163e+00  2.58329521e-02 
 6.76082975e+08  8.38564570e-02  2.01518822e-02  1.08385646e+00  2.01518822e-02 
 6.91830971e+08  7.63526939e-02  1.49885250e-02  1.07635269e+00  1.49885250e-02 
 7.07945784e+08  6.90331729e-02  1.03099316e-02  1.06903317e+00  1.03099316e-02 
 7.24435960e+08  6.19082336e-02  6.08452760e-03  1.06190823e+00  6.08452760e-03 
 7.41310241e+08  5.49860047e-02  2.28215946e-03  1.05498600e+00  2.28215946e-03 
 7.58577575e+08  4.82726602e-02 -1.12588407e-03  1.04827266e+00 -1.12588407e-03 
 7.76247117e+08  4.17726521e-02 -4.16686969e-03  1.04177265e+00 -4.16686969e-03 
 7.94328235e+08  3.54889232e-02 -6.86663346e-03  1.03548892e+00 -6.86663346e-03 
 8.12830516e+08  2.94230985e-02 -9.24960728e-03  1.02942310e+00 -9.24960728e-03 
 8.31763771e+08  2.35756584e-02 -1.13388551e-02  1.02357566e+00 -1.13388551e-02 
 8.51138038e+08  1.79460929e-02 -1.31561165e-02  1.01794609e+00 -1.31561165e-02 
 8.70963590e+08  1.25330404e-02 -1.47218556e-02  1.01253304e+00 -1.47218556e-02 
 8.91250938e+08  7.33441093e-03 -1.60553139e-02  1.00733441e+00 -1.60553139e-02 
 9.12010839e+08  2.34749536e-03 -1.71745650e-02  1.00234750e+00 -1.71745650e-02 
 9.33254301e+08 -2.43093779e-03 -1.80965708e-02  9.97569062e-01 -1.80965708e-02 
 9.54992586e+08 -7.00455708e-03 -1.88372379e-02  9.92995443e-01 -1.88372379e-02 
 9.77237221e+08 -1.13773932e-02 -1.94114734e-02  9.88622607e-01 -1.94114734e-02 
 1.00000000e+09 -1.55537730e-02 -1.98332402e-02  9.84446227e-01 -1.98332402e-02 
 1.02329299e+09 -1.95382625e-02 -2.01156097e-02  9.80461738e-01 -2.01156097e-02 
 1.04712855e+09 -2.33356165e-02 -2.02708141e-02  9.76664384e-01 -2.02708141e-02 
 1.07151931e+09 -2.69507354e-02 -2.03102955e-02  9.73049265e-01 -2.03102955e-02 
 1.09647820e+09 -3.03886276e-02 -2.02447534e-02  9.69611372e-01 -2.02447534e-02 
 1.12201845e+09 -3.36543770e-02 -2.00841894e-02  9.66345623e-01 -2.00841894e-02 
 1.14815362e+09 -3.67531157e-02 -1.98379501e-02  9.63246884e-01 -1.98379501e-02 
 1.17489755e+09 -3.96899997e-02 -1.95147675e-02  9.60310000e-01 -1.95147675e-02 
 1.20226443e+09 -4.24701887e-02 -1.91227959e-02  9.57529811e-01 -1.91227959e-02 
 1.23026877e+09 -4.50988295e-02 -1.86696484e-02  9.54901171e-01 -1.86696484e-02 
 1.25892541e+09 -4.75810408e-02 -1.81624293e-02  9.52418959e-01 -1.81624293e-02 
 1.28824955e+09 -4.99219016e-02 -1.76077657e-02  9.50078098e-01 -1.76077657e-02 
 1.31825674e+09 -5.21264406e-02 -1.70118358e-02  9.47873559e-01 -1.70118358e-02 
 1.34896288e+09 -5.41996279e-02 -1.63803960e-02  9.45800372e-01 -1.63803960e-02 
 1.38038426e+09 -5.61463679e-02 -1.57188060e-02  9.43853632e-01 -1.57188060e-02 
 1.41253754e+09 -5.79714935e-02 -1.50320518e-02  9.42028506e-01 -1.50320518e-02 
 1.44543977e+09 -5.96797614e-02 -1.43247670e-02  9.40320239e-01 -1.43247670e-02 
 1.47910839e+09 -6.12758478e-02 -1.36012532e-02  9.38724152e-01 -1.36012532e-02 
 1.51356125e+09 -6.27643457e-02 -1.28654981e-02  9.37235654e-01 -1.28654981e-02 
 1.54881662e+09 -6.41497616e-02 -1.21211926e-02  9.35850238e-01 -1.21211926e-02 
 1.58489319e+09 -6.54365137e-02 -1.13717471e-02  9.34563486e-01 -1.13717471e-02 
 1.62181010e+09 -6.66289300e-02 -1.06203060e-02  9.33371070e-01 -1.06203060e-02 
 1.65958691e+09 -6.77312464e-02 -9.86976142e-03  9.32268754e-01 -9.86976142e-03 
 1.69824365e+09 -6.87476056e-02 -9.12276639e-03  9.31252394e-01 -9.12276639e-03 
 1.73780083e+09 -6.96820555e-02 -8.38174665e-03  9.30317944e-01 -8.38174665e-03 
 1.77827941e+09 -7.05385488e-02 -7.64891214e-03  9.29461451e-01 -7.64891214e-03 
 1.81970086e+09 -7.13209410e-02 -6.92626757e-03  9.28679059e-01 -6.92626757e-03 
 1.86208714e+09 -7.20329903e-02 -6.21562266e-03  9.27967010e-01 -6.21562266e-03 
 1.90546072e+09 -7.26783561e-02 -5.51860166e-03  9.27321644e-01 -5.51860166e-03 
 1.94984460e+09 -7.32605985e-02 -4.83665262e-03  9.26739401e-01 -4.83665262e-03 
 1.99526231e+09 -7.37831772e-02 -4.17105620e-03  9.26216823e-01 -4.17105620e-03 
 2.04173794e+09 -7.42494509e-02 -3.52293412e-03  9.25750549e-01 -3.52293412e-03 
 2.08929613e+09 -7.46626765e-02 -2.89325744e-03  9.25337323e-01 -2.89325744e-03 
 2.13796209e+09 -7.50260085e-02 -2.28285451e-03  9.24973992e-01 -2.28285451e-03 
 2.18776162e+09 -7.53424982e-02 -1.69241873e-03  9.24657502e-01 -1.69241873e-03 
 2.23872114e+09 -7.56150937e-02 -1.12251616e-03  9.24384906e-01 -1.12251616e-03 
 2.29086765e+09 -7.58466392e-02 -5.73592904e-04  9.24153361e-01 -5.73592904e-04 
 2.34422882e+09 -7.60398749e-02 -4.59824128e-05  9.23960125e-01 -4.59824128e-05 
 2.39883292e+09 -7.61974366e-02  4.60087416e-04  9.23802563e-01  4.60087416e-04 
 2.45470892e+09 -7.63218565e-02  9.44487242e-04  9.23678143e-01  9.44487242e-04 
 2.51188643e+09 -7.64155629e-02  1.40717943e-03  9.23584437e-01  1.40717943e-03 
 2.57039578e+09 -7.64808807e-02  1.84821136e-03  9.23519119e-01  1.84821136e-03 
 2.63026799e+09 -7.65200322e-02  2.26770882e-03  9.23479968e-01  2.26770882e-03 
 2.69153480e+09 -7.65351381e-02  2.66586964e-03  9.23464862e-01  2.66586964e-03 
 2.75422870e+09 -7.65282180e-02  3.04295741e-03  9.23471782e-01  3.04295741e-03 
 2.81838293e+09 -7.65011925e-02  3.39929545e-03  9.23498808e-01  3.39929545e-03 
 2.88403150e+09 -7.64558837e-02  3.73526085e-03  9.23544116e-01  3.73526085e-03 
 2.95120923e+09 -7.63940177e-02  4.05127886e-03  9.23605982e-01  4.05127886e-03 
 3.01995172e+09 -7.63172258e-02  4.34781734e-03  9.23682774e-01  4.34781734e-03 
 3.09029543e+09 -7.62270471e-02  4.62538153e-03  9.23772953e-01  4.62538153e-03 
 3.16227766e+09 -7.61249303e-02  4.88450902e-03  9.23875070e-01  4.88450902e-03 
 3.23593657e+09 -7.60122361e-02  5.12576493e-03  9.23987764e-01  5.12576493e-03 
 3.31131121e+09 -7.58902399e-02  5.34973738e-03  9.24109760e-01  5.34973738e-03 
 3.38844156e+09 -7.57601343e-02  5.55703320e-03  9.24239866e-01  5.55703320e-03 
 3.46736850e+09 -7.56230319e-02  5.74827387e-03  9.24376968e-01  5.74827387e-03 
 3.54813389e+09 -7.54799680e-02  5.92409177e-03  9.24520032e-01  5.92409177e-03 
 3.63078055e+09 -7.53319037e-02  6.08512662e-03  9.24668096e-01  6.08512662e-03 
 3.71535229e+09 -7.51797289e-02  6.23202228e-03  9.24820271e-01  6.23202228e-03 
 3.80189396e+09 -7.50242650e-02  6.36542369e-03  9.24975735e-01  6.36542369e-03 
 3.89045145e+09 -7.48662684e-02  6.48597417e-03  9.25133732e-01  6.48597417e-03 
 3.98107171e+09 -7.47064332e-02  6.59431291e-03  9.25293567e-01  6.59431291e-03 
 4.07380278e+09 -7.45453946e-02  6.69107271e-03  9.25454605e-01  6.69107271e-03 
 4.16869383e+09 -7.43837313e-02  6.77687795e-03  9.25616269e-01  6.77687795e-03 
 4.26579519e+09 -7.42219694e-02  6.85234283e-03  9.25778031e-01  6.85234283e-03 
 4.36515832e+09 -7.40605847e-02  6.91806979e-03  9.25939415e-01  6.91806979e-03 
 4.46683592e+09 -7.39000057e-02  6.97464808e-03  9.26099994e-01  6.97464808e-03 
 4.57088190e+09 -7.37406168e-02  7.02265268e-03  9.26259383e-01  7.02265268e-03 
 4.67735141e+09 -7.35827606e-02  7.06264323e-03  9.26417239e-01  7.06264323e-03 
 4.78630092e+09 -7.34267409e-02  7.09516323e-03  9.26573259e-01  7.09516323e-03 
 4.89778819e+09 -7.32728251e-02  7.12073941e-03  9.26727175e-01  7.12073941e-03 
 5.01187234e+09 -7.31212469e-02  7.13988118e-03  9.26878753e-01  7.13988118e-03 
 5.12861384e+09 -7.29722086e-02  7.15308028e-03  9.27027791e-01  7.15308028e-03 
 5.24807460e+09 -7.28258832e-02  7.16081051e-03  9.27174117e-01  7.16081051e-03 
 5.37031796e+09 -7.26824171e-02  7.16352762e-03  9.27317583e-01  7.16352762e-03 
 5.49540874e+09 -7.25419318e-02  7.16166927e-03  9.27458068e-01  7.16166927e-03 
 5.62341325e+09 -7.24045257e-02  7.15565506e-03  9.27595474e-01  7.15565506e-03 
 5.75439937e+09 -7.22702768e-02  7.14588673e-03  9.27729723e-01  7.14588673e-03 
 5.88843655e+09 -7.21392435e-02  7.13274834e-03  9.27860756e-01  7.13274834e-03 
 6.02559586e+09 -7.20114671e-02  7.11660654e-03  9.27988533e-01  7.11660654e-03 
 6.16595002e+09 -7.18869726e-02  7.09781095e-03  9.28113027e-01  7.09781095e-03 
 6.30957344e+09 -7.17657710e-02  7.07669450e-03  9.28234229e-01  7.07669450e-03 
 6.45654229e+09 -7.16478601e-02  7.05357390e-03  9.28352140e-01  7.05357390e-03 
 6.60693448e+09 -7.15332259e-02  7.02875005e-03  9.28466774e-01  7.02875005e-03 
 6.76082975e+09 -7.14218441e-02  7.00250857e-03  9.28578156e-01  7.00250857e-03 
 6.91830971e+09 -7.13136806e-02  6.97512027e-03  9.28686319e-01  6.97512027e-03 
 7.07945784e+09 -7.12086934e-02  6.94684172e-03  9.28791307e-01  6.94684172e-03 
 7.24435960e+09 -7.11068327e-02  6.91791574e-03  9.28893167e-01  6.91791574e-03 
 7.41310241e+09 -7.10080423e-02  6.88857197e-03  9.28991958e-01  6.88857197e-03 
 7.58577575e+09 -7.09122602e-02  6.85902743e-03  9.29087740e-01  6.85902743e-03 
 7.76247117e+09 -7.08194196e-02  6.82948704e-03  9.29180580e-01  6.82948704e-03 
 7.94328235e+09 -7.07294492e-02  6.80014417e-03  9.29270551e-01  6.80014417e-03 
 8.12830516e+09 -7.06422738e-02  6.77118120e-03  9.29357726e-01  6.77118120e-03 
 8.31763771e+09 -7.05578156e-02  6.74277005e-03  9.29442184e-01  6.74277005e-03 
 8.51138038e+09 -7.04759936e-02  6.71507267e-03  9.29524006e-01  6.71507267e-03 
 8.70963590e+09 -7.03967249e-02  6.68824162e-03  9.29603275e-01  6.68824162e-03 
 8.91250938e+09 -7.03199248e-02  6.66242048e-03  9.29680075e-01  6.66242048e-03 
 9.12010839e+09 -7.02455073e-02  6.63774442e-03  9.29754493e-01  6.63774442e-03 
 9.33254301e+09 -7.01733850e-02  6.61434063e-03  9.29826615e-01  6.61434063e-03 
 9.54992586e+09 -7.01034700e-02  6.59232878e-03  9.29896530e-01  6.59232878e-03 
 9.77237221e+09 -7.00356738e-02  6.57182147e-03  9.29964326e-01  6.57182147e-03 
 1.00000000e+10 -6.99699076e-02  6.55292463e-03  9.30030092e-01  6.55292463e-03 
 1.02329299e+10 -6.99060824e-02  6.53573798e-03  9.30093918e-01  6.53573798e-03 
 1.04712855e+10 -6.98441092e-02  6.52035534e-03  9.30155891e-01  6.52035534e-03 
 1.07151931e+10 -6.97838995e-02  6.50686511e-03  9.30216101e-01  6.50686511e-03 
 1.09647820e+10 -6.97253647e-02  6.49535050e-03  9.30274635e-01  6.49535050e-03 
 1.12201845e+10 -6.96684169e-02  6.48588999e-03  9.30331583e-01  6.48588999e-03 
 1.14815362e+10 -6.96129684e-02  6.47855758e-03  9.30387032e-01  6.47855758e-03 
 1.17489755e+10 -6.95589324e-02  6.47342310e-03  9.30441068e-01  6.47342310e-03 
 1.20226443e+10 -6.95062223e-02  6.47055255e-03  9.30493778e-01  6.47055255e-03 
 1.23026877e+10 -6.94547523e-02  6.47000830e-03  9.30545248e-01  6.47000830e-03 
 1.25892541e+10 -6.94044371e-02  6.47184944e-03  9.30595563e-01  6.47184944e-03 
 1.28824955e+10 -6.93551922e-02  6.47613194e-03  9.30644808e-01  6.47613194e-03 
 1.31825674e+10 -6.93069334e-02  6.48290892e-03  9.30693067e-01  6.48290892e-03 
 1.34896288e+10 -6.92595772e-02  6.49223085e-03  9.30740423e-01  6.49223085e-03 
 1.38038426e+10 -6.92130408e-02  6.50414580e-03  9.30786959e-01  6.50414580e-03 
 1.41253754e+10 -6.91672416e-02  6.51869952e-03  9.30832758e-01  6.51869952e-03 
 1.44543977e+10 -6.91220978e-02  6.53593574e-03  9.30877902e-01  6.53593574e-03 
 1.47910839e+10 -6.90775275e-02  6.55589623e-03  9.30922472e-01  6.55589623e-03 
 1.51356125e+10 -6.90334496e-02  6.57862101e-03  9.30966550e-01  6.57862101e-03 
 1.54881662e+10 -6.89897830e-02  6.60414844e-03  9.31010217e-01  6.60414844e-03 
 1.58489319e+10 -6.89464469e-02  6.63251538e-03  9.31053553e-01  6.63251538e-03 
 1.62181010e+10 -6.89033604e-02  6.66375728e-03  9.31096640e-01  6.66375728e-03 
 1.65958691e+10 -6.88604429e-02  6.69790830e-03  9.31139557e-01  6.69790830e-03 
 1.69824365e+10 -6.88176136e-02  6.73500136e-03  9.31182386e-01  6.73500136e-03 
 1.73780083e+10 -6.87747915e-02  6.77506826e-03  9.31225209e-01  6.77506826e-03 
 1.77827941e+10 -6.87318953e-02  6.81813972e-03  9.31268105e-01  6.81813972e-03 
 1.81970086e+10 -6.86888435e-02  6.86424545e-03  9.31311156e-01  6.86424545e-03 
 1.86208714e+10 -6.86455542e-02  6.91341419e-03  9.31354446e-01  6.91341419e-03 
 1.90546072e+10 -6.86019448e-02  6.96567374e-03  9.31398055e-01  6.96567374e-03 
 1.94984460e+10 -6.85579321e-02  7.02105099e-03  9.31442068e-01  7.02105099e-03 
 1.99526231e+10 -6.85134321e-02  7.07957193e-03  9.31486568e-01  7.07957193e-03 
 2.04173794e+10 -6.84683600e-02  7.14126167e-03  9.31531640e-01  7.14126167e-03 
 2.08929613e+10 -6.84226302e-02  7.20614442e-03  9.31577370e-01  7.20614442e-03 
 2.13796209e+10 -6.83761558e-02  7.27424346e-03  9.31623844e-01  7.27424346e-03 
 2.18776162e+10 -6.83288489e-02  7.34558115e-03  9.31671151e-01  7.34558115e-03 
 2.23872114e+10 -6.82806202e-02  7.42017886e-03  9.31719380e-01  7.42017886e-03 
 2.29086765e+10 -6.82313790e-02  7.49805694e-03  9.31768621e-01  7.49805694e-03 
 2.34422882e+10 -6.81810334e-02  7.57923466e-03  9.31818967e-01  7.57923466e-03 
 2.39883292e+10 -6.81294896e-02  7.66373015e-03  9.31870510e-01  7.66373015e-03 
 2.45470892e+10 -6.80766524e-02  7.75156029e-03  9.31923348e-01  7.75156029e-03 
 2.51188643e+10 -6.80224246e-02  7.84274067e-03  9.31977575e-01  7.84274067e-03 
 2.57039578e+10 -6.79667073e-02  7.93728546e-03  9.32033293e-01  7.93728546e-03 
 2.63026799e+10 -6.79093996e-02  8.03520731e-03  9.32090600e-01  8.03520731e-03 
 2.69153480e+10 -6.78503984e-02  8.13651720e-03  9.32149602e-01  8.13651720e-03 
 2.75422870e+10 -6.77895988e-02  8.24122436e-03  9.32210401e-01  8.24122436e-03 
 2.81838293e+10 -6.77268934e-02  8.34933609e-03  9.32273107e-01  8.34933609e-03 
 2.88403150e+10 -6.76621727e-02  8.46085761e-03  9.32337827e-01  8.46085761e-03 
 2.95120923e+10 -6.75953249e-02  8.57579190e-03  9.32404675e-01  8.57579190e-03 
 3.01995172e+10 -6.75262356e-02  8.69413952e-03  9.32473764e-01  8.69413952e-03 
 3.09029543e+10 -6.74547881e-02  8.81589842e-03  9.32545212e-01  8.81589842e-03 
 3.16227766e+10 -6.73808632e-02  8.94106372e-03  9.32619137e-01  8.94106372e-03 
 3.23593657e+10 -6.73043393e-02  9.06962756e-03  9.32695661e-01  9.06962756e-03 
 3.31131121e+10 -6.72250921e-02  9.20157877e-03  9.32774908e-01  9.20157877e-03 
 3.38844156e+10 -6.71429947e-02  9.33690276e-03  9.32857005e-01  9.33690276e-03 
 3.46736850e+10 -6.70579179e-02  9.47558115e-03  9.32942082e-01  9.47558115e-03 
 3.54813389e+10 -6.69697299e-02  9.61759160e-03  9.33030270e-01  9.61759160e-03 
 3.63078055e+10 -6.68782963e-02  9.76290752e-03  9.33121704e-01  9.76290752e-03 
 3.71535229e+10 -6.67834803e-02  9.91149777e-03  9.33216520e-01  9.91149777e-03 
 3.80189396e+10 -6.66851429e-02  1.00633264e-02  9.33314857e-01  1.00633264e-02 
 3.89045145e+10 -6.65831428e-02  1.02183523e-02  9.33416857e-01  1.02183523e-02 
 3.98107171e+10 -6.64773362e-02  1.03765289e-02  9.33522664e-01  1.03765289e-02 
 4.07380278e+10 -6.63675778e-02  1.05378040e-02  9.33632422e-01  1.05378040e-02 
 4.16869383e+10 -6.62537200e-02  1.07021193e-02  9.33746280e-01  1.07021193e-02 
 4.26579519e+10 -6.61356138e-02  1.08694101e-02  9.33864386e-01  1.08694101e-02 
 4.36515832e+10 -6.60131086e-02  1.10396050e-02  9.33986891e-01  1.10396050e-02 
 4.46683592e+10 -6.58860524e-02  1.12126255e-02  9.34113948e-01  1.12126255e-02 
 4.57088190e+10 -6.57542925e-02  1.13883858e-02  9.34245707e-01  1.13883858e-02 
 4.67735141e+10 -6.56176754e-02  1.15667923e-02  9.34382325e-01  1.15667923e-02 
 4.78630092e+10 -6.54760473e-02  1.17477436e-02  9.34523953e-01  1.17477436e-02 
 4.89778819e+10 -6.53292543e-02  1.19311297e-02  9.34670746e-01  1.19311297e-02 
 5.01187234e+10 -6.51771429e-02  1.21168322e-02  9.34822857e-01  1.21168322e-02 
 5.12861384e+10 -6.50195607e-02  1.23047235e-02  9.34980439e-01  1.23047235e-02 
 5.24807460e+10 -6.48563564e-02  1.24946669e-02  9.35143644e-01  1.24946669e-02 
 5.37031796e+10 -6.46873806e-02  1.26865163e-02  9.35312619e-01  1.26865163e-02 
 5.49540874e+10 -6.45124862e-02  1.28801158e-02  9.35487514e-01  1.28801158e-02 
 5.62341325e+10 -6.43315292e-02  1.30752996e-02  9.35668471e-01  1.30752996e-02 
 5.75439937e+10 -6.41443690e-02  1.32718916e-02  9.35855631e-01  1.32718916e-02 
 5.88843655e+10 -6.39508694e-02  1.34697056e-02  9.36049131e-01  1.34697056e-02 
 6.02559586e+10 -6.37508991e-02  1.36685451e-02  9.36249101e-01  1.36685451e-02 
 6.16595002e+10 -6.35443324e-02  1.38682029e-02  9.36455668e-01  1.38682029e-02 
 6.30957344e+10 -6.33310499e-02  1.40684616e-02  9.36668950e-01  1.40684616e-02 
 6.45654229e+10 -6.31109397e-02  1.42690932e-02  9.36889060e-01  1.42690932e-02 
 6.60693448e+10 -6.28838975e-02  1.44698594e-02  9.37116102e-01  1.44698594e-02 
 6.76082975e+10 -6.26498283e-02  1.46705116e-02  9.37350172e-01  1.46705116e-02 
 6.91830971e+10 -6.24086465e-02  1.48707915e-02  9.37591354e-01  1.48707915e-02 
 7.07945784e+10 -6.21602770e-02  1.50704307e-02  9.37839723e-01  1.50704307e-02 
 7.24435960e+10 -6.19046565e-02  1.52691519e-02  9.38095343e-01  1.52691519e-02 
 7.41310241e+10 -6.16417337e-02  1.54666686e-02  9.38358266e-01  1.54666686e-02 
 7.58577575e+10 -6.13714705e-02  1.56626861e-02  9.38628529e-01  1.56626861e-02 
 7.76247117e+10 -6.10938431e-02  1.58569017e-02  9.38906157e-01  1.58569017e-02 
 7.94328235e+10 -6.08088424e-02  1.60490059e-02  9.39191158e-01  1.60490059e-02 
 8.12830516e+10 -6.05164751e-02  1.62386826e-02  9.39483525e-01  1.62386826e-02 
 8.31763771e+10 -6.02167643e-02  1.64256105e-02  9.39783236e-01  1.64256105e-02 
 8.51138038e+10 -5.99097503e-02  1.66094635e-02  9.40090250e-01  1.66094635e-02 
 8.70963590e+10 -5.95954916e-02  1.67899123e-02  9.40404508e-01  1.67899123e-02 
 8.91250938e+10 -5.92740647e-02  1.69666251e-02  9.40725935e-01  1.69666251e-02 
 9.12010839e+10 -5.89455656e-02  1.71392688e-02  9.41054434e-01  1.71392688e-02 
 9.33254301e+10 -5.86101096e-02  1.73075105e-02  9.41389890e-01  1.73075105e-02 
 9.54992586e+10 -5.82678319e-02  1.74710187e-02  9.41732168e-01  1.74710187e-02 
 9.77237221e+10 -5.79188878e-02  1.76294646e-02  9.42081112e-01  1.76294646e-02 
 1.00000000e+11 -5.75634527e-02  1.77825237e-02  9.42436547e-01  1.77825237e-02 
