 frequency       v(finalp,finaln) v(finalp,finaln)
 1.00000000e+06 -3.19149399e+03 -2.12419831e+03 
 1.02329299e+06 -3.22549232e+03 -2.08893862e+03 
 1.04712855e+06 -3.25822164e+03 -2.05387279e+03 
 1.07151931e+06 -3.28971878e+03 -2.01903490e+03 
 1.09647820e+06 -3.32002047e+03 -1.98445647e+03 
 1.12201845e+06 -3.34916329e+03 -1.95016657e+03 
 1.14815362e+06 -3.37718352e+03 -1.91619191e+03 
 1.17489755e+06 -3.40411708e+03 -1.88255700e+03 
 1.20226443e+06 -3.42999945e+03 -1.84928423e+03 
 1.23026877e+06 -3.45486561e+03 -1.81639399e+03 
 1.25892541e+06 -3.47874999e+03 -1.78390479e+03 
 1.28824955e+06 -3.50168640e+03 -1.75183334e+03 
 1.31825674e+06 -3.52370801e+03 -1.72019468e+03 
 1.34896288e+06 -3.54484729e+03 -1.68900226e+03 
 1.38038426e+06 -3.56513603e+03 -1.65826802e+03 
 1.41253754e+06 -3.58460525e+03 -1.62800254e+03 
 1.44543977e+06 -3.60328523e+03 -1.59821505e+03 
 1.47910839e+06 -3.62120550e+03 -1.56891360e+03 
 1.51356125e+06 -3.63839478e+03 -1.54010506e+03 
 1.54881662e+06 -3.65488102e+03 -1.51179524e+03 
 1.58489319e+06 -3.67069140e+03 -1.48398896e+03 
 1.62181010e+06 -3.68585230e+03 -1.45669014e+03 
 1.65958691e+06 -3.70038933e+03 -1.42990180e+03 
 1.69824365e+06 -3.71432730e+03 -1.40362621e+03 
 1.73780083e+06 -3.72769029e+03 -1.37786489e+03 
 1.77827941e+06 -3.74050159e+03 -1.35261867e+03 
 1.81970086e+06 -3.75278376e+03 -1.32788780e+03 
 1.86208714e+06 -3.76455863e+03 -1.30367192e+03 
 1.90546072e+06 -3.77584729e+03 -1.27997017e+03 
 1.94984460e+06 -3.78667015e+03 -1.25678121e+03 
 1.99526231e+06 -3.79704692e+03 -1.23410326e+03 
 2.04173794e+06 -3.80699664e+03 -1.21193415e+03 
 2.08929613e+06 -3.81653769e+03 -1.19027138e+03 
 2.13796209e+06 -3.82568784e+03 -1.16911208e+03 
 2.18776162e+06 -3.83446420e+03 -1.14845313e+03 
 2.23872114e+06 -3.84288332e+03 -1.12829114e+03 
 2.29086765e+06 -3.85096114e+03 -1.10862251e+03 
 2.34422882e+06 -3.85871306e+03 -1.08944341e+03 
 2.39883292e+06 -3.86615391e+03 -1.07074987e+03 
 2.45470892e+06 -3.87329803e+03 -1.05253775e+03 
 2.51188643e+06 -3.88015922e+03 -1.03480278e+03 
 2.57039578e+06 -3.88675082e+03 -1.01754059e+03 
 2.63026799e+06 -3.89308569e+03 -1.00074673e+03 
 2.69153480e+06 -3.89917622e+03 -9.84416644e+02 
 2.75422870e+06 -3.90503441e+03 -9.68545760e+02 
 2.81838293e+06 -3.91067181e+03 -9.53129448e+02 
 2.88403150e+06 -3.91609958e+03 -9.38163054e+02 
 2.95120923e+06 -3.92132851e+03 -9.23641912e+02 
 3.01995172e+06 -3.92636901e+03 -9.09561355e+02 
 3.09029543e+06 -3.93123117e+03 -8.95916723e+02 
 3.16227766e+06 -3.93592473e+03 -8.82703380e+02 
 3.23593657e+06 -3.94045911e+03 -8.69916714e+02 
 3.31131121e+06 -3.94484345e+03 -8.57552153e+02 
 3.38844156e+06 -3.94908659e+03 -8.45605166e+02 
 3.46736850e+06 -3.95319712e+03 -8.34071275e+02 
 3.54813389e+06 -3.95718336e+03 -8.22946058e+02 
 3.63078055e+06 -3.96105339e+03 -8.12225155e+02 
 3.71535229e+06 -3.96481508e+03 -8.01904272e+02 
 3.80189396e+06 -3.96847609e+03 -7.91979184e+02 
 3.89045145e+06 -3.97204385e+03 -7.82445744e+02 
 3.98107171e+06 -3.97552565e+03 -7.73299878e+02 
 4.07380278e+06 -3.97892858e+03 -7.64537594e+02 
 4.16869383e+06 -3.98225958e+03 -7.56154978e+02 
 4.26579519e+06 -3.98552545e+03 -7.48148202e+02 
 4.36515832e+06 -3.98873284e+03 -7.40513519e+02 
 4.46683592e+06 -3.99188828e+03 -7.33247266e+02 
 4.57088190e+06 -3.99499821e+03 -7.26345864e+02 
 4.67735141e+06 -3.99806896e+03 -7.19805817e+02 
 4.78630092e+06 -4.00110675e+03 -7.13623713e+02 
 4.89778819e+06 -4.00411776e+03 -7.07796219e+02 
 5.01187234e+06 -4.00710808e+03 -7.02320082e+02 
 5.12861384e+06 -4.01008375e+03 -6.97192128e+02 
 5.24807460e+06 -4.01305076e+03 -6.92409254e+02 
 5.37031796e+06 -4.01601508e+03 -6.87968431e+02 
 5.49540874e+06 -4.01898265e+03 -6.83866700e+02 
 5.62341325e+06 -4.02195938e+03 -6.80101163e+02 
 5.75439937e+06 -4.02495118e+03 -6.76668983e+02 
 5.88843655e+06 -4.02796398e+03 -6.73567382e+02 
 6.02559586e+06 -4.03100371e+03 -6.70793627e+02 
 6.16595002e+06 -4.03407632e+03 -6.68345035e+02 
 6.30957344e+06 -4.03718780e+03 -6.66218959e+02 
 6.45654229e+06 -4.04034416e+03 -6.64412785e+02 
 6.60693448e+06 -4.04355148e+03 -6.62923925e+02 
 6.76082975e+06 -4.04681588e+03 -6.61749808e+02 
 6.91830971e+06 -4.05014356e+03 -6.60887874e+02 
 7.07945784e+06 -4.05354076e+03 -6.60335566e+02 
 7.24435960e+06 -4.05701384e+03 -6.60090316e+02 
 7.41310241e+06 -4.06056922e+03 -6.60149542e+02 
 7.58577575e+06 -4.06421341e+03 -6.60510634e+02 
 7.76247117e+06 -4.06795302e+03 -6.61170944e+02 
 7.94328235e+06 -4.07179477e+03 -6.62127777e+02 
 8.12830516e+06 -4.07574548e+03 -6.63378374e+02 
 8.31763771e+06 -4.07981210e+03 -6.64919905e+02 
 8.51138038e+06 -4.08400168e+03 -6.66749453e+02 
 8.70963590e+06 -4.08832140e+03 -6.68864001e+02 
 8.91250938e+06 -4.09277857e+03 -6.71260416e+02 
 9.12010839e+06 -4.09738061e+03 -6.73935439e+02 
 9.33254301e+06 -4.10213510e+03 -6.76885662e+02 
 9.54992586e+06 -4.10704972e+03 -6.80107519e+02 
 9.77237221e+06 -4.11213229e+03 -6.83597263e+02 
 1.00000000e+07 -4.11739077e+03 -6.87350953e+02 
 1.02329299e+07 -4.12283323e+03 -6.91364434e+02 
 1.04712855e+07 -4.12846788e+03 -6.95633319e+02 
 1.07151931e+07 -4.13430304e+03 -7.00152968e+02 
 1.09647820e+07 -4.14034715e+03 -7.04918472e+02 
 1.12201845e+07 -4.14660876e+03 -7.09924627e+02 
 1.14815362e+07 -4.15309652e+03 -7.15165921e+02 
 1.17489755e+07 -4.15981915e+03 -7.20636508e+02 
 1.20226443e+07 -4.16678549e+03 -7.26330187e+02 
 1.23026877e+07 -4.17400440e+03 -7.32240383e+02 
 1.25892541e+07 -4.18148482e+03 -7.38360127e+02 
 1.28824955e+07 -4.18923572e+03 -7.44682028e+02 
 1.31825674e+07 -4.19726607e+03 -7.51198262e+02 
 1.34896288e+07 -4.20558486e+03 -7.57900541e+02 
 1.38038426e+07 -4.21420101e+03 -7.64780101e+02 
 1.41253754e+07 -4.22312342e+03 -7.71827680e+02 
 1.44543977e+07 -4.23236090e+03 -7.79033498e+02 
 1.47910839e+07 -4.24192214e+03 -7.86387239e+02 
 1.51356125e+07 -4.25181568e+03 -7.93878040e+02 
 1.54881662e+07 -4.26204990e+03 -8.01494469e+02 
 1.58489319e+07 -4.27263295e+03 -8.09224519e+02 
 1.62181010e+07 -4.28357272e+03 -8.17055593e+02 
 1.65958691e+07 -4.29487681e+03 -8.24974498e+02 
 1.69824365e+07 -4.30655247e+03 -8.32967438e+02 
 1.73780083e+07 -4.31860657e+03 -8.41020010e+02 
 1.77827941e+07 -4.33104554e+03 -8.49117207e+02 
 1.81970086e+07 -4.34387533e+03 -8.57243423e+02 
 1.86208714e+07 -4.35710134e+03 -8.65382455e+02 
 1.90546072e+07 -4.37072839e+03 -8.73517521e+02 
 1.94984460e+07 -4.38476066e+03 -8.81631274e+02 
 1.99526231e+07 -4.39920162e+03 -8.89705821e+02 
 2.04173794e+07 -4.41405402e+03 -8.97722751e+02 
 2.08929613e+07 -4.42931976e+03 -9.05663166e+02 
 2.13796209e+07 -4.44499992e+03 -9.13507717e+02 
 2.18776162e+07 -4.46109466e+03 -9.21236644e+02 
 2.23872114e+07 -4.47760317e+03 -9.28829822e+02 
 2.29086765e+07 -4.49452363e+03 -9.36266819e+02 
 2.34422882e+07 -4.51185320e+03 -9.43526946e+02 
 2.39883292e+07 -4.52958789e+03 -9.50589328e+02 
 2.45470892e+07 -4.54772263e+03 -9.57432965e+02 
 2.51188643e+07 -4.56625115e+03 -9.64036809e+02 
 2.57039578e+07 -4.58516601e+03 -9.70379842e+02 
 2.63026799e+07 -4.60445855e+03 -9.76441158e+02 
 2.69153480e+07 -4.62411886e+03 -9.82200046e+02 
 2.75422870e+07 -4.64413582e+03 -9.87636081e+02 
 2.81838293e+07 -4.66449707e+03 -9.92729214e+02 
 2.88403150e+07 -4.68518901e+03 -9.97459867e+02 
 2.95120923e+07 -4.70619683e+03 -1.00180902e+03 
 3.01995172e+07 -4.72750454e+03 -1.00575832e+03 
 3.09029543e+07 -4.74909498e+03 -1.00929016e+03 
 3.16227766e+07 -4.77094987e+03 -1.01238777e+03 
 3.23593657e+07 -4.79304990e+03 -1.01503532e+03 
 3.31131121e+07 -4.81537473e+03 -1.01721799e+03 
 3.38844156e+07 -4.83790307e+03 -1.01892207e+03 
 3.46736850e+07 -4.86061280e+03 -1.02013500e+03 
 3.54813389e+07 -4.88348100e+03 -1.02084550e+03 
 3.63078055e+07 -4.90648406e+03 -1.02104356e+03 
 3.71535229e+07 -4.92959778e+03 -1.02072057e+03 
 3.80189396e+07 -4.95279746e+03 -1.01986928e+03 
 3.89045145e+07 -4.97605801e+03 -1.01848394e+03 
 3.98107171e+07 -4.99935408e+03 -1.01656022e+03 
 4.07380278e+07 -5.02266010e+03 -1.01409533e+03 
 4.16869383e+07 -5.04595050e+03 -1.01108795e+03 
 4.26579519e+07 -5.06919971e+03 -1.00753827e+03 
 4.36515832e+07 -5.09238237e+03 -1.00344796e+03 
 4.46683592e+07 -5.11547335e+03 -9.98820159e+02 
 4.57088190e+07 -5.13844794e+03 -9.93659444e+02 
 4.67735141e+07 -5.16128190e+03 -9.87971780e+02 
 4.78630092e+07 -5.18395157e+03 -9.81764477e+02 
 4.89778819e+07 -5.20643397e+03 -9.75046133e+02 
 5.01187234e+07 -5.22870687e+03 -9.67826568e+02 
 5.12861384e+07 -5.25074891e+03 -9.60116753e+02 
 5.24807460e+07 -5.27253961e+03 -9.51928733e+02 
 5.37031796e+07 -5.29405951e+03 -9.43275544e+02 
 5.49540874e+07 -5.31529015e+03 -9.34171129e+02 
 5.62341325e+07 -5.33621417e+03 -9.24630249e+02 
 5.75439937e+07 -5.35681532e+03 -9.14668390e+02 
 5.88843655e+07 -5.37707853e+03 -9.04301670e+02 
 6.02559586e+07 -5.39698989e+03 -8.93546748e+02 
 6.16595002e+07 -5.41653667e+03 -8.82420730e+02 
 6.30957344e+07 -5.43570735e+03 -8.70941079e+02 
 6.45654229e+07 -5.45449160e+03 -8.59125522e+02 
 6.60693448e+07 -5.47288027e+03 -8.46991966e+02 
 6.76082975e+07 -5.49086541e+03 -8.34558415e+02 
 6.91830971e+07 -5.50844018e+03 -8.21842884e+02 
 7.07945784e+07 -5.52559889e+03 -8.08863331e+02 
 7.24435960e+07 -5.54233693e+03 -7.95637575e+02 
 7.41310241e+07 -5.55865073e+03 -7.82183241e+02 
 7.58577575e+07 -5.57453777e+03 -7.68517685e+02 
 7.76247117e+07 -5.58999645e+03 -7.54657949e+02 
 7.94328235e+07 -5.60502613e+03 -7.40620701e+02 
 8.12830516e+07 -5.61962703e+03 -7.26422191e+02 
 8.31763771e+07 -5.63380019e+03 -7.12078211e+02 
 8.51138038e+07 -5.64754741e+03 -6.97604056e+02 
 8.70963590e+07 -5.66087123e+03 -6.83014498e+02 
 8.91250938e+07 -5.67377484e+03 -6.68323752e+02 
 9.12010839e+07 -5.68626204e+03 -6.53545463e+02 
 9.33254301e+07 -5.69833720e+03 -6.38692681e+02 
 9.54992586e+07 -5.71000519e+03 -6.23777853e+02 
 9.77237221e+07 -5.72127135e+03 -6.08812814e+02 
 1.00000000e+08 -5.73214140e+03 -5.93808779e+02 
 1.02329299e+08 -5.74262147e+03 -5.78776344e+02 
 1.04712855e+08 -5.75271797e+03 -5.63725485e+02 
 1.07151931e+08 -5.76243759e+03 -5.48665563e+02 
 1.09647820e+08 -5.77178727e+03 -5.33605333e+02 
 1.12201845e+08 -5.78077412e+03 -5.18552950e+02 
 1.14815362e+08 -5.78940542e+03 -5.03515983e+02 
 1.17489755e+08 -5.79768858e+03 -4.88501425e+02 
 1.20226443e+08 -5.80563107e+03 -4.73515710e+02 
 1.23026877e+08 -5.81324047e+03 -4.58564729e+02 
 1.25892541e+08 -5.82052433e+03 -4.43653846e+02 
 1.28824955e+08 -5.82749026e+03 -4.28787916e+02 
 1.31825674e+08 -5.83414581e+03 -4.13971304e+02 
 1.34896288e+08 -5.84049854e+03 -3.99207906e+02 
 1.38038426e+08 -5.84655591e+03 -3.84501164e+02 
 1.41253754e+08 -5.85232532e+03 -3.69854093e+02 
 1.44543977e+08 -5.85781409e+03 -3.55269293e+02 
 1.47910839e+08 -5.86302943e+03 -3.40748975e+02 
 1.51356125e+08 -5.86797845e+03 -3.26294977e+02 
 1.54881662e+08 -5.87266811e+03 -3.11908786e+02 
 1.58489319e+08 -5.87710527e+03 -2.97591554e+02 
 1.62181010e+08 -5.88129662e+03 -2.83344121e+02 
 1.65958691e+08 -5.88524874e+03 -2.69167028e+02 
 1.69824365e+08 -5.88896805e+03 -2.55060538e+02 
 1.73780083e+08 -5.89246082e+03 -2.41024651e+02 
 1.77827941e+08 -5.89573318e+03 -2.27059122e+02 
 1.81970086e+08 -5.89879108e+03 -2.13163472e+02 
 1.86208714e+08 -5.90164036e+03 -1.99337007e+02 
 1.90546072e+08 -5.90428670e+03 -1.85578829e+02 
 1.94984460e+08 -5.90673562e+03 -1.71887849e+02 
 1.99526231e+08 -5.90899251e+03 -1.58262800e+02 
 2.04173794e+08 -5.91106262e+03 -1.44702245e+02 
 2.08929613e+08 -5.91295108e+03 -1.31204588e+02 
 2.13796209e+08 -5.91466287e+03 -1.17768085e+02 
 2.18776162e+08 -5.91620285e+03 -1.04390849e+02 
 2.23872114e+08 -5.91757578e+03 -9.10708568e+01 
 2.29086765e+08 -5.91878628e+03 -7.78059575e+01 
 2.34422882e+08 -5.91983889e+03 -6.45938748e+01 
 2.39883292e+08 -5.92073803e+03 -5.14322119e+01 
 2.45470892e+08 -5.92148804e+03 -3.83184545e+01 
 2.51188643e+08 -5.92209315e+03 -2.52499729e+01 
 2.57039578e+08 -5.92255753e+03 -1.22240233e+01 
 2.63026799e+08 -5.92288525e+03  7.62252227e-01 
 2.69153480e+08 -5.92308033e+03  1.37118257e+01 
 2.75422870e+08 -5.92314670e+03  2.66277848e+01 
 2.81838293e+08 -5.92308824e+03  3.95133344e+01 
 2.88403150e+08 -5.92290874e+03  5.23717993e+01 
 2.95120923e+08 -5.92261198e+03  6.52066275e+01 
 3.01995172e+08 -5.92220163e+03  7.80213936e+01 
 3.09029543e+08 -5.92168134e+03  9.08198029e+01 
 3.16227766e+08 -5.92105471e+03  1.03605696e+02 
 3.23593657e+08 -5.92032526e+03  1.16383054e+02 
 3.31131121e+08 -5.91949647e+03  1.29156001e+02 
 3.38844156e+08 -5.91857177e+03  1.41928815e+02 
 3.46736850e+08 -5.91755453e+03  1.54705926e+02 
 3.54813389e+08 -5.91644805e+03  1.67491926e+02 
 3.63078055e+08 -5.91525558e+03  1.80291572e+02 
 3.71535229e+08 -5.91398030e+03  1.93109792e+02 
 3.80189396e+08 -5.91262532e+03  2.05951690e+02 
 3.89045145e+08 -5.91119366e+03  2.18822547e+02 
 3.98107171e+08 -5.90968827e+03  2.31727830e+02 
 4.07380278e+08 -5.90811200e+03  2.44673193e+02 
 4.16869383e+08 -5.90646762e+03  2.57664479e+02 
 4.26579519e+08 -5.90475778e+03  2.70707726e+02 
 4.36515832e+08 -5.90298502e+03  2.83809163e+02 
 4.46683592e+08 -5.90115176e+03  2.96975220e+02 
 4.57088190e+08 -5.89926031e+03  3.10212522e+02 
 4.67735141e+08 -5.89731280e+03  3.23527892e+02 
 4.78630092e+08 -5.89531127e+03  3.36928350e+02 
 4.89778819e+08 -5.89325756e+03  3.50421114e+02 
 5.01187234e+08 -5.89115337e+03  3.64013595e+02 
 5.12861384e+08 -5.88900023e+03  3.77713399e+02 
 5.24807460e+08 -5.88679949e+03  3.91528324e+02 
 5.37031796e+08 -5.88455230e+03  4.05466354e+02 
 5.49540874e+08 -5.88225963e+03  4.19535658e+02 
 5.62341325e+08 -5.87992225e+03  4.33744588e+02 
 5.75439937e+08 -5.87754072e+03  4.48101672e+02 
 5.88843655e+08 -5.87511536e+03  4.62615612e+02 
 6.02559586e+08 -5.87264630e+03  4.77295279e+02 
 6.16595002e+08 -5.87013343e+03  4.92149706e+02 
 6.30957344e+08 -5.86757640e+03  5.07188091e+02 
 6.45654229e+08 -5.86497463e+03  5.22419782e+02 
 6.60693448e+08 -5.86232728e+03  5.37854281e+02 
 6.76082975e+08 -5.85963329e+03  5.53501235e+02 
 6.91830971e+08 -5.85689131e+03  5.69370433e+02 
 7.07945784e+08 -5.85409976e+03  5.85471802e+02 
 7.24435960e+08 -5.85125677e+03  6.01815402e+02 
 7.41310241e+08 -5.84836024e+03  6.18411423e+02 
 7.58577575e+08 -5.84540776e+03  6.35270182e+02 
 7.76247117e+08 -5.84239668e+03  6.52402119e+02 
 7.94328235e+08 -5.83932404e+03  6.69817793e+02 
 8.12830516e+08 -5.83618662e+03  6.87527880e+02 
 8.31763771e+08 -5.83298090e+03  7.05543174e+02 
 8.51138038e+08 -5.82970308e+03  7.23874577e+02 
 8.70963590e+08 -5.82634907e+03  7.42533107e+02 
 8.91250938e+08 -5.82291445e+03  7.61529890e+02 
 9.12010839e+08 -5.81939452e+03  7.80876158e+02 
 9.33254301e+08 -5.81578428e+03  8.00583254e+02 
 9.54992586e+08 -5.81207838e+03  8.20662625e+02 
 9.77237221e+08 -5.80827117e+03  8.41125828e+02 
 1.00000000e+09 -5.80435666e+03  8.61984522e+02 
 1.02329299e+09 -5.80032854e+03  8.83250474e+02 
 1.04712855e+09 -5.79618013e+03  9.04935556e+02 
 1.07151931e+09 -5.79190442e+03  9.27051747e+02 
 1.09647820e+09 -5.78749402e+03  9.49611131e+02 
 1.12201845e+09 -5.78294118e+03  9.72625898e+02 
 1.14815362e+09 -5.77823774e+03  9.96108344e+02 
 1.17489755e+09 -5.77337519e+03  1.02007087e+03 
 1.20226443e+09 -5.76834456e+03  1.04452599e+03 
 1.23026877e+09 -5.76313650e+03  1.06948630e+03 
 1.25892541e+09 -5.75774120e+03  1.09496454e+03 
 1.28824955e+09 -5.75214841e+03  1.12097352e+03 
 1.31825674e+09 -5.74634740e+03  1.14752616e+03 
 1.34896288e+09 -5.74032697e+03  1.17463550e+03 
 1.38038426e+09 -5.73407541e+03  1.20231465e+03 
 1.41253754e+09 -5.72758050e+03  1.23057683e+03 
 1.44543977e+09 -5.72082945e+03  1.25943535e+03 
 1.47910839e+09 -5.71380895e+03  1.28890363e+03 
 1.51356125e+09 -5.70650506e+03  1.31899513e+03 
 1.54881662e+09 -5.69890326e+03  1.34972344e+03 
 1.58489319e+09 -5.69098839e+03  1.38110217e+03 
 1.62181010e+09 -5.68274462e+03  1.41314505e+03 
 1.65958691e+09 -5.67415546e+03  1.44586582e+03 
 1.69824365e+09 -5.66520366e+03  1.47927829e+03 
 1.73780083e+09 -5.65587127e+03  1.51339631e+03 
 1.77827941e+09 -5.64613955e+03  1.54823376e+03 
 1.81970086e+09 -5.63598894e+03  1.58380451e+03 
 1.86208714e+09 -5.62539905e+03  1.62012244e+03 
 1.90546072e+09 -5.61434862e+03  1.65720143e+03 
 1.94984460e+09 -5.60281547e+03  1.69505530e+03 
 1.99526231e+09 -5.59077647e+03  1.73369783e+03 
 2.04173794e+09 -5.57820749e+03  1.77314270e+03 
 2.08929613e+09 -5.56508341e+03  1.81340352e+03 
 2.13796209e+09 -5.55137800e+03  1.85449376e+03 
 2.18776162e+09 -5.53706393e+03  1.89642673e+03 
 2.23872114e+09 -5.52211272e+03  1.93921555e+03 
 2.29086765e+09 -5.50649468e+03  1.98287315e+03 
 2.34422882e+09 -5.49017886e+03  2.02741216e+03 
 2.39883292e+09 -5.47313301e+03  2.07284497e+03 
 2.45470892e+09 -5.45532355e+03  2.11918358e+03 
 2.51188643e+09 -5.43671547e+03  2.16643964e+03 
 2.57039578e+09 -5.41727232e+03  2.21462435e+03 
 2.63026799e+09 -5.39695614e+03  2.26374844e+03 
 2.69153480e+09 -5.37572738e+03  2.31382208e+03 
 2.75422870e+09 -5.35354490e+03  2.36485484e+03 
 2.81838293e+09 -5.33036586e+03  2.41685562e+03 
 2.88403150e+09 -5.30614567e+03  2.46983256e+03 
 2.95120923e+09 -5.28083795e+03  2.52379299e+03 
 3.01995172e+09 -5.25439445e+03  2.57874334e+03 
 3.09029543e+09 -5.22676500e+03  2.63468902e+03 
 3.16227766e+09 -5.19789743e+03  2.69163437e+03 
 3.23593657e+09 -5.16773752e+03  2.74958254e+03 
 3.31131121e+09 -5.13622893e+03  2.80853537e+03 
 3.38844156e+09 -5.10331314e+03  2.86849327e+03 
 3.46736850e+09 -5.06892937e+03  2.92945512e+03 
 3.54813389e+09 -5.03301453e+03  2.99141813e+03 
 3.63078055e+09 -4.99550316e+03  3.05437768e+03 
 3.71535229e+09 -4.95632735e+03  3.11832717e+03 
 3.80189396e+09 -4.91541669e+03  3.18325788e+03 
 3.89045145e+09 -4.87269820e+03  3.24915877e+03 
 3.98107171e+09 -4.82809626e+03  3.31601632e+03 
 4.07380278e+09 -4.78153259e+03  3.38381431e+03 
 4.16869383e+09 -4.73292616e+03  3.45253363e+03 
 4.26579519e+09 -4.68219314e+03  3.52215204e+03 
 4.36515832e+09 -4.62924687e+03  3.59264394e+03 
 4.46683592e+09 -4.57399781e+03  3.66398013e+03 
 4.57088190e+09 -4.51635349e+03  3.73612753e+03 
 4.67735141e+09 -4.45621849e+03  3.80904886e+03 
 4.78630092e+09 -4.39349442e+03  3.88270240e+03 
 4.89778819e+09 -4.32807989e+03  3.95704163e+03 
 5.01187234e+09 -4.25987050e+03  4.03201488e+03 
 5.12861384e+09 -4.18875887e+03  4.10756499e+03 
 5.24807460e+09 -4.11463463e+03  4.18362891e+03 
 5.37031796e+09 -4.03738443e+03  4.26013727e+03 
 5.49540874e+09 -3.95689206e+03  4.33701397e+03 
 5.62341325e+09 -3.87303841e+03  4.41417572e+03 
 5.75439937e+09 -3.78570163e+03  4.49153152e+03 
 5.88843655e+09 -3.69475721e+03  4.56898215e+03 
 6.02559586e+09 -3.60007808e+03  4.64641964e+03 
 6.16595002e+09 -3.50153481e+03  4.72372664e+03 
 6.30957344e+09 -3.39899578e+03  4.80077584e+03 
 6.45654229e+09 -3.29232737e+03  4.87742929e+03 
 6.60693448e+09 -3.18139429e+03  4.95353770e+03 
 6.76082975e+09 -3.06605982e+03  5.02893972e+03 
 6.91830971e+09 -2.94618619e+03  5.10346113e+03 
 7.07945784e+09 -2.82163501e+03  5.17691406e+03 
 7.24435960e+09 -2.69226771e+03  5.24909607e+03 
 7.41310241e+09 -2.55794609e+03  5.31978927e+03 
 7.58577575e+09 -2.41853294e+03  5.38875930e+03 
 7.76247117e+09 -2.27389276e+03  5.45575437e+03 
 7.94328235e+09 -2.12389255e+03  5.52050411e+03 
 8.12830516e+09 -1.96840270e+03  5.58271851e+03 
 8.31763771e+09 -1.80729805e+03  5.64208668e+03 
 8.51138038e+09 -1.64045905e+03  5.69827558e+03 
 8.70963590e+09 -1.46777311e+03  5.75092881e+03 
 8.91250938e+09 -1.28913603e+03  5.79966512e+03 
 9.12010839e+09 -1.10445376e+03  5.84407710e+03 
 9.33254301e+09 -9.13644250e+02  5.88372963e+03 
 9.54992586e+09 -7.16639633e+02  5.91815840e+03 
 9.77237221e+09 -5.13388643e+02  5.94686831e+03 
 1.00000000e+10 -3.03859338e+02  5.96933191e+03 
 1.02329299e+10 -8.80421933e+01  5.98498775e+03 
 1.04712855e+10  1.34046434e+02  5.99323871e+03 
 1.07151931e+10  3.62360385e+02  5.99345047e+03 
 1.09647820e+10  5.96819290e+02  5.98494985e+03 
 1.12201845e+10  8.37303592e+02  5.96702331e+03 
 1.14815362e+10  1.08364895e+03  5.93891561e+03 
 1.17489755e+10  1.33563994e+03  5.89982856e+03 
 1.20226443e+10  1.59300291e+03  5.84892003e+03 
 1.23026877e+10  1.85539803e+03  5.78530338e+03 
 1.25892541e+10  2.12241028e+03  5.70804720e+03 
 1.28824955e+10  2.39353937e+03  5.61617580e+03 
 1.31825674e+10  2.66818838e+03  5.50867034e+03 
 1.34896288e+10  2.94565111e+03  5.38447103e+03 
 1.38038426e+10  3.22509795e+03  5.24248055e+03 
 1.41253754e+10  3.50556011e+03  5.08156913e+03 
 1.44543977e+10  3.78591220e+03  4.90058157e+03 
 1.47910839e+10  4.06485307e+03  4.69834682e+03 
 1.51356125e+10  4.34088474e+03  4.47369071e+03 
 1.54881662e+10  4.61228975e+03  4.22545250e+03 
 1.58489319e+10  4.87710676e+03  3.95250615e+03 
 1.62181010e+10  5.13310496e+03  3.65378739e+03 
 1.65958691e+10  5.37775763e+03  3.32832771e+03 
 1.69824365e+10  5.60821579e+03  2.97529661e+03 
 1.73780083e+10  5.82128305e+03  2.59405366e+03 
 1.77827941e+10  6.01339337e+03  2.18421205e+03 
 1.81970086e+10  6.18059413e+03  1.74571502e+03 
 1.86208714e+10  6.31853759e+03  1.27892709e+03 
 1.90546072e+10  6.42248505e+03  7.84741042e+02 
 1.94984460e+10  6.48732875e+03  2.64701521e+02 
 1.99526231e+10  6.50763848e+03 -2.78855232e+02 
 2.04173794e+10  6.47774051e+03 -8.42647374e+02 
 2.08929613e+10  6.39183817e+03 -1.42228357e+03 
 2.13796209e+10  6.24418420e+03 -2.01209677e+03 
 2.18776162e+10  6.02931469e+03 -2.60498754e+03 
 2.23872114e+10  5.74235370e+03 -3.19229416e+03 
 2.29086765e+10  5.37939387e+03 -3.76371269e+03 
 2.34422882e+10  4.93795246e+03 -4.30729661e+03 
 2.39883292e+10  4.41749239e+03 -4.80957090e+03 
 2.45470892e+10  3.81998419e+03 -5.25579811e+03 
 2.51188643e+10  3.15046750e+03 -5.63043197e+03 
 2.57039578e+10  2.41755102e+03 -5.91778438e+03 
 2.63026799e+10  1.63377163e+03 -6.10291206e+03 
 2.69153480e+10  8.15720358e+02 -6.17269909e+03 
 2.75422870e+10 -1.61573261e+01 -6.11707169e+03 
 2.81838293e+10 -8.38162239e+02 -5.93023781e+03 
 2.88403150e+10 -1.62437887e+03 -5.61180481e+03 
 2.95120923e+10 -2.34812524e+03 -5.16760573e+03 
 3.01995172e+10 -2.98371805e+03 -4.61006947e+03 
 3.09029543e+10 -3.50838510e+03 -3.95800990e+03 
 3.16227766e+10 -3.90410555e+03 -3.23578117e+03 
 3.23593657e+10 -4.15914330e+03 -2.47183980e+03 
 3.31131121e+10 -4.26906709e+03 -1.69684878e+03 
 3.38844156e+10 -4.23711873e+03 -9.41533078e+02 
 3.46736850e+10 -4.07388502e+03 -2.34532908e+02 
 3.54813389e+10 -3.79632633e+03  3.99505503e+02 
 3.63078055e+10 -3.42629762e+03  9.41407398e+02 
 3.71535229e+10 -2.98875034e+03  1.37839153e+03 
 3.80189396e+10 -2.50982284e+03  1.70439266e+03 
 3.89045145e+10 -2.01501470e+03  1.91981421e+03 
 3.98107171e+10 -1.52760579e+03  2.03079868e+03 
 4.07380278e+10 -1.06743295e+03  2.04814148e+03 
 4.16869383e+10 -6.50085267e+02  1.98599126e+03 
 4.26579519e+10 -2.86528686e+02  1.86047912e+03 
 4.36515832e+10  1.68711183e+01  1.68840430e+03 
 4.46683592e+10  2.57991736e+02  1.48607832e+03 
 4.57088190e+10  4.38347383e+02  1.26839844e+03 
 4.67735141e+10  5.62326252e+02  1.04818822e+03 
 4.78630092e+10  6.36363468e+02  8.35811149e+02 
 4.89778819e+10  6.68130366e+02  6.39037172e+02 
 5.01187234e+10  6.65803643e+02  4.63122180e+02 
 5.12861384e+10  6.37457546e+02  3.11048801e+02 
 5.24807460e+10  5.90601485e+02  1.83872965e+02 
 5.37031796e+10  5.31866903e+02  8.11233843e+01 
 5.49540874e+10  4.66832423e+02  1.20872602e+00 
 5.62341325e+10  3.99966246e+02 -5.82022017e+01 
 5.75439937e+10  3.34659457e+02 -9.98504136e+01 
 5.88843655e+10  2.73322729e+02 -1.26619154e+02 
 6.02559586e+10  2.17520973e+02 -1.41331916e+02 
 6.16595002e+10  1.68124526e+02 -1.46612443e+02 
 6.30957344e+10  1.25460499e+02 -1.44798717e+02 
 6.45654229e+10  8.94529942e+01 -1.37900736e+02 
 6.60693448e+10  5.97454828e+01 -1.27591414e+02 
 6.76082975e+10  3.58023030e+01 -1.15220671e+02 
 6.91830971e+10  1.69889888e+01 -1.01844186e+02 
 7.07945784e+10  2.63292219e+00 -8.82600207e+01 
 7.24435960e+10 -7.93317080e+00 -7.50480608e+01 
 7.41310241e+10 -1.53419314e+01 -6.26087643e+01 
 7.58577575e+10 -2.01733228e+01 -5.11989979e+01 
 7.76247117e+10 -2.29451043e+01 -4.09637504e+01 
 7.94328235e+10 -2.41094770e+01 -3.19632331e+01 
 8.12830516e+10 -2.40539719e+01 -2.41953715e+01 
 8.31763771e+10 -2.31050649e+01 -1.76140010e+01 
 8.51138038e+10 -2.15333735e+01 -1.21432470e+01 
 8.70963590e+10 -1.95596050e+01 -7.68864109e+00 
 8.91250938e+10 -1.73606802e+01 -4.14552901e+00 
 9.12010839e+10 -1.50756596e+01 -1.40529120e+00 
 9.33254301e+10 -1.28112467e+01  6.40158760e-01 
 9.54992586e+10 -1.06467582e+01  2.09520054e+00 
 9.77237221e+10 -8.63852601e+00  3.05832923e+00 
 1.00000000e+11 -6.82374916e+00  3.62071022e+00 
