 time            v(detp)         v(detn)        
 0.00000000e+00  2.01622196e+00  2.01622194e+00 
 1.00000000e-14  2.01625156e+00  2.01625153e+00 
 2.00000000e-14  2.01627524e+00  2.01627521e+00 
 4.00000000e-14  2.01631129e+00  2.01631126e+00 
 8.00000000e-14  2.01634353e+00  2.01634351e+00 
 1.60000000e-13  2.01635243e+00  2.01635241e+00 
 3.20000000e-13  2.01634450e+00  2.01634457e+00 
 6.40000000e-13  2.01639707e+00  2.01639772e+00 
 1.28000000e-12  2.01638318e+00  2.01638736e+00 
 2.28000000e-12  2.01472018e+00  2.01498704e+00 
 3.28000000e-12  2.01099134e+00  2.01227271e+00 
 4.28000000e-12  2.00677853e+00  2.00926399e+00 
 5.28000000e-12  2.00456974e+00  2.00638759e+00 
 6.28000000e-12  2.00637887e+00  2.00345521e+00 
 7.28000000e-12  2.01285903e+00  2.00021262e+00 
 8.28000000e-12  2.02346741e+00  1.99657690e+00 
 9.28000000e-12  2.03705705e+00  1.99258056e+00 
 1.02800000e-11  2.05236687e+00  1.98830095e+00 
 1.12800000e-11  2.06825624e+00  1.98383233e+00 
 1.22800000e-11  2.08377431e+00  1.97928220e+00 
 1.32800000e-11  2.09812843e+00  1.97476390e+00 
 1.42800000e-11  2.11065278e+00  1.97036046e+00 
 1.52800000e-11  2.12042445e+00  1.96582076e+00 
 1.58169757e-11  2.12398368e+00  1.96300147e+00 
 1.63948049e-11  2.12596860e+00  1.95943915e+00 
 1.69412863e-11  2.12599085e+00  1.95578600e+00 
 1.76642986e-11  2.12366767e+00  1.95150607e+00 
 1.86642986e-11  2.11753590e+00  1.94830883e+00 
 1.96642986e-11  2.10979743e+00  1.94836091e+00 
 2.06642986e-11  2.10232562e+00  1.95049433e+00 
 2.16642986e-11  2.09705761e+00  1.95323967e+00 
 2.26642986e-11  2.09554540e+00  1.95539430e+00 
 2.36642986e-11  2.09821896e+00  1.95632060e+00 
 2.46642986e-11  2.10446696e+00  1.95597131e+00 
 2.56642986e-11  2.11315740e+00  1.95460734e+00 
 2.66642986e-11  2.12309687e+00  1.95256281e+00 
 2.76642986e-11  2.13323120e+00  1.95012355e+00 
 2.86642986e-11  2.14271762e+00  1.94750521e+00 
 2.96642986e-11  2.15081016e+00  1.94476472e+00 
 3.03352831e-11  2.15487999e+00  1.94259252e+00 
 3.08686608e-11  2.15682937e+00  1.94037095e+00 
 3.14256478e-11  2.15728770e+00  1.93748606e+00 
 3.19551663e-11  2.15621173e+00  1.93449958e+00 
 3.27684761e-11  2.15225886e+00  1.93075992e+00 
 3.37684761e-11  2.14499181e+00  1.92906219e+00 
 3.47684761e-11  2.13674548e+00  1.93039916e+00 
 3.57684761e-11  2.12938945e+00  1.93348325e+00 
 3.67684761e-11  2.12488022e+00  1.93683622e+00 
 3.77684761e-11  2.12448454e+00  1.93933598e+00 
 3.87684761e-11  2.12824155e+00  1.94050914e+00 
 3.97684761e-11  2.13528348e+00  1.94041999e+00 
 4.07684761e-11  2.14439216e+00  1.93936186e+00 
 4.17684761e-11  2.15439214e+00  1.93766364e+00 
 4.27684761e-11  2.16428245e+00  1.93559862e+00 
 4.37684761e-11  2.17327503e+00  1.93336748e+00 
 4.47684761e-11  2.18060615e+00  1.93096143e+00 
 4.53683151e-11  2.18367697e+00  1.92915231e+00 
 4.59129751e-11  2.18508788e+00  1.92696818e+00 
 4.65476746e-11  2.18473201e+00  1.92379805e+00 
 4.71301937e-11  2.18261517e+00  1.92081224e+00 
 4.81301937e-11  2.17611843e+00  1.91756179e+00 
 4.91301937e-11  2.16761288e+00  1.91755837e+00 
 5.01301937e-11  2.15892162e+00  1.92009135e+00 
 5.11301937e-11  2.15204333e+00  1.92371761e+00 
 5.21301937e-11  2.14878572e+00  1.92705788e+00 
 5.31301937e-11  2.14987461e+00  1.92925026e+00 
 5.41301937e-11  2.15486294e+00  1.93009363e+00 
 5.51301937e-11  2.16264509e+00  1.92978459e+00 
 5.61301937e-11  2.17197513e+00  1.92864382e+00 
 5.71301937e-11  2.18174643e+00  1.92698123e+00 
 5.81301937e-11  2.19104906e+00  1.92504035e+00 
 5.91301937e-11  2.19915179e+00  1.92296824e+00 
 6.01301937e-11  2.20505265e+00  1.92048793e+00 
 6.06821680e-11  2.20676888e+00  1.91859067e+00 
 6.12878266e-11  2.20684914e+00  1.91587933e+00 
 6.18331248e-11  2.20525137e+00  1.91316254e+00 
 6.26672903e-11  2.20034576e+00  1.90988283e+00 
 6.36672903e-11  2.19201828e+00  1.90882517e+00 
 6.46672903e-11  2.18275665e+00  1.91071992e+00 
 6.56672903e-11  2.17447310e+00  1.91428580e+00 
 6.66672903e-11  2.16914150e+00  1.91806130e+00 
 6.76672903e-11  2.16799468e+00  1.92094627e+00 
 6.86672903e-11  2.17102565e+00  1.92249226e+00 
 6.96672903e-11  2.17733629e+00  1.92277661e+00 
 7.06672903e-11  2.18569742e+00  1.92209490e+00 
 7.16672903e-11  2.19493371e+00  1.92077341e+00 
 7.26672903e-11  2.20404814e+00  1.91908200e+00 
 7.36672903e-11  2.21225168e+00  1.91721653e+00 
 7.46672903e-11  2.21877303e+00  1.91515157e+00 
 7.52519490e-11  2.22128117e+00  1.91356526e+00 
 7.57996096e-11  2.22223740e+00  1.91152361e+00 
 7.64198944e-11  2.22138302e+00  1.90861260e+00 
 7.70130008e-11  2.21876353e+00  1.90578579e+00 
 7.80130008e-11  2.21150713e+00  1.90296198e+00 
 7.90130008e-11  2.20229746e+00  1.90339017e+00 
 8.00130008e-11  2.19297214e+00  1.90630728e+00 
 8.10130008e-11  2.18556004e+00  1.91025017e+00 
 8.20130008e-11  2.18186125e+00  1.91384175e+00 
 8.30130008e-11  2.18255110e+00  1.91624407e+00 
 8.40130008e-11  2.18713713e+00  1.91728176e+00 
 8.50130008e-11  2.19449129e+00  1.91716380e+00 
 8.60130008e-11  2.20336409e+00  1.91621404e+00 
 8.70130008e-11  2.21265368e+00  1.91474182e+00 
 8.80130008e-11  2.22145645e+00  1.91298942e+00 
 8.90130008e-11  2.22904315e+00  1.91109986e+00 
 8.99083690e-11  2.23401106e+00  1.90906546e+00 
 9.04450708e-11  2.23563381e+00  1.90737375e+00 
 9.10122700e-11  2.23576388e+00  1.90499027e+00 
 9.15602623e-11  2.23424304e+00  1.90232942e+00 
 9.22866811e-11  2.23010626e+00  1.89926264e+00 
 9.32866811e-11  2.22180569e+00  1.89764430e+00 
 9.42866811e-11  2.21215574e+00  1.89918797e+00 
 9.52866811e-11  2.20303894e+00  1.90273430e+00 
 9.62866811e-11  2.19648509e+00  1.90677699e+00 
 9.72866811e-11  2.19398383e+00  1.91008913e+00 
 9.82866811e-11  2.19578806e+00  1.91207555e+00 
 9.92866811e-11  2.20113850e+00  1.91273324e+00 
 1.00286681e-10  2.20883053e+00  1.91233727e+00 
 1.01286681e-10  2.21765578e+00  1.91122141e+00 
 1.02286681e-10  2.22656909e+00  1.90967105e+00 
 1.03286681e-10  2.23474286e+00  1.90790515e+00 
 1.04286681e-10  2.24144721e+00  1.90598721e+00 
 1.04958832e-10  2.24455682e+00  1.90434975e+00 
 1.05491620e-10  2.24572346e+00  1.90254859e+00 
 1.06047417e-10  2.24535879e+00  1.90009522e+00 
 1.06577009e-10  2.24349055e+00  1.89750180e+00 
 1.07385032e-10  2.23833821e+00  1.89436377e+00 
 1.08385032e-10  2.22952335e+00  1.89336393e+00 
 1.09385032e-10  2.21971288e+00  1.89539632e+00 
 1.10385032e-10  2.21084542e+00  1.89915890e+00 
 1.11385032e-10  2.20496190e+00  1.90314589e+00 
 1.12385032e-10  2.20334061e+00  1.90622026e+00 
 1.13385032e-10  2.20598271e+00  1.90792189e+00 
 1.14385032e-10  2.21197805e+00  1.90832935e+00 
 1.15385032e-10  2.22008194e+00  1.90774143e+00 
 1.16385032e-10  2.22910704e+00  1.90648713e+00 
 1.17385032e-10  2.23804722e+00  1.90483988e+00 
 1.18385032e-10  2.24611047e+00  1.90300293e+00 
 1.19385032e-10  2.25253141e+00  1.90097561e+00 
 1.19988284e-10  2.25507754e+00  1.89938071e+00 
 1.20532721e-10  2.25599987e+00  1.89739733e+00 
 1.21170216e-10  2.25506166e+00  1.89444243e+00 
 1.21751022e-10  2.25240504e+00  1.89167243e+00 
 1.22751022e-10  2.24491451e+00  1.88879724e+00 
 1.23751022e-10  2.23534180e+00  1.88920325e+00 
 1.24751022e-10  2.22553004e+00  1.89215944e+00 
 1.25751022e-10  2.21751194e+00  1.89619382e+00 
 1.26751022e-10  2.21313135e+00  1.89990599e+00 
 1.27751022e-10  2.21313684e+00  1.90242579e+00 
 1.28751022e-10  2.21708894e+00  1.90355539e+00 
 1.29751022e-10  2.22388033e+00  1.90349954e+00 
 1.30751022e-10  2.23226004e+00  1.90258736e+00 
 1.31751022e-10  2.24111601e+00  1.90113578e+00 
 1.32751022e-10  2.24953314e+00  1.89939364e+00 
 1.33751022e-10  2.25677643e+00  1.89751235e+00 
 1.34751022e-10  2.26184779e+00  1.89522050e+00 
 1.35303944e-10  2.26312149e+00  1.89342184e+00 
 1.35848019e-10  2.26285895e+00  1.89109930e+00 
 1.36421731e-10  2.26086487e+00  1.88833314e+00 
 1.37183711e-10  2.25596371e+00  1.88530305e+00 
 1.38183711e-10  2.24704618e+00  1.88405521e+00 
 1.39183711e-10  2.23702151e+00  1.88586177e+00 
 1.40183711e-10  2.22783769e+00  1.88947893e+00 
 1.41183711e-10  2.22156214e+00  1.89340187e+00 
 1.42183711e-10  2.21954181e+00  1.89646281e+00 
 1.43183711e-10  2.22183729e+00  1.89816422e+00 
 1.44183711e-10  2.22756493e+00  1.89856353e+00 
 1.45183711e-10  2.23547939e+00  1.89795214e+00 
 1.46183711e-10  2.24438070e+00  1.89665851e+00 
 1.47183711e-10  2.25324790e+00  1.89495820e+00 
 1.48183711e-10  2.26127649e+00  1.89305915e+00 
 1.49183711e-10  2.26771232e+00  1.89098325e+00 
 1.49805181e-10  2.27036702e+00  1.88932976e+00 
 1.50347087e-10  2.27132424e+00  1.88735470e+00 
 1.50918533e-10  2.27063517e+00  1.88469873e+00 
 1.51466094e-10  2.26836870e+00  1.88198470e+00 
 1.52412810e-10  2.26163005e+00  1.87875053e+00 
 1.53412810e-10  2.25217427e+00  1.87853311e+00 
 1.54412810e-10  2.24212192e+00  1.88110223e+00 
 1.55412810e-10  2.23349056e+00  1.88502887e+00 
 1.56412810e-10  2.22824684e+00  1.88884669e+00 
 1.57412810e-10  2.22737522e+00  1.89156228e+00 
 1.58412810e-10  2.23061186e+00  1.89287346e+00 
 1.59412810e-10  2.23691813e+00  1.89294137e+00 
 1.60412810e-10  2.24503638e+00  1.89208905e+00 
 1.61412810e-10  2.25381871e+00  1.89064276e+00 
 1.62412810e-10  2.26230992e+00  1.88886472e+00 
 1.63412810e-10  2.26975259e+00  1.88693386e+00 
 1.64412810e-10  2.27528291e+00  1.88471862e+00 
 1.64949310e-10  2.27695097e+00  1.88311298e+00 
 1.65516291e-10  2.27719384e+00  1.88082021e+00 
 1.66084845e-10  2.27569026e+00  1.87805818e+00 
 1.66743085e-10  2.27199760e+00  1.87504990e+00 
 1.67743085e-10  2.26363936e+00  1.87279849e+00 
 1.68743085e-10  2.25361982e+00  1.87380195e+00 
 1.69743085e-10  2.24384268e+00  1.87705354e+00 
 1.70743085e-10  2.23641653e+00  1.88102954e+00 
 1.71743085e-10  2.23301306e+00  1.88440596e+00 
 1.72743085e-10  2.23404977e+00  1.88648021e+00 
 1.73743085e-10  2.23884438e+00  1.88718916e+00 
 1.74743085e-10  2.24619459e+00  1.88678816e+00 
 1.75743085e-10  2.25485519e+00  1.88560872e+00 
 1.76743085e-10  2.26375789e+00  1.88395281e+00 
 1.77743085e-10  2.27203528e+00  1.88205217e+00 
 1.78743085e-10  2.27896220e+00  1.88001721e+00 
 1.79507681e-10  2.28269751e+00  1.87812696e+00 
 1.80035683e-10  2.28398825e+00  1.87634996e+00 
 1.80587346e-10  2.28379919e+00  1.87391987e+00 
 1.81128037e-10  2.28201674e+00  1.87121511e+00 
 1.81868840e-10  2.27741074e+00  1.86805810e+00 
 1.82868840e-10  2.26857448e+00  1.86651331e+00 
 1.83868840e-10  2.25841437e+00  1.86815282e+00 
 1.84868840e-10  2.24886482e+00  1.87174892e+00 
 1.85868840e-10  2.24201758e+00  1.87575974e+00 
 1.86868840e-10  2.23933772e+00  1.87895868e+00 
 1.87868840e-10  2.24100687e+00  1.88078686e+00 
 1.88868840e-10  2.24620866e+00  1.88127336e+00 
 1.89868840e-10  2.25371310e+00  1.88070816e+00 
 1.90868840e-10  2.26230883e+00  1.87942933e+00 
 1.91868840e-10  2.27095587e+00  1.87772322e+00 
 1.92868840e-10  2.27883243e+00  1.87580897e+00 
 1.93868840e-10  2.28520266e+00  1.87374320e+00 
 1.94527361e-10  2.28801171e+00  1.87203434e+00 
 1.95062748e-10  2.28897851e+00  1.87013481e+00 
 1.95622003e-10  2.28837402e+00  1.86757655e+00 
 1.96149296e-10  2.28628204e+00  1.86493122e+00 
 1.96977133e-10  2.28061066e+00  1.86170507e+00 
 1.97977133e-10  2.27130020e+00  1.86078492e+00 
 1.98977133e-10  2.26103609e+00  1.86288761e+00 
 1.99977133e-10  2.25182037e+00  1.86665882e+00 
 2.00977133e-10  2.24573794e+00  1.87057134e+00 
 2.01977133e-10  2.24401646e+00  1.87350290e+00 
 2.02977133e-10  2.24658030e+00  1.87503415e+00 
 2.03977133e-10  2.25246732e+00  1.87527118e+00 
 2.04977133e-10  2.26041407e+00  1.87452320e+00 
 2.05977133e-10  2.26923423e+00  1.87312105e+00 
 2.06977133e-10  2.27792868e+00  1.87133766e+00 
 2.07977133e-10  2.28571155e+00  1.86937491e+00 
 2.08977133e-10  2.29180228e+00  1.86721651e+00 
 2.09567480e-10  2.29407464e+00  1.86556645e+00 
 2.10114673e-10  2.29478107e+00  1.86348534e+00 
 2.10739823e-10  2.29360916e+00  1.86050485e+00 
 2.11329561e-10  2.29067381e+00  1.85765324e+00 
 2.12329561e-10  2.28275727e+00  1.85480328e+00 
 2.13329561e-10  2.27276412e+00  1.85528110e+00 
 2.14329561e-10  2.26257526e+00  1.85829503e+00 
 2.15329561e-10  2.25428765e+00  1.86233589e+00 
 2.16329561e-10  2.24975848e+00  1.86599000e+00 
 2.17329561e-10  2.24968090e+00  1.86840816e+00 
 2.18329561e-10  2.25355639e+00  1.86942358e+00 
 2.19329561e-10  2.26024390e+00  1.86925757e+00 
 2.20329561e-10  2.26848290e+00  1.86824435e+00 
 2.21329561e-10  2.27716358e+00  1.86670117e+00 
 2.22329561e-10  2.28537582e+00  1.86487670e+00 
 2.23329561e-10  2.29238555e+00  1.86292053e+00 
 2.24329561e-10  2.29716892e+00  1.86054094e+00 
 2.24883884e-10  2.29825320e+00  1.85867968e+00 
 2.25495958e-10  2.29760583e+00  1.85598997e+00 
 2.26052731e-10  2.29528728e+00  1.85329130e+00 
 2.26918206e-10  2.28907967e+00  1.85014779e+00 
 2.27918206e-10  2.27947219e+00  1.84950850e+00 
 2.28918206e-10  2.26905784e+00  1.85177474e+00 
 2.29918206e-10  2.25988548e+00  1.85558411e+00 
 2.30918206e-10  2.25402184e+00  1.85943670e+00 
 2.31918206e-10  2.25258675e+00  1.86226245e+00 
 2.32918206e-10  2.25540279e+00  1.86369521e+00 
 2.33918206e-10  2.26145467e+00  1.86386482e+00 
 2.34918206e-10  2.26946882e+00  1.86308328e+00 
 2.35918206e-10  2.27826895e+00  1.86167556e+00 
 2.36918206e-10  2.28687132e+00  1.85990781e+00 
 2.37918206e-10  2.29449741e+00  1.85797242e+00 
 2.38918206e-10  2.30034139e+00  1.85581276e+00 
 2.39482721e-10  2.30233176e+00  1.85420258e+00 
 2.40036628e-10  2.30283658e+00  1.85205251e+00 
 2.40636194e-10  2.30150118e+00  1.84918262e+00 
 2.41249680e-10  2.29825626e+00  1.84629072e+00 
 2.42249680e-10  2.29006782e+00  1.84371435e+00 
 2.43249680e-10  2.27992353e+00  1.84447422e+00 
 2.44249680e-10  2.26972781e+00  1.84767894e+00 
 2.45249680e-10  2.26160614e+00  1.85179475e+00 
 2.46249680e-10  2.25736426e+00  1.85542875e+00 
 2.47249680e-10  2.25759055e+00  1.85778504e+00 
 2.48249680e-10  2.26170900e+00  1.85874138e+00 
 2.49249680e-10  2.26854823e+00  1.85853706e+00 
 2.50249680e-10  2.27684969e+00  1.85750871e+00 
 2.51249680e-10  2.28551760e+00  1.85597007e+00 
 2.52249680e-10  2.29365719e+00  1.85416531e+00 
 2.53249680e-10  2.30053908e+00  1.85223235e+00 
 2.54098626e-10  2.30465439e+00  1.85025905e+00 
 2.54631777e-10  2.30591130e+00  1.84855099e+00 
 2.55192712e-10  2.30566895e+00  1.84616569e+00 
 2.55738595e-10  2.30379601e+00  1.84349445e+00 
 2.56465772e-10  2.29915953e+00  1.84042011e+00 
 2.57465772e-10  2.29012772e+00  1.83885693e+00 
 2.58465772e-10  2.27972161e+00  1.84050407e+00 
 2.59465772e-10  2.26992160e+00  1.84415375e+00 
 2.60465772e-10  2.26288753e+00  1.84824446e+00 
 2.61465772e-10  2.26011200e+00  1.85152306e+00 
 2.62465772e-10  2.26176307e+00  1.85342424e+00 
 2.63465772e-10  2.26699835e+00  1.85397829e+00 
 2.64465772e-10  2.27456698e+00  1.85347430e+00 
 2.65465772e-10  2.28324551e+00  1.85224817e+00 
 2.66465772e-10  2.29198710e+00  1.85058536e+00 
 2.67465772e-10  2.29996492e+00  1.84870732e+00 
 2.68465772e-10  2.30644544e+00  1.84668286e+00 
 2.69138112e-10  2.30938543e+00  1.84497773e+00 
 2.69671789e-10  2.31040163e+00  1.84312219e+00 
 2.70228521e-10  2.30985338e+00  1.84061546e+00 
 2.70757920e-10  2.30778311e+00  1.83798825e+00 
 2.71567942e-10  2.30223754e+00  1.83484026e+00 
 2.72567942e-10  2.29283849e+00  1.83393540e+00 
 2.73567942e-10  2.28236098e+00  1.83612823e+00 
 2.74567942e-10  2.27282021e+00  1.84005650e+00 
 2.75567942e-10  2.26633414e+00  1.84416522e+00 
 2.76567942e-10  2.26419098e+00  1.84729994e+00 
 2.77567942e-10  2.26636384e+00  1.84901678e+00 
 2.78567942e-10  2.27191274e+00  1.84941467e+00 
 2.79567942e-10  2.27957576e+00  1.84880602e+00 
 2.80567942e-10  2.28815872e+00  1.84752807e+00 
 2.81567942e-10  2.29665278e+00  1.84586005e+00 
 2.82567942e-10  2.30426386e+00  1.84401019e+00 
 2.83567942e-10  2.31022164e+00  1.84197991e+00 
 2.84169984e-10  2.31247701e+00  1.84038884e+00 
 2.84715606e-10  2.31313493e+00  1.83840060e+00 
 2.85351110e-10  2.31187954e+00  1.83545623e+00 
 2.85933719e-10  2.30890584e+00  1.83268938e+00 
 2.86933719e-10  2.30083515e+00  1.82988373e+00 
 2.87933719e-10  2.29064203e+00  1.83041463e+00 
 2.88933719e-10  2.28024069e+00  1.83351449e+00 
 2.89933719e-10  2.27179405e+00  1.83766104e+00 
 2.90933719e-10  2.26720124e+00  1.84141338e+00 
 2.91933719e-10  2.26714254e+00  1.84391423e+00 
 2.92933719e-10  2.27108790e+00  1.84500305e+00 
 2.93933719e-10  2.27786999e+00  1.84490422e+00 
 2.94933719e-10  2.28621409e+00  1.84395120e+00 
 2.95933719e-10  2.29500433e+00  1.84245976e+00 
 2.96933719e-10  2.30332742e+00  1.84067913e+00 
 2.97933719e-10  2.31044743e+00  1.83876416e+00 
 2.98933719e-10  2.31535515e+00  1.83644482e+00 
 2.99487759e-10  2.31651572e+00  1.83462901e+00 
 3.00094245e-10  2.31596029e+00  1.83201093e+00 
 3.00641367e-10  2.31375489e+00  1.82938203e+00 
 3.01470379e-10  2.30790163e+00  1.82631303e+00 
 3.02470379e-10  2.29828636e+00  1.82557593e+00 
 3.03470379e-10  2.28767046e+00  1.82785812e+00 
 3.04470379e-10  2.27810452e+00  1.83180272e+00 
 3.05470379e-10  2.27170521e+00  1.83587472e+00 
 3.06470379e-10  2.26970099e+00  1.83894932e+00 
 3.07470379e-10  2.27200380e+00  1.84061318e+00 
 3.08470379e-10  2.27763927e+00  1.84097845e+00 
 3.09470379e-10  2.28533655e+00  1.84035811e+00 
 3.10470379e-10  2.29390537e+00  1.83908527e+00 
 3.11470379e-10  2.30234423e+00  1.83743451e+00 
 3.12470379e-10  2.30986048e+00  1.83560825e+00 
 3.13470379e-10  2.31567705e+00  1.83358906e+00 
 3.14055973e-10  2.31776438e+00  1.83203021e+00 
 3.14604645e-10  2.31830925e+00  1.83001283e+00 
 3.15224811e-10  2.31696030e+00  1.82713787e+00 
 3.15818583e-10  2.31382328e+00  1.82435870e+00 
 3.16818583e-10  2.30558606e+00  1.82170236e+00 
 3.17818583e-10  2.29528123e+00  1.82239500e+00 
 3.18818583e-10  2.28484186e+00  1.82561272e+00 
 3.19818583e-10  2.27645552e+00  1.82981460e+00 
 3.20818583e-10  2.27199702e+00  1.83356709e+00 
 3.21818583e-10  2.27208837e+00  1.83604180e+00 
 3.22818583e-10  2.27615489e+00  1.83710351e+00 
 3.23818583e-10  2.28301094e+00  1.83698705e+00 
 3.24818583e-10  2.29138187e+00  1.83602754e+00 
 3.25818583e-10  2.30015887e+00  1.83453912e+00 
 3.26818583e-10  2.30843650e+00  1.83276895e+00 
 3.27818583e-10  2.31548168e+00  1.83086684e+00 
 3.28714793e-10  2.31994675e+00  1.82882685e+00 
 3.29253557e-10  2.32125272e+00  1.82712709e+00 
 3.29822392e-10  2.32101813e+00  1.82473614e+00 
 3.30369888e-10  2.31911912e+00  1.82208757e+00 
 3.31099871e-10  2.31439566e+00  1.81906421e+00 
 3.32099871e-10  2.30520556e+00  1.81763425e+00 
 3.33099871e-10  2.29459335e+00  1.81944514e+00 
 3.34099871e-10  2.28456447e+00  1.82326104e+00 
 3.35099871e-10  2.27729996e+00  1.82750097e+00 
 3.36099871e-10  2.27430011e+00  1.83090477e+00 
 3.37099871e-10  2.27573223e+00  1.83291066e+00 
 3.38099871e-10  2.28075127e+00  1.83355594e+00 
 3.39099871e-10  2.28810452e+00  1.83313624e+00 
 3.40099871e-10  2.29656745e+00  1.83199245e+00 
 3.41099871e-10  2.30509236e+00  1.83041347e+00 
 3.42099871e-10  2.31285159e+00  1.82862279e+00 
 3.43099871e-10  2.31910889e+00  1.82668818e+00 
 3.43768900e-10  2.32188290e+00  1.82504996e+00 
 3.44303531e-10  2.32277744e+00  1.82323529e+00 
 3.44861395e-10  2.32209360e+00  1.82076809e+00 
 3.45390059e-10  2.31989719e+00  1.81819005e+00 
 3.46205357e-10  2.31410998e+00  1.81511244e+00 
 3.47205357e-10  2.30445952e+00  1.81434298e+00 
 3.48205357e-10  2.29376724e+00  1.81666611e+00 
 3.49205357e-10  2.28410908e+00  1.82069769e+00 
 3.50205357e-10  2.27765226e+00  1.82486336e+00 
 3.51205357e-10  2.27564629e+00  1.82801278e+00 
 3.52205357e-10  2.27799752e+00  1.82972997e+00 
 3.53205357e-10  2.28371741e+00  1.83013102e+00 
 3.54205357e-10  2.29152381e+00  1.82953177e+00 
 3.55205357e-10  2.30022004e+00  1.82826665e+00 
 3.56205357e-10  2.30880099e+00  1.82661209e+00 
 3.57205357e-10  2.31647604e+00  1.82477540e+00 
 3.58205357e-10  2.32246951e+00  1.82275564e+00 
 3.58803975e-10  2.32471734e+00  1.82117693e+00 
 3.59350482e-10  2.32536692e+00  1.81918833e+00 
 3.59982638e-10  2.32409101e+00  1.81627218e+00 
 3.60567820e-10  2.32105936e+00  1.81352455e+00 
 3.61567820e-10  2.31285859e+00  1.81083122e+00 
 3.62567820e-10  2.30248535e+00  1.81152550e+00 
 3.63567820e-10  2.29187533e+00  1.81480317e+00 
 3.64567820e-10  2.28321512e+00  1.81911308e+00 
 3.65567820e-10  2.27841529e+00  1.82300124e+00 
 3.66567820e-10  2.27815486e+00  1.82561184e+00 
 3.67567820e-10  2.28189957e+00  1.82679247e+00 
 3.68567820e-10  2.28847944e+00  1.82677556e+00 
 3.69567820e-10  2.29661892e+00  1.82590079e+00 
 3.70567820e-10  2.30520201e+00  1.82448830e+00 
 3.71567820e-10  2.31331532e+00  1.82279011e+00 
 3.72567820e-10  2.32022213e+00  1.82096194e+00 
 3.73567820e-10  2.32490596e+00  1.81872764e+00 
 3.74122775e-10  2.32593589e+00  1.81695258e+00 
 3.74731641e-10  2.32522351e+00  1.81437260e+00 
 3.75283002e-10  2.32285144e+00  1.81177682e+00 
 3.76116405e-10  2.31673468e+00  1.80880860e+00 
 3.77116405e-10  2.30685983e+00  1.80823931e+00 
 3.78116405e-10  2.29604228e+00  1.81067402e+00 
 3.79116405e-10  2.28639544e+00  1.81472895e+00 
 3.80116405e-10  2.28007590e+00  1.81885231e+00 
 3.81116405e-10  2.27825828e+00  1.82193130e+00 
 3.82116405e-10  2.28077891e+00  1.82358625e+00 
 3.83116405e-10  2.28661271e+00  1.82394823e+00 
 3.84116405e-10  2.29447009e+00  1.82333371e+00 
 3.85116405e-10  2.30316065e+00  1.82207269e+00 
 3.86116405e-10  2.31168880e+00  1.82043658e+00 
 3.87116405e-10  2.31926657e+00  1.81862638e+00 
 3.88116405e-10  2.32510787e+00  1.81661781e+00 
 3.88696365e-10  2.32716977e+00  1.81507435e+00 
 3.89246662e-10  2.32769399e+00  1.81305080e+00 
 3.89861155e-10  2.32631885e+00  1.81021588e+00 
 3.90460102e-10  2.32309970e+00  1.80745612e+00 
 3.91460102e-10  2.31472435e+00  1.80494803e+00 
 3.92460102e-10  2.30424896e+00  1.80583863e+00 
 3.93460102e-10  2.29362957e+00  1.80925629e+00 
 3.94460102e-10  2.28507743e+00  1.81362976e+00 
 3.95460102e-10  2.28046997e+00  1.81751611e+00 
 3.96460102e-10  2.28041644e+00  1.82009481e+00 
 3.97460102e-10  2.28433075e+00  1.82124308e+00 
 3.98460102e-10  2.29102253e+00  1.82120532e+00 
 3.99460102e-10  2.29921719e+00  1.82032305e+00 
 4.00460102e-10  2.30780767e+00  1.81891449e+00 
 4.01460102e-10  2.31589035e+00  1.81722927e+00 
 4.02460102e-10  2.32273203e+00  1.81541693e+00 
 4.03344171e-10  2.32695989e+00  1.81348390e+00 
 4.03882150e-10  2.32816205e+00  1.81183534e+00 
 4.04449471e-10  2.32782145e+00  1.80950206e+00 
 4.04996366e-10  2.32582284e+00  1.80690701e+00 
 4.05726584e-10  2.32095864e+00  1.80395510e+00 
 4.06726584e-10  2.31157241e+00  1.80263713e+00 
 4.07726584e-10  2.30077759e+00  1.80456725e+00 
 4.08726584e-10  2.29062980e+00  1.80849334e+00 
 4.09726584e-10  2.28336791e+00  1.81281262e+00 
 4.10726584e-10  2.28047655e+00  1.81625790e+00 
 4.11726584e-10  2.28207045e+00  1.81828672e+00 
 4.12726584e-10  2.28726023e+00  1.81895197e+00 
 4.13726584e-10  2.29477150e+00  1.81855351e+00 
 4.14726584e-10  2.30337467e+00  1.81743066e+00 
 4.15726584e-10  2.31202365e+00  1.81587041e+00 
 4.16726584e-10  2.31989319e+00  1.81409642e+00 
 4.17726584e-10  2.32624642e+00  1.81217909e+00 
 4.18395756e-10  2.32907444e+00  1.81055401e+00 
 4.18930794e-10  2.33000234e+00  1.80875086e+00 
 4.19489118e-10  2.32933748e+00  1.80629971e+00 
 4.20017736e-10  2.32714266e+00  1.80374791e+00 
 4.20834046e-10  2.32131137e+00  1.80073736e+00 
 4.21834046e-10  2.31155635e+00  1.80010811e+00 
 4.22834046e-10  2.30071335e+00  1.80260481e+00 
 4.23834046e-10  2.29088033e+00  1.80681250e+00 
 4.24834046e-10  2.28424305e+00  1.81113595e+00 
 4.25834046e-10  2.28205948e+00  1.81441719e+00 
 4.26834046e-10  2.28423801e+00  1.81624304e+00 
 4.27834046e-10  2.28978960e+00  1.81673630e+00 
 4.28834046e-10  2.29743125e+00  1.81621973e+00 
 4.29834046e-10  2.30596551e+00  1.81503346e+00 
 4.30834046e-10  2.31438647e+00  1.81345816e+00 
 4.31834046e-10  2.32189777e+00  1.81170374e+00 
 4.32834046e-10  2.32773538e+00  1.80977506e+00 
 4.33432321e-10  2.32989004e+00  1.80825502e+00 
 4.33979646e-10  2.33045400e+00  1.80631675e+00 
 4.34610739e-10  2.32907776e+00  1.80346839e+00 
 4.35197005e-10  2.32594173e+00  1.80077789e+00 
 4.36197005e-10  2.31756475e+00  1.79820263e+00 
 4.37197005e-10  2.30702315e+00  1.79902101e+00 
 4.38197005e-10  2.29629158e+00  1.80241369e+00 
 4.39197005e-10  2.28762271e+00  1.80680951e+00 
 4.40197005e-10  2.28293794e+00  1.81073996e+00 
 4.41197005e-10  2.28286541e+00  1.81336391e+00 
 4.42197005e-10  2.28681726e+00  1.81455035e+00 
 4.43197005e-10  2.29359239e+00  1.81454029e+00 
 4.44197005e-10  2.30190548e+00  1.81367345e+00 
 4.45197005e-10  2.31064136e+00  1.81226763e+00 
 4.46197005e-10  2.31889018e+00  1.81057407e+00 
 4.47197005e-10  2.32591664e+00  1.80875005e+00 
 4.48197005e-10  2.33069810e+00  1.80652176e+00 
 4.48752509e-10  2.33176886e+00  1.80475036e+00 
 4.49362383e-10  2.33108052e+00  1.80217874e+00 
 4.49915527e-10  2.32870219e+00  1.79960004e+00 
 4.50753579e-10  2.32250906e+00  1.79670118e+00 
 4.51753579e-10  2.31253257e+00  1.79629502e+00 
 4.52753579e-10  2.30158585e+00  1.79891332e+00 
 4.53753579e-10  2.29180666e+00  1.80313775e+00 
 4.54753579e-10  2.28536545e+00  1.80739860e+00 
 4.55753579e-10  2.28343278e+00  1.81058215e+00 
 4.56753579e-10  2.28583666e+00  1.81231788e+00 
 4.57753579e-10  2.29154690e+00  1.81274652e+00 
 4.58753579e-10  2.29927283e+00  1.81219213e+00 
 4.59753579e-10  2.30782489e+00  1.81099017e+00 
 4.60753579e-10  2.31620872e+00  1.80941589e+00 
 4.61753579e-10  2.32363726e+00  1.80767243e+00 
 4.62753579e-10  2.32931961e+00  1.80573224e+00 
 4.63330547e-10  2.33127421e+00  1.80423435e+00 
 4.63882064e-10  2.33170257e+00  1.80224153e+00 
 4.64493208e-10  2.33022783e+00  1.79946657e+00 
 4.65095342e-10  2.32688589e+00  1.79674885e+00 
 4.66095342e-10  2.31833302e+00  1.79436217e+00 
 4.67095342e-10  2.30770107e+00  1.79538075e+00 
 4.68095342e-10  2.29698651e+00  1.79890781e+00 
 4.69095342e-10  2.28846509e+00  1.80335011e+00 
 4.70095342e-10  2.28401397e+00  1.80725419e+00 
 4.71095342e-10  2.28418342e+00  1.80982024e+00 
 4.72095342e-10  2.28833109e+00  1.81094945e+00 
 4.73095342e-10  2.29523636e+00  1.81089549e+00 
 4.74095342e-10  2.30361676e+00  1.81000003e+00 
 4.75095342e-10  2.31236777e+00  1.80857892e+00 
 4.76095342e-10  2.32059058e+00  1.80688084e+00 
 4.77095342e-10  2.32755363e+00  1.80505599e+00 
 4.77972441e-10  2.33184253e+00  1.80312838e+00 
 4.78510122e-10  2.33309587e+00  1.80147764e+00 
 4.79076712e-10  2.33279893e+00  1.79914945e+00 
 4.79623316e-10  2.33082842e+00  1.79656762e+00 
 4.80354037e-10  2.32596642e+00  1.79365422e+00 
 4.81354037e-10  2.31653088e+00  1.79244393e+00 
 4.82354037e-10  2.30563658e+00  1.79452061e+00 
 4.83354037e-10  2.29536002e+00  1.79860010e+00 
 4.84354037e-10  2.28795944e+00  1.80305587e+00 
 4.85354037e-10  2.28492979e+00  1.80661052e+00 
 4.86354037e-10  2.28638902e+00  1.80872296e+00 
 4.87354037e-10  2.29144792e+00  1.80945276e+00 
 4.88354037e-10  2.29883151e+00  1.80910719e+00 
 4.89354037e-10  2.30730958e+00  1.80803192e+00 
 4.90354037e-10  2.31583542e+00  1.80651884e+00 
 4.91354037e-10  2.32358321e+00  1.80479514e+00 
 4.92354037e-10  2.32981544e+00  1.80293334e+00 
 4.93022989e-10  2.33256159e+00  1.80134881e+00 
 4.93558600e-10  2.33342430e+00  1.79957673e+00 
 4.94117515e-10  2.33268648e+00  1.79715866e+00 
 4.94645847e-10  2.33042199e+00  1.79464490e+00 
 4.95463629e-10  2.32446404e+00  1.79169664e+00 
 4.96463629e-10  2.31456458e+00  1.79116317e+00 
 4.97463629e-10  2.30360307e+00  1.79375263e+00 
 4.98463629e-10  2.29373438e+00  1.79803137e+00 
 4.99463629e-10  2.28718522e+00  1.80238416e+00 
 5.00463629e-10  2.28518091e+00  1.80565576e+00 
 5.01463629e-10  2.28757558e+00  1.80745621e+00 
 5.02463629e-10  2.29334109e+00  1.80792244e+00 
 5.03463629e-10  2.30117836e+00  1.80738042e+00 
 5.04463629e-10  2.30988812e+00  1.80616876e+00 
 5.05463629e-10  2.31846767e+00  1.80456684e+00 
 5.06463629e-10  2.32612352e+00  1.80278532e+00 
 5.07463629e-10  2.33208977e+00  1.80083116e+00 
 5.08061064e-10  2.33430823e+00  1.79929991e+00 
 5.08608937e-10  2.33492339e+00  1.79735076e+00 
 5.09238949e-10  2.33359142e+00  1.79450713e+00 
 5.09826307e-10  2.33046810e+00  1.79182858e+00 
 5.10826307e-10  2.32207022e+00  1.78933293e+00 
 5.11826307e-10  2.31145482e+00  1.79027929e+00 
 5.12826307e-10  2.30061641e+00  1.79381568e+00 
 5.13826307e-10  2.29182858e+00  1.79834267e+00 
 5.14826307e-10  2.28702467e+00  1.80237726e+00 
 5.15826307e-10  2.28683542e+00  1.80507745e+00 
 5.16826307e-10  2.29067216e+00  1.80631866e+00 
 5.17826307e-10  2.29733283e+00  1.80634973e+00 
 5.18826307e-10  2.30553167e+00  1.80551728e+00 
 5.19826307e-10  2.31415335e+00  1.80414451e+00 
 5.20826307e-10  2.32228786e+00  1.80248657e+00 
 5.21826307e-10  2.32919957e+00  1.80070318e+00 
 5.22826307e-10  2.33386290e+00  1.79851997e+00 
 5.23382640e-10  2.33486552e+00  1.79677197e+00 
 5.23993693e-10  2.33409351e+00  1.79422657e+00 
 5.24548983e-10  2.33162472e+00  1.79167340e+00 
 5.25391850e-10  2.32526202e+00  1.78883800e+00 
 5.26391850e-10  2.31513339e+00  1.78854651e+00 
 5.27391850e-10  2.30408037e+00  1.79126465e+00 
 5.28391850e-10  2.29430148e+00  1.79555123e+00 
 5.29391850e-10  2.28799824e+00  1.79981954e+00 
 5.30391850e-10  2.28629316e+00  1.80296710e+00 
 5.31391850e-10  2.28895094e+00  1.80465243e+00 
 5.32391850e-10  2.29490001e+00  1.80503209e+00 
 5.33391850e-10  2.30283511e+00  1.80443346e+00 
 5.34391850e-10  2.31156706e+00  1.80318992e+00 
 5.35391850e-10  2.32010686e+00  1.80157505e+00 
 5.36391850e-10  2.32767163e+00  1.79979214e+00 
 5.37391850e-10  2.33346453e+00  1.79781136e+00 
 5.37965629e-10  2.33545760e+00  1.79629729e+00 
 5.38518391e-10  2.33592051e+00  1.79427912e+00 
 5.39126087e-10  2.33447717e+00  1.79151094e+00 
 5.39731822e-10  2.33111965e+00  1.78879536e+00 
 5.40731822e-10  2.32252774e+00  1.78650610e+00 
 5.41731822e-10  2.31181869e+00  1.78766699e+00 
 5.42731822e-10  2.30101107e+00  1.79133945e+00 
 5.43731822e-10  2.29240190e+00  1.79590156e+00 
 5.44731822e-10  2.28787181e+00  1.79988951e+00 
 5.45731822e-10  2.28796315e+00  1.80250896e+00 
 5.46731822e-10  2.29202631e+00  1.80367162e+00 
 5.47731822e-10  2.29883791e+00  1.80364039e+00 
 5.48731822e-10  2.30711593e+00  1.80276390e+00 
 5.49731822e-10  2.31575729e+00  1.80136298e+00 
 5.50731822e-10  2.32386467e+00  1.79968965e+00 
 5.51731822e-10  2.33070655e+00  1.79789518e+00 
 5.52601294e-10  2.33485427e+00  1.79601350e+00 
 5.53138834e-10  2.33604557e+00  1.79438300e+00 
 5.53704762e-10  2.33568256e+00  1.79208009e+00 
 5.54250767e-10  2.33365024e+00  1.78952703e+00 
 5.54982608e-10  2.32869064e+00  1.78665329e+00 
 5.55982608e-10  2.31912705e+00  1.78551706e+00 
 5.56982608e-10  2.30812224e+00  1.78766802e+00 
 5.57982608e-10  2.29780297e+00  1.79180352e+00 
 5.58982608e-10  2.29047855e+00  1.79627659e+00 
 5.59982608e-10  2.28762140e+00  1.79980722e+00 
 5.60982608e-10  2.28929683e+00  1.80187634e+00 
 5.61982608e-10  2.29457423e+00  1.80255950e+00 
 5.62982608e-10  2.30215999e+00  1.80216854e+00 
 5.63982608e-10  2.31082082e+00  1.80104816e+00 
 5.64982608e-10  2.31951291e+00  1.79948890e+00 
 5.65982608e-10  2.32741387e+00  1.79771840e+00 
 5.66982608e-10  2.33378594e+00  1.79581163e+00 
 5.67650820e-10  2.33661296e+00  1.79420149e+00 
 5.68187020e-10  2.33753468e+00  1.79240872e+00 
 5.68746623e-10  2.33684218e+00  1.78997483e+00 
 5.69274730e-10  2.33460670e+00  1.78746172e+00 
 5.70094813e-10  2.32863872e+00  1.78454166e+00 
 5.71094813e-10  2.31869356e+00  1.78410898e+00 
 5.72094813e-10  2.30764872e+00  1.78682680e+00 
 5.73094813e-10  2.29768101e+00  1.79122810e+00 
 5.74094813e-10  2.29103399e+00  1.79567803e+00 
 5.75094813e-10  2.28893487e+00  1.79901669e+00 
 5.76094813e-10  2.29123476e+00  1.80085989e+00 
 5.77094813e-10  2.29690303e+00  1.80135282e+00 
 5.78094813e-10  2.30463992e+00  1.80082883e+00 
 5.79094813e-10  2.31324651e+00  1.79963272e+00 
 5.80094813e-10  2.32172049e+00  1.79804817e+00 
 5.81094813e-10  2.32926865e+00  1.79628879e+00 
 5.82094813e-10  2.33512323e+00  1.79436169e+00 
 5.82690833e-10  2.33726770e+00  1.79285162e+00 
 5.83239427e-10  2.33781770e+00  1.79091706e+00 
 5.83867695e-10  2.33641281e+00  1.78810534e+00 
 5.84456467e-10  2.33320809e+00  1.78545055e+00 
 5.85456467e-10  2.32467836e+00  1.78302331e+00 
 5.86456467e-10  2.31394104e+00  1.78404351e+00 
 5.87456467e-10  2.30302869e+00  1.78764005e+00 
 5.88456467e-10  2.29427618e+00  1.79219302e+00 
 5.89456467e-10  2.28962008e+00  1.79620781e+00 
 5.90456467e-10  2.28964102e+00  1.79885984e+00 
 5.91456467e-10  2.29370123e+00  1.80004572e+00 
 5.92456467e-10  2.30057176e+00  1.80002274e+00 
 5.93456467e-10  2.30895947e+00  1.79913800e+00 
 5.94456467e-10  2.31775092e+00  1.79771289e+00 
 5.95456467e-10  2.32604019e+00  1.79600208e+00 
 5.96456467e-10  2.33309344e+00  1.79416682e+00 
 5.97456467e-10  2.33787844e+00  1.79193472e+00 
 5.98013488e-10  2.33893624e+00  1.79016025e+00 
 5.98625897e-10  2.33820369e+00  1.78759111e+00 
 5.99183569e-10  2.33574067e+00  1.78502782e+00 
 6.00032562e-10  2.32931313e+00  1.78222897e+00 
 6.01032562e-10  2.31911858e+00  1.78206796e+00 
 6.02032562e-10  2.30798345e+00  1.78492981e+00 
 6.03032562e-10  2.29813106e+00  1.78933711e+00 
 6.04032562e-10  2.29177197e+00  1.79368692e+00 
 6.05032562e-10  2.29001696e+00  1.79687998e+00 
 6.06032562e-10  2.29261732e+00  1.79858729e+00 
 6.07032562e-10  2.29849463e+00  1.79897645e+00 
 6.08032562e-10  2.30634299e+00  1.79838273e+00 
 6.09032562e-10  2.31497526e+00  1.79714493e+00 
 6.10032562e-10  2.32340489e+00  1.79554030e+00 
 6.11032562e-10  2.33085085e+00  1.79377397e+00 
 6.12032562e-10  2.33651161e+00  1.79181379e+00 
 6.12602149e-10  2.33840502e+00  1.79031696e+00 
 6.13156087e-10  2.33877970e+00  1.78829897e+00 
 6.13759533e-10  2.33725053e+00  1.78556283e+00 
 6.14369275e-10  2.33377512e+00  1.78285984e+00 
 6.15369275e-10  2.32502684e+00  1.78065441e+00 
 6.16369275e-10  2.31418812e+00  1.78190388e+00 
 6.17369275e-10  2.30331784e+00  1.78563999e+00 
 6.18369275e-10  2.29477215e+00  1.79021884e+00 
 6.19369275e-10  2.29042142e+00  1.79417026e+00 
 6.20369275e-10  2.29074804e+00  1.79672441e+00 
 6.21369275e-10  2.29504965e+00  1.79781691e+00 
 6.22369275e-10  2.30207672e+00  1.79771966e+00 
 6.23369275e-10  2.31054186e+00  1.79678159e+00 
 6.24369275e-10  2.31934574e+00  1.79532138e+00 
 6.25369275e-10  2.32759658e+00  1.79359023e+00 
 6.26369275e-10  2.33456472e+00  1.79173958e+00 
 6.27230230e-10  2.33877162e+00  1.78982951e+00 
 6.27767447e-10  2.34002054e+00  1.78817421e+00 
 6.28332532e-10  2.33970939e+00  1.78585384e+00 
 6.28878107e-10  2.33771572e+00  1.78329373e+00 
 6.29610842e-10  2.33277186e+00  1.78043123e+00 
 6.30610842e-10  2.32318560e+00  1.77936879e+00 
 6.31610842e-10  2.31211297e+00  1.78163096e+00 
 6.32610842e-10  2.30170086e+00  1.78588205e+00 
 6.33610842e-10  2.29427629e+00  1.79045150e+00 
 6.34610842e-10  2.29131904e+00  1.79405016e+00 
 6.35610842e-10  2.29289547e+00  1.79616165e+00 
 6.36610842e-10  2.29807424e+00  1.79686881e+00 
 6.37610842e-10  2.30556126e+00  1.79649108e+00 
 6.38610842e-10  2.31412312e+00  1.79537952e+00 
 6.39610842e-10  2.32271597e+00  1.79382947e+00 
 6.40610842e-10  2.33051734e+00  1.79207201e+00 
 6.41610842e-10  2.33678900e+00  1.79018405e+00 
 6.42278468e-10  2.33954587e+00  1.78859107e+00 
 6.42815265e-10  2.34041253e+00  1.78681047e+00 
 6.43375505e-10  2.33965703e+00  1.78439079e+00 
 6.43903276e-10  2.33736179e+00  1.78189939e+00 
 6.44725275e-10  2.33127784e+00  1.77901694e+00 
 6.45725275e-10  2.32120683e+00  1.77865111e+00 
 6.46725275e-10  2.31006405e+00  1.78142901e+00 
 6.47725275e-10  2.30008214e+00  1.78586455e+00 
 6.48725275e-10  2.29353798e+00  1.79030470e+00 
 6.49725275e-10  2.29162321e+00  1.79359577e+00 
 6.50725275e-10  2.29413725e+00  1.79537723e+00 
 6.51725275e-10  2.30001420e+00  1.79580771e+00 
 6.52725275e-10  2.30794090e+00  1.79522361e+00 
 6.53725275e-10  2.31671789e+00  1.79396831e+00 
 6.54725275e-10  2.32534669e+00  1.79232437e+00 
 6.55725275e-10  2.33303735e+00  1.79050608e+00 
 6.56725275e-10  2.33902029e+00  1.78852222e+00 
 6.57320169e-10  2.34122821e+00  1.78698327e+00 
 6.57869394e-10  2.34183143e+00  1.78502086e+00 
 6.58496286e-10  2.34047542e+00  1.78219709e+00 
 6.59086389e-10  2.33728811e+00  1.77953753e+00 
 6.60086389e-10  2.32875186e+00  1.77716447e+00 
 6.61086389e-10  2.31796029e+00  1.77828637e+00 
 6.62086389e-10  2.30696499e+00  1.78199862e+00 
 6.63086389e-10  2.29812062e+00  1.78665316e+00 
 6.64086389e-10  2.29337305e+00  1.79074163e+00 
 6.65086389e-10  2.29330326e+00  1.79343975e+00 
 6.66086389e-10  2.29727164e+00  1.79465113e+00 
 6.67086389e-10  2.30404819e+00  1.79464097e+00 
 6.68086389e-10  2.31233973e+00  1.79376313e+00 
 6.69086389e-10  2.32103310e+00  1.79234426e+00 
 6.70086389e-10  2.32922266e+00  1.79064279e+00 
 6.71086389e-10  2.33617455e+00  1.78882223e+00 
 6.72086389e-10  2.34085316e+00  1.78660931e+00 
 6.72644219e-10  2.34184836e+00  1.78484419e+00 
 6.73257952e-10  2.34103728e+00  1.78228608e+00 
 6.73817996e-10  2.33848659e+00  1.77973576e+00 
 6.74672927e-10  2.33188442e+00  1.77698429e+00 
 6.75672927e-10  2.32154716e+00  1.77692120e+00 
 6.76672927e-10  2.31032084e+00  1.77986038e+00 
 6.77672927e-10  2.30048894e+00  1.78430102e+00 
 6.78672927e-10  2.29428372e+00  1.78862645e+00 
 6.79672927e-10  2.29276220e+00  1.79175368e+00 
 6.80672927e-10  2.29561364e+00  1.79338346e+00 
 6.81672927e-10  2.30172194e+00  1.79369816e+00 
 6.82672927e-10  2.30976958e+00  1.79303580e+00 
 6.83672927e-10  2.31857146e+00  1.79173320e+00 
 6.84672927e-10  2.32714719e+00  1.79006595e+00 
 6.85672927e-10  2.33472041e+00  1.78823909e+00 
 6.86672927e-10  2.34048265e+00  1.78621685e+00 
 6.87238916e-10  2.34240757e+00  1.78469257e+00 
 6.87794371e-10  2.34281209e+00  1.78263579e+00 
 6.88393862e-10  2.34131226e+00  1.77989699e+00 
 6.89008112e-10  2.33781427e+00  1.77718381e+00 
 6.90008112e-10  2.32902943e+00  1.77506517e+00 
 6.91008112e-10  2.31812638e+00  1.77644507e+00 
 6.92008112e-10  2.30718564e+00  1.78030962e+00 
 6.93008112e-10  2.29858326e+00  1.78498615e+00 
 6.94008112e-10  2.29418733e+00  1.78899649e+00 
 6.95008112e-10  2.29446718e+00  1.79157942e+00 
 6.96008112e-10  2.29871067e+00  1.79268252e+00 
 6.97008112e-10  2.30566522e+00  1.79258704e+00 
 6.98008112e-10  2.31404456e+00  1.79164849e+00 
 6.99008112e-10  2.32275171e+00  1.79019014e+00 
 7.00008112e-10  2.33089712e+00  1.78846620e+00 
 7.01008112e-10  2.33775146e+00  1.78662857e+00 
 7.01859812e-10  2.34181705e+00  1.78475216e+00 
 7.02396743e-10  2.34300768e+00  1.78310780e+00 
 7.02960961e-10  2.34263526e+00  1.78080389e+00 
 7.03505898e-10  2.34058439e+00  1.77826367e+00 
 7.04239822e-10  2.33554813e+00  1.77542945e+00 
 7.05239822e-10  2.32584310e+00  1.77442573e+00 
 7.06239822e-10  2.31467039e+00  1.77674502e+00 
 7.07239822e-10  2.30422603e+00  1.78103269e+00 
 7.08239822e-10  2.29688179e+00  1.78559883e+00 
 7.09239822e-10  2.29409183e+00  1.78915444e+00 
 7.10239822e-10  2.29587266e+00  1.79120546e+00 
 7.11239822e-10  2.30125553e+00  1.79184973e+00 
 7.12239822e-10  2.30893056e+00  1.79141084e+00 
 7.13239822e-10  2.31765640e+00  1.79023747e+00 
 7.14239822e-10  2.32640784e+00  1.78863176e+00 
 7.15239822e-10  2.33436109e+00  1.78682444e+00 
 7.16239822e-10  2.34077388e+00  1.78489183e+00 
 7.16906683e-10  2.34361303e+00  1.78327422e+00 
 7.17444359e-10  2.34454072e+00  1.78147233e+00 
 7.18005629e-10  2.34383134e+00  1.77903549e+00 
 7.18533084e-10  2.34156738e+00  1.77654545e+00 
 7.19358383e-10  2.33547073e+00  1.77369001e+00 
 7.20358383e-10  2.32536524e+00  1.77342577e+00 
 7.21358383e-10  2.31415935e+00  1.77632660e+00 
 7.22358383e-10  2.30410972e+00  1.78087286e+00 
 7.23358383e-10  2.29750756e+00  1.78539319e+00 
 7.24358383e-10  2.29553932e+00  1.78873246e+00 
 7.25358383e-10  2.29799595e+00  1.79053878e+00 
 7.26358383e-10  2.30380680e+00  1.79097985e+00 
 7.27358383e-10  2.31165803e+00  1.79039931e+00 
 7.28358383e-10  2.32034535e+00  1.78914478e+00 
 7.29358383e-10  2.32888704e+00  1.78751006e+00 
 7.30358383e-10  2.33648911e+00  1.78571166e+00 
 7.31358383e-10  2.34237577e+00  1.78375509e+00 
 7.31951371e-10  2.34451502e+00  1.78223862e+00 
 7.32501604e-10  2.34505746e+00  1.78028962e+00 
 7.33126139e-10  2.34363439e+00  1.77750077e+00 
 7.33718312e-10  2.34036494e+00  1.77486415e+00 
 7.34718312e-10  2.33170263e+00  1.77256345e+00 
 7.35718312e-10  2.32079897e+00  1.77375803e+00 
 7.36718312e-10  2.30974581e+00  1.77752183e+00 
 7.37718312e-10  2.30095726e+00  1.78218690e+00 
 7.38718312e-10  2.29637359e+00  1.78623710e+00 
 7.39718312e-10  2.29652242e+00  1.78886977e+00 
 7.40718312e-10  2.30071585e+00  1.79001028e+00 
 7.41718312e-10  2.30769941e+00  1.78993189e+00 
 7.42718312e-10  2.31617449e+00  1.78898866e+00 
 7.43718312e-10  2.32503102e+00  1.78750531e+00 
 7.44718312e-10  2.33336255e+00  1.78573962e+00 
 7.45718312e-10  2.34045184e+00  1.78386028e+00 
 7.46718312e-10  2.34525075e+00  1.78159478e+00 
 7.47277252e-10  2.34630013e+00  1.77980019e+00 
 7.47893017e-10  2.34552351e+00  1.77721465e+00 
 7.48456609e-10  2.34296776e+00  1.77465143e+00 
 7.49320938e-10  2.33626462e+00  1.77194355e+00 
 7.50320938e-10  2.32586057e+00  1.77203212e+00 
 7.51320938e-10  2.31457192e+00  1.77512311e+00 
 7.52320938e-10  2.30471058e+00  1.77967761e+00 
 7.53320938e-10  2.29850991e+00  1.78406605e+00 
 7.54320938e-10  2.29700047e+00  1.78721626e+00 
 7.55320938e-10  2.29984771e+00  1.78884724e+00 
 7.56320938e-10  2.30592488e+00  1.78915417e+00 
 7.57320938e-10  2.31391424e+00  1.78848278e+00 
 7.58320938e-10  2.32263467e+00  1.78717457e+00 
 7.59320938e-10  2.33111035e+00  1.78550812e+00 
 7.60320938e-10  2.33856823e+00  1.78368943e+00 
 7.61320938e-10  2.34418797e+00  1.78167039e+00 
 7.61881728e-10  2.34600601e+00  1.78016025e+00 
 7.62439772e-10  2.34631425e+00  1.77809543e+00 
 7.63033248e-10  2.34472598e+00  1.77539904e+00 
 7.63654808e-10  2.34107900e+00  1.77269814e+00 
 7.64654808e-10  2.33212600e+00  1.77069907e+00 
 7.65654808e-10  2.32110015e+00  1.77219472e+00 
 7.66654808e-10  2.31012836e+00  1.77613068e+00 
 7.67654808e-10  2.30164358e+00  1.78081217e+00 
 7.68654808e-10  2.29748424e+00  1.78476332e+00 
 7.69654808e-10  2.29804564e+00  1.78725791e+00 
 7.70654808e-10  2.30255787e+00  1.78827114e+00 
 7.71654808e-10  2.30974334e+00  1.78809368e+00 
 7.72654808e-10  2.31831347e+00  1.78708081e+00 
 7.73654808e-10  2.32717790e+00  1.78555313e+00 
 7.74654808e-10  2.33545503e+00  1.78376344e+00 
 7.75654808e-10  2.34241800e+00  1.78186210e+00 
 7.76491238e-10  2.34649452e+00  1.77996490e+00 
 7.77027344e-10  2.34773674e+00  1.77829109e+00 
 7.77589897e-10  2.34741310e+00  1.77596688e+00 
 7.78134011e-10  2.34540225e+00  1.77341666e+00 
 7.78869541e-10  2.34037997e+00  1.77058768e+00 
 7.79869541e-10  2.33066151e+00  1.76965667e+00 
 7.80869541e-10  2.31943654e+00  1.77208526e+00 
 7.81869541e-10  2.30892109e+00  1.77648408e+00 
 7.82869541e-10  2.30150308e+00  1.78113943e+00 
 7.83869541e-10  2.29864030e+00  1.78475445e+00 
 7.84869541e-10  2.30034732e+00  1.78683938e+00 
 7.85869541e-10  2.30565335e+00  1.78750001e+00 
 7.86869541e-10  2.31324800e+00  1.78706753e+00 
 7.87869541e-10  2.32189641e+00  1.78589821e+00 
 7.88869541e-10  2.33055864e+00  1.78429073e+00 
 7.89869541e-10  2.33841645e+00  1.78247988e+00 
 7.90869541e-10  2.34473110e+00  1.78054612e+00 
 7.91534990e-10  2.34749853e+00  1.77893322e+00 
 7.92073092e-10  2.34837303e+00  1.77713258e+00 
 7.92634851e-10  2.34760394e+00  1.77469943e+00 
 7.93161926e-10  2.34528456e+00  1.77222185e+00 
 7.93989401e-10  2.33907645e+00  1.76939149e+00 
 7.94989401e-10  2.32885474e+00  1.76918228e+00 
 7.95989401e-10  2.31756029e+00  1.77213256e+00 
 7.96989401e-10  2.30750202e+00  1.77670321e+00 
 7.97989401e-10  2.30099730e+00  1.78120578e+00 
 7.98989401e-10  2.29919805e+00  1.78449270e+00 
 7.99989401e-10  2.30184900e+00  1.78623410e+00 
 8.00989401e-10  2.30784904e+00  1.78660975e+00 
 8.01989401e-10  2.31587340e+00  1.78596598e+00 
 8.02989401e-10  2.32472388e+00  1.78465047e+00 
 8.03989401e-10  2.33340725e+00  1.78294877e+00 
 8.04989401e-10  2.34113795e+00  1.78107852e+00 
 8.05989401e-10  2.34714224e+00  1.77904907e+00 
 8.06580997e-10  2.34933966e+00  1.77749424e+00 
 8.07131707e-10  2.34993408e+00  1.77550836e+00 
 8.07754797e-10  2.34856167e+00  1.77269763e+00 
 8.08348228e-10  2.34531499e+00  1.77004753e+00 
 8.09348228e-10  2.33665951e+00  1.76778741e+00 
 8.10348228e-10  2.32571851e+00  1.76907277e+00 
 8.11348228e-10  2.31459971e+00  1.77294441e+00 
 8.12348228e-10  2.30573405e+00  1.77770617e+00 
 8.13348228e-10  2.30107064e+00  1.78182768e+00 
 8.14348228e-10  2.30113892e+00  1.78450546e+00 
 8.15348228e-10  2.30525066e+00  1.78567093e+00 
 8.16348228e-10  2.31215104e+00  1.78560485e+00 
 8.17348228e-10  2.32054159e+00  1.78466790e+00 
 8.18348228e-10  2.32931243e+00  1.78319000e+00 
 8.19348228e-10  2.33756307e+00  1.78143270e+00 
 8.20348228e-10  2.34456192e+00  1.77956286e+00 
 8.21348228e-10  2.34926240e+00  1.77730673e+00 
 8.21907628e-10  2.35025370e+00  1.77551606e+00 
 8.22524551e-10  2.34940620e+00  1.77293507e+00 
 8.23090170e-10  2.34677230e+00  1.77038004e+00 
 8.23960000e-10  2.33991037e+00  1.76771160e+00 
 8.24960000e-10  2.32938154e+00  1.76788376e+00 
 8.25960000e-10  2.31801715e+00  1.77103885e+00 
 8.26960000e-10  2.30818546e+00  1.77561566e+00 
 8.27960000e-10  2.30213315e+00  1.77997259e+00 
 8.28960000e-10  2.30083982e+00  1.78305489e+00 
 8.29960000e-10  2.30391632e+00  1.78460832e+00 
 8.30960000e-10  2.31020428e+00  1.78484071e+00 
 8.31960000e-10  2.31837707e+00  1.78409994e+00 
 8.32960000e-10  2.32725605e+00  1.78272572e+00 
 8.33960000e-10  2.33587124e+00  1.78099526e+00 
 8.34960000e-10  2.34345382e+00  1.77911456e+00 
 8.35960000e-10  2.34917837e+00  1.77703533e+00 
 8.36517416e-10  2.35102944e+00  1.77549594e+00 
 8.37076638e-10  2.35136973e+00  1.77338991e+00 
 8.37666611e-10  2.34981426e+00  1.77068445e+00 
 8.38292360e-10  2.34615264e+00  1.76796918e+00 
 8.39292360e-10  2.33717778e+00  1.76604513e+00 
 8.40292360e-10  2.32610442e+00  1.76765887e+00 
 8.41292360e-10  2.31507869e+00  1.77171274e+00 
 8.42292360e-10  2.30655040e+00  1.77648426e+00 
 8.43292360e-10  2.30235505e+00  1.78048972e+00 
 8.44292360e-10  2.30287695e+00  1.78301053e+00 
 8.45292360e-10  2.30733846e+00  1.78403259e+00 
 8.46292360e-10  2.31446002e+00  1.78385525e+00 
 8.47292360e-10  2.32295435e+00  1.78284013e+00 
 8.48292360e-10  2.33173329e+00  1.78131227e+00 
 8.49292360e-10  2.33991725e+00  1.77952743e+00 
 8.50292360e-10  2.34677952e+00  1.77763645e+00 
 8.51120974e-10  2.35073470e+00  1.77576736e+00 
 8.51657037e-10  2.35192483e+00  1.77410184e+00 
 8.52219065e-10  2.35154529e+00  1.77179077e+00 
 8.52762588e-10  2.34948177e+00  1.76925832e+00 
 8.53499692e-10  2.34437007e+00  1.76645491e+00 
 8.54499692e-10  2.33454226e+00  1.76558099e+00 
 8.55499692e-10  2.32322877e+00  1.76806254e+00 
 8.56499692e-10  2.31269374e+00  1.77249077e+00 
 8.57499692e-10  2.30536355e+00  1.77713392e+00 
 8.58499692e-10  2.30266720e+00  1.78069821e+00 
 8.59499692e-10  2.30457134e+00  1.78271660e+00 
 8.60499692e-10  2.31007094e+00  1.78330902e+00 
 8.61499692e-10  2.31784214e+00  1.78281041e+00 
 8.62499692e-10  2.32664929e+00  1.78157605e+00 
 8.63499692e-10  2.33545633e+00  1.77990343e+00 
 8.64499692e-10  2.34344901e+00  1.77802768e+00 
 8.65499692e-10  2.34988866e+00  1.77603091e+00 
 8.66163690e-10  2.35272631e+00  1.77438185e+00 
 8.66702524e-10  2.35365658e+00  1.77254947e+00 
 8.67265182e-10  2.35293065e+00  1.77008871e+00 
 8.67792274e-10  2.35063984e+00  1.76760137e+00 
 8.68623393e-10  2.34441700e+00  1.76478504e+00 
 8.69623393e-10  2.33416606e+00  1.76466564e+00 
 8.70623393e-10  2.32281672e+00  1.76772876e+00 
 8.71623393e-10  2.31269895e+00  1.77240162e+00 
 8.72623393e-10  2.30614165e+00  1.77697762e+00 
 8.73623393e-10  2.30429145e+00  1.78030774e+00 
 8.74623393e-10  2.30688574e+00  1.78207003e+00 
 8.75623393e-10  2.31281970e+00  1.78245279e+00 
 8.76623393e-10  2.32076846e+00  1.78180937e+00 
 8.77623393e-10  2.32953516e+00  1.78049275e+00 
 8.78623393e-10  2.33812811e+00  1.77879236e+00 
 8.79623393e-10  2.34576294e+00  1.77692832e+00 
 8.80623393e-10  2.35166544e+00  1.77491099e+00 
 8.81212342e-10  2.35378657e+00  1.77336728e+00 
 8.81763467e-10  2.35431568e+00  1.77138309e+00 
 8.82384135e-10  2.35287497e+00  1.76859150e+00 
 8.82979204e-10  2.34954852e+00  1.76595124e+00 
 8.83979204e-10  2.34077010e+00  1.76373897e+00 
 8.84979204e-10  2.32971853e+00  1.76507604e+00 
 8.85979204e-10  2.31853733e+00  1.76898287e+00 
 8.86979204e-10  2.30970935e+00  1.77374400e+00 
 8.87979204e-10  2.30517654e+00  1.77782194e+00 
 8.88979204e-10  2.30542253e+00  1.78043268e+00 
 8.89979204e-10  2.30971848e+00  1.78152624e+00 
 8.90979204e-10  2.31678951e+00  1.78139034e+00 
 8.91979204e-10  2.32533294e+00  1.78038587e+00 
 8.92979204e-10  2.33424171e+00  1.77884120e+00 
 8.93979204e-10  2.34261968e+00  1.77701747e+00 
 8.94979204e-10  2.34973733e+00  1.77508267e+00 
 8.95979204e-10  2.35454143e+00  1.77276391e+00 
 8.96539416e-10  2.35558050e+00  1.77093808e+00 
 8.97158016e-10  2.35476568e+00  1.76832312e+00 
 8.97726519e-10  2.35213128e+00  1.76574951e+00 
 8.98604267e-10  2.34518601e+00  1.76311243e+00 
 8.99604267e-10  2.33460030e+00  1.76341091e+00 
 9.00604267e-10  2.32317826e+00  1.76669728e+00 
 9.01604267e-10  2.31331223e+00  1.77137515e+00 
 9.02604267e-10  2.30724872e+00  1.77579001e+00 
 9.03604267e-10  2.30594669e+00  1.77889543e+00 
 9.04604267e-10  2.30899932e+00  1.78045182e+00 
 9.05604267e-10  2.31524093e+00  1.78067786e+00 
 9.06604267e-10  2.32334539e+00  1.77992852e+00 
 9.07604267e-10  2.33213748e+00  1.77854811e+00 
 9.08604267e-10  2.34065090e+00  1.77681690e+00 
 9.09604267e-10  2.34811939e+00  1.77494202e+00 
 9.10604267e-10  2.35370851e+00  1.77286733e+00 
 9.11157399e-10  2.35546045e+00  1.77133832e+00 
 9.11718637e-10  2.35570744e+00  1.76922345e+00 
 9.12303788e-10  2.35406692e+00  1.76654958e+00 
 9.12935828e-10  2.35026355e+00  1.76384271e+00 
 9.13935828e-10  2.34112681e+00  1.76201588e+00 
 9.14935828e-10  2.32993208e+00  1.76372173e+00 
 9.15935828e-10  2.31886962e+00  1.76782742e+00 
 9.16935828e-10  2.31043837e+00  1.77259051e+00 
 9.17935828e-10  2.30644235e+00  1.77653113e+00 
 9.18935828e-10  2.30720042e+00  1.77896302e+00 
 9.19935828e-10  2.31188582e+00  1.77989568e+00 
 9.20935828e-10  2.31919885e+00  1.77963606e+00 
 9.21935828e-10  2.32785116e+00  1.77854532e+00 
 9.22935828e-10  2.33676076e+00  1.77694613e+00 
 9.23935828e-10  2.34505518e+00  1.77509312e+00 
 9.24935828e-10  2.35200970e+00  1.77313586e+00 
 9.25752292e-10  2.35597649e+00  1.77123921e+00 
 9.26288031e-10  2.35721036e+00  1.76954090e+00 
 9.26849080e-10  2.35686947e+00  1.76720438e+00 
 9.27391789e-10  2.35483737e+00  1.76465940e+00 
 9.28131316e-10  2.34972441e+00  1.76185624e+00 
 9.29131316e-10  2.33987503e+00  1.76105284e+00 
 9.30131316e-10  2.32850794e+00  1.76363876e+00 
 9.31131316e-10  2.31790649e+00  1.76817060e+00 
 9.32131316e-10  2.31051068e+00  1.77289391e+00 
 9.33131316e-10  2.30774920e+00  1.77650882e+00 
 9.34131316e-10  2.30958426e+00  1.77855382e+00 
 9.35131316e-10  2.31500797e+00  1.77915691e+00 
 9.36131316e-10  2.32269620e+00  1.77866032e+00 
 9.37131316e-10  2.33141429e+00  1.77742502e+00 
 9.38131316e-10  2.34012734e+00  1.77575275e+00 
 9.39131316e-10  2.34802208e+00  1.77388154e+00 
 9.40131316e-10  2.35435914e+00  1.77189410e+00 
 9.40793230e-10  2.35711789e+00  1.77025801e+00 
 9.41332813e-10  2.35799010e+00  1.76843022e+00 
 9.41896403e-10  2.35719590e+00  1.76597539e+00 
 9.42425364e-10  2.35482877e+00  1.76349551e+00 
 9.43261613e-10  2.34844869e+00  1.76071376e+00 
 9.44261613e-10  2.33806137e+00  1.76067427e+00 
 9.45261613e-10  2.32662013e+00  1.76379800e+00 
 9.46261613e-10  2.31650981e+00  1.76849015e+00 
 9.47261613e-10  2.31007584e+00  1.77303181e+00 
 9.48261613e-10  2.30841632e+00  1.77629049e+00 
 9.49261613e-10  2.31121506e+00  1.77797129e+00 
 9.50261613e-10  2.31733571e+00  1.77827554e+00 
 9.51261613e-10  2.32544440e+00  1.77755894e+00 
 9.52261613e-10  2.33434675e+00  1.77617273e+00 
 9.53261613e-10  2.34305694e+00  1.77440485e+00 
 9.54261613e-10  2.35079536e+00  1.77247534e+00 
 9.55261613e-10  2.35678350e+00  1.77039216e+00 
 9.55847109e-10  2.35893224e+00  1.76881776e+00 
 9.56399384e-10  2.35949010e+00  1.76679430e+00 
 9.57016462e-10  2.35807967e+00  1.76399278e+00 
 9.57614774e-10  2.35474372e+00  1.76133759e+00 
 9.58614774e-10  2.34594366e+00  1.75918704e+00 
 9.59614774e-10  2.33484087e+00  1.76062949e+00 
 9.60614774e-10  2.32359782e+00  1.76464671e+00 
 9.61614774e-10  2.31471500e+00  1.76949559e+00 
 9.62614774e-10  2.31013344e+00  1.77362870e+00 
 9.63614774e-10  2.31032736e+00  1.77626754e+00 
 9.64614774e-10  2.31456100e+00  1.77737162e+00 
 9.65614774e-10  2.32155760e+00  1.77723679e+00 
 9.66614774e-10  2.33001569e+00  1.77623010e+00 
 9.67614774e-10  2.33883019e+00  1.77468437e+00 
 9.68614774e-10  2.34710683e+00  1.77286379e+00 
 9.69614774e-10  2.35411667e+00  1.77093740e+00 
 9.70507682e-10  2.35849548e+00  1.76892085e+00 
 9.71051412e-10  2.35973396e+00  1.76723527e+00 
 9.71623961e-10  2.35935572e+00  1.76488844e+00 
 9.72169739e-10  2.35726199e+00  1.76235780e+00 
 9.72909523e-10  2.35206818e+00  1.75958212e+00 
 9.73909523e-10  2.34211203e+00  1.75879540e+00 
 9.74909523e-10  2.33065897e+00  1.76137686e+00 
 9.75909523e-10  2.32002709e+00  1.76588615e+00 
 9.76909523e-10  2.31268013e+00  1.77056553e+00 
 9.77909523e-10  2.31002534e+00  1.77412054e+00 
 9.78909523e-10  2.31199207e+00  1.77610404e+00 
 9.79909523e-10  2.31754913e+00  1.77665079e+00 
 9.80909523e-10  2.32536289e+00  1.77610281e+00 
 9.81909523e-10  2.33419753e+00  1.77481827e+00 
 9.82909523e-10  2.34302022e+00  1.77309661e+00 
 9.83909523e-10  2.35101995e+00  1.77117524e+00 
 9.84909523e-10  2.35745706e+00  1.76913764e+00 
 9.85570449e-10  2.36027413e+00  1.76747170e+00 
 9.86110397e-10  2.36119359e+00  1.76561813e+00 
 9.86674456e-10  2.36043946e+00  1.76314024e+00 
 9.87204330e-10  2.35809656e+00  1.76064525e+00 
 9.88043075e-10  2.35171782e+00  1.75786921e+00 
 9.89043075e-10  2.34132301e+00  1.75788950e+00 
 9.90043075e-10  2.32985156e+00  1.76109228e+00 
 9.91043075e-10  2.31969436e+00  1.76586036e+00 
 9.92043075e-10  2.31319924e+00  1.77046345e+00 
 9.93043075e-10  2.31146661e+00  1.77376642e+00 
 9.94043075e-10  2.31418292e+00  1.77547661e+00 
 9.95043075e-10  2.32021436e+00  1.77579995e+00 
 9.96043075e-10  2.32822888e+00  1.77509715e+00 
 9.97043075e-10  2.33703311e+00  1.77372373e+00 
 9.98043075e-10  2.34564176e+00  1.77197074e+00 
 9.99043075e-10  2.35327555e+00  1.77005986e+00 
 1.00000000e-09  2.35896327e+00  1.76809571e+00 
