 frequency       v(vout)         v(vout)         v(vinn)         v(vinn)        
 1.00000000e+03 -9.81984249e-01  5.39045056e-06  1.80157509e-02  5.39045056e-06 
 1.02329299e+03 -9.81984249e-01  5.51601028e-06  1.80157509e-02  5.51601028e-06 
 1.04712855e+03 -9.81984249e-01  5.64449466e-06  1.80157509e-02  5.64449466e-06 
 1.07151931e+03 -9.81984249e-01  5.77597183e-06  1.80157509e-02  5.77597183e-06 
 1.09647820e+03 -9.81984249e-01  5.91051150e-06  1.80157509e-02  5.91051150e-06 
 1.12201845e+03 -9.81984249e-01  6.04818500e-06  1.80157509e-02  6.04818500e-06 
 1.14815362e+03 -9.81984249e-01  6.18906532e-06  1.80157509e-02  6.18906532e-06 
 1.17489755e+03 -9.81984249e-01  6.33322717e-06  1.80157509e-02  6.33322717e-06 
 1.20226443e+03 -9.81984249e-01  6.48074698e-06  1.80157510e-02  6.48074698e-06 
 1.23026877e+03 -9.81984249e-01  6.63170297e-06  1.80157510e-02  6.63170297e-06 
 1.25892541e+03 -9.81984249e-01  6.78617517e-06  1.80157510e-02  6.78617517e-06 
 1.28824955e+03 -9.81984249e-01  6.94424550e-06  1.80157510e-02  6.94424550e-06 
 1.31825674e+03 -9.81984249e-01  7.10599775e-06  1.80157510e-02  7.10599775e-06 
 1.34896288e+03 -9.81984249e-01  7.27151770e-06  1.80157510e-02  7.27151770e-06 
 1.38038426e+03 -9.81984249e-01  7.44089311e-06  1.80157510e-02  7.44089311e-06 
 1.41253754e+03 -9.81984249e-01  7.61421377e-06  1.80157510e-02  7.61421377e-06 
 1.44543977e+03 -9.81984249e-01  7.79157159e-06  1.80157510e-02  7.79157159e-06 
 1.47910839e+03 -9.81984249e-01  7.97306060e-06  1.80157511e-02  7.97306060e-06 
 1.51356125e+03 -9.81984249e-01  8.15877704e-06  1.80157511e-02  8.15877704e-06 
 1.54881662e+03 -9.81984249e-01  8.34881937e-06  1.80157511e-02  8.34881937e-06 
 1.58489319e+03 -9.81984249e-01  8.54328835e-06  1.80157511e-02  8.54328835e-06 
 1.62181010e+03 -9.81984249e-01  8.74228710e-06  1.80157511e-02  8.74228710e-06 
 1.65958691e+03 -9.81984249e-01  8.94592112e-06  1.80157511e-02  8.94592112e-06 
 1.69824365e+03 -9.81984249e-01  9.15429839e-06  1.80157512e-02  9.15429839e-06 
 1.73780083e+03 -9.81984249e-01  9.36752938e-06  1.80157512e-02  9.36752938e-06 
 1.77827941e+03 -9.81984249e-01  9.58572717e-06  1.80157512e-02  9.58572717e-06 
 1.81970086e+03 -9.81984249e-01  9.80900743e-06  1.80157512e-02  9.80900743e-06 
 1.86208714e+03 -9.81984249e-01  1.00374886e-05  1.80157512e-02  1.00374886e-05 
 1.90546072e+03 -9.81984249e-01  1.02712917e-05  1.80157513e-02  1.02712917e-05 
 1.94984460e+03 -9.81984249e-01  1.05105408e-05  1.80157513e-02  1.05105408e-05 
 1.99526231e+03 -9.81984249e-01  1.07553628e-05  1.80157513e-02  1.07553628e-05 
 2.04173794e+03 -9.81984249e-01  1.10058873e-05  1.80157513e-02  1.10058873e-05 
 2.08929613e+03 -9.81984249e-01  1.12622474e-05  1.80157514e-02  1.12622474e-05 
 2.13796209e+03 -9.81984249e-01  1.15245788e-05  1.80157514e-02  1.15245788e-05 
 2.18776162e+03 -9.81984249e-01  1.17930207e-05  1.80157514e-02  1.17930207e-05 
 2.23872114e+03 -9.81984249e-01  1.20677155e-05  1.80157515e-02  1.20677155e-05 
 2.29086765e+03 -9.81984249e-01  1.23488086e-05  1.80157515e-02  1.23488086e-05 
 2.34422882e+03 -9.81984248e-01  1.26364493e-05  1.80157515e-02  1.26364493e-05 
 2.39883292e+03 -9.81984248e-01  1.29307900e-05  1.80157516e-02  1.29307900e-05 
 2.45470892e+03 -9.81984248e-01  1.32319868e-05  1.80157516e-02  1.32319868e-05 
 2.51188643e+03 -9.81984248e-01  1.35401994e-05  1.80157516e-02  1.35401994e-05 
 2.57039578e+03 -9.81984248e-01  1.38555911e-05  1.80157517e-02  1.38555911e-05 
 2.63026799e+03 -9.81984248e-01  1.41783293e-05  1.80157517e-02  1.41783293e-05 
 2.69153480e+03 -9.81984248e-01  1.45085850e-05  1.80157518e-02  1.45085850e-05 
 2.75422870e+03 -9.81984248e-01  1.48465333e-05  1.80157518e-02  1.48465333e-05 
 2.81838293e+03 -9.81984248e-01  1.51923535e-05  1.80157519e-02  1.51923535e-05 
 2.88403150e+03 -9.81984248e-01  1.55462289e-05  1.80157519e-02  1.55462289e-05 
 2.95120923e+03 -9.81984248e-01  1.59083470e-05  1.80157520e-02  1.59083470e-05 
 3.01995172e+03 -9.81984248e-01  1.62789000e-05  1.80157520e-02  1.62789000e-05 
 3.09029543e+03 -9.81984248e-01  1.66580843e-05  1.80157521e-02  1.66580843e-05 
 3.16227766e+03 -9.81984248e-01  1.70461009e-05  1.80157521e-02  1.70461009e-05 
 3.23593657e+03 -9.81984248e-01  1.74431555e-05  1.80157522e-02  1.74431555e-05 
 3.31131121e+03 -9.81984248e-01  1.78494588e-05  1.80157523e-02  1.78494588e-05 
 3.38844156e+03 -9.81984248e-01  1.82652261e-05  1.80157523e-02  1.82652261e-05 
 3.46736850e+03 -9.81984248e-01  1.86906778e-05  1.80157524e-02  1.86906778e-05 
 3.54813389e+03 -9.81984247e-01  1.91260396e-05  1.80157525e-02  1.91260396e-05 
 3.63078055e+03 -9.81984247e-01  1.95715422e-05  1.80157526e-02  1.95715422e-05 
 3.71535229e+03 -9.81984247e-01  2.00274220e-05  1.80157527e-02  2.00274220e-05 
 3.80189396e+03 -9.81984247e-01  2.04939205e-05  1.80157528e-02  2.04939205e-05 
 3.89045145e+03 -9.81984247e-01  2.09712852e-05  1.80157529e-02  2.09712852e-05 
 3.98107171e+03 -9.81984247e-01  2.14597692e-05  1.80157530e-02  2.14597692e-05 
 4.07380278e+03 -9.81984247e-01  2.19596313e-05  1.80157531e-02  2.19596313e-05 
 4.16869383e+03 -9.81984247e-01  2.24711368e-05  1.80157532e-02  2.24711368e-05 
 4.26579519e+03 -9.81984247e-01  2.29945568e-05  1.80157533e-02  2.29945568e-05 
 4.36515832e+03 -9.81984247e-01  2.35301687e-05  1.80157534e-02  2.35301687e-05 
 4.46683592e+03 -9.81984246e-01  2.40782567e-05  1.80157535e-02  2.40782567e-05 
 4.57088190e+03 -9.81984246e-01  2.46391113e-05  1.80157537e-02  2.46391113e-05 
 4.67735141e+03 -9.81984246e-01  2.52130298e-05  1.80157538e-02  2.52130298e-05 
 4.78630092e+03 -9.81984246e-01  2.58003166e-05  1.80157539e-02  2.58003166e-05 
 4.89778819e+03 -9.81984246e-01  2.64012831e-05  1.80157541e-02  2.64012831e-05 
 5.01187234e+03 -9.81984246e-01  2.70162479e-05  1.80157542e-02  2.70162479e-05 
 5.12861384e+03 -9.81984246e-01  2.76455370e-05  1.80157544e-02  2.76455370e-05 
 5.24807460e+03 -9.81984245e-01  2.82894842e-05  1.80157546e-02  2.82894842e-05 
 5.37031796e+03 -9.81984245e-01  2.89484308e-05  1.80157548e-02  2.89484308e-05 
 5.49540874e+03 -9.81984245e-01  2.96227263e-05  1.80157549e-02  2.96227263e-05 
 5.62341325e+03 -9.81984245e-01  3.03127281e-05  1.80157551e-02  3.03127281e-05 
 5.75439937e+03 -9.81984245e-01  3.10188020e-05  1.80157554e-02  3.10188020e-05 
 5.88843655e+03 -9.81984244e-01  3.17413226e-05  1.80157556e-02  3.17413226e-05 
 6.02559586e+03 -9.81984244e-01  3.24806728e-05  1.80157558e-02  3.24806728e-05 
 6.16595002e+03 -9.81984244e-01  3.32372447e-05  1.80157560e-02  3.32372447e-05 
 6.30957344e+03 -9.81984244e-01  3.40114394e-05  1.80157563e-02  3.40114394e-05 
 6.45654229e+03 -9.81984243e-01  3.48036674e-05  1.80157565e-02  3.48036674e-05 
 6.60693448e+03 -9.81984243e-01  3.56143487e-05  1.80157568e-02  3.56143487e-05 
 6.76082975e+03 -9.81984243e-01  3.64439132e-05  1.80157571e-02  3.64439132e-05 
 6.91830971e+03 -9.81984243e-01  3.72928007e-05  1.80157574e-02  3.72928007e-05 
 7.07945784e+03 -9.81984242e-01  3.81614613e-05  1.80157577e-02  3.81614613e-05 
 7.24435960e+03 -9.81984242e-01  3.90503557e-05  1.80157580e-02  3.90503557e-05 
 7.41310241e+03 -9.81984242e-01  3.99599550e-05  1.80157584e-02  3.99599550e-05 
 7.58577575e+03 -9.81984241e-01  4.08907416e-05  1.80157587e-02  4.08907416e-05 
 7.76247117e+03 -9.81984241e-01  4.18432089e-05  1.80157591e-02  4.18432089e-05 
 7.94328235e+03 -9.81984240e-01  4.28178621e-05  1.80157595e-02  4.28178621e-05 
 8.12830516e+03 -9.81984240e-01  4.38152178e-05  1.80157599e-02  4.38152178e-05 
 8.31763771e+03 -9.81984240e-01  4.48358048e-05  1.80157604e-02  4.48358048e-05 
 8.51138038e+03 -9.81984239e-01  4.58801644e-05  1.80157608e-02  4.58801644e-05 
 8.70963590e+03 -9.81984239e-01  4.69488502e-05  1.80157613e-02  4.69488502e-05 
 8.91250938e+03 -9.81984238e-01  4.80424288e-05  1.80157618e-02  4.80424288e-05 
 9.12010839e+03 -9.81984238e-01  4.91614801e-05  1.80157623e-02  4.91614801e-05 
 9.33254301e+03 -9.81984237e-01  5.03065975e-05  1.80157628e-02  5.03065975e-05 
 9.54992586e+03 -9.81984237e-01  5.14783880e-05  1.80157634e-02  5.14783880e-05 
 9.77237221e+03 -9.81984236e-01  5.26774729e-05  1.80157640e-02  5.26774729e-05 
 1.00000000e+04 -9.81984235e-01  5.39044881e-05  1.80157646e-02  5.39044881e-05 
 1.02329299e+04 -9.81984235e-01  5.51600841e-05  1.80157653e-02  5.51600841e-05 
 1.04712855e+04 -9.81984234e-01  5.64449266e-05  1.80157660e-02  5.64449266e-05 
 1.07151931e+04 -9.81984233e-01  5.77596968e-05  1.80157667e-02  5.77596968e-05 
 1.09647820e+04 -9.81984233e-01  5.91050920e-05  1.80157674e-02  5.91050920e-05 
 1.12201845e+04 -9.81984232e-01  6.04818253e-05  1.80157682e-02  6.04818253e-05 
 1.14815362e+04 -9.81984231e-01  6.18906268e-05  1.80157691e-02  6.18906268e-05 
 1.17489755e+04 -9.81984230e-01  6.33322434e-05  1.80157699e-02  6.33322434e-05 
 1.20226443e+04 -9.81984229e-01  6.48074395e-05  1.80157708e-02  6.48074395e-05 
 1.23026877e+04 -9.81984228e-01  6.63169972e-05  1.80157718e-02  6.63169972e-05 
 1.25892541e+04 -9.81984227e-01  6.78617169e-05  1.80157728e-02  6.78617169e-05 
 1.28824955e+04 -9.81984226e-01  6.94424176e-05  1.80157738e-02  6.94424176e-05 
 1.31825674e+04 -9.81984225e-01  7.10599375e-05  1.80157749e-02  7.10599375e-05 
 1.34896288e+04 -9.81984224e-01  7.27151341e-05  1.80157760e-02  7.27151341e-05 
 1.38038426e+04 -9.81984223e-01  7.44088851e-05  1.80157772e-02  7.44088851e-05 
 1.41253754e+04 -9.81984222e-01  7.61420884e-05  1.80157785e-02  7.61420884e-05 
 1.44543977e+04 -9.81984220e-01  7.79156631e-05  1.80157798e-02  7.79156631e-05 
 1.47910839e+04 -9.81984219e-01  7.97305495e-05  1.80157811e-02  7.97305495e-05 
 1.51356125e+04 -9.81984217e-01  8.15877098e-05  1.80157826e-02  8.15877098e-05 
 1.54881662e+04 -9.81984216e-01  8.34881288e-05  1.80157841e-02  8.34881288e-05 
 1.58489319e+04 -9.81984214e-01  8.54328139e-05  1.80157856e-02  8.54328139e-05 
 1.62181010e+04 -9.81984213e-01  8.74227964e-05  1.80157873e-02  8.74227964e-05 
 1.65958691e+04 -9.81984211e-01  8.94591313e-05  1.80157890e-02  8.94591313e-05 
 1.69824365e+04 -9.81984209e-01  9.15428983e-05  1.80157908e-02  9.15428983e-05 
 1.73780083e+04 -9.81984207e-01  9.36752021e-05  1.80157927e-02  9.36752021e-05 
 1.77827941e+04 -9.81984205e-01  9.58571734e-05  1.80157947e-02  9.58571734e-05 
 1.81970086e+04 -9.81984203e-01  9.80899690e-05  1.80157967e-02  9.80899690e-05 
 1.86208714e+04 -9.81984201e-01  1.00374773e-04  1.80157989e-02  1.00374773e-04 
 1.90546072e+04 -9.81984199e-01  1.02712796e-04  1.80158012e-02  1.02712796e-04 
 1.94984460e+04 -9.81984196e-01  1.05105279e-04  1.80158035e-02  1.05105279e-04 
 1.99526231e+04 -9.81984194e-01  1.07553489e-04  1.80158060e-02  1.07553489e-04 
 2.04173794e+04 -9.81984191e-01  1.10058725e-04  1.80158086e-02  1.10058725e-04 
 2.08929613e+04 -9.81984189e-01  1.12622314e-04  1.80158113e-02  1.12622314e-04 
 2.13796209e+04 -9.81984186e-01  1.15245617e-04  1.80158142e-02  1.15245617e-04 
 2.18776162e+04 -9.81984183e-01  1.17930024e-04  1.80158172e-02  1.17930024e-04 
 2.23872114e+04 -9.81984180e-01  1.20676958e-04  1.80158203e-02  1.20676958e-04 
 2.29086765e+04 -9.81984176e-01  1.23487876e-04  1.80158236e-02  1.23487876e-04 
 2.34422882e+04 -9.81984173e-01  1.26364268e-04  1.80158270e-02  1.26364268e-04 
 2.39883292e+04 -9.81984169e-01  1.29307659e-04  1.80158306e-02  1.29307659e-04 
 2.45470892e+04 -9.81984166e-01  1.32319610e-04  1.80158344e-02  1.32319610e-04 
 2.51188643e+04 -9.81984162e-01  1.35401717e-04  1.80158383e-02  1.35401717e-04 
 2.57039578e+04 -9.81984158e-01  1.38555614e-04  1.80158425e-02  1.38555614e-04 
 2.63026799e+04 -9.81984153e-01  1.41782975e-04  1.80158468e-02  1.41782975e-04 
 2.69153480e+04 -9.81984149e-01  1.45085509e-04  1.80158513e-02  1.45085509e-04 
 2.75422870e+04 -9.81984144e-01  1.48464968e-04  1.80158561e-02  1.48464968e-04 
 2.81838293e+04 -9.81984139e-01  1.51923144e-04  1.80158610e-02  1.51923144e-04 
 2.88403150e+04 -9.81984134e-01  1.55461869e-04  1.80158662e-02  1.55461869e-04 
 2.95120923e+04 -9.81984128e-01  1.59083021e-04  1.80158717e-02  1.59083021e-04 
 3.01995172e+04 -9.81984123e-01  1.62788519e-04  1.80158774e-02  1.62788519e-04 
 3.09029543e+04 -9.81984117e-01  1.66580327e-04  1.80158833e-02  1.66580327e-04 
 3.16227766e+04 -9.81984110e-01  1.70460456e-04  1.80158896e-02  1.70460456e-04 
 3.23593657e+04 -9.81984104e-01  1.74430963e-04  1.80158961e-02  1.74430963e-04 
 3.31131121e+04 -9.81984097e-01  1.78493954e-04  1.80159030e-02  1.78493954e-04 
 3.38844156e+04 -9.81984090e-01  1.82651581e-04  1.80159101e-02  1.82651581e-04 
 3.46736850e+04 -9.81984082e-01  1.86906050e-04  1.80159176e-02  1.86906050e-04 
 3.54813389e+04 -9.81984074e-01  1.91259615e-04  1.80159255e-02  1.91259615e-04 
 3.63078055e+04 -9.81984066e-01  1.95714586e-04  1.80159337e-02  1.95714586e-04 
 3.71535229e+04 -9.81984058e-01  2.00273324e-04  1.80159424e-02  2.00273324e-04 
 3.80189396e+04 -9.81984049e-01  2.04938245e-04  1.80159514e-02  2.04938245e-04 
 3.89045145e+04 -9.81984039e-01  2.09711823e-04  1.80159608e-02  2.09711823e-04 
 3.98107171e+04 -9.81984029e-01  2.14596589e-04  1.80159708e-02  2.14596589e-04 
 4.07380278e+04 -9.81984019e-01  2.19595132e-04  1.80159811e-02  2.19595132e-04 
 4.16869383e+04 -9.81984008e-01  2.24710102e-04  1.80159920e-02  2.24710102e-04 
 4.26579519e+04 -9.81983997e-01  2.29944211e-04  1.80160033e-02  2.29944211e-04 
 4.36515832e+04 -9.81983985e-01  2.35300234e-04  1.80160152e-02  2.35300234e-04 
 4.46683592e+04 -9.81983972e-01  2.40781009e-04  1.80160277e-02  2.40781009e-04 
 4.57088190e+04 -9.81983959e-01  2.46389444e-04  1.80160408e-02  2.46389444e-04 
 4.67735141e+04 -9.81983946e-01  2.52128510e-04  1.80160544e-02  2.52128510e-04 
 4.78630092e+04 -9.81983931e-01  2.58001250e-04  1.80160687e-02  2.58001250e-04 
 4.89778819e+04 -9.81983916e-01  2.64010778e-04  1.80160837e-02  2.64010778e-04 
 5.01187234e+04 -9.81983901e-01  2.70160279e-04  1.80160994e-02  2.70160279e-04 
 5.12861384e+04 -9.81983884e-01  2.76453013e-04  1.80161158e-02  2.76453013e-04 
 5.24807460e+04 -9.81983867e-01  2.82892316e-04  1.80161331e-02  2.82892316e-04 
 5.37031796e+04 -9.81983849e-01  2.89481602e-04  1.80161511e-02  2.89481602e-04 
 5.49540874e+04 -9.81983830e-01  2.96224363e-04  1.80161699e-02  2.96224363e-04 
 5.62341325e+04 -9.81983810e-01  3.03124173e-04  1.80161897e-02  3.03124173e-04 
 5.75439937e+04 -9.81983790e-01  3.10184691e-04  1.80162104e-02  3.10184691e-04 
 5.88843655e+04 -9.81983768e-01  3.17409658e-04  1.80162320e-02  3.17409658e-04 
 6.02559586e+04 -9.81983745e-01  3.24802905e-04  1.80162547e-02  3.24802905e-04 
 6.16595002e+04 -9.81983722e-01  3.32368350e-04  1.80162785e-02  3.32368350e-04 
 6.30957344e+04 -9.81983697e-01  3.40110004e-04  1.80163033e-02  3.40110004e-04 
 6.45654229e+04 -9.81983671e-01  3.48031970e-04  1.80163294e-02  3.48031970e-04 
 6.60693448e+04 -9.81983643e-01  3.56138447e-04  1.80163566e-02  3.56138447e-04 
 6.76082975e+04 -9.81983615e-01  3.64433732e-04  1.80163852e-02  3.64433732e-04 
 6.91830971e+04 -9.81983585e-01  3.72922221e-04  1.80164151e-02  3.72922221e-04 
 7.07945784e+04 -9.81983554e-01  3.81608414e-04  1.80164464e-02  3.81608414e-04 
 7.24435960e+04 -9.81983521e-01  3.90496913e-04  1.80164792e-02  3.90496913e-04 
 7.41310241e+04 -9.81983486e-01  3.99592431e-04  1.80165135e-02  3.99592431e-04 
 7.58577575e+04 -9.81983451e-01  4.08899788e-04  1.80165494e-02  4.08899788e-04 
 7.76247117e+04 -9.81983413e-01  4.18423916e-04  1.80165871e-02  4.18423916e-04 
 7.94328235e+04 -9.81983374e-01  4.28169863e-04  1.80166265e-02  4.28169863e-04 
 8.12830516e+04 -9.81983332e-01  4.38142794e-04  1.80166678e-02  4.38142794e-04 
 8.31763771e+04 -9.81983289e-01  4.48347994e-04  1.80167110e-02  4.48347994e-04 
 8.51138038e+04 -9.81983244e-01  4.58790870e-04  1.80167562e-02  4.58790870e-04 
 8.70963590e+04 -9.81983196e-01  4.69476958e-04  1.80168036e-02  4.69476958e-04 
 8.91250938e+04 -9.81983147e-01  4.80411919e-04  1.80168532e-02  4.80411919e-04 
 9.12010839e+04 -9.81983095e-01  4.91601547e-04  1.80169052e-02  4.91601547e-04 
 9.33254301e+04 -9.81983040e-01  5.03051773e-04  1.80169596e-02  5.03051773e-04 
 9.54992586e+04 -9.81982983e-01  5.14768662e-04  1.80170165e-02  5.14768662e-04 
 9.77237221e+04 -9.81982924e-01  5.26758424e-04  1.80170762e-02  5.26758424e-04 
 1.00000000e+05 -9.81982861e-01  5.39027409e-04  1.80171386e-02  5.39027409e-04 
 1.02329299e+05 -9.81982796e-01  5.51582120e-04  1.80172040e-02  5.51582120e-04 
 1.04712855e+05 -9.81982728e-01  5.64429206e-04  1.80172725e-02  5.64429206e-04 
 1.07151931e+05 -9.81982656e-01  5.77575474e-04  1.80173442e-02  5.77575474e-04 
 1.09647820e+05 -9.81982581e-01  5.91027889e-04  1.80174193e-02  5.91027889e-04 
 1.12201845e+05 -9.81982502e-01  6.04793575e-04  1.80174979e-02  6.04793575e-04 
 1.14815362e+05 -9.81982420e-01  6.18879825e-04  1.80175802e-02  6.18879825e-04 
 1.17489755e+05 -9.81982334e-01  6.33294101e-04  1.80176664e-02  6.33294101e-04 
 1.20226443e+05 -9.81982243e-01  6.48044035e-04  1.80177566e-02  6.48044035e-04 
 1.23026877e+05 -9.81982149e-01  6.63137442e-04  1.80178511e-02  6.63137442e-04 
 1.25892541e+05 -9.81982050e-01  6.78582313e-04  1.80179501e-02  6.78582313e-04 
 1.28824955e+05 -9.81981946e-01  6.94386828e-04  1.80180537e-02  6.94386828e-04 
 1.31825674e+05 -9.81981838e-01  7.10559357e-04  1.80181622e-02  7.10559357e-04 
 1.34896288e+05 -9.81981724e-01  7.27108462e-04  1.80182758e-02  7.27108462e-04 
 1.38038426e+05 -9.81981605e-01  7.44042906e-04  1.80183948e-02  7.44042906e-04 
 1.41253754e+05 -9.81981481e-01  7.61371654e-04  1.80185193e-02  7.61371654e-04 
 1.44543977e+05 -9.81981350e-01  7.79103881e-04  1.80186498e-02  7.79103881e-04 
 1.47910839e+05 -9.81981214e-01  7.97248974e-04  1.80187863e-02  7.97248974e-04 
 1.51356125e+05 -9.81981071e-01  8.15816536e-04  1.80189293e-02  8.15816536e-04 
 1.54881662e+05 -9.81980921e-01  8.34816396e-04  1.80190791e-02  8.34816396e-04 
 1.58489319e+05 -9.81980764e-01  8.54258608e-04  1.80192359e-02  8.54258608e-04 
 1.62181010e+05 -9.81980600e-01  8.74153462e-04  1.80194000e-02  8.74153462e-04 
 1.65958691e+05 -9.81980428e-01  8.94511485e-04  1.80195719e-02  8.94511485e-04 
 1.69824365e+05 -9.81980248e-01  9.15343448e-04  1.80197519e-02  9.15343448e-04 
 1.73780083e+05 -9.81980060e-01  9.36660372e-04  1.80199404e-02  9.36660372e-04 
 1.77827941e+05 -9.81979862e-01  9.58473534e-04  1.80201377e-02  9.58473534e-04 
 1.81970086e+05 -9.81979656e-01  9.80794471e-04  1.80203443e-02  9.80794471e-04 
 1.86208714e+05 -9.81979439e-01  1.00363499e-03  1.80205606e-02  1.00363499e-03 
 1.90546072e+05 -9.81979213e-01  1.02700716e-03  1.80207872e-02  1.02700716e-03 
 1.94984460e+05 -9.81978976e-01  1.05092335e-03  1.80210244e-02  1.05092335e-03 
 1.99526231e+05 -9.81978727e-01  1.07539620e-03  1.80212727e-02  1.07539620e-03 
 2.04173794e+05 -9.81978467e-01  1.10043865e-03  1.80215327e-02  1.10043865e-03 
 2.08929613e+05 -9.81978195e-01  1.12606393e-03  1.80218050e-02  1.12606393e-03 
 2.13796209e+05 -9.81977910e-01  1.15228558e-03  1.80220901e-02  1.15228558e-03 
 2.18776162e+05 -9.81977611e-01  1.17911745e-03  1.80223886e-02  1.17911745e-03 
 2.23872114e+05 -9.81977299e-01  1.20657373e-03  1.80227011e-02  1.20657373e-03 
 2.29086765e+05 -9.81976972e-01  1.23466892e-03  1.80230283e-02  1.23466892e-03 
 2.34422882e+05 -9.81976629e-01  1.26341784e-03  1.80233709e-02  1.26341784e-03 
 2.39883292e+05 -9.81976270e-01  1.29283569e-03  1.80237297e-02  1.29283569e-03 
 2.45470892e+05 -9.81975895e-01  1.32293798e-03  1.80241053e-02  1.32293798e-03 
 2.51188643e+05 -9.81975501e-01  1.35374061e-03  1.80244985e-02  1.35374061e-03 
 2.57039578e+05 -9.81975090e-01  1.38525983e-03  1.80249103e-02  1.38525983e-03 
 2.63026799e+05 -9.81974659e-01  1.41751226e-03  1.80253414e-02  1.41751226e-03 
 2.69153480e+05 -9.81974207e-01  1.45051492e-03  1.80257927e-02  1.45051492e-03 
 2.75422870e+05 -9.81973735e-01  1.48428521e-03  1.80262653e-02  1.48428521e-03 
 2.81838293e+05 -9.81973240e-01  1.51884094e-03  1.80267601e-02  1.51884094e-03 
 2.88403150e+05 -9.81972722e-01  1.55420030e-03  1.80272781e-02  1.55420030e-03 
 2.95120923e+05 -9.81972180e-01  1.59038194e-03  1.80278204e-02  1.59038194e-03 
 3.01995172e+05 -9.81971612e-01  1.62740490e-03  1.80283882e-02  1.62740490e-03 
 3.09029543e+05 -9.81971017e-01  1.66528868e-03  1.80289827e-02  1.66528868e-03 
 3.16227766e+05 -9.81970395e-01  1.70405323e-03  1.80296051e-02  1.70405323e-03 
 3.23593657e+05 -9.81969743e-01  1.74371894e-03  1.80302567e-02  1.74371894e-03 
 3.31131121e+05 -9.81969061e-01  1.78430667e-03  1.80309389e-02  1.78430667e-03 
 3.38844156e+05 -9.81968347e-01  1.82583776e-03  1.80316532e-02  1.82583776e-03 
 3.46736850e+05 -9.81967599e-01  1.86833405e-03  1.80324009e-02  1.86833405e-03 
 3.54813389e+05 -9.81966816e-01  1.91181786e-03  1.80331837e-02  1.91181786e-03 
 3.63078055e+05 -9.81965997e-01  1.95631202e-03  1.80340032e-02  1.95631202e-03 
 3.71535229e+05 -9.81965139e-01  2.00183989e-03  1.80348611e-02  2.00183989e-03 
 3.80189396e+05 -9.81964241e-01  2.04842536e-03  1.80357592e-02  2.04842536e-03 
 3.89045145e+05 -9.81963301e-01  2.09609285e-03  1.80366994e-02  2.09609285e-03 
 3.98107171e+05 -9.81962316e-01  2.14486736e-03  1.80376837e-02  2.14486736e-03 
 4.07380278e+05 -9.81961286e-01  2.19477443e-03  1.80387140e-02  2.19477443e-03 
 4.16869383e+05 -9.81960207e-01  2.24584019e-03  1.80397927e-02  2.24584019e-03 
 4.26579519e+05 -9.81959078e-01  2.29809137e-03  1.80409217e-02  2.29809137e-03 
 4.36515832e+05 -9.81957896e-01  2.35155529e-03  1.80421037e-02  2.35155529e-03 
 4.46683592e+05 -9.81956659e-01  2.40625988e-03  1.80433409e-02  2.40625988e-03 
 4.57088190e+05 -9.81955364e-01  2.46223372e-03  1.80446359e-02  2.46223372e-03 
 4.67735141e+05 -9.81954009e-01  2.51950602e-03  1.80459915e-02  2.51950602e-03 
 4.78630092e+05 -9.81952590e-01  2.57810665e-03  1.80474104e-02  2.57810665e-03 
 4.89778819e+05 -9.81951104e-01  2.63806614e-03  1.80488956e-02  2.63806614e-03 
 5.01187234e+05 -9.81949550e-01  2.69941571e-03  1.80504501e-02  2.69941571e-03 
 5.12861384e+05 -9.81947923e-01  2.76218729e-03  1.80520772e-02  2.76218729e-03 
 5.24807460e+05 -9.81946220e-01  2.82641349e-03  1.80537801e-02  2.82641349e-03 
 5.37031796e+05 -9.81944438e-01  2.89212768e-03  1.80555625e-02  2.89212768e-03 
 5.49540874e+05 -9.81942572e-01  2.95936394e-03  1.80574278e-02  2.95936394e-03 
 5.62341325e+05 -9.81940620e-01  3.02815712e-03  1.80593801e-02  3.02815712e-03 
 5.75439937e+05 -9.81938577e-01  3.09854285e-03  1.80614232e-02  3.09854285e-03 
 5.88843655e+05 -9.81936439e-01  3.17055751e-03  1.80635614e-02  3.17055751e-03 
 6.02559586e+05 -9.81934201e-01  3.24423833e-03  1.80657989e-02  3.24423833e-03 
 6.16595002e+05 -9.81931860e-01  3.31962330e-03  1.80681404e-02  3.31962330e-03 
 6.30957344e+05 -9.81929409e-01  3.39675128e-03  1.80705907e-02  3.39675128e-03 
 6.45654229e+05 -9.81926845e-01  3.47566197e-03  1.80731545e-02  3.47566197e-03 
 6.60693448e+05 -9.81924163e-01  3.55639592e-03  1.80758373e-02  3.55639592e-03 
 6.76082975e+05 -9.81921356e-01  3.63899456e-03  1.80786443e-02  3.63899456e-03 
 6.91830971e+05 -9.81918419e-01  3.72350023e-03  1.80815813e-02  3.72350023e-03 
 7.07945784e+05 -9.81915346e-01  3.80995615e-03  1.80846541e-02  3.80995615e-03 
 7.24435960e+05 -9.81912131e-01  3.89840651e-03  1.80878689e-02  3.89840651e-03 
 7.41310241e+05 -9.81908768e-01  3.98889640e-03  1.80912321e-02  3.98889640e-03 
 7.58577575e+05 -9.81905250e-01  4.08147189e-03  1.80947504e-02  4.08147189e-03 
 7.76247117e+05 -9.81901569e-01  4.17618002e-03  1.80984308e-02  4.17618002e-03 
 7.94328235e+05 -9.81897719e-01  4.27306882e-03  1.81022806e-02  4.27306882e-03 
 8.12830516e+05 -9.81893693e-01  4.37218733e-03  1.81063073e-02  4.37218733e-03 
 8.31763771e+05 -9.81889481e-01  4.47358563e-03  1.81105190e-02  4.47358563e-03 
 8.51138038e+05 -9.81885076e-01  4.57731480e-03  1.81149239e-02  4.57731480e-03 
 8.70963590e+05 -9.81880469e-01  4.68342702e-03  1.81195305e-02  4.68342702e-03 
 8.91250938e+05 -9.81875652e-01  4.79197551e-03  1.81243479e-02  4.79197551e-03 
 9.12010839e+05 -9.81870615e-01  4.90301459e-03  1.81293853e-02  4.90301459e-03 
 9.33254301e+05 -9.81865347e-01  5.01659969e-03  1.81346525e-02  5.01659969e-03 
 9.54992586e+05 -9.81859840e-01  5.13278736e-03  1.81401597e-02  5.13278736e-03 
 9.77237221e+05 -9.81854083e-01  5.25163526e-03  1.81459172e-02  5.25163526e-03 
 1.00000000e+06 -9.81848064e-01  5.37320224e-03  1.81519362e-02  5.37320224e-03 
 1.02329299e+06 -9.81841772e-01  5.49754829e-03  1.81582279e-02  5.49754829e-03 
 1.04712855e+06 -9.81835196e-01  5.62473457e-03  1.81648043e-02  5.62473457e-03 
 1.07151931e+06 -9.81828322e-01  5.75482346e-03  1.81716776e-02  5.75482346e-03 
 1.09647820e+06 -9.81821139e-01  5.88787854e-03  1.81788606e-02  5.88787854e-03 
 1.12201845e+06 -9.81813633e-01  6.02396459e-03  1.81863667e-02  6.02396459e-03 
 1.14815362e+06 -9.81805790e-01  6.16314767e-03  1.81942095e-02  6.16314767e-03 
 1.17489755e+06 -9.81797597e-01  6.30549503e-03  1.82024035e-02  6.30549503e-03 
 1.20226443e+06 -9.81789037e-01  6.45107524e-03  1.82109634e-02  6.45107524e-03 
 1.23026877e+06 -9.81780095e-01  6.59995810e-03  1.82199047e-02  6.59995810e-03 
 1.25892541e+06 -9.81770757e-01  6.75221470e-03  1.82292434e-02  6.75221470e-03 
 1.28824955e+06 -9.81761004e-01  6.90791744e-03  1.82389959e-02  6.90791744e-03 
 1.31825674e+06 -9.81750821e-01  7.06714003e-03  1.82491793e-02  7.06714003e-03 
 1.34896288e+06 -9.81740188e-01  7.22995746e-03  1.82598115e-02  7.22995746e-03 
 1.38038426e+06 -9.81729089e-01  7.39644608e-03  1.82709107e-02  7.39644608e-03 
 1.41253754e+06 -9.81717504e-01  7.56668356e-03  1.82824958e-02  7.56668356e-03 
 1.44543977e+06 -9.81705413e-01  7.74074891e-03  1.82945865e-02  7.74074891e-03 
 1.47910839e+06 -9.81692797e-01  7.91872251e-03  1.83072029e-02  7.91872251e-03 
 1.51356125e+06 -9.81679634e-01  8.10068606e-03  1.83203659e-02  8.10068606e-03 
 1.54881662e+06 -9.81665903e-01  8.28672266e-03  1.83340969e-02  8.28672266e-03 
 1.58489319e+06 -9.81651582e-01  8.47691678e-03  1.83484181e-02  8.47691678e-03 
 1.62181010e+06 -9.81636648e-01  8.67135425e-03  1.83633523e-02  8.67135425e-03 
 1.65958691e+06 -9.81621077e-01  8.87012229e-03  1.83789230e-02  8.87012229e-03 
 1.69824365e+06 -9.81604846e-01  9.07330953e-03  1.83951543e-02  9.07330953e-03 
 1.73780083e+06 -9.81587929e-01  9.28100598e-03  1.84120708e-02  9.28100598e-03 
 1.77827941e+06 -9.81570302e-01  9.49330306e-03  1.84296981e-02  9.49330306e-03 
 1.81970086e+06 -9.81551938e-01  9.71029362e-03  1.84480621e-02  9.71029362e-03 
 1.86208714e+06 -9.81532811e-01  9.93207189e-03  1.84671895e-02  9.93207189e-03 
 1.90546072e+06 -9.81512892e-01  1.01587336e-02  1.84871075e-02  1.01587336e-02 
 1.94984460e+06 -9.81492156e-01  1.03903758e-02  1.85078442e-02  1.03903758e-02 
 1.99526231e+06 -9.81470572e-01  1.06270971e-02  1.85294278e-02  1.06270971e-02 
 2.04173794e+06 -9.81448113e-01  1.08689975e-02  1.85518874e-02  1.08689975e-02 
 2.08929613e+06 -9.81424747e-01  1.11161785e-02  1.85752526e-02  1.11161785e-02 
 2.13796209e+06 -9.81400447e-01  1.13687432e-02  1.85995533e-02  1.13687432e-02 
 2.18776162e+06 -9.81375180e-01  1.16267959e-02  1.86248201e-02  1.16267959e-02 
 2.23872114e+06 -9.81348916e-01  1.18904428e-02  1.86510838e-02  1.18904428e-02 
 2.29086765e+06 -9.81321624e-01  1.21597913e-02  1.86783759e-02  1.21597913e-02 
 2.34422882e+06 -9.81293272e-01  1.24349507e-02  1.87067280e-02  1.24349507e-02 
 2.39883292e+06 -9.81263828e-01  1.27160317e-02  1.87361719e-02  1.27160317e-02 
 2.45470892e+06 -9.81233260e-01  1.30031468e-02  1.87667401e-02  1.30031468e-02 
 2.51188643e+06 -9.81201535e-01  1.32964100e-02  1.87984648e-02  1.32964100e-02 
 2.57039578e+06 -9.81168621e-01  1.35959373e-02  1.88313785e-02  1.35959373e-02 
 2.63026799e+06 -9.81134486e-01  1.39018462e-02  1.88655140e-02  1.39018462e-02 
 2.69153480e+06 -9.81099096e-01  1.42142562e-02  1.89009037e-02  1.42142562e-02 
 2.75422870e+06 -9.81062420e-01  1.45332889e-02  1.89375803e-02  1.45332889e-02 
 2.81838293e+06 -9.81024424e-01  1.48590677e-02  1.89755761e-02  1.48590677e-02 
 2.88403150e+06 -9.80985077e-01  1.51917181e-02  1.90149234e-02  1.51917181e-02 
 2.95120923e+06 -9.80944346e-01  1.55313678e-02  1.90556541e-02  1.55313678e-02 
 3.01995172e+06 -9.80902200e-01  1.58781470e-02  1.90977998e-02  1.58781470e-02 
 3.09029543e+06 -9.80858608e-01  1.62321881e-02  1.91413916e-02  1.62321881e-02 
 3.16227766e+06 -9.80813540e-01  1.65936260e-02  1.91864603e-02  1.65936260e-02 
 3.23593657e+06 -9.80766964e-01  1.69625985e-02  1.92330358e-02  1.69625985e-02 
 3.31131121e+06 -9.80718852e-01  1.73392462e-02  1.92811477e-02  1.73392462e-02 
 3.38844156e+06 -9.80669175e-01  1.77237126e-02  1.93308248e-02  1.77237126e-02 
 3.46736850e+06 -9.80617905e-01  1.81161444e-02  1.93820950e-02  1.81161444e-02 
 3.54813389e+06 -9.80565014e-01  1.85166918e-02  1.94349856e-02  1.85166918e-02 
 3.63078055e+06 -9.80510477e-01  1.89255086e-02  1.94895228e-02  1.89255086e-02 
 3.71535229e+06 -9.80454268e-01  1.93427522e-02  1.95457322e-02  1.93427522e-02 
 3.80189396e+06 -9.80396362e-01  1.97685842e-02  1.96036381e-02  1.97685842e-02 
 3.89045145e+06 -9.80336736e-01  2.02031704e-02  1.96632643e-02  2.02031704e-02 
 3.98107171e+06 -9.80275367e-01  2.06466813e-02  1.97246334e-02  2.06466813e-02 
 4.07380278e+06 -9.80212233e-01  2.10992920e-02  1.97877671e-02  2.10992920e-02 
 4.16869383e+06 -9.80147314e-01  2.15611828e-02  1.98526861e-02  2.15611828e-02 
 4.26579519e+06 -9.80080589e-01  2.20325393e-02  1.99194106e-02  2.20325393e-02 
 4.36515832e+06 -9.80012040e-01  2.25135529e-02  1.99879596e-02  2.25135529e-02 
 4.46683592e+06 -9.79941648e-01  2.30044208e-02  2.00583517e-02  2.30044208e-02 
 4.57088190e+06 -9.79869395e-01  2.35053465e-02  2.01306046e-02  2.35053465e-02 
 4.67735141e+06 -9.79795264e-01  2.40165402e-02  2.02047358e-02  2.40165402e-02 
 4.78630092e+06 -9.79719238e-01  2.45382188e-02  2.02807623e-02  2.45382188e-02 
 4.89778819e+06 -9.79641299e-01  2.50706068e-02  2.03587010e-02  2.50706068e-02 
 5.01187234e+06 -9.79561431e-01  2.56139357e-02  2.04385688e-02  2.56139357e-02 
 5.12861384e+06 -9.79479617e-01  2.61684454e-02  2.05203830e-02  2.61684454e-02 
 5.24807460e+06 -9.79395839e-01  2.67343835e-02  2.06041610e-02  2.67343835e-02 
 5.37031796e+06 -9.79310079e-01  2.73120062e-02  2.06899213e-02  2.73120062e-02 
 5.49540874e+06 -9.79222317e-01  2.79015787e-02  2.07776834e-02  2.79015787e-02 
 5.62341325e+06 -9.79132532e-01  2.85033747e-02  2.08674681e-02  2.85033747e-02 
 5.75439937e+06 -9.79040702e-01  2.91176777e-02  2.09592977e-02  2.91176777e-02 
 5.88843655e+06 -9.78946803e-01  2.97447804e-02  2.10531967e-02  2.97447804e-02 
 6.02559586e+06 -9.78850808e-01  3.03849854e-02  2.11491921e-02  3.03849854e-02 
 6.16595002e+06 -9.78752686e-01  3.10386052e-02  2.12473136e-02  3.10386052e-02 
 6.30957344e+06 -9.78652406e-01  3.17059627e-02  2.13475939e-02  3.17059627e-02 
 6.45654229e+06 -9.78549930e-01  3.23873908e-02  2.14500695e-02  3.23873908e-02 
 6.60693448e+06 -9.78445219e-01  3.30832333e-02  2.15547811e-02  3.30832333e-02 
 6.76082975e+06 -9.78338227e-01  3.37938443e-02  2.16617735e-02  3.37938443e-02 
 6.91830971e+06 -9.78228903e-01  3.45195889e-02  2.17710967e-02  3.45195889e-02 
 7.07945784e+06 -9.78117194e-01  3.52608429e-02  2.18828061e-02  3.52608429e-02 
 7.24435960e+06 -9.78003037e-01  3.60179931e-02  2.19969628e-02  3.60179931e-02 
 7.41310241e+06 -9.77886366e-01  3.67914371e-02  2.21136345e-02  3.67914371e-02 
 7.58577575e+06 -9.77767105e-01  3.75815837e-02  2.22328954e-02  3.75815837e-02 
 7.76247117e+06 -9.77645173e-01  3.83888525e-02  2.23548271e-02  3.83888525e-02 
 7.94328235e+06 -9.77520481e-01  3.92136740e-02  2.24795190e-02  3.92136740e-02 
 8.12830516e+06 -9.77392931e-01  4.00564899e-02  2.26070686e-02  4.00564899e-02 
 8.31763771e+06 -9.77262418e-01  4.09177523e-02  2.27375821e-02  4.09177523e-02 
 8.51138038e+06 -9.77128825e-01  4.17979244e-02  2.28711748e-02  4.17979244e-02 
 8.70963590e+06 -9.76992028e-01  4.26974801e-02  2.30079717e-02  4.26974801e-02 
 8.91250938e+06 -9.76851892e-01  4.36169036e-02  2.31481076e-02  4.36169036e-02 
 9.12010839e+06 -9.76708272e-01  4.45566898e-02  2.32917280e-02  4.45566898e-02 
 9.33254301e+06 -9.76561011e-01  4.55173438e-02  2.34389891e-02  4.55173438e-02 
 9.54992586e+06 -9.76409942e-01  4.64993809e-02  2.35900585e-02  4.64993809e-02 
 9.77237221e+06 -9.76254885e-01  4.75033265e-02  2.37451155e-02  4.75033265e-02 
 1.00000000e+07 -9.76095648e-01  4.85297159e-02  2.39043516e-02  4.85297159e-02 
 1.02329299e+07 -9.75932029e-01  4.95790939e-02  2.40679711e-02  4.95790939e-02 
 1.04712855e+07 -9.75763809e-01  5.06520150e-02  2.42361909e-02  5.06520150e-02 
 1.07151931e+07 -9.75590758e-01  5.17490432e-02  2.44092416e-02  5.17490432e-02 
 1.09647820e+07 -9.75412633e-01  5.28707513e-02  2.45873675e-02  5.28707513e-02 
 1.12201845e+07 -9.75229173e-01  5.40177214e-02  2.47708272e-02  5.40177214e-02 
 1.14815362e+07 -9.75040106e-01  5.51905443e-02  2.49598940e-02  5.51905443e-02 
 1.17489755e+07 -9.74845144e-01  5.63898193e-02  2.51548562e-02  5.63898193e-02 
 1.20226443e+07 -9.74643982e-01  5.76161543e-02  2.53560176e-02  5.76161543e-02 
 1.23026877e+07 -9.74436302e-01  5.88701651e-02  2.55636980e-02  5.88701651e-02 
 1.25892541e+07 -9.74221766e-01  6.01524757e-02  2.57782335e-02  6.01524757e-02 
 1.28824955e+07 -9.74000023e-01  6.14637177e-02  2.59999772e-02  6.14637177e-02 
 1.31825674e+07 -9.73770701e-01  6.28045301e-02  2.62292992e-02  6.28045301e-02 
 1.34896288e+07 -9.73533412e-01  6.41755592e-02  2.64665877e-02  6.41755592e-02 
 1.38038426e+07 -9.73287751e-01  6.55774583e-02  2.67122489e-02  6.55774583e-02 
 1.41253754e+07 -9.73033292e-01  6.70108873e-02  2.69667079e-02  6.70108873e-02 
 1.44543977e+07 -9.72769591e-01  6.84765126e-02  2.72304089e-02  6.84765126e-02 
 1.47910839e+07 -9.72496184e-01  6.99750063e-02  2.75038160e-02  6.99750063e-02 
 1.51356125e+07 -9.72212586e-01  7.15070467e-02  2.77874136e-02  7.15070467e-02 
 1.54881662e+07 -9.71918293e-01  7.30733169e-02  2.80817071e-02  7.30733169e-02 
 1.58489319e+07 -9.71612777e-01  7.46745055e-02  2.83872230e-02  7.46745055e-02 
 1.62181010e+07 -9.71295490e-01  7.63113050e-02  2.87045102e-02  7.63113050e-02 
 1.65958691e+07 -9.70965860e-01  7.79844125e-02  2.90341400e-02  7.79844125e-02 
 1.69824365e+07 -9.70623293e-01  7.96945282e-02  2.93767071e-02  7.96945282e-02 
 1.73780083e+07 -9.70267170e-01  8.14423556e-02  2.97328298e-02  8.14423556e-02 
 1.77827941e+07 -9.69896849e-01  8.32286004e-02  3.01031512e-02  8.32286004e-02 
 1.81970086e+07 -9.69511661e-01  8.50539702e-02  3.04883392e-02  8.50539702e-02 
 1.86208714e+07 -9.69110912e-01  8.69191738e-02  3.08890875e-02  8.69191738e-02 
 1.90546072e+07 -9.68693884e-01  8.88249202e-02  3.13061165e-02  8.88249202e-02 
 1.94984460e+07 -9.68259827e-01  9.07719182e-02  3.17401732e-02  9.07719182e-02 
 1.99526231e+07 -9.67807968e-01  9.27608751e-02  3.21920324e-02  9.27608751e-02 
 2.04173794e+07 -9.67337503e-01  9.47924965e-02  3.26624973e-02  9.47924965e-02 
 2.08929613e+07 -9.66847600e-01  9.68674844e-02  3.31524000e-02  9.68674844e-02 
 2.13796209e+07 -9.66337398e-01  9.89865371e-02  3.36626018e-02  9.89865371e-02 
 2.18776162e+07 -9.65806006e-01  1.01150347e-01  3.41939944e-02  1.01150347e-01 
 2.23872114e+07 -9.65252500e-01  1.03359602e-01  3.47475001e-02  1.03359602e-01 
 2.29086765e+07 -9.64675928e-01  1.05614979e-01  3.53240722e-02  1.05614979e-01 
 2.34422882e+07 -9.64075304e-01  1.07917149e-01  3.59246957e-02  1.07917149e-01 
 2.39883292e+07 -9.63449612e-01  1.10266771e-01  3.65503876e-02  1.10266771e-01 
 2.45470892e+07 -9.62797803e-01  1.12664493e-01  3.72021975e-02  1.12664493e-01 
 2.51188643e+07 -9.62118792e-01  1.15110949e-01  3.78812076e-02  1.15110949e-01 
 2.57039578e+07 -9.61411467e-01  1.17606759e-01  3.85885331e-02  1.17606759e-01 
 2.63026799e+07 -9.60674677e-01  1.20152525e-01  3.93253226e-02  1.20152525e-01 
 2.69153480e+07 -9.59907242e-01  1.22748831e-01  4.00927578e-02  1.22748831e-01 
 2.75422870e+07 -9.59107946e-01  1.25396240e-01  4.08920537e-02  1.25396240e-01 
 2.81838293e+07 -9.58275542e-01  1.28095296e-01  4.17244583e-02  1.28095296e-01 
 2.88403150e+07 -9.57408747e-01  1.30846514e-01  4.25912527e-02  1.30846514e-01 
 2.95120923e+07 -9.56506250e-01  1.33650385e-01  4.34937504e-02  1.33650385e-01 
 3.01995172e+07 -9.55566703e-01  1.36507372e-01  4.44332971e-02  1.36507372e-01 
 3.09029543e+07 -9.54588731e-01  1.39417907e-01  4.54112694e-02  1.39417907e-01 
 3.16227766e+07 -9.53570925e-01  1.42382389e-01  4.64290750e-02  1.42382389e-01 
 3.23593657e+07 -9.52511849e-01  1.45401181e-01  4.74881507e-02  1.45401181e-01 
 3.31131121e+07 -9.51410038e-01  1.48474611e-01  4.85899616e-02  1.48474611e-01 
 3.38844156e+07 -9.50264000e-01  1.51602966e-01  4.97359998e-02  1.51602966e-01 
 3.46736850e+07 -9.49072217e-01  1.54786491e-01  5.09277826e-02  1.54786491e-01 
 3.54813389e+07 -9.47833149e-01  1.58025387e-01  5.21668507e-02  1.58025387e-01 
 3.63078055e+07 -9.46545234e-01  1.61319810e-01  5.34547662e-02  1.61319810e-01 
 3.71535229e+07 -9.45206890e-01  1.64669866e-01  5.47931099e-02  1.64669866e-01 
 3.80189396e+07 -9.43816521e-01  1.68075612e-01  5.61834791e-02  1.68075612e-01 
 3.89045145e+07 -9.42372515e-01  1.71537053e-01  5.76274845e-02  1.71537053e-01 
 3.98107171e+07 -9.40873253e-01  1.75054140e-01  5.91267471e-02  1.75054140e-01 
 4.07380278e+07 -9.39317105e-01  1.78626766e-01  6.06828948e-02  1.78626766e-01 
 4.16869383e+07 -9.37702442e-01  1.82254771e-01  6.22975584e-02  1.82254771e-01 
 4.26579519e+07 -9.36027632e-01  1.85937935e-01  6.39723680e-02  1.85937935e-01 
 4.36515832e+07 -9.34291052e-01  1.89675980e-01  6.57089483e-02  1.89675980e-01 
 4.46683592e+07 -9.32491086e-01  1.93468567e-01  6.75089145e-02  1.93468567e-01 
 4.57088190e+07 -9.30626133e-01  1.97315302e-01  6.93738668e-02  1.97315302e-01 
 4.67735141e+07 -9.28694614e-01  2.01215727e-01  7.13053858e-02  2.01215727e-01 
 4.78630092e+07 -9.26694973e-01  2.05169331e-01  7.33050270e-02  2.05169331e-01 
 4.89778819e+07 -9.24625685e-01  2.09175542e-01  7.53743153e-02  2.09175542e-01 
 5.01187234e+07 -9.22485261e-01  2.13233737e-01  7.75147390e-02  2.13233737e-01 
 5.12861384e+07 -9.20272256e-01  2.17343238e-01  7.97277444e-02  2.17343238e-01 
 5.24807460e+07 -9.17985271e-01  2.21503321e-01  8.20147291e-02  2.21503321e-01 
 5.37031796e+07 -9.15622963e-01  2.25713215e-01  8.43770368e-02  2.25713215e-01 
 5.49540874e+07 -9.13184049e-01  2.29972109e-01  8.68159507e-02  2.29972109e-01 
 5.62341325e+07 -9.10667313e-01  2.34279161e-01  8.93326875e-02  2.34279161e-01 
 5.75439937e+07 -9.08071608e-01  2.38633498e-01  9.19283920e-02  2.38633498e-01 
 5.88843655e+07 -9.05395869e-01  2.43034228e-01  9.46041312e-02  2.43034228e-01 
 6.02559586e+07 -9.02639111e-01  2.47480450e-01  9.73608892e-02  2.47480450e-01 
 6.16595002e+07 -8.99800438e-01  2.51971257e-01  1.00199562e-01  2.51971257e-01 
 6.30957344e+07 -8.96879045e-01  2.56505755e-01  1.03120955e-01  2.56505755e-01 
 6.45654229e+07 -8.93874225e-01  2.61083068e-01  1.06125775e-01  2.61083068e-01 
 6.60693448e+07 -8.90785366e-01  2.65702355e-01  1.09214634e-01  2.65702355e-01 
 6.76082975e+07 -8.87611959e-01  2.70362823e-01  1.12388041e-01  2.70362823e-01 
 6.91830971e+07 -8.84353595e-01  2.75063741e-01  1.15646405e-01  2.75063741e-01 
 7.07945784e+07 -8.81009964e-01  2.79804458e-01  1.18990036e-01  2.79804458e-01 
 7.24435960e+07 -8.77580858e-01  2.84584421e-01  1.22419142e-01  2.84584421e-01 
 7.41310241e+07 -8.74066159e-01  2.89403190e-01  1.25933841e-01  2.89403190e-01 
 7.58577575e+07 -8.70465842e-01  2.94260462e-01  1.29534158e-01  2.94260462e-01 
 7.76247117e+07 -8.66779964e-01  2.99156088e-01  1.33220036e-01  2.99156088e-01 
 7.94328235e+07 -8.63008651e-01  3.04090097e-01  1.36991349e-01  3.04090097e-01 
 8.12830516e+07 -8.59152093e-01  3.09062715e-01  1.40847907e-01  3.09062715e-01 
 8.31763771e+07 -8.55210523e-01  3.14074391e-01  1.44789477e-01  3.14074391e-01 
 8.51138038e+07 -8.51184202e-01  3.19125819e-01  1.48815798e-01  3.19125819e-01 
 8.70963590e+07 -8.47073401e-01  3.24217960e-01  1.52926599e-01  3.24217960e-01 
 8.91250938e+07 -8.42878369e-01  3.29352068e-01  1.57121631e-01  3.29352068e-01 
 9.12010839e+07 -8.38599315e-01  3.34529712e-01  1.61400685e-01  3.34529712e-01 
 9.33254301e+07 -8.34236370e-01  3.39752800e-01  1.65763630e-01  3.39752800e-01 
 9.54992586e+07 -8.29789553e-01  3.45023601e-01  1.70210447e-01  3.45023601e-01 
 9.77237221e+07 -8.25258732e-01  3.50344768e-01  1.74741268e-01  3.50344768e-01 
 1.00000000e+08 -8.20643580e-01  3.55719355e-01  1.79356420e-01  3.55719355e-01 
 1.02329299e+08 -8.15943522e-01  3.61150841e-01  1.84056478e-01  3.61150841e-01 
 1.04712855e+08 -8.11157684e-01  3.66643142e-01  1.88842316e-01  3.66643142e-01 
 1.07151931e+08 -8.06284832e-01  3.72200629e-01  1.93715168e-01  3.72200629e-01 
 1.09647820e+08 -8.01323303e-01  3.77828136e-01  1.98676697e-01  3.77828136e-01 
 1.12201845e+08 -7.96270936e-01  3.83530968e-01  2.03729064e-01  3.83530968e-01 
 1.14815362e+08 -7.91124993e-01  3.89314906e-01  2.08875007e-01  3.89314906e-01 
 1.17489755e+08 -7.85882070e-01  3.95186201e-01  2.14117930e-01  3.95186201e-01 
 1.20226443e+08 -7.80538005e-01  4.01151570e-01  2.19461995e-01  4.01151570e-01 
 1.23026877e+08 -7.75087782e-01  4.07218175e-01  2.24912218e-01  4.07218175e-01 
 1.25892541e+08 -7.69525413e-01  4.13393603e-01  2.30474587e-01  4.13393603e-01 
 1.28824955e+08 -7.63843829e-01  4.19685829e-01  2.36156171e-01  4.19685829e-01 
 1.31825674e+08 -7.58034747e-01  4.26103171e-01  2.41965253e-01  4.26103171e-01 
 1.34896288e+08 -7.52088543e-01  4.32654229e-01  2.47911457e-01  4.32654229e-01 
 1.38038426e+08 -7.45994100e-01  4.39347812e-01  2.54005900e-01  4.39347812e-01 
 1.41253754e+08 -7.39738659e-01  4.46192837e-01  2.60261341e-01  4.46192837e-01 
 1.44543977e+08 -7.33307658e-01  4.53198223e-01  2.66692342e-01  4.53198223e-01 
 1.47910839e+08 -7.26684562e-01  4.60372739e-01  2.73315438e-01  4.60372739e-01 
 1.51356125e+08 -7.19850686e-01  4.67724838e-01  2.80149314e-01  4.67724838e-01 
 1.54881662e+08 -7.12785013e-01  4.75262454e-01  2.87214987e-01  4.75262454e-01 
 1.58489319e+08 -7.05464014e-01  4.82992754e-01  2.94535986e-01  4.82992754e-01 
 1.62181010e+08 -6.97861462e-01  4.90921850e-01  3.02138538e-01  4.90921850e-01 
 1.65958691e+08 -6.89948258e-01  4.99054461e-01  3.10051742e-01  4.99054461e-01 
 1.69824365e+08 -6.81692263e-01  5.07393511e-01  3.18307737e-01  5.07393511e-01 
 1.73780083e+08 -6.73058162e-01  5.15939672e-01  3.26941838e-01  5.15939672e-01 
 1.77827941e+08 -6.64007348e-01  5.24690825e-01  3.35992652e-01  5.24690825e-01 
 1.81970086e+08 -6.54497856e-01  5.33641448e-01  3.45502144e-01  5.33641448e-01 
 1.86208714e+08 -6.44484368e-01  5.42781923e-01  3.55515632e-01  5.42781923e-01 
 1.90546072e+08 -6.33918291e-01  5.52097747e-01  3.66081709e-01  5.52097747e-01 
 1.94984460e+08 -6.22747949e-01  5.61568666e-01  3.77252051e-01  5.61568666e-01 
 1.99526231e+08 -6.10918919e-01  5.71167713e-01  3.89081081e-01  5.71167713e-01 
 2.04173794e+08 -5.98374536e-01  5.80860181e-01  4.01625464e-01  5.80860181e-01 
 2.08929613e+08 -5.85056611e-01  5.90602536e-01  4.14943389e-01  5.90602536e-01 
 2.13796209e+08 -5.70906407e-01  6.00341299e-01  4.29093593e-01  6.00341299e-01 
 2.18776162e+08 -5.55865906e-01  6.10011944e-01  4.44134094e-01  6.10011944e-01 
 2.23872114e+08 -5.39879418e-01  6.19537876e-01  4.60120582e-01  6.19537876e-01 
 2.29086765e+08 -5.22895552e-01  6.28829551e-01  4.77104448e-01  6.28829551e-01 
 2.34422882e+08 -5.04869583e-01  6.37783843e-01  4.95130417e-01  6.37783843e-01 
 2.39883292e+08 -4.85766207e-01  6.46283787e-01  5.14233793e-01  6.46283787e-01 
 2.45470892e+08 -4.65562649e-01  6.54198810e-01  5.34437351e-01  6.54198810e-01 
 2.51188643e+08 -4.44252062e-01  6.61385614e-01  5.55747938e-01  6.61385614e-01 
 2.57039578e+08 -4.21847091e-01  6.67689854e-01  5.78152909e-01  6.67689854e-01 
 2.63026799e+08 -3.98383421e-01  6.72948730e-01  6.01616579e-01  6.72948730e-01 
 2.69153480e+08 -3.73923074e-01  6.76994609e-01  6.26076926e-01  6.76994609e-01 
 2.75422870e+08 -3.48557165e-01  6.79659684e-01  6.51442835e-01  6.79659684e-01 
 2.81838293e+08 -3.22407769e-01  6.80781642e-01  6.77592231e-01  6.80781642e-01 
 2.88403150e+08 -2.95628569e-01  6.80210148e-01  7.04371431e-01  6.80210148e-01 
 2.95120923e+08 -2.68403957e-01  6.77813871e-01  7.31596043e-01  6.77813871e-01 
 3.01995172e+08 -2.40946346e-01  6.73487628e-01  7.59053654e-01  6.73487628e-01 
 3.09029543e+08 -2.13491581e-01  6.67159132e-01  7.86508419e-01  6.67159132e-01 
 3.16227766e+08 -1.86292495e-01  6.58794749e-01  8.13707505e-01  6.58794749e-01 
 3.23593657e+08 -1.59610881e-01  6.48403716e-01  8.40389119e-01  6.48403716e-01 
 3.31131121e+08 -1.33708319e-01  6.36040303e-01  8.66291681e-01  6.36040303e-01 
 3.38844156e+08 -1.08836492e-01  6.21803612e-01  8.91163508e-01  6.21803612e-01 
 3.46736850e+08 -8.52277002e-02  6.05834880e-01  9.14772300e-01  6.05834880e-01 
 3.54813389e+08 -6.30863195e-02  5.88312439e-01  9.36913680e-01  5.88312439e-01 
 3.63078055e+08 -4.25818425e-02  5.69444700e-01  9.57418158e-01  5.69444700e-01 
 3.71535229e+08 -2.38439978e-02  5.49461743e-01  9.76156002e-01  5.49461743e-01 
 3.80189396e+08 -6.96020518e-03  5.28606182e-01  9.93039795e-01  5.28606182e-01 
 3.89045145e+08  8.02461397e-03  5.07124026e-01  1.00802461e+00  5.07124026e-01 
 3.98107171e+08  2.11060705e-02  4.85256178e-01  1.02110607e+00  4.85256178e-01 
 4.07380278e+08  3.23165644e-02  4.63231083e-01  1.03231656e+00  4.63231083e-01 
 4.16869383e+08  4.17202472e-02  4.41258856e-01  1.04172025e+00  4.41258856e-01 
 4.26579519e+08  4.94072063e-02  4.19527067e-01  1.04940721e+00  4.19527067e-01 
 4.36515832e+08  5.54873657e-02  3.98198154e-01  1.05548737e+00  3.98198154e-01 
 4.46683592e+08  6.00845190e-02  3.77408350e-01  1.06008452e+00  3.77408350e-01 
 4.57088190e+08  6.33308197e-02  3.57267870e-01  1.06333082e+00  3.57267870e-01 
 4.67735141e+08  6.53619420e-02  3.37862111e-01  1.06536194e+00  3.37862111e-01 
 4.78630092e+08  6.63130301e-02  3.19253581e-01  1.06631303e+00  3.19253581e-01 
 4.89778819e+08  6.63154714e-02  3.01484281e-01  1.06631547e+00  3.01484281e-01 
 5.01187234e+08  6.54944614e-02  2.84578335e-01  1.06549446e+00  2.84578335e-01 
 5.12861384e+08  6.39672916e-02  2.68544670e-01  1.06396729e+00  2.68544670e-01 
 5.24807460e+08  6.18422614e-02  2.53379625e-01  1.06184226e+00  2.53379625e-01 
 5.37031796e+08  5.92181083e-02  2.39069374e-01  1.05921811e+00  2.39069374e-01 
 5.49540874e+08  5.61838505e-02  2.25592127e-01  1.05618385e+00  2.25592127e-01 
 5.62341325e+08  5.28189429e-02  2.12920063e-01  1.05281894e+00  2.12920063e-01 
 5.75439937e+08  4.91936618e-02  2.01021001e-01  1.04919366e+00  2.01021001e-01 
 5.88843655e+08  4.53696434e-02  1.89859797e-01  1.04536964e+00  1.89859797e-01 
 6.02559586e+08  4.14005188e-02  1.79399512e-01  1.04140052e+00  1.79399512e-01 
 6.16595002e+08  3.73325985e-02  1.69602349e-01  1.03733260e+00  1.69602349e-01 
 6.30957344e+08  3.32055712e-02  1.60430404e-01  1.03320557e+00  1.60430404e-01 
 6.45654229e+08  2.90531920e-02  1.51846245e-01  1.02905319e+00  1.51846245e-01 
 6.60693448e+08  2.49039414e-02  1.43813352e-01  1.02490394e+00  1.43813352e-01 
 6.76082975e+08  2.07816444e-02  1.36296440e-01  1.02078164e+00  1.36296440e-01 
 6.91830971e+08  1.67060432e-02  1.29261687e-01  1.01670604e+00  1.29261687e-01 
 7.07945784e+08  1.26933191e-02  1.22676881e-01  1.01269332e+00  1.22676881e-01 
 7.24435960e+08  8.75656392e-03  1.16511509e-01  1.00875656e+00  1.16511509e-01 
 7.41310241e+08  4.90620265e-03  1.10736790e-01  1.00490620e+00  1.10736790e-01 
 7.58577575e+08  1.15036848e-03  1.05325686e-01  1.00115037e+00  1.05325686e-01 
 7.76247117e+08 -2.50476565e-03  1.00252864e-01  9.97495234e-01  1.00252864e-01 
 7.94328235e+08 -6.05469583e-03  9.54946575e-02  9.93945304e-01  9.54946575e-02 
 8.12830516e+08 -9.49633244e-03  9.10289989e-02  9.90503668e-01  9.10289989e-02 
 8.31763771e+08 -1.28277784e-02  8.68353493e-02  9.87172222e-01  8.68353493e-02 
 8.51138038e+08 -1.60481365e-02  8.28946198e-02  9.83951863e-01  8.28946198e-02 
 8.70963590e+08 -1.91573432e-02  7.91890905e-02  9.80842657e-01  7.91890905e-02 
 8.91250938e+08 -2.21560249e-02  7.57023273e-02  9.77843975e-01  7.57023273e-02 
 9.12010839e+08 -2.50453743e-02  7.24191004e-02  9.74954626e-01  7.24191004e-02 
 9.33254301e+08 -2.78270451e-02  6.93253040e-02  9.72172955e-01  6.93253040e-02 
 9.54992586e+08 -3.05030612e-02  6.64078791e-02  9.69496939e-01  6.64078791e-02 
 9.77237221e+08 -3.30757396e-02  6.36547394e-02  9.66924260e-01  6.36547394e-02 
 1.00000000e+09 -3.55476247e-02  6.10547010e-02  9.64452375e-01  6.10547010e-02 
 1.02329299e+09 -3.79214331e-02  5.85974159e-02  9.62078567e-01  5.85974159e-02 
 1.04712855e+09 -4.02000061e-02  5.62733095e-02  9.59799994e-01  5.62733095e-02 
 1.07151931e+09 -4.23862707e-02  5.40735225e-02  9.57613729e-01  5.40735225e-02 
 1.09647820e+09 -4.44832058e-02  5.19898560e-02  9.55516794e-01  5.19898560e-02 
 1.12201845e+09 -4.64938152e-02  5.00147210e-02  9.53506185e-01  5.00147210e-02 
 1.14815362e+09 -4.84211038e-02  4.81410912e-02  9.51578896e-01  4.81410912e-02 
 1.17489755e+09 -5.02680595e-02  4.63624595e-02  9.49731940e-01  4.63624595e-02 
 1.20226443e+09 -5.20376371e-02  4.46727976e-02  9.47962363e-01  4.46727976e-02 
 1.23026877e+09 -5.37327455e-02  4.30665185e-02  9.46267254e-01  4.30665185e-02 
 1.25892541e+09 -5.53562385e-02  4.15384425e-02  9.44643762e-01  4.15384425e-02 
 1.28824955e+09 -5.69109055e-02  4.00837652e-02  9.43089094e-01  4.00837652e-02 
 1.31825674e+09 -5.83994667e-02  3.86980284e-02  9.41600533e-01  3.86980284e-02 
 1.34896288e+09 -5.98245670e-02  3.73770928e-02  9.40175433e-01  3.73770928e-02 
 1.38038426e+09 -6.11887740e-02  3.61171138e-02  9.38811226e-01  3.61171138e-02 
 1.41253754e+09 -6.24945745e-02  3.49145184e-02  9.37505425e-01  3.49145184e-02 
 1.44543977e+09 -6.37443740e-02  3.37659839e-02  9.36255626e-01  3.37659839e-02 
 1.47910839e+09 -6.49404952e-02  3.26684190e-02  9.35059505e-01  3.26684190e-02 
 1.51356125e+09 -6.60851789e-02  3.16189461e-02  9.33914821e-01  3.16189461e-02 
 1.54881662e+09 -6.71805839e-02  3.06148845e-02  9.32819416e-01  3.06148845e-02 
 1.58489319e+09 -6.82287879e-02  2.96537356e-02  9.31771212e-01  2.96537356e-02 
 1.62181010e+09 -6.92317893e-02  2.87331692e-02  9.30768211e-01  2.87331692e-02 
 1.65958691e+09 -7.01915082e-02  2.78510107e-02  9.29808492e-01  2.78510107e-02 
 1.69824365e+09 -7.11097885e-02  2.70052291e-02  9.28890211e-01  2.70052291e-02 
 1.73780083e+09 -7.19883998e-02  2.61939266e-02  9.28011600e-01  2.61939266e-02 
 1.77827941e+09 -7.28290394e-02  2.54153287e-02  9.27170961e-01  2.54153287e-02 
 1.81970086e+09 -7.36333345e-02  2.46677746e-02  9.26366666e-01  2.46677746e-02 
 1.86208714e+09 -7.44028446e-02  2.39497095e-02  9.25597155e-01  2.39497095e-02 
 1.90546072e+09 -7.51390638e-02  2.32596761e-02  9.24860936e-01  2.32596761e-02 
 1.94984460e+09 -7.58434227e-02  2.25963081e-02  9.24156577e-01  2.25963081e-02 
 1.99526231e+09 -7.65172912e-02  2.19583235e-02  9.23482709e-01  2.19583235e-02 
 2.04173794e+09 -7.71619805e-02  2.13445182e-02  9.22838020e-01  2.13445182e-02 
 2.08929613e+09 -7.77787455e-02  2.07537609e-02  9.22221254e-01  2.07537609e-02 
 2.13796209e+09 -7.83687871e-02  2.01849877e-02  9.21631213e-01  2.01849877e-02 
 2.18776162e+09 -7.89332539e-02  1.96371976e-02  9.21066746e-01  1.96371976e-02 
 2.23872114e+09 -7.94732452e-02  1.91094480e-02  9.20526755e-01  1.91094480e-02 
 2.29086765e+09 -7.99898122e-02  1.86008504e-02  9.20010188e-01  1.86008504e-02 
 2.34422882e+09 -8.04839605e-02  1.81105673e-02  9.19516040e-01  1.81105673e-02 
 2.39883292e+09 -8.09566519e-02  1.76378085e-02  9.19043348e-01  1.76378085e-02 
 2.45470892e+09 -8.14088065e-02  1.71818278e-02  9.18591193e-01  1.71818278e-02 
 2.51188643e+09 -8.18413041e-02  1.67419201e-02  9.18158696e-01  1.67419201e-02 
 2.57039578e+09 -8.22549863e-02  1.63174192e-02  9.17745014e-01  1.63174192e-02 
 2.63026799e+09 -8.26506580e-02  1.59076946e-02  9.17349342e-01  1.59076946e-02 
 2.69153480e+09 -8.30290891e-02  1.55121497e-02  9.16970911e-01  1.55121497e-02 
 2.75422870e+09 -8.33910160e-02  1.51302196e-02  9.16608984e-01  1.51302196e-02 
 2.81838293e+09 -8.37371431e-02  1.47613690e-02  9.16262857e-01  1.47613690e-02 
 2.88403150e+09 -8.40681441e-02  1.44050903e-02  9.15931856e-01  1.44050903e-02 
 2.95120923e+09 -8.43846637e-02  1.40609024e-02  9.15615336e-01  1.40609024e-02 
 3.01995172e+09 -8.46873185e-02  1.37283485e-02  9.15312682e-01  1.37283485e-02 
 3.09029543e+09 -8.49766981e-02  1.34069951e-02  9.15023302e-01  1.34069951e-02 
 3.16227766e+09 -8.52533671e-02  1.30964303e-02  9.14746633e-01  1.30964303e-02 
 3.23593657e+09 -8.55178651e-02  1.27962630e-02  9.14482135e-01  1.27962630e-02 
 3.31131121e+09 -8.57707089e-02  1.25061213e-02  9.14229291e-01  1.25061213e-02 
 3.38844156e+09 -8.60123923e-02  1.22256516e-02  9.13987608e-01  1.22256516e-02 
 3.46736850e+09 -8.62433883e-02  1.19545177e-02  9.13756612e-01  1.19545177e-02 
 3.54813389e+09 -8.64641491e-02  1.16923994e-02  9.13535851e-01  1.16923994e-02 
 3.63078055e+09 -8.66751075e-02  1.14389922e-02  9.13324893e-01  1.14389922e-02 
 3.71535229e+09 -8.68766773e-02  1.11940062e-02  9.13123323e-01  1.11940062e-02 
 3.80189396e+09 -8.70692545e-02  1.09571651e-02  9.12930745e-01  1.09571651e-02 
 3.89045145e+09 -8.72532181e-02  1.07282061e-02  9.12746782e-01  1.07282061e-02 
 3.98107171e+09 -8.74289303e-02  1.05068784e-02  9.12571070e-01  1.05068784e-02 
 4.07380278e+09 -8.75967376e-02  1.02929432e-02  9.12403262e-01  1.02929432e-02 
 4.16869383e+09 -8.77569715e-02  1.00861728e-02  9.12243029e-01  1.00861728e-02 
 4.26579519e+09 -8.79099489e-02  9.88635031e-03  9.12090051e-01  9.88635031e-03 
 4.36515832e+09 -8.80559728e-02  9.69326863e-03  9.11944027e-01  9.69326863e-03 
 4.46683592e+09 -8.81953328e-02  9.50673043e-03  9.11804667e-01  9.50673043e-03 
 4.57088190e+09 -8.83283059e-02  9.32654746e-03  9.11671694e-01  9.32654746e-03 
 4.67735141e+09 -8.84551566e-02  9.15254012e-03  9.11544843e-01  9.15254012e-03 
 4.78630092e+09 -8.85761376e-02  8.98453707e-03  9.11423862e-01  8.98453707e-03 
 4.89778819e+09 -8.86914906e-02  8.82237483e-03  9.11308509e-01  8.82237483e-03 
 5.01187234e+09 -8.88014461e-02  8.66589737e-03  9.11198554e-01  8.66589737e-03 
 5.12861384e+09 -8.89062241e-02  8.51495582e-03  9.11093776e-01  8.51495582e-03 
 5.24807460e+09 -8.90060350e-02  8.36940807e-03  9.10993965e-01  8.36940807e-03 
 5.37031796e+09 -8.91010792e-02  8.22911848e-03  9.10898921e-01  8.22911848e-03 
 5.49540874e+09 -8.91915478e-02  8.09395761e-03  9.10808452e-01  8.09395761e-03 
 5.62341325e+09 -8.92776232e-02  7.96380187e-03  9.10722377e-01  7.96380187e-03 
 5.75439937e+09 -8.93594792e-02  7.83853331e-03  9.10640521e-01  7.83853331e-03 
 5.88843655e+09 -8.94372811e-02  7.71803933e-03  9.10562719e-01  7.71803933e-03 
 6.02559586e+09 -8.95111865e-02  7.60221245e-03  9.10488813e-01  7.60221245e-03 
 6.16595002e+09 -8.95813454e-02  7.49095006e-03  9.10418655e-01  7.49095006e-03 
 6.30957344e+09 -8.96479001e-02  7.38415424e-03  9.10352100e-01  7.38415424e-03 
 6.45654229e+09 -8.97109862e-02  7.28173150e-03  9.10289014e-01  7.28173150e-03 
 6.60693448e+09 -8.97707321e-02  7.18359263e-03  9.10229268e-01  7.18359263e-03 
 6.76082975e+09 -8.98272599e-02  7.08965248e-03  9.10172740e-01  7.08965248e-03 
 6.91830971e+09 -8.98806851e-02  6.99982977e-03  9.10119315e-01  6.99982977e-03 
 7.07945784e+09 -8.99311172e-02  6.91404697e-03  9.10068883e-01  6.91404697e-03 
 7.24435960e+09 -8.99786597e-02  6.83223005e-03  9.10021340e-01  6.83223005e-03 
 7.41310241e+09 -9.00234103e-02  6.75430843e-03  9.09976590e-01  6.75430843e-03 
 7.58577575e+09 -9.00654613e-02  6.68021471e-03  9.09934539e-01  6.68021471e-03 
 7.76247117e+09 -9.01048995e-02  6.60988463e-03  9.09895100e-01  6.60988463e-03 
 7.94328235e+09 -9.01418065e-02  6.54325687e-03  9.09858193e-01  6.54325687e-03 
 8.12830516e+09 -9.01762589e-02  6.48027292e-03  9.09823741e-01  6.48027292e-03 
 8.31763771e+09 -9.02083285e-02  6.42087698e-03  9.09791672e-01  6.42087698e-03 
 8.51138038e+09 -9.02380821e-02  6.36501580e-03  9.09761918e-01  6.36501580e-03 
 8.70963590e+09 -9.02655821e-02  6.31263858e-03  9.09734418e-01  6.31263858e-03 
 8.91250938e+09 -9.02908865e-02  6.26369686e-03  9.09709113e-01  6.26369686e-03 
 9.12010839e+09 -9.03140487e-02  6.21814438e-03  9.09685951e-01  6.21814438e-03 
 9.33254301e+09 -9.03351180e-02  6.17593698e-03  9.09664882e-01  6.17593698e-03 
 9.54992586e+09 -9.03541396e-02  6.13703249e-03  9.09645860e-01  6.13703249e-03 
 9.77237221e+09 -9.03711545e-02  6.10139064e-03  9.09628846e-01  6.10139064e-03 
 1.00000000e+10 -9.03861999e-02  6.06897293e-03  9.09613800e-01  6.06897293e-03 
 1.02329299e+10 -9.03993091e-02  6.03974252e-03  9.09600691e-01  6.03974252e-03 
 1.04712855e+10 -9.04105117e-02  6.01366416e-03  9.09589488e-01  6.01366416e-03 
 1.07151931e+10 -9.04198335e-02  5.99070406e-03  9.09580167e-01  5.99070406e-03 
 1.09647820e+10 -9.04272967e-02  5.97082979e-03  9.09572703e-01  5.97082979e-03 
 1.12201845e+10 -9.04329200e-02  5.95401020e-03  9.09567080e-01  5.95401020e-03 
 1.14815362e+10 -9.04367186e-02  5.94021527e-03  9.09563281e-01  5.94021527e-03 
 1.17489755e+10 -9.04387042e-02  5.92941607e-03  9.09561296e-01  5.92941607e-03 
 1.20226443e+10 -9.04388852e-02  5.92158461e-03  9.09561115e-01  5.92158461e-03 
 1.23026877e+10 -9.04372666e-02  5.91669372e-03  9.09562733e-01  5.91669372e-03 
 1.25892541e+10 -9.04338502e-02  5.91471701e-03  9.09566150e-01  5.91471701e-03 
 1.28824955e+10 -9.04286344e-02  5.91562869e-03  9.09571366e-01  5.91562869e-03 
 1.31825674e+10 -9.04216145e-02  5.91940349e-03  9.09578386e-01  5.91940349e-03 
 1.34896288e+10 -9.04127827e-02  5.92601655e-03  9.09587217e-01  5.92601655e-03 
 1.38038426e+10 -9.04021280e-02  5.93544328e-03  9.09597872e-01  5.93544328e-03 
 1.41253754e+10 -9.03896362e-02  5.94765927e-03  9.09610364e-01  5.94765927e-03 
 1.44543977e+10 -9.03752903e-02  5.96264015e-03  9.09624710e-01  5.96264015e-03 
 1.47910839e+10 -9.03590700e-02  5.98036144e-03  9.09640930e-01  5.98036144e-03 
 1.51356125e+10 -9.03409522e-02  6.00079846e-03  9.09659048e-01  6.00079846e-03 
 1.54881662e+10 -9.03209107e-02  6.02392618e-03  9.09679089e-01  6.02392618e-03 
 1.58489319e+10 -9.02989165e-02  6.04971904e-03  9.09701084e-01  6.04971904e-03 
 1.62181010e+10 -9.02749375e-02  6.07815087e-03  9.09725063e-01  6.07815087e-03 
 1.65958691e+10 -9.02489389e-02  6.10919470e-03  9.09751061e-01  6.10919470e-03 
 1.69824365e+10 -9.02208831e-02  6.14282262e-03  9.09779117e-01  6.14282262e-03 
 1.73780083e+10 -9.01907296e-02  6.17900558e-03  9.09809270e-01  6.17900558e-03 
 1.77827941e+10 -9.01584353e-02  6.21771331e-03  9.09841565e-01  6.21771331e-03 
 1.81970086e+10 -9.01239542e-02  6.25891405e-03  9.09876046e-01  6.25891405e-03 
 1.86208714e+10 -9.00872379e-02  6.30257445e-03  9.09912762e-01  6.30257445e-03 
 1.90546072e+10 -9.00482353e-02  6.34865934e-03  9.09951765e-01  6.34865934e-03 
 1.94984460e+10 -9.00068928e-02  6.39713157e-03  9.09993107e-01  6.39713157e-03 
 1.99526231e+10 -8.99631545e-02  6.44795181e-03  9.10036845e-01  6.44795181e-03 
 2.04173794e+10 -8.99169620e-02  6.50107836e-03  9.10083038e-01  6.50107836e-03 
 2.08929613e+10 -8.98682548e-02  6.55646691e-03  9.10131745e-01  6.55646691e-03 
 2.13796209e+10 -8.98169700e-02  6.61407039e-03  9.10183030e-01  6.61407039e-03 
 2.18776162e+10 -8.97630431e-02  6.67383874e-03  9.10236957e-01  6.67383874e-03 
 2.23872114e+10 -8.97064073e-02  6.73571867e-03  9.10293593e-01  6.73571867e-03 
 2.29086765e+10 -8.96469943e-02  6.79965346e-03  9.10353006e-01  6.79965346e-03 
 2.34422882e+10 -8.95847341e-02  6.86558278e-03  9.10415266e-01  6.86558278e-03 
 2.39883292e+10 -8.95195553e-02  6.93344238e-03  9.10480445e-01  6.93344238e-03 
 2.45470892e+10 -8.94513854e-02  7.00316398e-03  9.10548615e-01  7.00316398e-03 
 2.51188643e+10 -8.93801507e-02  7.07467496e-03  9.10619849e-01  7.07467496e-03 
 2.57039578e+10 -8.93057767e-02  7.14789819e-03  9.10694223e-01  7.14789819e-03 
 2.63026799e+10 -8.92281886e-02  7.22275179e-03  9.10771811e-01  7.22275179e-03 
 2.69153480e+10 -8.91473112e-02  7.29914896e-03  9.10852689e-01  7.29914896e-03 
 2.75422870e+10 -8.90630691e-02  7.37699774e-03  9.10936931e-01  7.37699774e-03 
 2.81838293e+10 -8.89753876e-02  7.45620082e-03  9.11024612e-01  7.45620082e-03 
 2.88403150e+10 -8.88841925e-02  7.53665538e-03  9.11115808e-01  7.53665538e-03 
 2.95120923e+10 -8.87894105e-02  7.61825292e-03  9.11210590e-01  7.61825292e-03 
 3.01995172e+10 -8.86909698e-02  7.70087905e-03  9.11309030e-01  7.70087905e-03 
 3.09029543e+10 -8.85888006e-02  7.78441345e-03  9.11411199e-01  7.78441345e-03 
 3.16227766e+10 -8.84828350e-02  7.86872965e-03  9.11517165e-01  7.86872965e-03 
 3.23593657e+10 -8.83730081e-02  7.95369502e-03  9.11626992e-01  7.95369502e-03 
 3.31131121e+10 -8.82592580e-02  8.03917065e-03  9.11740742e-01  8.03917065e-03 
 3.38844156e+10 -8.81415265e-02  8.12501134e-03  9.11858474e-01  8.12501134e-03 
 3.46736850e+10 -8.80197595e-02  8.21106556e-03  9.11980240e-01  8.21106556e-03 
 3.54813389e+10 -8.78939078e-02  8.29717553e-03  9.12106092e-01  8.29717553e-03 
 3.63078055e+10 -8.77639274e-02  8.38317726e-03  9.12236073e-01  8.38317726e-03 
 3.71535229e+10 -8.76297801e-02  8.46890063e-03  9.12370220e-01  8.46890063e-03 
 3.80189396e+10 -8.74914341e-02  8.55416961e-03  9.12508566e-01  8.55416961e-03 
 3.89045145e+10 -8.73488648e-02  8.63880239e-03  9.12651135e-01  8.63880239e-03 
 3.98107171e+10 -8.72020551e-02  8.72261171e-03  9.12797945e-01  8.72261171e-03 
 4.07380278e+10 -8.70509960e-02  8.80540509e-03  9.12949004e-01  8.80540509e-03 
 4.16869383e+10 -8.68956875e-02  8.88698524e-03  9.13104312e-01  8.88698524e-03 
 4.26579519e+10 -8.67361390e-02  8.96715046e-03  9.13263861e-01  8.96715046e-03 
 4.36515832e+10 -8.65723696e-02  9.04569512e-03  9.13427630e-01  9.04569512e-03 
 4.46683592e+10 -8.64044092e-02  9.12241023e-03  9.13595591e-01  9.12241023e-03 
 4.57088190e+10 -8.62322987e-02  9.19708396e-03  9.13767701e-01  9.19708396e-03 
 4.67735141e+10 -8.60560905e-02  9.26950240e-03  9.13943909e-01  9.26950240e-03 
 4.78630092e+10 -8.58758490e-02  9.33945020e-03  9.14124151e-01  9.33945020e-03 
 4.89778819e+10 -8.56916511e-02  9.40671140e-03  9.14308349e-01  9.40671140e-03 
 5.01187234e+10 -8.55035864e-02  9.47107022e-03  9.14496414e-01  9.47107022e-03 
 5.12861384e+10 -8.53117575e-02  9.53231199e-03  9.14688242e-01  9.53231199e-03 
 5.24807460e+10 -8.51162806e-02  9.59022408e-03  9.14883719e-01  9.59022408e-03 
 5.37031796e+10 -8.49172852e-02  9.64459687e-03  9.15082715e-01  9.64459687e-03 
 5.49540874e+10 -8.47149142e-02  9.69522475e-03  9.15285086e-01  9.69522475e-03 
 5.62341325e+10 -8.45093244e-02  9.74190722e-03  9.15490676e-01  9.74190722e-03 
 5.75439937e+10 -8.43006859e-02  9.78444996e-03  9.15699314e-01  9.78444996e-03 
 5.88843655e+10 -8.40891820e-02  9.82266587e-03  9.15910818e-01  9.82266587e-03 
 6.02559586e+10 -8.38750090e-02  9.85637623e-03  9.16124991e-01  9.85637623e-03 
 6.16595002e+10 -8.36583761e-02  9.88541178e-03  9.16341624e-01  9.88541178e-03 
 6.30957344e+10 -8.34395040e-02  9.90961377e-03  9.16560496e-01  9.90961377e-03 
 6.45654229e+10 -8.32186255e-02  9.92883508e-03  9.16781374e-01  9.92883508e-03 
 6.60693448e+10 -8.29959838e-02  9.94294118e-03  9.17004016e-01  9.94294118e-03 
 6.76082975e+10 -8.27718322e-02  9.95181113e-03  9.17228168e-01  9.95181113e-03 
 6.91830971e+10 -8.25464329e-02  9.95533852e-03  9.17453567e-01  9.95533852e-03 
 7.07945784e+10 -8.23200564e-02  9.95343225e-03  9.17679944e-01  9.95343225e-03 
 7.24435960e+10 -8.20929799e-02  9.94601736e-03  9.17907020e-01  9.94601736e-03 
 7.41310241e+10 -8.18654864e-02  9.93303566e-03  9.18134514e-01  9.93303566e-03 
 7.58577575e+10 -8.16378636e-02  9.91444629e-03  9.18362136e-01  9.91444629e-03 
 7.76247117e+10 -8.14104021e-02  9.89022622e-03  9.18589598e-01  9.89022622e-03 
 7.94328235e+10 -8.11833945e-02  9.86037054e-03  9.18816606e-01  9.86037054e-03 
 8.12830516e+10 -8.09571337e-02  9.82489269e-03  9.19042866e-01  9.82489269e-03 
 8.31763771e+10 -8.07319118e-02  9.78382454e-03  9.19268088e-01  9.78382454e-03 
 8.51138038e+10 -8.05080181e-02  9.73721636e-03  9.19491982e-01  9.73721636e-03 
 8.70963590e+10 -8.02857380e-02  9.68513658e-03  9.19714262e-01  9.68513658e-03 
 8.91250938e+10 -8.00653519e-02  9.62767151e-03  9.19934648e-01  9.62767151e-03 
 9.12010839e+10 -7.98471330e-02  9.56492488e-03  9.20152867e-01  9.56492488e-03 
 9.33254301e+10 -7.96313466e-02  9.49701723e-03  9.20368653e-01  9.49701723e-03 
 9.54992586e+10 -7.94182487e-02  9.42408519e-03  9.20581751e-01  9.42408519e-03 
 9.77237221e+10 -7.92080843e-02  9.34628069e-03  9.20791916e-01  9.34628069e-03 
 1.00000000e+11 -7.90010869e-02  9.26376995e-03  9.20998913e-01  9.26376995e-03 
