 frequency       v(finalp,finaln) v(finalp,finaln)
 1.00000000e+06 -1.70210907e+03 -3.84371608e+02 
 1.02329299e+06 -1.70505808e+03 -3.76064887e+02 
 1.04712855e+06 -1.70788032e+03 -3.67916921e+02 
 1.07151931e+06 -1.71058100e+03 -3.59925988e+02 
 1.09647820e+06 -1.71316511e+03 -3.52090292e+02 
 1.12201845e+06 -1.71563747e+03 -3.44407963e+02 
 1.14815362e+06 -1.71800272e+03 -3.36877073e+02 
 1.17489755e+06 -1.72026532e+03 -3.29495638e+02 
 1.20226443e+06 -1.72242956e+03 -3.22261625e+02 
 1.23026877e+06 -1.72449957e+03 -3.15172963e+02 
 1.25892541e+06 -1.72647930e+03 -3.08227546e+02 
 1.28824955e+06 -1.72837258e+03 -3.01423238e+02 
 1.31825674e+06 -1.73018305e+03 -2.94757881e+02 
 1.34896288e+06 -1.73191424e+03 -2.88229295e+02 
 1.38038426e+06 -1.73356952e+03 -2.81835291e+02 
 1.41253754e+06 -1.73515213e+03 -2.75573666e+02 
 1.44543977e+06 -1.73666518e+03 -2.69442212e+02 
 1.47910839e+06 -1.73811164e+03 -2.63438719e+02 
 1.51356125e+06 -1.73949439e+03 -2.57560979e+02 
 1.54881662e+06 -1.74081616e+03 -2.51806786e+02 
 1.58489319e+06 -1.74207958e+03 -2.46173940e+02 
 1.62181010e+06 -1.74328718e+03 -2.40660254e+02 
 1.65958691e+06 -1.74444137e+03 -2.35263548e+02 
 1.69824365e+06 -1.74554447e+03 -2.29981659e+02 
 1.73780083e+06 -1.74659869e+03 -2.24812439e+02 
 1.77827941e+06 -1.74760617e+03 -2.19753755e+02 
 1.81970086e+06 -1.74856894e+03 -2.14803496e+02 
 1.86208714e+06 -1.74948895e+03 -2.09959570e+02 
 1.90546072e+06 -1.75036807e+03 -2.05219907e+02 
 1.94984460e+06 -1.75120808e+03 -2.00582459e+02 
 1.99526231e+06 -1.75201070e+03 -1.96045202e+02 
 2.04173794e+06 -1.75277756e+03 -1.91606138e+02 
 2.08929613e+06 -1.75351024e+03 -1.87263293e+02 
 2.13796209e+06 -1.75421024e+03 -1.83014720e+02 
 2.18776162e+06 -1.75487898e+03 -1.78858497e+02 
 2.23872114e+06 -1.75551785e+03 -1.74792731e+02 
 2.29086765e+06 -1.75612817e+03 -1.70815557e+02 
 2.34422882e+06 -1.75671118e+03 -1.66925136e+02 
 2.39883292e+06 -1.75726809e+03 -1.63119658e+02 
 2.45470892e+06 -1.75780005e+03 -1.59397343e+02 
 2.51188643e+06 -1.75830816e+03 -1.55756437e+02 
 2.57039578e+06 -1.75879348e+03 -1.52195216e+02 
 2.63026799e+06 -1.75925700e+03 -1.48711985e+02 
 2.69153480e+06 -1.75969970e+03 -1.45305077e+02 
 2.75422870e+06 -1.76012249e+03 -1.41972854e+02 
 2.81838293e+06 -1.76052625e+03 -1.38713706e+02 
 2.88403150e+06 -1.76091181e+03 -1.35526051e+02 
 2.95120923e+06 -1.76128000e+03 -1.32408338e+02 
 3.01995172e+06 -1.76163156e+03 -1.29359041e+02 
 3.09029543e+06 -1.76196724e+03 -1.26376663e+02 
 3.16227766e+06 -1.76228773e+03 -1.23459735e+02 
 3.23593657e+06 -1.76259371e+03 -1.20606814e+02 
 3.31131121e+06 -1.76288581e+03 -1.17816486e+02 
 3.38844156e+06 -1.76316464e+03 -1.15087362e+02 
 3.46736850e+06 -1.76343080e+03 -1.12418081e+02 
 3.54813389e+06 -1.76368483e+03 -1.09807307e+02 
 3.63078055e+06 -1.76392727e+03 -1.07253731e+02 
 3.71535229e+06 -1.76415863e+03 -1.04756069e+02 
 3.80189396e+06 -1.76437940e+03 -1.02313060e+02 
 3.89045145e+06 -1.76459002e+03 -9.99234722e+01 
 3.98107171e+06 -1.76479096e+03 -9.75860942e+01 
 4.07380278e+06 -1.76498263e+03 -9.52997407e+01 
 4.16869383e+06 -1.76516543e+03 -9.30632493e+01 
 4.26579519e+06 -1.76533976e+03 -9.08754813e+01 
 4.36515832e+06 -1.76550596e+03 -8.87353205e+01 
 4.46683592e+06 -1.76566441e+03 -8.66416736e+01 
 4.57088190e+06 -1.76581542e+03 -8.45934690e+01 
 4.67735141e+06 -1.76595932e+03 -8.25896572e+01 
 4.78630092e+06 -1.76609641e+03 -8.06292099e+01 
 4.89778819e+06 -1.76622698e+03 -7.87111197e+01 
 5.01187234e+06 -1.76635131e+03 -7.68344000e+01 
 5.12861384e+06 -1.76646965e+03 -7.49980841e+01 
 5.24807460e+06 -1.76658226e+03 -7.32012254e+01 
 5.37031796e+06 -1.76668938e+03 -7.14428967e+01 
 5.49540874e+06 -1.76679123e+03 -6.97221898e+01 
 5.62341325e+06 -1.76688802e+03 -6.80382151e+01 
 5.75439937e+06 -1.76697997e+03 -6.63901017e+01 
 5.88843655e+06 -1.76706727e+03 -6.47769964e+01 
 6.02559586e+06 -1.76715010e+03 -6.31980637e+01 
 6.16595002e+06 -1.76722863e+03 -6.16524854e+01 
 6.30957344e+06 -1.76730304e+03 -6.01394602e+01 
 6.45654229e+06 -1.76737349e+03 -5.86582036e+01 
 6.60693448e+06 -1.76744011e+03 -5.72079470e+01 
 6.76082975e+06 -1.76750306e+03 -5.57879381e+01 
 6.91830971e+06 -1.76756247e+03 -5.43974399e+01 
 7.07945784e+06 -1.76761847e+03 -5.30357310e+01 
 7.24435960e+06 -1.76767116e+03 -5.17021048e+01 
 7.41310241e+06 -1.76772068e+03 -5.03958693e+01 
 7.58577575e+06 -1.76776712e+03 -4.91163471e+01 
 7.76247117e+06 -1.76781059e+03 -4.78628748e+01 
 7.94328235e+06 -1.76785118e+03 -4.66348027e+01 
 8.12830516e+06 -1.76788897e+03 -4.54314947e+01 
 8.31763771e+06 -1.76792405e+03 -4.42523280e+01 
 8.51138038e+06 -1.76795650e+03 -4.30966929e+01 
 8.70963590e+06 -1.76798638e+03 -4.19639921e+01 
 8.91250938e+06 -1.76801377e+03 -4.08536411e+01 
 9.12010839e+06 -1.76803872e+03 -3.97650675e+01 
 9.33254301e+06 -1.76806130e+03 -3.86977109e+01 
 9.54992586e+06 -1.76808154e+03 -3.76510226e+01 
 9.77237221e+06 -1.76809951e+03 -3.66244658e+01 
 1.00000000e+07 -1.76811525e+03 -3.56175146e+01 
 1.02329299e+07 -1.76812878e+03 -3.46296546e+01 
 1.04712855e+07 -1.76814016e+03 -3.36603820e+01 
 1.07151931e+07 -1.76814940e+03 -3.27092041e+01 
 1.09647820e+07 -1.76815653e+03 -3.17756385e+01 
 1.12201845e+07 -1.76816159e+03 -3.08592132e+01 
 1.14815362e+07 -1.76816457e+03 -2.99594667e+01 
 1.17489755e+07 -1.76816551e+03 -2.90759473e+01 
 1.20226443e+07 -1.76816442e+03 -2.82082133e+01 
 1.23026877e+07 -1.76816129e+03 -2.73558328e+01 
 1.25892541e+07 -1.76815614e+03 -2.65183835e+01 
 1.28824955e+07 -1.76814897e+03 -2.56954525e+01 
 1.31825674e+07 -1.76813977e+03 -2.48866366e+01 
 1.34896288e+07 -1.76812855e+03 -2.40915416e+01 
 1.38038426e+07 -1.76811529e+03 -2.33097826e+01 
 1.41253754e+07 -1.76809999e+03 -2.25409838e+01 
 1.44543977e+07 -1.76808263e+03 -2.17847784e+01 
 1.47910839e+07 -1.76806319e+03 -2.10408083e+01 
 1.51356125e+07 -1.76804166e+03 -2.03087246e+01 
 1.54881662e+07 -1.76801802e+03 -1.95881869e+01 
 1.58489319e+07 -1.76799224e+03 -1.88788636e+01 
 1.62181010e+07 -1.76796430e+03 -1.81804318e+01 
 1.65958691e+07 -1.76793417e+03 -1.74925772e+01 
 1.69824365e+07 -1.76790182e+03 -1.68149939e+01 
 1.73780083e+07 -1.76786721e+03 -1.61473848e+01 
 1.77827941e+07 -1.76783033e+03 -1.54894610e+01 
 1.81970086e+07 -1.76779112e+03 -1.48409424e+01 
 1.86208714e+07 -1.76774955e+03 -1.42015570e+01 
 1.90546072e+07 -1.76770560e+03 -1.35710413e+01 
 1.94984460e+07 -1.76765921e+03 -1.29491404e+01 
 1.99526231e+07 -1.76761034e+03 -1.23356074e+01 
 2.04173794e+07 -1.76755897e+03 -1.17302040e+01 
 2.08929613e+07 -1.76750504e+03 -1.11326999e+01 
 2.13796209e+07 -1.76744852e+03 -1.05428733e+01 
 2.18776162e+07 -1.76738936e+03 -9.96051055e+00 
 2.23872114e+07 -1.76732752e+03 -9.38540609e+00 
 2.29086765e+07 -1.76726297e+03 -8.81736250e+00 
 2.34422882e+07 -1.76719566e+03 -8.25619040e+00 
 2.39883292e+07 -1.76712556e+03 -7.70170836e+00 
 2.45470892e+07 -1.76705263e+03 -7.15374281e+00 
 2.51188643e+07 -1.76697683e+03 -6.61212795e+00 
 2.57039578e+07 -1.76689813e+03 -6.07670558e+00 
 2.63026799e+07 -1.76681650e+03 -5.54732502e+00 
 2.69153480e+07 -1.76673191e+03 -5.02384289e+00 
 2.75422870e+07 -1.76664434e+03 -4.50612292e+00 
 2.81838293e+07 -1.76655376e+03 -3.99403579e+00 
 2.88403150e+07 -1.76646016e+03 -3.48745882e+00 
 2.95120923e+07 -1.76636353e+03 -2.98627576e+00 
 3.01995172e+07 -1.76626385e+03 -2.49037646e+00 
 3.09029543e+07 -1.76616113e+03 -1.99965655e+00 
 3.16227766e+07 -1.76605536e+03 -1.51401706e+00 
 3.23593657e+07 -1.76594655e+03 -1.03336408e+00 
 3.31131121e+07 -1.76583471e+03 -5.57608262e-01 
 3.38844156e+07 -1.76571987e+03 -8.66644289e-02 
 3.46736850e+07 -1.76560204e+03  3.79548964e-01 
 3.54813389e+07 -1.76548127e+03  8.41110334e-01 
 3.63078055e+07 -1.76535760e+03  1.29809553e+00 
 3.71535229e+07 -1.76523106e+03  1.75057842e+00 
 3.80189396e+07 -1.76510172e+03  2.19863149e+00 
 3.89045145e+07 -1.76496964e+03  2.64232652e+00 
 3.98107171e+07 -1.76483489e+03  3.08173521e+00 
 4.07380278e+07 -1.76469755e+03  3.51692985e+00 
 4.16869383e+07 -1.76455771e+03  3.94798409e+00 
 4.26579519e+07 -1.76441546e+03  4.37497356e+00 
 4.36515832e+07 -1.76427090e+03  4.79797664e+00 
 4.46683592e+07 -1.76412415e+03  5.21707517e+00 
 4.57088190e+07 -1.76397532e+03  5.63235514e+00 
 4.67735141e+07 -1.76382453e+03  6.04390744e+00 
 4.78630092e+07 -1.76367192e+03  6.45182851e+00 
 4.89778819e+07 -1.76351764e+03  6.85622103e+00 
 5.01187234e+07 -1.76336181e+03  7.25719460e+00 
 5.12861384e+07 -1.76320460e+03  7.65486629e+00 
 5.24807460e+07 -1.76304616e+03  8.04936126e+00 
 5.37031796e+07 -1.76288665e+03  8.44081332e+00 
 5.49540874e+07 -1.76272624e+03  8.82936536e+00 
 5.62341325e+07 -1.76256509e+03  9.21516984e+00 
 5.75439937e+07 -1.76240338e+03  9.59838918e+00 
 5.88843655e+07 -1.76224127e+03  9.97919605e+00 
 6.02559586e+07 -1.76207895e+03  1.03577737e+01 
 6.16595002e+07 -1.76191659e+03  1.07343160e+01 
 6.30957344e+07 -1.76175436e+03  1.11090279e+01 
 6.45654229e+07 -1.76159244e+03  1.14821252e+01 
 6.60693448e+07 -1.76143101e+03  1.18538346e+01 
 6.76082975e+07 -1.76127023e+03  1.22243940e+01 
 6.91830971e+07 -1.76111027e+03  1.25940518e+01 
 7.07945784e+07 -1.76095130e+03  1.29630674e+01 
 7.24435960e+07 -1.76079347e+03  1.33317104e+01 
 7.41310241e+07 -1.76063695e+03  1.37002605e+01 
 7.58577575e+07 -1.76048188e+03  1.40690076e+01 
 7.76247117e+07 -1.76032841e+03  1.44382508e+01 
 7.94328235e+07 -1.76017668e+03  1.48082984e+01 
 8.12830516e+07 -1.76002682e+03  1.51794673e+01 
 8.31763771e+07 -1.75987895e+03  1.55520829e+01 
 8.51138038e+07 -1.75973319e+03  1.59264780e+01 
 8.70963590e+07 -1.75958965e+03  1.63029929e+01 
 8.91250938e+07 -1.75944843e+03  1.66819746e+01 
 9.12010839e+07 -1.75930962e+03  1.70637764e+01 
 9.33254301e+07 -1.75917332e+03  1.74487576e+01 
 9.54992586e+07 -1.75903959e+03  1.78372824e+01 
 9.77237221e+07 -1.75890852e+03  1.82297204e+01 
 1.00000000e+08 -1.75878015e+03  1.86264451e+01 
 1.02329299e+08 -1.75865454e+03  1.90278343e+01 
 1.04712855e+08 -1.75853174e+03  1.94342693e+01 
 1.07151931e+08 -1.75841178e+03  1.98461346e+01 
 1.09647820e+08 -1.75829470e+03  2.02638175e+01 
 1.12201845e+08 -1.75818052e+03  2.06877080e+01 
 1.14815362e+08 -1.75806925e+03  2.11181982e+01 
 1.17489755e+08 -1.75796091e+03  2.15556823e+01 
 1.20226443e+08 -1.75785550e+03  2.20005563e+01 
 1.23026877e+08 -1.75775301e+03  2.24532180e+01 
 1.25892541e+08 -1.75765344e+03  2.29140664e+01 
 1.28824955e+08 -1.75755677e+03  2.33835022e+01 
 1.31825674e+08 -1.75746299e+03  2.38619274e+01 
 1.34896288e+08 -1.75737208e+03  2.43497452e+01 
 1.38038426e+08 -1.75728399e+03  2.48473603e+01 
 1.41253754e+08 -1.75719872e+03  2.53551786e+01 
 1.44543977e+08 -1.75711621e+03  2.58736077e+01 
 1.47910839e+08 -1.75703644e+03  2.64030565e+01 
 1.51356125e+08 -1.75695936e+03  2.69439358e+01 
 1.54881662e+08 -1.75688493e+03  2.74966581e+01 
 1.58489319e+08 -1.75681310e+03  2.80616378e+01 
 1.62181010e+08 -1.75674383e+03  2.86392918e+01 
 1.65958691e+08 -1.75667707e+03  2.92300392e+01 
 1.69824365e+08 -1.75661277e+03  2.98343020e+01 
 1.73780083e+08 -1.75655088e+03  3.04525050e+01 
 1.77827941e+08 -1.75649134e+03  3.10850761e+01 
 1.81970086e+08 -1.75643411e+03  3.17324471e+01 
 1.86208714e+08 -1.75637913e+03  3.23950533e+01 
 1.90546072e+08 -1.75632635e+03  3.30733342e+01 
 1.94984460e+08 -1.75627571e+03  3.37677338e+01 
 1.99526231e+08 -1.75622717e+03  3.44787011e+01 
 2.04173794e+08 -1.75618067e+03  3.52066899e+01 
 2.08929613e+08 -1.75613616e+03  3.59521599e+01 
 2.13796209e+08 -1.75609360e+03  3.67155764e+01 
 2.18776162e+08 -1.75605292e+03  3.74974111e+01 
 2.23872114e+08 -1.75601408e+03  3.82981423e+01 
 2.29086765e+08 -1.75597704e+03  3.91182553e+01 
 2.34422882e+08 -1.75594175e+03  3.99582429e+01 
 2.39883292e+08 -1.75590815e+03  4.08186055e+01 
 2.45470892e+08 -1.75587622e+03  4.16998519e+01 
 2.51188643e+08 -1.75584590e+03  4.26024994e+01 
 2.57039578e+08 -1.75581715e+03  4.35270742e+01 
 2.63026799e+08 -1.75578994e+03  4.44741121e+01 
 2.69153480e+08 -1.75576422e+03  4.54441585e+01 
 2.75422870e+08 -1.75573996e+03  4.64377692e+01 
 2.81838293e+08 -1.75571713e+03  4.74555106e+01 
 2.88403150e+08 -1.75569569e+03  4.84979600e+01 
 2.95120923e+08 -1.75567561e+03  4.95657065e+01 
 3.01995172e+08 -1.75565686e+03  5.06593508e+01 
 3.09029543e+08 -1.75563941e+03  5.17795061e+01 
 3.16227766e+08 -1.75562323e+03  5.29267984e+01 
 3.23593657e+08 -1.75560831e+03  5.41018670e+01 
 3.31131121e+08 -1.75559462e+03  5.53053648e+01 
 3.38844156e+08 -1.75558214e+03  5.65379587e+01 
 3.46736850e+08 -1.75557085e+03  5.78003306e+01 
 3.54813389e+08 -1.75556073e+03  5.90931770e+01 
 3.63078055e+08 -1.75555177e+03  6.04172104e+01 
 3.71535229e+08 -1.75554395e+03  6.17731589e+01 
 3.80189396e+08 -1.75553727e+03  6.31617675e+01 
 3.89045145e+08 -1.75553172e+03  6.45837981e+01 
 3.98107171e+08 -1.75552728e+03  6.60400300e+01 
 4.07380278e+08 -1.75552395e+03  6.75312607e+01 
 4.16869383e+08 -1.75552174e+03  6.90583063e+01 
 4.26579519e+08 -1.75552063e+03  7.06220021e+01 
 4.36515832e+08 -1.75552063e+03  7.22232028e+01 
 4.46683592e+08 -1.75552175e+03  7.38627837e+01 
 4.57088190e+08 -1.75552398e+03  7.55416408e+01 
 4.67735141e+08 -1.75552734e+03  7.72606914e+01 
 4.78630092e+08 -1.75553183e+03  7.90208750e+01 
 4.89778819e+08 -1.75553746e+03  8.08231539e+01 
 5.01187234e+08 -1.75554426e+03  8.26685133e+01 
 5.12861384e+08 -1.75555223e+03  8.45579629e+01 
 5.24807460e+08 -1.75556140e+03  8.64925367e+01 
 5.37031796e+08 -1.75557178e+03  8.84732941e+01 
 5.49540874e+08 -1.75558341e+03  9.05013206e+01 
 5.62341325e+08 -1.75559629e+03  9.25777287e+01 
 5.75439937e+08 -1.75561047e+03  9.47036583e+01 
 5.88843655e+08 -1.75562598e+03  9.68802777e+01 
 6.02559586e+08 -1.75564284e+03  9.91087844e+01 
 6.16595002e+08 -1.75566110e+03  1.01390406e+02 
 6.30957344e+08 -1.75568080e+03  1.03726401e+02 
 6.45654229e+08 -1.75570197e+03  1.06118060e+02 
 6.60693448e+08 -1.75572467e+03  1.08566705e+02 
 6.76082975e+08 -1.75574894e+03  1.11073693e+02 
 6.91830971e+08 -1.75577484e+03  1.13640417e+02 
 7.07945784e+08 -1.75580241e+03  1.16268303e+02 
 7.24435960e+08 -1.75583173e+03  1.18958814e+02 
 7.41310241e+08 -1.75586285e+03  1.21713454e+02 
 7.58577575e+08 -1.75589584e+03  1.24533764e+02 
 7.76247117e+08 -1.75593077e+03  1.27421324e+02 
 7.94328235e+08 -1.75596771e+03  1.30377757e+02 
 8.12830516e+08 -1.75600675e+03  1.33404731e+02 
 8.31763771e+08 -1.75604797e+03  1.36503955e+02 
 8.51138038e+08 -1.75609145e+03  1.39677184e+02 
 8.70963590e+08 -1.75613730e+03  1.42926223e+02 
 8.91250938e+08 -1.75618560e+03  1.46252923e+02 
 9.12010839e+08 -1.75623646e+03  1.49659185e+02 
 9.33254301e+08 -1.75628999e+03  1.53146965e+02 
 9.54992586e+08 -1.75634631e+03  1.56718271e+02 
 9.77237221e+08 -1.75640554e+03  1.60375165e+02 
 1.00000000e+09 -1.75646779e+03  1.64119771e+02 
 1.02329299e+09 -1.75653321e+03  1.67954267e+02 
 1.04712855e+09 -1.75660194e+03  1.71880898e+02 
 1.07151931e+09 -1.75667412e+03  1.75901969e+02 
 1.09647820e+09 -1.75674991e+03  1.80019855e+02 
 1.12201845e+09 -1.75682946e+03  1.84236997e+02 
 1.14815362e+09 -1.75691296e+03  1.88555909e+02 
 1.17489755e+09 -1.75700058e+03  1.92979177e+02 
 1.20226443e+09 -1.75709250e+03  1.97509468e+02 
 1.23026877e+09 -1.75718894e+03  2.02149525e+02 
 1.25892541e+09 -1.75729008e+03  2.06902177e+02 
 1.28824955e+09 -1.75739615e+03  2.11770338e+02 
 1.31825674e+09 -1.75750738e+03  2.16757013e+02 
 1.34896288e+09 -1.75762401e+03  2.21865301e+02 
 1.38038426e+09 -1.75774628e+03  2.27098400e+02 
 1.41253754e+09 -1.75787446e+03  2.32459608e+02 
 1.44543977e+09 -1.75800883e+03  2.37952331e+02 
 1.47910839e+09 -1.75814967e+03  2.43580086e+02 
 1.51356125e+09 -1.75829729e+03  2.49346508e+02 
 1.54881662e+09 -1.75845200e+03  2.55255353e+02 
 1.58489319e+09 -1.75861414e+03  2.61310502e+02 
 1.62181010e+09 -1.75878406e+03  2.67515973e+02 
 1.65958691e+09 -1.75896212e+03  2.73875922e+02 
 1.69824365e+09 -1.75914870e+03  2.80394654e+02 
 1.73780083e+09 -1.75934422e+03  2.87076625e+02 
 1.77827941e+09 -1.75954908e+03  2.93926454e+02 
 1.81970086e+09 -1.75976373e+03  3.00948932e+02 
 1.86208714e+09 -1.75998862e+03  3.08149027e+02 
 1.90546072e+09 -1.76022426e+03  3.15531895e+02 
 1.94984460e+09 -1.76047113e+03  3.23102893e+02 
 1.99526231e+09 -1.76072977e+03  3.30867586e+02 
 2.04173794e+09 -1.76100074e+03  3.38831760e+02 
 2.08929613e+09 -1.76128462e+03  3.47001435e+02 
 2.13796209e+09 -1.76158201e+03  3.55382878e+02 
 2.18776162e+09 -1.76189355e+03  3.63982618e+02 
 2.23872114e+09 -1.76221991e+03  3.72807458e+02 
 2.29086765e+09 -1.76256178e+03  3.81864499e+02 
 2.34422882e+09 -1.76291990e+03  3.91161149e+02 
 2.39883292e+09 -1.76329501e+03  4.00705150e+02 
 2.45470892e+09 -1.76368792e+03  4.10504593e+02 
 2.51188643e+09 -1.76409945e+03  4.20567946e+02 
 2.57039578e+09 -1.76453047e+03  4.30904071e+02 
 2.63026799e+09 -1.76498189e+03  4.41522259e+02 
 2.69153480e+09 -1.76545464e+03  4.52432250e+02 
 2.75422870e+09 -1.76594970e+03  4.63644271e+02 
 2.81838293e+09 -1.76646811e+03  4.75169065e+02 
 2.88403150e+09 -1.76701091e+03  4.87017927e+02 
 2.95120923e+09 -1.76757922e+03  4.99202748e+02 
 3.01995172e+09 -1.76817417e+03  5.11736051e+02 
 3.09029543e+09 -1.76879696e+03  5.24631044e+02 
 3.16227766e+09 -1.76944882e+03  5.37901668e+02 
 3.23593657e+09 -1.77013101e+03  5.51562652e+02 
 3.31131121e+09 -1.77084486e+03  5.65629573e+02 
 3.38844156e+09 -1.77159170e+03  5.80118927e+02 
 3.46736850e+09 -1.77237294e+03  5.95048195e+02 
 3.54813389e+09 -1.77318998e+03  6.10435927e+02 
 3.63078055e+09 -1.77404429e+03  6.26301827e+02 
 3.71535229e+09 -1.77493734e+03  6.42666849e+02 
 3.80189396e+09 -1.77587062e+03  6.59553306e+02 
 3.89045145e+09 -1.77684564e+03  6.76984978e+02 
 3.98107171e+09 -1.77786392e+03  6.94987250e+02 
 4.07380278e+09 -1.77892696e+03  7.13587246e+02 
 4.16869383e+09 -1.78003622e+03  7.32813986e+02 
 4.26579519e+09 -1.78119314e+03  7.52698566e+02 
 4.36515832e+09 -1.78239909e+03  7.73274342e+02 
 4.46683592e+09 -1.78365537e+03  7.94577147e+02 
 4.57088190e+09 -1.78496312e+03  8.16645530e+02 
 4.67735141e+09 -1.78632338e+03  8.39521022e+02 
 4.78630092e+09 -1.78773694e+03  8.63248427e+02 
 4.89778819e+09 -1.78920438e+03  8.87876162e+02 
 5.01187234e+09 -1.79072595e+03  9.13456621e+02 
 5.12861384e+09 -1.79230150e+03  9.40046598e+02 
 5.24807460e+09 -1.79393044e+03  9.67707759e+02 
 5.37031796e+09 -1.79561155e+03  9.96507169e+02 
 5.49540874e+09 -1.79734293e+03  1.02651790e+03 
 5.62341325e+09 -1.79912181e+03  1.05781970e+03 
 5.75439937e+09 -1.80094434e+03  1.09049979e+03 
 5.88843655e+09 -1.80280541e+03  1.12465373e+03 
 6.02559586e+09 -1.80469834e+03  1.16038643e+03 
 6.16595002e+09 -1.80661460e+03  1.19781333e+03 
 6.30957344e+09 -1.80854335e+03  1.23706169e+03 
 6.45654229e+09 -1.81047100e+03  1.27827217e+03 
 6.60693448e+09 -1.81238056e+03  1.32160058e+03 
 6.76082975e+09 -1.81425100e+03  1.36721994e+03 
 6.91830971e+09 -1.81605627e+03  1.41532289e+03 
 7.07945784e+09 -1.81776421e+03  1.46612448e+03 
 7.24435960e+09 -1.81933521e+03  1.51986549e+03 
 7.41310241e+09 -1.82072046e+03  1.57681626e+03 
 7.58577575e+09 -1.82185979e+03  1.63728130e+03 
 7.76247117e+09 -1.82267902e+03  1.70160474e+03 
 7.94328235e+09 -1.82308646e+03  1.77017677e+03 
 8.12830516e+09 -1.82296859e+03  1.84344144e+03 
 8.31763771e+09 -1.82218442e+03  1.92190595e+03 
 8.51138038e+09 -1.82055828e+03  2.00615202e+03 
 8.70963590e+09 -1.81787036e+03  2.09684950e+03 
 8.91250938e+09 -1.81384438e+03  2.19477309e+03 
 9.12010839e+09 -1.80813121e+03  2.30082286e+03 
 9.33254301e+09 -1.80028703e+03  2.41604935e+03 
 9.54992586e+09 -1.78974393e+03  2.54168467e+03 
 9.77237221e+09 -1.77576980e+03  2.67918100e+03 
 1.00000000e+10 -1.75741316e+03  2.83025830e+03 
 1.02329299e+10 -1.73342620e+03  2.99696353e+03 
 1.04712855e+10 -1.70215637e+03  3.18174378e+03 
 1.07151931e+10 -1.66139120e+03  3.38753572e+03 
 1.09647820e+10 -1.60813349e+03  3.61787295e+03 
 1.12201845e+10 -1.53827074e+03  3.87700971e+03 
 1.14815362e+10 -1.44608195e+03  4.17005182e+03 
 1.17489755e+10 -1.32349147e+03  4.50306734e+03 
 1.20226443e+10 -1.15892611e+03  4.88310774e+03 
 1.23026877e+10 -9.35549292e+02  5.31797593e+03 
 1.25892541e+10 -6.28531549e+02  5.81536619e+03 
 1.28824955e+10 -2.00901829e+02  6.38053256e+03 
 1.31825674e+10  4.02407586e+02  7.01062634e+03 
 1.34896288e+10  1.26175428e+03  7.68179150e+03 
 1.38038426e+10  2.48652380e+03  8.32174125e+03 
 1.41253754e+10  4.19762149e+03  8.75887132e+03 
 1.44543977e+10  6.44218523e+03  8.65739722e+03 
 1.47910839e+10  8.98243072e+03  7.53676938e+03 
 1.51356125e+10  1.10838323e+04  5.10662222e+03 
 1.54881662e+10  1.18401056e+04  1.83509108e+03 
 1.58489319e+10  1.10596136e+04 -1.19548925e+03 
 1.62181010e+10  9.39401034e+03 -3.26272717e+03 
 1.65958691e+10  7.56872013e+03 -4.36013677e+03 
 1.69824365e+10  5.95406869e+03 -4.79520043e+03 
 1.73780083e+10  4.64239834e+03 -4.85509094e+03 
 1.77827941e+10  3.60834685e+03 -4.72484309e+03 
 1.81970086e+10  2.79691429e+03 -4.50796800e+03 
 1.86208714e+10  2.15567564e+03 -4.25872685e+03 
 1.90546072e+10  1.64273408e+03 -4.00440105e+03 
 1.94984460e+10  1.22658347e+03 -3.75804044e+03 
 1.99526231e+10  8.84003434e+02 -3.52530963e+03 
 2.04173794e+10  5.97923199e+02 -3.30808956e+03 
 2.08929613e+10  3.55721053e+02 -3.10636406e+03 
 2.13796209e+10  1.47975078e+02 -2.91920815e+03 
 2.18776162e+10 -3.24274920e+01 -2.74530423e+03 
 2.23872114e+10 -1.90919668e+02 -2.58320862e+03 
 2.29086765e+10 -3.31700064e+02 -2.43148495e+03 
 2.34422882e+10 -4.58050084e+02 -2.28876664e+03 
 2.39883292e+10 -5.72561940e+02 -2.15378149e+03 
 2.45470892e+10 -6.77304389e+02 -2.02535643e+03 
 2.51188643e+10 -7.73944680e+02 -1.90241215e+03 
 2.57039578e+10 -8.63839546e+02 -1.78395265e+03 
 2.63026799e+10 -9.48104206e+02 -1.66905250e+03 
 2.69153480e+10 -1.02766573e+03 -1.55684301e+03 
 2.75422870e+10 -1.10330543e+03 -1.44649756e+03 
 2.81838293e+10 -1.17569363e+03 -1.33721589e+03 
 2.88403150e+10 -1.24541955e+03 -1.22820666e+03 
 2.95120923e+10 -1.31301845e+03 -1.11866692e+03 
 3.01995172e+10 -1.37899785e+03 -1.00775673e+03 
 3.09029543e+10 -1.44386475e+03 -8.94565947e+02 
 3.16227766e+10 -1.50815556e+03 -7.78069132e+02 
 3.23593657e+10 -1.57247105e+03 -6.57061952e+02 
 3.31131121e+10 -1.63751886e+03 -5.30068731e+02 
 3.38844156e+10 -1.70416699e+03 -3.95204217e+02 
 3.46736850e+10 -1.77351267e+03 -2.49960667e+02 
 3.54813389e+10 -1.84697168e+03 -9.08690590e+01 
 3.63078055e+10 -1.92639259e+03  8.70605592e+01 
 3.71535229e+10 -2.01419252e+03  2.91305043e+02 
 3.80189396e+10 -2.11347707e+03  5.33584384e+02 
 3.89045145e+10 -2.22797826e+03  8.33258291e+02 
 3.98107171e+10 -2.36114484e+03  1.22439634e+03 
 4.07380278e+10 -2.51163366e+03  1.77181536e+03 
 4.16869383e+10 -2.65252221e+03  2.61093624e+03 
 4.26579519e+10 -2.62512323e+03  4.05102447e+03 
 4.36515832e+10 -1.50889005e+03  6.70950332e+03 
 4.46683592e+10  4.50996812e+03  8.61107129e+03 
 4.57088190e+10  7.92243604e+03  1.34162899e+03 
 4.67735141e+10  4.66208059e+03 -1.71001783e+03 
 4.78630092e+10  2.67417459e+03 -1.96847094e+03 
 4.89778819e+10  1.63262967e+03 -1.78666801e+03 
 5.01187234e+10  1.02977869e+03 -1.56538661e+03 
 5.12861384e+10  6.47698902e+02 -1.36897777e+03 
 5.24807460e+10  3.88379785e+02 -1.20369565e+03 
 5.37031796e+10  2.02857350e+02 -1.06547982e+03 
 5.49540874e+10  6.42211634e+01 -9.49288727e+02 
 5.62341325e+10 -4.36021635e+01 -8.50876012e+02 
 5.75439937e+10 -1.30997842e+02 -7.66945341e+02 
 5.88843655e+10 -2.05276228e+02 -6.94981990e+02 
 6.02559586e+10 -2.72174360e+02 -6.33054589e+02 
 6.16595002e+10 -3.36912164e+02 -5.79636333e+02 
 6.30957344e+10 -4.05232136e+02 -5.33417750e+02 
 6.45654229e+10 -4.84931386e+02 -4.93003543e+02 
 6.60693448e+10 -5.88986309e+02 -4.56124275e+02 
 6.76082975e+10 -7.43626079e+02 -4.16775372e+02 
 6.91830971e+10 -1.01444293e+03 -3.51110012e+02 
 7.07945784e+10 -1.61368624e+03 -1.08166974e+02 
 7.24435960e+10 -2.66151341e+03  2.17636216e+03 
 7.41310241e+10  1.47931232e+03  1.69439982e+03 
 7.58577575e+10  9.33992097e+02  3.78788257e+02 
 7.76247117e+10  6.00164930e+02  9.74050417e+01 
 7.94328235e+10  4.24725413e+02 -3.26000814e+00 
 8.12830516e+10  3.20453672e+02 -5.04098342e+01 
 8.31763771e+10  2.53085424e+02 -7.70491049e+01 
 8.51138038e+10  2.07325886e+02 -9.53761202e+01 
 8.70963590e+10  1.75537520e+02 -1.11515874e+02 
 8.91250938e+10  1.53679663e+02 -1.30146626e+02 
 9.12010839e+10  1.39672356e+02 -1.57542115e+02 
 9.33254301e+10  1.32345700e+02 -2.07913716e+02 
 9.54992586e+10  1.24435351e+02 -3.33728641e+02 
 9.77237221e+10 -2.23998844e+02 -9.07872556e+02 
 1.00000000e+11 -3.56319173e+02  3.89821309e+02 
