 time            v(bufinp)       v(bufinn)       v(outp)         v(outn)        
 0.00000000e+00  2.23500000e+00  2.23500000e+00  2.70519415e+00  2.70519415e+00 
 2.00000000e-14  2.23501398e+00  2.23498602e+00  2.70520570e+00  2.70518260e+00 
 4.00000000e-14  2.23502796e+00  2.23497204e+00  2.70521587e+00  2.70517243e+00 
 8.00000000e-14  2.23505592e+00  2.23494408e+00  2.70523424e+00  2.70515407e+00 
 1.60000000e-13  2.23511184e+00  2.23488816e+00  2.70526556e+00  2.70512274e+00 
 3.20000000e-13  2.23522368e+00  2.23477632e+00  2.70531147e+00  2.70507683e+00 
 6.40000000e-13  2.23544736e+00  2.23455264e+00  2.70532816e+00  2.70506014e+00 
 1.28000000e-12  2.23589472e+00  2.23410528e+00  2.70505388e+00  2.70533433e+00 
 2.56000000e-12  2.23678937e+00  2.23321063e+00  2.70360783e+00  2.70677993e+00 
 4.56000000e-12  2.23818702e+00  2.23181298e+00  2.70012293e+00  2.71026366e+00 
 6.56000000e-12  2.23958417e+00  2.23041583e+00  2.69602329e+00  2.71436172e+00 
 8.56000000e-12  2.24098059e+00  2.22901941e+00  2.69175860e+00  2.71862389e+00 
 1.05600000e-11  2.24237607e+00  2.22762393e+00  2.68748639e+00  2.72289221e+00 
 1.25600000e-11  2.24377038e+00  2.22622962e+00  2.68323811e+00  2.72713515e+00 
 1.45600000e-11  2.24516331e+00  2.22483669e+00  2.67900877e+00  2.73135775e+00 
 1.65600000e-11  2.24655464e+00  2.22344536e+00  2.67478986e+00  2.73556858e+00 
 1.85600000e-11  2.24794414e+00  2.22205586e+00  2.67057674e+00  2.73977231e+00 
 2.05600000e-11  2.24933159e+00  2.22066841e+00  2.66636803e+00  2.74397030e+00 
 2.25600000e-11  2.25071678e+00  2.21928322e+00  2.66216400e+00  2.74816228e+00 
 2.45600000e-11  2.25209949e+00  2.21790051e+00  2.65796549e+00  2.75234742e+00 
 2.65600000e-11  2.25347950e+00  2.21652050e+00  2.65377366e+00  2.75652454e+00 
 2.85600000e-11  2.25485659e+00  2.21514341e+00  2.64958890e+00  2.76069327e+00 
 3.05600000e-11  2.25623055e+00  2.21376945e+00  2.64541217e+00  2.76485268e+00 
 3.25600000e-11  2.25760115e+00  2.21239885e+00  2.64124475e+00  2.76900143e+00 
 3.45600000e-11  2.25896819e+00  2.21103181e+00  2.63708684e+00  2.77313938e+00 
 3.65600000e-11  2.26033144e+00  2.20966856e+00  2.63293934e+00  2.77726564e+00 
 3.85600000e-11  2.26169069e+00  2.20830931e+00  2.62880318e+00  2.78137925e+00 
 4.05600000e-11  2.26304572e+00  2.20695428e+00  2.62467917e+00  2.78547942e+00 
 4.25600000e-11  2.26439633e+00  2.20560367e+00  2.62056802e+00  2.78956546e+00 
 4.45600000e-11  2.26574229e+00  2.20425771e+00  2.61647045e+00  2.79363666e+00 
 4.65600000e-11  2.26708340e+00  2.20291660e+00  2.61238717e+00  2.79769229e+00 
 4.85600000e-11  2.26841945e+00  2.20158055e+00  2.60831939e+00  2.80173115e+00 
 5.05600000e-11  2.26975021e+00  2.20024979e+00  2.60426738e+00  2.80575298e+00 
 5.25600000e-11  2.27107549e+00  2.19892451e+00  2.60023162e+00  2.80975735e+00 
 5.45600000e-11  2.27239507e+00  2.19760493e+00  2.59621286e+00  2.81374354e+00 
 5.65600000e-11  2.27370875e+00  2.19629125e+00  2.59221189e+00  2.81771075e+00 
 5.85600000e-11  2.27501631e+00  2.19498369e+00  2.58822947e+00  2.82165822e+00 
 6.05600000e-11  2.27631756e+00  2.19368244e+00  2.58426574e+00  2.82558588e+00 
 6.25600000e-11  2.27761228e+00  2.19238772e+00  2.58032192e+00  2.82949251e+00 
 6.45600000e-11  2.27890027e+00  2.19109973e+00  2.57639960e+00  2.83337641e+00 
 6.65600000e-11  2.28018133e+00  2.18981867e+00  2.57249882e+00  2.83723760e+00 
 6.85600000e-11  2.28145525e+00  2.18854475e+00  2.56861980e+00  2.84107594e+00 
 7.05600000e-11  2.28272184e+00  2.18727816e+00  2.56476318e+00  2.84489084e+00 
 7.25600000e-11  2.28398089e+00  2.18601911e+00  2.56092973e+00  2.84868152e+00 
 7.45600000e-11  2.28523221e+00  2.18476779e+00  2.55712015e+00  2.85244729e+00 
 7.65600000e-11  2.28647560e+00  2.18352440e+00  2.55333511e+00  2.85618750e+00 
 7.85600000e-11  2.28771085e+00  2.18228915e+00  2.54957525e+00  2.85990153e+00 
 8.05600000e-11  2.28893779e+00  2.18106221e+00  2.54584119e+00  2.86358878e+00 
 8.25600000e-11  2.29015620e+00  2.17984380e+00  2.54213355e+00  2.86724866e+00 
 8.45600000e-11  2.29136591e+00  2.17863409e+00  2.53845294e+00  2.87088059e+00 
 8.65600000e-11  2.29256672e+00  2.17743328e+00  2.53479997e+00  2.87448398e+00 
 8.85600000e-11  2.29375843e+00  2.17624157e+00  2.53117522e+00  2.87805825e+00 
 9.05600000e-11  2.29494087e+00  2.17505913e+00  2.52757930e+00  2.88160286e+00 
 9.25600000e-11  2.29611384e+00  2.17388616e+00  2.52401278e+00  2.88511724e+00 
 9.45600000e-11  2.29727716e+00  2.17272284e+00  2.52047624e+00  2.88860084e+00 
 9.65600000e-11  2.29843064e+00  2.17156936e+00  2.51697027e+00  2.89205312e+00 
 9.85600000e-11  2.29957411e+00  2.17042589e+00  2.51349541e+00  2.89547354e+00 
 1.00560000e-10  2.30070739e+00  2.16929261e+00  2.51005221e+00  2.89886160e+00 
 1.02560000e-10  2.30183028e+00  2.16816972e+00  2.50664121e+00  2.90221677e+00 
 1.04560000e-10  2.30294263e+00  2.16705737e+00  2.50326296e+00  2.90553855e+00 
 1.06560000e-10  2.30404424e+00  2.16595576e+00  2.49991801e+00  2.90882642e+00 
 1.08560000e-10  2.30513495e+00  2.16486505e+00  2.49660687e+00  2.91207990e+00 
 1.10560000e-10  2.30621459e+00  2.16378541e+00  2.49333006e+00  2.91529852e+00 
 1.12560000e-10  2.30728298e+00  2.16271702e+00  2.49008807e+00  2.91848179e+00 
 1.14560000e-10  2.30833996e+00  2.16166004e+00  2.48688143e+00  2.92162924e+00 
 1.16560000e-10  2.30938535e+00  2.16061465e+00  2.48371061e+00  2.92474044e+00 
 1.18560000e-10  2.31041900e+00  2.15958100e+00  2.48057609e+00  2.92781491e+00 
 1.20560000e-10  2.31144074e+00  2.15855926e+00  2.47747837e+00  2.93085224e+00 
 1.22560000e-10  2.31245041e+00  2.15754959e+00  2.47441790e+00  2.93385197e+00 
 1.24560000e-10  2.31344785e+00  2.15655215e+00  2.47139514e+00  2.93681371e+00 
 1.26560000e-10  2.31443290e+00  2.15556710e+00  2.46841055e+00  2.93973702e+00 
 1.28560000e-10  2.31540541e+00  2.15459459e+00  2.46546456e+00  2.94262151e+00 
 1.30560000e-10  2.31636522e+00  2.15363478e+00  2.46255762e+00  2.94546679e+00 
 1.32560000e-10  2.31731218e+00  2.15268782e+00  2.45969015e+00  2.94827245e+00 
 1.34560000e-10  2.31824614e+00  2.15175386e+00  2.45686255e+00  2.95103814e+00 
 1.36560000e-10  2.31916696e+00  2.15083304e+00  2.45407526e+00  2.95376348e+00 
 1.38560000e-10  2.32007449e+00  2.14992551e+00  2.45132866e+00  2.95644811e+00 
 1.40560000e-10  2.32096858e+00  2.14903142e+00  2.44862314e+00  2.95909168e+00 
 1.42560000e-10  2.32184910e+00  2.14815090e+00  2.44595910e+00  2.96169384e+00 
 1.44560000e-10  2.32271590e+00  2.14728410e+00  2.44333690e+00  2.96425427e+00 
 1.46560000e-10  2.32356885e+00  2.14643115e+00  2.44075691e+00  2.96677264e+00 
 1.48560000e-10  2.32440782e+00  2.14559218e+00  2.43821949e+00  2.96924864e+00 
 1.50560000e-10  2.32523267e+00  2.14476733e+00  2.43572499e+00  2.97168196e+00 
 1.52560000e-10  2.32604327e+00  2.14395673e+00  2.43327374e+00  2.97407229e+00 
 1.54560000e-10  2.32683949e+00  2.14316051e+00  2.43086609e+00  2.97641936e+00 
 1.56560000e-10  2.32762121e+00  2.14237879e+00  2.42850235e+00  2.97872288e+00 
 1.58560000e-10  2.32838830e+00  2.14161170e+00  2.42618285e+00  2.98098257e+00 
 1.60560000e-10  2.32914065e+00  2.14085935e+00  2.42390787e+00  2.98319818e+00 
 1.62560000e-10  2.32987813e+00  2.14012187e+00  2.42167774e+00  2.98536944e+00 
 1.64560000e-10  2.33060062e+00  2.13939938e+00  2.41949273e+00  2.98749612e+00 
 1.66560000e-10  2.33130802e+00  2.13869198e+00  2.41735313e+00  2.98957797e+00 
 1.68560000e-10  2.33200022e+00  2.13799978e+00  2.41525920e+00  2.99161476e+00 
 1.70560000e-10  2.33267709e+00  2.13732291e+00  2.41321123e+00  2.99360626e+00 
 1.72560000e-10  2.33333854e+00  2.13666146e+00  2.41120946e+00  2.99555227e+00 
 1.74560000e-10  2.33398447e+00  2.13601553e+00  2.40925414e+00  2.99745257e+00 
 1.76560000e-10  2.33461476e+00  2.13538524e+00  2.40734552e+00  2.99930696e+00 
 1.78560000e-10  2.33522932e+00  2.13477068e+00  2.40548382e+00  3.00111526e+00 
 1.80560000e-10  2.33582805e+00  2.13417195e+00  2.40366929e+00  3.00287727e+00 
 1.82560000e-10  2.33641087e+00  2.13358913e+00  2.40190212e+00  3.00459282e+00 
 1.84560000e-10  2.33697766e+00  2.13302234e+00  2.40018254e+00  3.00626174e+00 
 1.86560000e-10  2.33752836e+00  2.13247164e+00  2.39851074e+00  3.00788386e+00 
 1.88560000e-10  2.33806286e+00  2.13193714e+00  2.39688692e+00  3.00945902e+00 
 1.90560000e-10  2.33858109e+00  2.13141891e+00  2.39531128e+00  3.01098709e+00 
 1.92560000e-10  2.33908297e+00  2.13091703e+00  2.39378399e+00  3.01246791e+00 
 1.94560000e-10  2.33956840e+00  2.13043160e+00  2.39230522e+00  3.01390134e+00 
 1.96560000e-10  2.34003733e+00  2.12996267e+00  2.39087515e+00  3.01528726e+00 
 1.98560000e-10  2.34048966e+00  2.12951034e+00  2.38949392e+00  3.01662554e+00 
 2.00560000e-10  2.34092534e+00  2.12907466e+00  2.38816171e+00  3.01791606e+00 
 2.02560000e-10  2.34134430e+00  2.12865570e+00  2.38687864e+00  3.01915871e+00 
 2.04560000e-10  2.34174646e+00  2.12825354e+00  2.38564487e+00  3.02035338e+00 
 2.06560000e-10  2.34213176e+00  2.12786824e+00  2.38446053e+00  3.02149997e+00 
 2.08560000e-10  2.34250015e+00  2.12749985e+00  2.38332573e+00  3.02259838e+00 
 2.10560000e-10  2.34285156e+00  2.12714844e+00  2.38224062e+00  3.02364852e+00 
 2.12560000e-10  2.34318594e+00  2.12681406e+00  2.38120529e+00  3.02465031e+00 
 2.14560000e-10  2.34350323e+00  2.12649677e+00  2.38021986e+00  3.02560367e+00 
 2.16560000e-10  2.34380339e+00  2.12619661e+00  2.37928443e+00  3.02650851e+00 
 2.18560000e-10  2.34408637e+00  2.12591363e+00  2.37839909e+00  3.02736477e+00 
 2.20560000e-10  2.34435213e+00  2.12564787e+00  2.37756395e+00  3.02817238e+00 
 2.22560000e-10  2.34460062e+00  2.12539938e+00  2.37677907e+00  3.02893128e+00 
 2.24560000e-10  2.34483179e+00  2.12516821e+00  2.37604455e+00  3.02964141e+00 
 2.26560000e-10  2.34504563e+00  2.12495437e+00  2.37536046e+00  3.03030271e+00 
 2.28560000e-10  2.34524209e+00  2.12475791e+00  2.37472687e+00  3.03091514e+00 
 2.30560000e-10  2.34542114e+00  2.12457886e+00  2.37414384e+00  3.03147865e+00 
 2.32560000e-10  2.34558275e+00  2.12441725e+00  2.37361142e+00  3.03199320e+00 
 2.34560000e-10  2.34572690e+00  2.12427310e+00  2.37312968e+00  3.03245875e+00 
 2.36560000e-10  2.34585357e+00  2.12414643e+00  2.37269866e+00  3.03287526e+00 
 2.38560000e-10  2.34596273e+00  2.12403727e+00  2.37231840e+00  3.03324271e+00 
 2.40560000e-10  2.34605437e+00  2.12394563e+00  2.37198894e+00  3.03356106e+00 
 2.42560000e-10  2.34612847e+00  2.12387153e+00  2.37171031e+00  3.03383030e+00 
 2.44560000e-10  2.34618502e+00  2.12381498e+00  2.37148255e+00  3.03405040e+00 
 2.46560000e-10  2.34622401e+00  2.12377599e+00  2.37130568e+00  3.03422134e+00 
 2.48560000e-10  2.34624545e+00  2.12375455e+00  2.37117970e+00  3.03434312e+00 
 2.50560000e-10  2.34624931e+00  2.12375069e+00  2.37110464e+00  3.03441573e+00 
 2.52560000e-10  2.34623561e+00  2.12376439e+00  2.37108051e+00  3.03443915e+00 
 2.54560000e-10  2.34620434e+00  2.12379566e+00  2.37110731e+00  3.03441338e+00 
 2.56560000e-10  2.34615551e+00  2.12384449e+00  2.37118504e+00  3.03433843e+00 
 2.58560000e-10  2.34608913e+00  2.12391087e+00  2.37131369e+00  3.03421429e+00 
 2.60560000e-10  2.34600521e+00  2.12399479e+00  2.37149325e+00  3.03404098e+00 
 2.62560000e-10  2.34590375e+00  2.12409625e+00  2.37172370e+00  3.03381850e+00 
 2.64560000e-10  2.34578479e+00  2.12421521e+00  2.37200503e+00  3.03354686e+00 
 2.66560000e-10  2.34564833e+00  2.12435167e+00  2.37233721e+00  3.03322609e+00 
 2.68560000e-10  2.34549440e+00  2.12450560e+00  2.37272021e+00  3.03285621e+00 
 2.70560000e-10  2.34532302e+00  2.12467698e+00  2.37315400e+00  3.03243723e+00 
 2.72560000e-10  2.34513421e+00  2.12486579e+00  2.37363853e+00  3.03196919e+00 
 2.74560000e-10  2.34492802e+00  2.12507198e+00  2.37417376e+00  3.03145212e+00 
 2.76560000e-10  2.34470447e+00  2.12529553e+00  2.37475963e+00  3.03088605e+00 
 2.78560000e-10  2.34446359e+00  2.12553641e+00  2.37539610e+00  3.03027102e+00 
 2.80560000e-10  2.34420543e+00  2.12579457e+00  2.37608309e+00  3.02960708e+00 
 2.82560000e-10  2.34393002e+00  2.12606998e+00  2.37682055e+00  3.02889427e+00 
 2.84560000e-10  2.34363742e+00  2.12636258e+00  2.37760840e+00  3.02813264e+00 
 2.86560000e-10  2.34332765e+00  2.12667235e+00  2.37844657e+00  3.02732225e+00 
 2.88560000e-10  2.34300079e+00  2.12699921e+00  2.37933496e+00  3.02646317e+00 
 2.90560000e-10  2.34265686e+00  2.12734314e+00  2.38027350e+00  3.02555545e+00 
 2.92560000e-10  2.34229594e+00  2.12770406e+00  2.38126208e+00  3.02459916e+00 
 2.94560000e-10  2.34191807e+00  2.12808193e+00  2.38230061e+00  3.02359439e+00 
 2.96560000e-10  2.34152332e+00  2.12847668e+00  2.38338898e+00  3.02254120e+00 
 2.98560000e-10  2.34111175e+00  2.12888825e+00  2.38452707e+00  3.02143968e+00 
 3.00560000e-10  2.34068342e+00  2.12931658e+00  2.38571477e+00  3.02028993e+00 
 3.02560000e-10  2.34023840e+00  2.12976160e+00  2.38695195e+00  3.01909203e+00 
 3.04560000e-10  2.33977677e+00  2.13022323e+00  2.38823847e+00  3.01784609e+00 
 3.06560000e-10  2.33929859e+00  2.13070141e+00  2.38957420e+00  3.01655222e+00 
 3.08560000e-10  2.33880394e+00  2.13119606e+00  2.39095900e+00  3.01521052e+00 
 3.10560000e-10  2.33829289e+00  2.13170711e+00  2.39239271e+00  3.01382112e+00 
 3.12560000e-10  2.33776554e+00  2.13223446e+00  2.39387518e+00  3.01238413e+00 
 3.14560000e-10  2.33722196e+00  2.13277804e+00  2.39540623e+00  3.01089970e+00 
 3.16560000e-10  2.33666224e+00  2.13333776e+00  2.39698570e+00  3.00936795e+00 
 3.18560000e-10  2.33608646e+00  2.13391354e+00  2.39861341e+00  3.00778903e+00 
 3.20560000e-10  2.33549472e+00  2.13450528e+00  2.40028916e+00  3.00616309e+00 
 3.22560000e-10  2.33488711e+00  2.13511289e+00  2.40201276e+00  3.00449029e+00 
 3.24560000e-10  2.33426373e+00  2.13573627e+00  2.40378400e+00  3.00277079e+00 
 3.26560000e-10  2.33362467e+00  2.13637533e+00  2.40560268e+00  3.00100476e+00 
 3.28560000e-10  2.33297004e+00  2.13702996e+00  2.40746858e+00  2.99919238e+00 
 3.30560000e-10  2.33229994e+00  2.13770006e+00  2.40938148e+00  2.99733385e+00 
 3.32560000e-10  2.33161447e+00  2.13838553e+00  2.41134113e+00  2.99542934e+00 
 3.34560000e-10  2.33091375e+00  2.13908625e+00  2.41334730e+00  2.99347907e+00 
 3.36560000e-10  2.33019788e+00  2.13980212e+00  2.41539975e+00  2.99148323e+00 
 3.38560000e-10  2.32946697e+00  2.14053303e+00  2.41749820e+00  2.98944206e+00 
 3.40560000e-10  2.32872116e+00  2.14127884e+00  2.41964239e+00  2.98735577e+00 
 3.42560000e-10  2.32796054e+00  2.14203946e+00  2.42183205e+00  2.98522460e+00 
 3.44560000e-10  2.32718524e+00  2.14281476e+00  2.42406691e+00  2.98304878e+00 
 3.46560000e-10  2.32639538e+00  2.14360462e+00  2.42634665e+00  2.98082857e+00 
 3.48560000e-10  2.32559109e+00  2.14440891e+00  2.42867100e+00  2.97856422e+00 
 3.50560000e-10  2.32477250e+00  2.14522750e+00  2.43103963e+00  2.97625601e+00 
 3.52560000e-10  2.32393973e+00  2.14606027e+00  2.43345223e+00  2.97390420e+00 
 3.54560000e-10  2.32309292e+00  2.14690708e+00  2.43590849e+00  2.97150908e+00 
 3.56560000e-10  2.32223219e+00  2.14776781e+00  2.43840805e+00  2.96907094e+00 
 3.58560000e-10  2.32135769e+00  2.14864231e+00  2.44095059e+00  2.96659008e+00 
 3.60560000e-10  2.32046955e+00  2.14953045e+00  2.44353574e+00  2.96406682e+00 
 3.62560000e-10  2.31956792e+00  2.15043208e+00  2.44616316e+00  2.96150146e+00 
 3.64560000e-10  2.31865293e+00  2.15134707e+00  2.44883247e+00  2.95889434e+00 
 3.66560000e-10  2.31772473e+00  2.15227527e+00  2.45154330e+00  2.95624580e+00 
 3.68560000e-10  2.31678347e+00  2.15321653e+00  2.45429526e+00  2.95355617e+00 
 3.70560000e-10  2.31582930e+00  2.15417070e+00  2.45708795e+00  2.95082581e+00 
 3.72560000e-10  2.31486236e+00  2.15513764e+00  2.45992098e+00  2.94805509e+00 
 3.74560000e-10  2.31388281e+00  2.15611719e+00  2.46279394e+00  2.94524437e+00 
 3.76560000e-10  2.31289080e+00  2.15710920e+00  2.46570639e+00  2.94239404e+00 
 3.78560000e-10  2.31188649e+00  2.15811351e+00  2.46865793e+00  2.93950448e+00 
 3.80560000e-10  2.31087005e+00  2.15912995e+00  2.47164810e+00  2.93657610e+00 
 3.82560000e-10  2.30984162e+00  2.16015838e+00  2.47467646e+00  2.93360930e+00 
 3.84560000e-10  2.30880137e+00  2.16119863e+00  2.47774257e+00  2.93060449e+00 
 3.86560000e-10  2.30774947e+00  2.16225053e+00  2.48084595e+00  2.92756211e+00 
 3.88560000e-10  2.30668608e+00  2.16331392e+00  2.48398614e+00  2.92448258e+00 
 3.90560000e-10  2.30561137e+00  2.16438863e+00  2.48716266e+00  2.92136635e+00 
 3.92560000e-10  2.30452551e+00  2.16547449e+00  2.49037503e+00  2.91821387e+00 
 3.94560000e-10  2.30342867e+00  2.16657133e+00  2.49362274e+00  2.91502560e+00 
 3.96560000e-10  2.30232103e+00  2.16767897e+00  2.49690530e+00  2.91180201e+00 
 3.98560000e-10  2.30120275e+00  2.16879725e+00  2.50022220e+00  2.90854356e+00 
 4.00560000e-10  2.30007402e+00  2.16992598e+00  2.50357291e+00  2.90525076e+00 
 4.02560000e-10  2.29893502e+00  2.17106498e+00  2.50695692e+00  2.90192409e+00 
 4.04560000e-10  2.29778591e+00  2.17221409e+00  2.51037368e+00  2.89856405e+00 
 4.06560000e-10  2.29662690e+00  2.17337310e+00  2.51382266e+00  2.89517115e+00 
 4.08560000e-10  2.29545815e+00  2.17454185e+00  2.51730331e+00  2.89174592e+00 
 4.10560000e-10  2.29427986e+00  2.17572014e+00  2.52081507e+00  2.88828887e+00 
 4.12560000e-10  2.29309220e+00  2.17690780e+00  2.52435738e+00  2.88480055e+00 
 4.14560000e-10  2.29189537e+00  2.17810463e+00  2.52792966e+00  2.88128149e+00 
 4.16560000e-10  2.29068956e+00  2.17931044e+00  2.53153135e+00  2.87773224e+00 
 4.18560000e-10  2.28947495e+00  2.18052505e+00  2.53516185e+00  2.87415336e+00 
 4.20560000e-10  2.28825174e+00  2.18174826e+00  2.53882058e+00  2.87054541e+00 
 4.22560000e-10  2.28702012e+00  2.18297988e+00  2.54250694e+00  2.86690897e+00 
 4.24560000e-10  2.28578029e+00  2.18421971e+00  2.54622032e+00  2.86324462e+00 
 4.26560000e-10  2.28453244e+00  2.18546756e+00  2.54996012e+00  2.85955293e+00 
 4.28560000e-10  2.28327676e+00  2.18672324e+00  2.55372570e+00  2.85583451e+00 
 4.30560000e-10  2.28201347e+00  2.18798653e+00  2.55751647e+00  2.85208995e+00 
 4.32560000e-10  2.28074274e+00  2.18925726e+00  2.56133178e+00  2.84831986e+00 
 4.34560000e-10  2.27946480e+00  2.19053520e+00  2.56517099e+00  2.84452485e+00 
 4.36560000e-10  2.27817983e+00  2.19182017e+00  2.56903348e+00  2.84070555e+00 
 4.38560000e-10  2.27688805e+00  2.19311195e+00  2.57291859e+00  2.83686258e+00 
 4.40560000e-10  2.27558965e+00  2.19441035e+00  2.57682567e+00  2.83299656e+00 
 4.42560000e-10  2.27428484e+00  2.19571516e+00  2.58075407e+00  2.82910814e+00 
 4.44560000e-10  2.27297383e+00  2.19702617e+00  2.58470312e+00  2.82519796e+00 
 4.46560000e-10  2.27165682e+00  2.19834318e+00  2.58867216e+00  2.82126668e+00 
 4.48560000e-10  2.27033402e+00  2.19966598e+00  2.59266051e+00  2.81731493e+00 
 4.50560000e-10  2.26900564e+00  2.20099436e+00  2.59666750e+00  2.81334339e+00 
 4.52560000e-10  2.26767190e+00  2.20232810e+00  2.60069246e+00  2.80935273e+00 
 4.54560000e-10  2.26633299e+00  2.20366701e+00  2.60473468e+00  2.80534359e+00 
 4.56560000e-10  2.26498914e+00  2.20501086e+00  2.60879349e+00  2.80131668e+00 
 4.58560000e-10  2.26364055e+00  2.20635945e+00  2.61286820e+00  2.79727266e+00 
 4.60560000e-10  2.26228743e+00  2.20771257e+00  2.61695810e+00  2.79321221e+00 
 4.62560000e-10  2.26093001e+00  2.20906999e+00  2.62106249e+00  2.78913603e+00 
 4.64560000e-10  2.25956850e+00  2.21043150e+00  2.62518068e+00  2.78504481e+00 
 4.66560000e-10  2.25820310e+00  2.21179690e+00  2.62931195e+00  2.78093924e+00 
 4.68560000e-10  2.25683404e+00  2.21316596e+00  2.63345560e+00  2.77682002e+00 
 4.70560000e-10  2.25546153e+00  2.21453847e+00  2.63761090e+00  2.77268787e+00 
 4.72560000e-10  2.25408580e+00  2.21591420e+00  2.64177715e+00  2.76854347e+00 
 4.74560000e-10  2.25270704e+00  2.21729296e+00  2.64595363e+00  2.76438755e+00 
 4.76560000e-10  2.25132549e+00  2.21867451e+00  2.65013961e+00  2.76022082e+00 
 4.78560000e-10  2.24994137e+00  2.22005863e+00  2.65433438e+00  2.75604399e+00 
 4.80560000e-10  2.24855488e+00  2.22144512e+00  2.65853720e+00  2.75185778e+00 
 4.82560000e-10  2.24716625e+00  2.22283375e+00  2.66274735e+00  2.74766291e+00 
 4.84560000e-10  2.24577571e+00  2.22422429e+00  2.66696409e+00  2.74346010e+00 
 4.86560000e-10  2.24438346e+00  2.22561654e+00  2.67118671e+00  2.73925009e+00 
 4.88560000e-10  2.24298973e+00  2.22701027e+00  2.67541447e+00  2.73503359e+00 
 4.90560000e-10  2.24159473e+00  2.22840527e+00  2.67964662e+00  2.73081134e+00 
 4.92560000e-10  2.24019870e+00  2.22980130e+00  2.68388245e+00  2.72658407e+00 
 4.94560000e-10  2.23880184e+00  2.23119816e+00  2.68812121e+00  2.72235251e+00 
 4.96560000e-10  2.23740439e+00  2.23259561e+00  2.69236217e+00  2.71811738e+00 
 4.98560000e-10  2.23600655e+00  2.23399345e+00  2.69660460e+00  2.71387944e+00 
 5.00560000e-10  2.23460856e+00  2.23539144e+00  2.70084775e+00  2.70963940e+00 
 5.02560000e-10  2.23321063e+00  2.23678937e+00  2.70509089e+00  2.70539800e+00 
 5.04560000e-10  2.23181298e+00  2.23818702e+00  2.70933328e+00  2.70115599e+00 
 5.06560000e-10  2.23041583e+00  2.23958417e+00  2.71357419e+00  2.69691409e+00 
 5.08560000e-10  2.22901941e+00  2.24098059e+00  2.71781289e+00  2.69267304e+00 
 5.10560000e-10  2.22762393e+00  2.24237607e+00  2.72204863e+00  2.68843358e+00 
 5.12560000e-10  2.22622962e+00  2.24377038e+00  2.72628068e+00  2.68419644e+00 
 5.14560000e-10  2.22483669e+00  2.24516331e+00  2.73050831e+00  2.67996236e+00 
 5.16560000e-10  2.22344536e+00  2.24655464e+00  2.73473079e+00  2.67573207e+00 
 5.18560000e-10  2.22205586e+00  2.24794414e+00  2.73894739e+00  2.67150630e+00 
 5.20560000e-10  2.22066841e+00  2.24933159e+00  2.74315738e+00  2.66728579e+00 
 5.22560000e-10  2.21928322e+00  2.25071678e+00  2.74736004e+00  2.66307127e+00 
 5.24560000e-10  2.21790051e+00  2.25209949e+00  2.75155463e+00  2.65886345e+00 
 5.26560000e-10  2.21652050e+00  2.25347950e+00  2.75574043e+00  2.65466309e+00 
 5.28560000e-10  2.21514341e+00  2.25485659e+00  2.75991673e+00  2.65047089e+00 
 5.30560000e-10  2.21376945e+00  2.25623055e+00  2.76408281e+00  2.64628758e+00 
 5.32560000e-10  2.21239885e+00  2.25760115e+00  2.76823794e+00  2.64211389e+00 
 5.34560000e-10  2.21103181e+00  2.25896819e+00  2.77238143e+00  2.63795052e+00 
 5.36560000e-10  2.20966856e+00  2.26033144e+00  2.77651256e+00  2.63379821e+00 
 5.38560000e-10  2.20830931e+00  2.26169069e+00  2.78063062e+00  2.62965766e+00 
 5.40560000e-10  2.20695428e+00  2.26304572e+00  2.78473492e+00  2.62552959e+00 
 5.42560000e-10  2.20560367e+00  2.26439633e+00  2.78882475e+00  2.62141470e+00 
 5.44560000e-10  2.20425771e+00  2.26574229e+00  2.79289942e+00  2.61731369e+00 
 5.46560000e-10  2.20291660e+00  2.26708340e+00  2.79695824e+00  2.61322727e+00 
 5.48560000e-10  2.20158055e+00  2.26841945e+00  2.80100052e+00  2.60915614e+00 
 5.50560000e-10  2.20024979e+00  2.26975021e+00  2.80502558e+00  2.60510099e+00 
 5.52560000e-10  2.19892451e+00  2.27107549e+00  2.80903274e+00  2.60106252e+00 
 5.54560000e-10  2.19760493e+00  2.27239507e+00  2.81302133e+00  2.59704139e+00 
 5.56560000e-10  2.19629125e+00  2.27370875e+00  2.81699068e+00  2.59303831e+00 
 5.58560000e-10  2.19498369e+00  2.27501631e+00  2.82094014e+00  2.58905395e+00 
 5.60560000e-10  2.19368244e+00  2.27631756e+00  2.82486903e+00  2.58508897e+00 
 5.62560000e-10  2.19238772e+00  2.27761228e+00  2.82877671e+00  2.58114406e+00 
 5.64560000e-10  2.19109973e+00  2.27890027e+00  2.83266253e+00  2.57721986e+00 
 5.66560000e-10  2.18981867e+00  2.28018133e+00  2.83652585e+00  2.57331705e+00 
 5.68560000e-10  2.18854475e+00  2.28145525e+00  2.84036604e+00  2.56943627e+00 
 5.70560000e-10  2.18727816e+00  2.28272184e+00  2.84418246e+00  2.56557817e+00 
 5.72560000e-10  2.18601911e+00  2.28398089e+00  2.84797450e+00  2.56174340e+00 
 5.74560000e-10  2.18476779e+00  2.28523221e+00  2.85174153e+00  2.55793260e+00 
 5.76560000e-10  2.18352440e+00  2.28647560e+00  2.85548295e+00  2.55414639e+00 
 5.78560000e-10  2.18228915e+00  2.28771085e+00  2.85919815e+00  2.55038539e+00 
 5.80560000e-10  2.18106221e+00  2.28893779e+00  2.86288653e+00  2.54665024e+00 
 5.82560000e-10  2.17984380e+00  2.29015620e+00  2.86654751e+00  2.54294154e+00 
 5.84560000e-10  2.17863409e+00  2.29136591e+00  2.87018050e+00  2.53925991e+00 
 5.86560000e-10  2.17743328e+00  2.29256672e+00  2.87378493e+00  2.53560593e+00 
 5.88560000e-10  2.17624157e+00  2.29375843e+00  2.87736022e+00  2.53198021e+00 
 5.90560000e-10  2.17505913e+00  2.29494087e+00  2.88090582e+00  2.52838334e+00 
 5.92560000e-10  2.17388616e+00  2.29611384e+00  2.88442118e+00  2.52481589e+00 
 5.94560000e-10  2.17272284e+00  2.29727716e+00  2.88790574e+00  2.52127844e+00 
 5.96560000e-10  2.17156936e+00  2.29843064e+00  2.89135897e+00  2.51777155e+00 
 5.98560000e-10  2.17042589e+00  2.29957411e+00  2.89478033e+00  2.51429580e+00 
 6.00560000e-10  2.16929261e+00  2.30070739e+00  2.89816931e+00  2.51085172e+00 
 6.02560000e-10  2.16816972e+00  2.30183028e+00  2.90152539e+00  2.50743987e+00 
 6.04560000e-10  2.16705737e+00  2.30294263e+00  2.90484806e+00  2.50406078e+00 
 6.06560000e-10  2.16595576e+00  2.30404424e+00  2.90813683e+00  2.50071499e+00 
 6.08560000e-10  2.16486505e+00  2.30513495e+00  2.91139120e+00  2.49740301e+00 
 6.10560000e-10  2.16378541e+00  2.30621459e+00  2.91461070e+00  2.49412536e+00 
 6.12560000e-10  2.16271702e+00  2.30728298e+00  2.91779485e+00  2.49088256e+00 
 6.14560000e-10  2.16166004e+00  2.30833996e+00  2.92094318e+00  2.48767509e+00 
 6.16560000e-10  2.16061465e+00  2.30938535e+00  2.92405524e+00  2.48450345e+00 
 6.18560000e-10  2.15958100e+00  2.31041900e+00  2.92713058e+00  2.48136813e+00 
 6.20560000e-10  2.15855926e+00  2.31144074e+00  2.93016877e+00  2.47826960e+00 
 6.22560000e-10  2.15754959e+00  2.31245041e+00  2.93316937e+00  2.47520833e+00 
 6.24560000e-10  2.15655215e+00  2.31344785e+00  2.93613196e+00  2.47218478e+00 
 6.26560000e-10  2.15556710e+00  2.31443290e+00  2.93905612e+00  2.46919939e+00 
 6.28560000e-10  2.15459459e+00  2.31540541e+00  2.94194147e+00  2.46625261e+00 
 6.30560000e-10  2.15363478e+00  2.31636522e+00  2.94478759e+00  2.46334488e+00 
 6.32560000e-10  2.15268782e+00  2.31731218e+00  2.94759410e+00  2.46047662e+00 
 6.34560000e-10  2.15175386e+00  2.31824614e+00  2.95036063e+00  2.45764824e+00 
 6.36560000e-10  2.15083304e+00  2.31916696e+00  2.95308681e+00  2.45486017e+00 
 6.38560000e-10  2.14992551e+00  2.32007449e+00  2.95577228e+00  2.45211279e+00 
 6.40560000e-10  2.14903142e+00  2.32096858e+00  2.95841668e+00  2.44940650e+00 
 6.42560000e-10  2.14815090e+00  2.32184910e+00  2.96101968e+00  2.44674169e+00 
 6.44560000e-10  2.14728410e+00  2.32271590e+00  2.96358094e+00  2.44411872e+00 
 6.46560000e-10  2.14643115e+00  2.32356885e+00  2.96610013e+00  2.44153797e+00 
 6.48560000e-10  2.14559218e+00  2.32440782e+00  2.96857695e+00  2.43899979e+00 
 6.50560000e-10  2.14476733e+00  2.32523267e+00  2.97101109e+00  2.43650453e+00 
 6.52560000e-10  2.14395673e+00  2.32604327e+00  2.97340224e+00  2.43405253e+00 
 6.54560000e-10  2.14316051e+00  2.32683949e+00  2.97575011e+00  2.43164413e+00 
 6.56560000e-10  2.14237879e+00  2.32762121e+00  2.97805443e+00  2.42927965e+00 
 6.58560000e-10  2.14161170e+00  2.32838830e+00  2.98031493e+00  2.42695940e+00 
 6.60560000e-10  2.14085935e+00  2.32914065e+00  2.98253133e+00  2.42468369e+00 
 6.62560000e-10  2.14012187e+00  2.32987813e+00  2.98470339e+00  2.42245283e+00 
 6.64560000e-10  2.13939938e+00  2.33060062e+00  2.98683085e+00  2.42026709e+00 
 6.66560000e-10  2.13869198e+00  2.33130802e+00  2.98891348e+00  2.41812677e+00 
 6.68560000e-10  2.13799978e+00  2.33200022e+00  2.99095104e+00  2.41603213e+00 
 6.70560000e-10  2.13732291e+00  2.33267709e+00  2.99294331e+00  2.41398345e+00 
 6.72560000e-10  2.13666146e+00  2.33333854e+00  2.99489007e+00  2.41198098e+00 
 6.74560000e-10  2.13601553e+00  2.33398447e+00  2.99679112e+00  2.41002496e+00 
 6.76560000e-10  2.13538524e+00  2.33461476e+00  2.99864626e+00  2.40811565e+00 
 6.78560000e-10  2.13477068e+00  2.33522932e+00  3.00045529e+00  2.40625328e+00 
 6.80560000e-10  2.13417195e+00  2.33582805e+00  3.00221803e+00  2.40443806e+00 
 6.82560000e-10  2.13358913e+00  2.33641087e+00  3.00393430e+00  2.40267023e+00 
 6.84560000e-10  2.13302234e+00  2.33697766e+00  3.00560392e+00  2.40094999e+00 
 6.86560000e-10  2.13247164e+00  2.33752836e+00  3.00722674e+00  2.39927754e+00 
 6.88560000e-10  2.13193714e+00  2.33806286e+00  3.00880260e+00  2.39765308e+00 
 6.90560000e-10  2.13141891e+00  2.33858109e+00  3.01033134e+00  2.39607681e+00 
 6.92560000e-10  2.13091703e+00  2.33908297e+00  3.01181283e+00  2.39454889e+00 
 6.94560000e-10  2.13043160e+00  2.33956840e+00  3.01324692e+00  2.39306950e+00 
 6.96560000e-10  2.12996267e+00  2.34003733e+00  3.01463349e+00  2.39163882e+00 
 6.98560000e-10  2.12951034e+00  2.34048966e+00  3.01597240e+00  2.39025701e+00 
 7.00560000e-10  2.12907466e+00  2.34092534e+00  3.01726355e+00  2.38892420e+00 
 7.02560000e-10  2.12865570e+00  2.34134430e+00  3.01850681e+00  2.38764056e+00 
 7.04560000e-10  2.12825354e+00  2.34174646e+00  3.01970207e+00  2.38640623e+00 
 7.06560000e-10  2.12786824e+00  2.34213176e+00  3.02084925e+00  2.38522133e+00 
 7.08560000e-10  2.12749985e+00  2.34250015e+00  3.02194823e+00  2.38408599e+00 
 7.10560000e-10  2.12714844e+00  2.34285156e+00  3.02299894e+00  2.38300034e+00 
 7.12560000e-10  2.12681406e+00  2.34318594e+00  3.02400127e+00  2.38196449e+00 
 7.14560000e-10  2.12649677e+00  2.34350323e+00  3.02495516e+00  2.38097856e+00 
 7.16560000e-10  2.12619661e+00  2.34380339e+00  3.02586052e+00  2.38004263e+00 
 7.18560000e-10  2.12591363e+00  2.34408637e+00  3.02671728e+00  2.37915681e+00 
 7.20560000e-10  2.12564787e+00  2.34435213e+00  3.02752538e+00  2.37832119e+00 
 7.22560000e-10  2.12539938e+00  2.34460062e+00  3.02828475e+00  2.37753586e+00 
 7.24560000e-10  2.12516821e+00  2.34483179e+00  3.02899534e+00  2.37680090e+00 
 7.26560000e-10  2.12495437e+00  2.34504563e+00  3.02965708e+00  2.37611637e+00 
 7.28560000e-10  2.12475791e+00  2.34524209e+00  3.03026994e+00  2.37548236e+00 
 7.30560000e-10  2.12457886e+00  2.34542114e+00  3.03083386e+00  2.37489892e+00 
 7.32560000e-10  2.12441725e+00  2.34558275e+00  3.03134880e+00  2.37436611e+00 
 7.34560000e-10  2.12427310e+00  2.34572690e+00  3.03181472e+00  2.37388399e+00 
 7.36560000e-10  2.12414643e+00  2.34585357e+00  3.03223160e+00  2.37345260e+00 
 7.38560000e-10  2.12403727e+00  2.34596273e+00  3.03259939e+00  2.37307199e+00 
 7.40560000e-10  2.12394563e+00  2.34605437e+00  3.03291807e+00  2.37274219e+00 
 7.42560000e-10  2.12387153e+00  2.34612847e+00  3.03318762e+00  2.37246324e+00 
 7.44560000e-10  2.12381498e+00  2.34618502e+00  3.03340801e+00  2.37223517e+00 
 7.46560000e-10  2.12377599e+00  2.34622401e+00  3.03357924e+00  2.37205799e+00 
 7.48560000e-10  2.12375455e+00  2.34624545e+00  3.03370128e+00  2.37193174e+00 
 7.50560000e-10  2.12375069e+00  2.34624931e+00  3.03377413e+00  2.37185641e+00 
 7.52560000e-10  2.12376439e+00  2.34623561e+00  3.03379778e+00  2.37183202e+00 
 7.54560000e-10  2.12379566e+00  2.34620434e+00  3.03377222e+00  2.37185858e+00 
 7.56560000e-10  2.12384449e+00  2.34615551e+00  3.03369746e+00  2.37193608e+00 
 7.58560000e-10  2.12391087e+00  2.34608913e+00  3.03357350e+00  2.37206452e+00 
 7.60560000e-10  2.12399479e+00  2.34600521e+00  3.03340035e+00  2.37224388e+00 
 7.62560000e-10  2.12409625e+00  2.34590375e+00  3.03317801e+00  2.37247415e+00 
 7.64560000e-10  2.12421521e+00  2.34578479e+00  3.03290650e+00  2.37275530e+00 
 7.66560000e-10  2.12435167e+00  2.34564833e+00  3.03258585e+00  2.37308733e+00 
 7.68560000e-10  2.12450560e+00  2.34549440e+00  3.03221606e+00  2.37347018e+00 
 7.70560000e-10  2.12467698e+00  2.34532302e+00  3.03179716e+00  2.37390384e+00 
 7.72560000e-10  2.12486579e+00  2.34513421e+00  3.03132918e+00  2.37438825e+00 
 7.74560000e-10  2.12507198e+00  2.34492802e+00  3.03081215e+00  2.37492337e+00 
 7.76560000e-10  2.12529553e+00  2.34470447e+00  3.03024612e+00  2.37550915e+00 
 7.78560000e-10  2.12553641e+00  2.34446359e+00  3.02963111e+00  2.37614553e+00 
 7.80560000e-10  2.12579457e+00  2.34420543e+00  3.02896717e+00  2.37683246e+00 
 7.82560000e-10  2.12606998e+00  2.34393002e+00  3.02825434e+00  2.37756987e+00 
 7.84560000e-10  2.12636258e+00  2.34363742e+00  3.02749269e+00  2.37835767e+00 
 7.86560000e-10  2.12667235e+00  2.34332765e+00  3.02668226e+00  2.37919581e+00 
 7.88560000e-10  2.12699921e+00  2.34300079e+00  3.02582312e+00  2.38008418e+00 
 7.90560000e-10  2.12734314e+00  2.34265686e+00  3.02491533e+00  2.38102271e+00 
 7.92560000e-10  2.12770406e+00  2.34229594e+00  3.02395896e+00  2.38201129e+00 
 7.94560000e-10  2.12808193e+00  2.34191807e+00  3.02295409e+00  2.38304983e+00 
 7.96560000e-10  2.12847668e+00  2.34152332e+00  3.02190079e+00  2.38413822e+00 
 7.98560000e-10  2.12888825e+00  2.34111175e+00  3.02079916e+00  2.38527634e+00 
 8.00560000e-10  2.12931658e+00  2.34068342e+00  3.01964927e+00  2.38646408e+00 
 8.02560000e-10  2.12976160e+00  2.34023840e+00  3.01845123e+00  2.38770132e+00 
 8.04560000e-10  2.13022323e+00  2.33977677e+00  3.01720513e+00  2.38898791e+00 
 8.06560000e-10  2.13070141e+00  2.33929859e+00  3.01591109e+00  2.39032373e+00 
 8.08560000e-10  2.13119606e+00  2.33880394e+00  3.01456921e+00  2.39170861e+00 
 8.10560000e-10  2.13170711e+00  2.33829289e+00  3.01317962e+00  2.39314242e+00 
 8.12560000e-10  2.13223446e+00  2.33776554e+00  3.01174243e+00  2.39462498e+00 
 8.14560000e-10  2.13277804e+00  2.33722196e+00  3.01025779e+00  2.39615614e+00 
 8.16560000e-10  2.13333776e+00  2.33666224e+00  3.00872582e+00  2.39773572e+00 
 8.18560000e-10  2.13391354e+00  2.33608646e+00  3.00714668e+00  2.39936354e+00 
 8.20560000e-10  2.13450528e+00  2.33549472e+00  3.00552051e+00  2.40103942e+00 
 8.22560000e-10  2.13511289e+00  2.33488711e+00  3.00384746e+00  2.40276315e+00 
 8.24560000e-10  2.13573627e+00  2.33426373e+00  3.00212771e+00  2.40453454e+00 
 8.26560000e-10  2.13637533e+00  2.33362467e+00  3.00036143e+00  2.40635337e+00 
 8.28560000e-10  2.13702996e+00  2.33297004e+00  2.99854879e+00  2.40821942e+00 
 8.30560000e-10  2.13770006e+00  2.33229994e+00  2.99668998e+00  2.41013248e+00 
 8.32560000e-10  2.13838553e+00  2.33161447e+00  2.99478520e+00  2.41209229e+00 
 8.34560000e-10  2.13908625e+00  2.33091375e+00  2.99283464e+00  2.41409863e+00 
 8.36560000e-10  2.13980212e+00  2.33019788e+00  2.99083852e+00  2.41615125e+00 
 8.38560000e-10  2.14053303e+00  2.32946697e+00  2.98879705e+00  2.41824988e+00 
 8.40560000e-10  2.14127884e+00  2.32872116e+00  2.98671046e+00  2.42039425e+00 
 8.42560000e-10  2.14203946e+00  2.32796054e+00  2.98457899e+00  2.42258410e+00 
 8.44560000e-10  2.14281476e+00  2.32718524e+00  2.98240286e+00  2.42481914e+00 
 8.46560000e-10  2.14360462e+00  2.32639538e+00  2.98018234e+00  2.42709908e+00 
 8.48560000e-10  2.14440891e+00  2.32559109e+00  2.97791768e+00  2.42942362e+00 
 8.50560000e-10  2.14522750e+00  2.32477250e+00  2.97560915e+00  2.43179245e+00 
 8.52560000e-10  2.14606027e+00  2.32393973e+00  2.97325703e+00  2.43420526e+00 
 8.54560000e-10  2.14690708e+00  2.32309292e+00  2.97086158e+00  2.43666171e+00 
 8.56560000e-10  2.14776781e+00  2.32223219e+00  2.96842312e+00  2.43916148e+00 
 8.58560000e-10  2.14864231e+00  2.32135769e+00  2.96594194e+00  2.44170422e+00 
 8.60560000e-10  2.14953045e+00  2.32046955e+00  2.96341835e+00  2.44428958e+00 
 8.62560000e-10  2.15043208e+00  2.31956792e+00  2.96085267e+00  2.44691720e+00 
 8.64560000e-10  2.15134707e+00  2.31865293e+00  2.95824522e+00  2.44958672e+00 
 8.66560000e-10  2.15227527e+00  2.31772473e+00  2.95559635e+00  2.45229776e+00 
 8.68560000e-10  2.15321653e+00  2.31678347e+00  2.95290639e+00  2.45504992e+00 
 8.70560000e-10  2.15417070e+00  2.31582930e+00  2.95017570e+00  2.45784283e+00 
 8.72560000e-10  2.15513764e+00  2.31486236e+00  2.94740465e+00  2.46067606e+00 
 8.74560000e-10  2.15611719e+00  2.31388281e+00  2.94459361e+00  2.46354922e+00 
 8.76560000e-10  2.15710920e+00  2.31289080e+00  2.94174295e+00  2.46646189e+00 
 8.78560000e-10  2.15811351e+00  2.31188649e+00  2.93885307e+00  2.46941362e+00 
 8.80560000e-10  2.15912995e+00  2.31087005e+00  2.93592436e+00  2.47240400e+00 
 8.82560000e-10  2.16015838e+00  2.30984162e+00  2.93295724e+00  2.47543257e+00 
 8.84560000e-10  2.16119863e+00  2.30880137e+00  2.92995211e+00  2.47849887e+00 
 8.86560000e-10  2.16225053e+00  2.30774947e+00  2.92690941e+00  2.48160246e+00 
 8.88560000e-10  2.16331392e+00  2.30668608e+00  2.92382957e+00  2.48474284e+00 
 8.90560000e-10  2.16438863e+00  2.30561137e+00  2.92071304e+00  2.48791954e+00 
 8.92560000e-10  2.16547449e+00  2.30452551e+00  2.91756025e+00  2.49113210e+00 
 8.94560000e-10  2.16657133e+00  2.30342867e+00  2.91437167e+00  2.49438000e+00 
 8.96560000e-10  2.16767897e+00  2.30232103e+00  2.91114777e+00  2.49766275e+00 
 8.98560000e-10  2.16879725e+00  2.30120275e+00  2.90788902e+00  2.50097983e+00 
 9.00560000e-10  2.16992598e+00  2.30007402e+00  2.90459592e+00  2.50433073e+00 
 9.02560000e-10  2.17106498e+00  2.29893502e+00  2.90126896e+00  2.50771492e+00 
 9.04560000e-10  2.17221409e+00  2.29778591e+00  2.89790862e+00  2.51113187e+00 
 9.06560000e-10  2.17337310e+00  2.29662690e+00  2.89451544e+00  2.51458104e+00 
 9.08560000e-10  2.17454185e+00  2.29545815e+00  2.89108992e+00  2.51806186e+00 
 9.10560000e-10  2.17572014e+00  2.29427986e+00  2.88763259e+00  2.52157379e+00 
 9.12560000e-10  2.17690780e+00  2.29309220e+00  2.88414399e+00  2.52511627e+00 
 9.14560000e-10  2.17810463e+00  2.29189537e+00  2.88062466e+00  2.52868871e+00 
 9.16560000e-10  2.17931044e+00  2.29068956e+00  2.87707514e+00  2.53229056e+00 
 9.18560000e-10  2.18052505e+00  2.28947495e+00  2.87349600e+00  2.53592122e+00 
 9.20560000e-10  2.18174826e+00  2.28825174e+00  2.86988780e+00  2.53958009e+00 
 9.22560000e-10  2.18297988e+00  2.28702012e+00  2.86625111e+00  2.54326660e+00 
 9.24560000e-10  2.18421971e+00  2.28578029e+00  2.86258651e+00  2.54698012e+00 
 9.26560000e-10  2.18546756e+00  2.28453244e+00  2.85889458e+00  2.55072005e+00 
 9.28560000e-10  2.18672324e+00  2.28327676e+00  2.85517592e+00  2.55448577e+00 
 9.30560000e-10  2.18798653e+00  2.28201347e+00  2.85143114e+00  2.55827666e+00 
 9.32560000e-10  2.18925726e+00  2.28074274e+00  2.84766082e+00  2.56209209e+00 
 9.34560000e-10  2.19053520e+00  2.27946480e+00  2.84386560e+00  2.56593143e+00 
 9.36560000e-10  2.19182017e+00  2.27817983e+00  2.84004608e+00  2.56979403e+00 
 9.38560000e-10  2.19311195e+00  2.27688805e+00  2.83620289e+00  2.57367925e+00 
 9.40560000e-10  2.19441035e+00  2.27558965e+00  2.83233668e+00  2.57758644e+00 
 9.42560000e-10  2.19571516e+00  2.27428484e+00  2.82844806e+00  2.58151494e+00 
 9.44560000e-10  2.19702617e+00  2.27297383e+00  2.82453769e+00  2.58546408e+00 
 9.46560000e-10  2.19834318e+00  2.27165682e+00  2.82060622e+00  2.58943321e+00 
 9.48560000e-10  2.19966598e+00  2.27033402e+00  2.81665430e+00  2.59342165e+00 
 9.50560000e-10  2.20099436e+00  2.26900564e+00  2.81268258e+00  2.59742872e+00 
 9.52560000e-10  2.20232810e+00  2.26767190e+00  2.80869175e+00  2.60145375e+00 
 9.54560000e-10  2.20366701e+00  2.26633299e+00  2.80468246e+00  2.60549605e+00 
 9.56560000e-10  2.20501086e+00  2.26498914e+00  2.80065538e+00  2.60955492e+00 
 9.58560000e-10  2.20635945e+00  2.26364055e+00  2.79661121e+00  2.61362969e+00 
 9.60560000e-10  2.20771257e+00  2.26228743e+00  2.79255062e+00  2.61771964e+00 
 9.62560000e-10  2.20906999e+00  2.26093001e+00  2.78847431e+00  2.62182408e+00 
 9.64560000e-10  2.21043150e+00  2.25956850e+00  2.78438296e+00  2.62594231e+00 
 9.66560000e-10  2.21179690e+00  2.25820310e+00  2.78027726e+00  2.63007362e+00 
 9.68560000e-10  2.21316596e+00  2.25683404e+00  2.77615793e+00  2.63421730e+00 
 9.70560000e-10  2.21453847e+00  2.25546153e+00  2.77202566e+00  2.63837263e+00 
 9.72560000e-10  2.21591420e+00  2.25408580e+00  2.76788116e+00  2.64253890e+00 
 9.74560000e-10  2.21729296e+00  2.25270704e+00  2.76372514e+00  2.64671539e+00 
 9.76560000e-10  2.21867451e+00  2.25132549e+00  2.75955832e+00  2.65090138e+00 
 9.78560000e-10  2.22005863e+00  2.24994137e+00  2.75538140e+00  2.65509615e+00 
 9.80560000e-10  2.22144512e+00  2.24855488e+00  2.75119511e+00  2.65929896e+00 
 9.82560000e-10  2.22283375e+00  2.24716625e+00  2.74700017e+00  2.66350910e+00 
 9.84560000e-10  2.22422429e+00  2.24577571e+00  2.74279730e+00  2.66772583e+00 
 9.86560000e-10  2.22561654e+00  2.24438346e+00  2.73858723e+00  2.67194843e+00 
 9.88560000e-10  2.22701027e+00  2.24298973e+00  2.73437068e+00  2.67617616e+00 
 9.90560000e-10  2.22840527e+00  2.24159473e+00  2.73014838e+00  2.68040828e+00 
 9.92560000e-10  2.22980130e+00  2.24019870e+00  2.72592107e+00  2.68464407e+00 
 9.94560000e-10  2.23119816e+00  2.23880184e+00  2.72168947e+00  2.68888278e+00 
 9.96560000e-10  2.23259561e+00  2.23740439e+00  2.71745432e+00  2.69312369e+00 
 9.98560000e-10  2.23399345e+00  2.23600655e+00  2.71321636e+00  2.69736605e+00 
 1.00056000e-09  2.23539144e+00  2.23460856e+00  2.70897630e+00  2.70160914e+00 
 1.00256000e-09  2.23678937e+00  2.23321063e+00  2.70473490e+00  2.70585220e+00 
 1.00456000e-09  2.23818702e+00  2.23181298e+00  2.70049289e+00  2.71009452e+00 
 1.00656000e-09  2.23958417e+00  2.23041583e+00  2.69625100e+00  2.71433534e+00 
 1.00856000e-09  2.24098059e+00  2.22901941e+00  2.69200996e+00  2.71857394e+00 
 1.01056000e-09  2.24237607e+00  2.22762393e+00  2.68777052e+00  2.72280958e+00 
 1.01256000e-09  2.24377038e+00  2.22622962e+00  2.68353341e+00  2.72704153e+00 
 1.01456000e-09  2.24516331e+00  2.22483669e+00  2.67929936e+00  2.73126905e+00 
 1.01656000e-09  2.24655464e+00  2.22344536e+00  2.67506911e+00  2.73549142e+00 
 1.01856000e-09  2.24794414e+00  2.22205586e+00  2.67084339e+00  2.73970789e+00 
 1.02056000e-09  2.24933159e+00  2.22066841e+00  2.66662293e+00  2.74391775e+00 
 1.02256000e-09  2.25071678e+00  2.21928322e+00  2.66240847e+00  2.74812026e+00 
 1.02456000e-09  2.25209949e+00  2.21790051e+00  2.65820072e+00  2.75231470e+00 
 1.02656000e-09  2.25347950e+00  2.21652050e+00  2.65400043e+00  2.75650036e+00 
 1.02856000e-09  2.25485659e+00  2.21514341e+00  2.64980831e+00  2.76067649e+00 
 1.03056000e-09  2.25623055e+00  2.21376945e+00  2.64562509e+00  2.76484240e+00 
 1.03256000e-09  2.25760115e+00  2.21239885e+00  2.64145149e+00  2.76899737e+00 
 1.03456000e-09  2.25896819e+00  2.21103181e+00  2.63728823e+00  2.77314067e+00 
 1.03656000e-09  2.26033144e+00  2.20966856e+00  2.63313602e+00  2.77727161e+00 
 1.03856000e-09  2.26169069e+00  2.20830931e+00  2.62899559e+00  2.78138948e+00 
 1.04056000e-09  2.26304572e+00  2.20695428e+00  2.62486763e+00  2.78549358e+00 
 1.04256000e-09  2.26439633e+00  2.20560367e+00  2.62075287e+00  2.78958320e+00 
 1.04456000e-09  2.26574229e+00  2.20425771e+00  2.61665199e+00  2.79365765e+00 
 1.04656000e-09  2.26708340e+00  2.20291660e+00  2.61256572e+00  2.79771625e+00 
 1.04856000e-09  2.26841945e+00  2.20158055e+00  2.60849473e+00  2.80175830e+00 
 1.05056000e-09  2.26975021e+00  2.20024979e+00  2.60443974e+00  2.80578312e+00 
 1.05256000e-09  2.27107549e+00  2.19892451e+00  2.60040142e+00  2.80979004e+00 
 1.05456000e-09  2.27239507e+00  2.19760493e+00  2.59638046e+00  2.81377838e+00 
 1.05656000e-09  2.27370875e+00  2.19629125e+00  2.59237755e+00  2.81774747e+00 
 1.05856000e-09  2.27501631e+00  2.19498369e+00  2.58839337e+00  2.82169666e+00 
 1.06056000e-09  2.27631756e+00  2.19368244e+00  2.58442858e+00  2.82562527e+00 
 1.06256000e-09  2.27761228e+00  2.19238772e+00  2.58048385e+00  2.82953268e+00 
 1.06456000e-09  2.27890027e+00  2.19109973e+00  2.57655986e+00  2.83341821e+00 
 1.06656000e-09  2.28018133e+00  2.18981867e+00  2.57265725e+00  2.83728124e+00 
 1.06856000e-09  2.28145525e+00  2.18854475e+00  2.56877668e+00  2.84112112e+00 
 1.07056000e-09  2.28272184e+00  2.18727816e+00  2.56491881e+00  2.84493724e+00 
 1.07256000e-09  2.28398089e+00  2.18601911e+00  2.56108426e+00  2.84872896e+00 
 1.07456000e-09  2.28523221e+00  2.18476779e+00  2.55727368e+00  2.85249567e+00 
 1.07656000e-09  2.28647560e+00  2.18352440e+00  2.55348771e+00  2.85623676e+00 
 1.07856000e-09  2.28771085e+00  2.18228915e+00  2.54972696e+00  2.85995162e+00 
 1.08056000e-09  2.28893779e+00  2.18106221e+00  2.54599206e+00  2.86363966e+00 
 1.08256000e-09  2.29015620e+00  2.17984380e+00  2.54228361e+00  2.86730029e+00 
 1.08456000e-09  2.29136591e+00  2.17863409e+00  2.53860224e+00  2.87093292e+00 
 1.08656000e-09  2.29256672e+00  2.17743328e+00  2.53494853e+00  2.87453699e+00 
 1.08856000e-09  2.29375843e+00  2.17624157e+00  2.53132309e+00  2.87811191e+00 
 1.09056000e-09  2.29494087e+00  2.17505913e+00  2.52772649e+00  2.88165714e+00 
 1.09256000e-09  2.29611384e+00  2.17388616e+00  2.52415933e+00  2.88517211e+00 
 1.09456000e-09  2.29727716e+00  2.17272284e+00  2.52062217e+00  2.88865628e+00 
 1.09656000e-09  2.29843064e+00  2.17156936e+00  2.51711558e+00  2.89210911e+00 
 1.09856000e-09  2.29957411e+00  2.17042589e+00  2.51364013e+00  2.89553007e+00 
 1.10056000e-09  2.30070739e+00  2.16929261e+00  2.51019636e+00  2.89891864e+00 
 1.10256000e-09  2.30183028e+00  2.16816972e+00  2.50678483e+00  2.90227430e+00 
 1.10456000e-09  2.30294263e+00  2.16705737e+00  2.50340606e+00  2.90559655e+00 
 1.10656000e-09  2.30404424e+00  2.16595576e+00  2.50006059e+00  2.90888489e+00 
 1.10856000e-09  2.30513495e+00  2.16486505e+00  2.49674894e+00  2.91213883e+00 
 1.11056000e-09  2.30621459e+00  2.16378541e+00  2.49347164e+00  2.91535789e+00 
 1.11256000e-09  2.30728298e+00  2.16271702e+00  2.49022917e+00  2.91854159e+00 
 1.11456000e-09  2.30833996e+00  2.16166004e+00  2.48702205e+00  2.92168947e+00 
 1.11656000e-09  2.30938535e+00  2.16061465e+00  2.48385077e+00  2.92480108e+00 
 1.11856000e-09  2.31041900e+00  2.15958100e+00  2.48071580e+00  2.92787596e+00 
 1.12056000e-09  2.31144074e+00  2.15855926e+00  2.47761764e+00  2.93091368e+00 
 1.12256000e-09  2.31245041e+00  2.15754959e+00  2.47455673e+00  2.93391381e+00 
 1.12456000e-09  2.31344785e+00  2.15655215e+00  2.47153355e+00  2.93687592e+00 
 1.12656000e-09  2.31443290e+00  2.15556710e+00  2.46854853e+00  2.93979960e+00 
 1.12856000e-09  2.31540541e+00  2.15459459e+00  2.46560213e+00  2.94268446e+00 
 1.13056000e-09  2.31636522e+00  2.15363478e+00  2.46269479e+00  2.94553009e+00 
 1.13256000e-09  2.31731218e+00  2.15268782e+00  2.45982691e+00  2.94833611e+00 
 1.13456000e-09  2.31824614e+00  2.15175386e+00  2.45699893e+00  2.95110214e+00 
 1.13656000e-09  2.31916696e+00  2.15083304e+00  2.45421125e+00  2.95382782e+00 
 1.13856000e-09  2.32007449e+00  2.14992551e+00  2.45146427e+00  2.95651278e+00 
 1.14056000e-09  2.32096858e+00  2.14903142e+00  2.44875838e+00  2.95915667e+00 
 1.14256000e-09  2.32184910e+00  2.14815090e+00  2.44609397e+00  2.96175916e+00 
 1.14456000e-09  2.32271590e+00  2.14728410e+00  2.44347141e+00  2.96431990e+00 
 1.14656000e-09  2.32356885e+00  2.14643115e+00  2.44089107e+00  2.96683858e+00 
 1.14856000e-09  2.32440782e+00  2.14559218e+00  2.43835330e+00  2.96931488e+00 
 1.15056000e-09  2.32523267e+00  2.14476733e+00  2.43585846e+00  2.97174849e+00 
 1.15256000e-09  2.32604327e+00  2.14395673e+00  2.43340688e+00  2.97413911e+00 
 1.15456000e-09  2.32683949e+00  2.14316051e+00  2.43099890e+00  2.97648646e+00 
 1.15656000e-09  2.32762121e+00  2.14237879e+00  2.42863483e+00  2.97879026e+00 
 1.15856000e-09  2.32838830e+00  2.14161170e+00  2.42631501e+00  2.98105022e+00 
 1.16056000e-09  2.32914065e+00  2.14085935e+00  2.42403973e+00  2.98326609e+00 
 1.16256000e-09  2.32987813e+00  2.14012187e+00  2.42180928e+00  2.98543762e+00 
 1.16456000e-09  2.33060062e+00  2.13939938e+00  2.41962397e+00  2.98756455e+00 
 1.16656000e-09  2.33130802e+00  2.13869198e+00  2.41748407e+00  2.98964664e+00 
 1.16856000e-09  2.33200022e+00  2.13799978e+00  2.41538986e+00  2.99168367e+00 
 1.17056000e-09  2.33267709e+00  2.13732291e+00  2.41334161e+00  2.99367541e+00 
 1.17256000e-09  2.33333854e+00  2.13666146e+00  2.41133956e+00  2.99562165e+00 
 1.17456000e-09  2.33398447e+00  2.13601553e+00  2.40938397e+00  2.99752217e+00 
 1.17656000e-09  2.33461476e+00  2.13538524e+00  2.40747508e+00  2.99937678e+00 
 1.17856000e-09  2.33522932e+00  2.13477068e+00  2.40561313e+00  3.00118529e+00 
 1.18056000e-09  2.33582805e+00  2.13417195e+00  2.40379833e+00  3.00294750e+00 
 1.18256000e-09  2.33641087e+00  2.13358913e+00  2.40203092e+00  3.00466325e+00 
 1.18456000e-09  2.33697766e+00  2.13302234e+00  2.40031110e+00  3.00633236e+00 
 1.18656000e-09  2.33752836e+00  2.13247164e+00  2.39863906e+00  3.00795466e+00 
 1.18856000e-09  2.33806286e+00  2.13193714e+00  2.39701502e+00  3.00953001e+00 
 1.19056000e-09  2.33858109e+00  2.13141891e+00  2.39543915e+00  3.01105825e+00 
 1.19256000e-09  2.33908297e+00  2.13091703e+00  2.39391164e+00  3.01253923e+00 
 1.19456000e-09  2.33956840e+00  2.13043160e+00  2.39243266e+00  3.01397282e+00 
 1.19656000e-09  2.34003733e+00  2.12996267e+00  2.39100238e+00  3.01535890e+00 
 1.19856000e-09  2.34048966e+00  2.12951034e+00  2.38962096e+00  3.01669732e+00 
 1.20056000e-09  2.34092534e+00  2.12907466e+00  2.38828855e+00  3.01798798e+00 
 1.20256000e-09  2.34134430e+00  2.12865570e+00  2.38700530e+00  3.01923077e+00 
 1.20456000e-09  2.34174646e+00  2.12825354e+00  2.38577134e+00  3.02042556e+00 
 1.20656000e-09  2.34213176e+00  2.12786824e+00  2.38458682e+00  3.02157227e+00 
 1.20856000e-09  2.34250015e+00  2.12749985e+00  2.38345186e+00  3.02267080e+00 
 1.21056000e-09  2.34285156e+00  2.12714844e+00  2.38236658e+00  3.02372105e+00 
 1.21256000e-09  2.34318594e+00  2.12681406e+00  2.38133109e+00  3.02472294e+00 
 1.21456000e-09  2.34350323e+00  2.12649677e+00  2.38034551e+00  3.02567639e+00 
 1.21656000e-09  2.34380339e+00  2.12619661e+00  2.37940993e+00  3.02658132e+00 
 1.21856000e-09  2.34408637e+00  2.12591363e+00  2.37852446e+00  3.02743767e+00 
 1.22056000e-09  2.34435213e+00  2.12564787e+00  2.37768918e+00  3.02824535e+00 
 1.22256000e-09  2.34460062e+00  2.12539938e+00  2.37690418e+00  3.02900432e+00 
 1.22456000e-09  2.34483179e+00  2.12516821e+00  2.37616954e+00  3.02971451e+00 
 1.22656000e-09  2.34504563e+00  2.12495437e+00  2.37548533e+00  3.03037587e+00 
 1.22856000e-09  2.34524209e+00  2.12475791e+00  2.37485163e+00  3.03098834e+00 
 1.23056000e-09  2.34542114e+00  2.12457886e+00  2.37426850e+00  3.03155189e+00 
 1.23256000e-09  2.34558275e+00  2.12441725e+00  2.37373598e+00  3.03206648e+00 
 1.23456000e-09  2.34572690e+00  2.12427310e+00  2.37325415e+00  3.03253205e+00 
 1.23656000e-09  2.34585357e+00  2.12414643e+00  2.37282304e+00  3.03294858e+00 
 1.23856000e-09  2.34596273e+00  2.12403727e+00  2.37244271e+00  3.03331604e+00 
 1.24056000e-09  2.34605437e+00  2.12394563e+00  2.37211318e+00  3.03363441e+00 
 1.24256000e-09  2.34612847e+00  2.12387153e+00  2.37183448e+00  3.03390364e+00 
 1.24456000e-09  2.34618502e+00  2.12381498e+00  2.37160666e+00  3.03412374e+00 
 1.24656000e-09  2.34622401e+00  2.12377599e+00  2.37142973e+00  3.03429467e+00 
 1.24856000e-09  2.34624545e+00  2.12375455e+00  2.37130371e+00  3.03441644e+00 
 1.25056000e-09  2.34624931e+00  2.12375069e+00  2.37122861e+00  3.03448901e+00 
 1.25256000e-09  2.34623561e+00  2.12376439e+00  2.37120444e+00  3.03451240e+00 
 1.25456000e-09  2.34620434e+00  2.12379566e+00  2.37123121e+00  3.03448660e+00 
 1.25656000e-09  2.34615551e+00  2.12384449e+00  2.37130891e+00  3.03441160e+00 
 1.25856000e-09  2.34608913e+00  2.12391087e+00  2.37143754e+00  3.03428741e+00 
 1.26056000e-09  2.34600521e+00  2.12399479e+00  2.37161709e+00  3.03411404e+00 
 1.26256000e-09  2.34590375e+00  2.12409625e+00  2.37184754e+00  3.03389149e+00 
 1.26456000e-09  2.34578479e+00  2.12421521e+00  2.37212887e+00  3.03361978e+00 
 1.26656000e-09  2.34564833e+00  2.12435167e+00  2.37246106e+00  3.03329894e+00 
 1.26856000e-09  2.34549440e+00  2.12450560e+00  2.37284407e+00  3.03292897e+00 
 1.27056000e-09  2.34532302e+00  2.12467698e+00  2.37327787e+00  3.03250990e+00 
 1.27256000e-09  2.34513421e+00  2.12486579e+00  2.37376242e+00  3.03204176e+00 
 1.27456000e-09  2.34492802e+00  2.12507198e+00  2.37429768e+00  3.03152458e+00 
 1.27656000e-09  2.34470447e+00  2.12529553e+00  2.37488359e+00  3.03095840e+00 
 1.27856000e-09  2.34446359e+00  2.12553641e+00  2.37552009e+00  3.03034325e+00 
 1.28056000e-09  2.34420543e+00  2.12579457e+00  2.37620713e+00  3.02967919e+00 
 1.28256000e-09  2.34393002e+00  2.12606998e+00  2.37694465e+00  3.02896625e+00 
 1.28456000e-09  2.34363742e+00  2.12636258e+00  2.37773255e+00  3.02820449e+00 
 1.28656000e-09  2.34332765e+00  2.12667235e+00  2.37857078e+00  3.02739396e+00 
 1.28856000e-09  2.34300079e+00  2.12699921e+00  2.37945925e+00  3.02653472e+00 
 1.29056000e-09  2.34265686e+00  2.12734314e+00  2.38039786e+00  3.02562685e+00 
 1.29256000e-09  2.34229594e+00  2.12770406e+00  2.38138652e+00  3.02467040e+00 
 1.29456000e-09  2.34191807e+00  2.12808193e+00  2.38242513e+00  3.02366545e+00 
 1.29656000e-09  2.34152332e+00  2.12847668e+00  2.38351358e+00  3.02261209e+00 
 1.29856000e-09  2.34111175e+00  2.12888825e+00  2.38465177e+00  3.02151039e+00 
 1.30056000e-09  2.34068342e+00  2.12931658e+00  2.38583958e+00  3.02036045e+00 
 1.30256000e-09  2.34023840e+00  2.12976160e+00  2.38707687e+00  3.01916236e+00 
 1.30456000e-09  2.33977677e+00  2.13022323e+00  2.38836351e+00  3.01791622e+00 
 1.30656000e-09  2.33929859e+00  2.13070141e+00  2.38969937e+00  3.01662214e+00 
 1.30856000e-09  2.33880394e+00  2.13119606e+00  2.39108429e+00  3.01528023e+00 
 1.31056000e-09  2.33829289e+00  2.13170711e+00  2.39251814e+00  3.01389061e+00 
 1.31256000e-09  2.33776554e+00  2.13223446e+00  2.39400074e+00  3.01245340e+00 
 1.31456000e-09  2.33722196e+00  2.13277804e+00  2.39553193e+00  3.01096874e+00 
 1.31656000e-09  2.33666224e+00  2.13333776e+00  2.39711154e+00  3.00943675e+00 
 1.31856000e-09  2.33608646e+00  2.13391354e+00  2.39873940e+00  3.00785759e+00 
 1.32056000e-09  2.33549472e+00  2.13450528e+00  2.40041530e+00  3.00623141e+00 
 1.32256000e-09  2.33488711e+00  2.13511289e+00  2.40213906e+00  3.00455836e+00 
 1.32456000e-09  2.33426373e+00  2.13573627e+00  2.40391047e+00  3.00283860e+00 
 1.32656000e-09  2.33362467e+00  2.13637533e+00  2.40572932e+00  3.00107231e+00 
 1.32856000e-09  2.33297004e+00  2.13702996e+00  2.40759540e+00  2.99925966e+00 
 1.33056000e-09  2.33229994e+00  2.13770006e+00  2.40950847e+00  2.99740085e+00 
 1.33256000e-09  2.33161447e+00  2.13838553e+00  2.41146831e+00  2.99549607e+00 
 1.33456000e-09  2.33091375e+00  2.13908625e+00  2.41347468e+00  2.99354551e+00 
 1.33656000e-09  2.33019788e+00  2.13980212e+00  2.41552731e+00  2.99154939e+00 
 1.33856000e-09  2.32946697e+00  2.14053303e+00  2.41762596e+00  2.98950792e+00 
 1.34056000e-09  2.32872116e+00  2.14127884e+00  2.41977036e+00  2.98742133e+00 
 1.34256000e-09  2.32796054e+00  2.14203946e+00  2.42196024e+00  2.98528985e+00 
 1.34456000e-09  2.32718524e+00  2.14281476e+00  2.42419530e+00  2.98311372e+00 
 1.34656000e-09  2.32639538e+00  2.14360462e+00  2.42647527e+00  2.98089319e+00 
 1.34856000e-09  2.32559109e+00  2.14440891e+00  2.42879984e+00  2.97862853e+00 
 1.35056000e-09  2.32477250e+00  2.14522750e+00  2.43116870e+00  2.97631999e+00 
 1.35256000e-09  2.32393973e+00  2.14606027e+00  2.43358154e+00  2.97396785e+00 
 1.35456000e-09  2.32309292e+00  2.14690708e+00  2.43603802e+00  2.97157239e+00 
 1.35656000e-09  2.32223219e+00  2.14776781e+00  2.43853783e+00  2.96913392e+00 
 1.35856000e-09  2.32135769e+00  2.14864231e+00  2.44108061e+00  2.96665272e+00 
 1.36056000e-09  2.32046955e+00  2.14953045e+00  2.44366602e+00  2.96412910e+00 
 1.36256000e-09  2.31956792e+00  2.15043208e+00  2.44629369e+00  2.96156340e+00 
 1.36456000e-09  2.31865293e+00  2.15134707e+00  2.44896326e+00  2.95895592e+00 
 1.36656000e-09  2.31772473e+00  2.15227527e+00  2.45167435e+00  2.95630702e+00 
 1.36856000e-09  2.31678347e+00  2.15321653e+00  2.45442656e+00  2.95361703e+00 
 1.37056000e-09  2.31582930e+00  2.15417070e+00  2.45721951e+00  2.95088630e+00 
 1.37256000e-09  2.31486236e+00  2.15513764e+00  2.46005281e+00  2.94811521e+00 
 1.37456000e-09  2.31388281e+00  2.15611719e+00  2.46292604e+00  2.94530412e+00 
 1.37656000e-09  2.31289080e+00  2.15710920e+00  2.46583878e+00  2.94245341e+00 
 1.37856000e-09  2.31188649e+00  2.15811351e+00  2.46879059e+00  2.93956347e+00 
 1.38056000e-09  2.31087005e+00  2.15912995e+00  2.47178105e+00  2.93663470e+00 
 1.38256000e-09  2.30984162e+00  2.16015838e+00  2.47480971e+00  2.93366751e+00 
 1.38456000e-09  2.30880137e+00  2.16119863e+00  2.47787610e+00  2.93066231e+00 
 1.38656000e-09  2.30774947e+00  2.16225053e+00  2.48097979e+00  2.92761954e+00 
 1.38856000e-09  2.30668608e+00  2.16331392e+00  2.48412028e+00  2.92453961e+00 
 1.39056000e-09  2.30561137e+00  2.16438863e+00  2.48729710e+00  2.92142298e+00 
 1.39256000e-09  2.30452551e+00  2.16547449e+00  2.49050979e+00  2.91827009e+00 
 1.39456000e-09  2.30342867e+00  2.16657133e+00  2.49375782e+00  2.91508141e+00 
 1.39656000e-09  2.30232103e+00  2.16767897e+00  2.49704070e+00  2.91185740e+00 
 1.39856000e-09  2.30120275e+00  2.16879725e+00  2.50035791e+00  2.90859854e+00 
 1.40056000e-09  2.30007402e+00  2.16992598e+00  2.50370895e+00  2.90530532e+00 
 1.40256000e-09  2.29893502e+00  2.17106498e+00  2.50709327e+00  2.90197823e+00 
 1.40456000e-09  2.29778591e+00  2.17221409e+00  2.51051036e+00  2.89861777e+00 
 1.40656000e-09  2.29662690e+00  2.17337310e+00  2.51395966e+00  2.89522446e+00 
 1.40856000e-09  2.29545815e+00  2.17454185e+00  2.51744064e+00  2.89179880e+00 
 1.41056000e-09  2.29427986e+00  2.17572014e+00  2.52095273e+00  2.88834133e+00 
 1.41256000e-09  2.29309220e+00  2.17690780e+00  2.52449537e+00  2.88485257e+00 
 1.41456000e-09  2.29189537e+00  2.17810463e+00  2.52806799e+00  2.88133308e+00 
 1.41656000e-09  2.29068956e+00  2.17931044e+00  2.53167002e+00  2.87778340e+00 
 1.41856000e-09  2.28947495e+00  2.18052505e+00  2.53530086e+00  2.87420408e+00 
 1.42056000e-09  2.28825174e+00  2.18174826e+00  2.53895993e+00  2.87059570e+00 
 1.42256000e-09  2.28702012e+00  2.18297988e+00  2.54264663e+00  2.86695882e+00 
 1.42456000e-09  2.28578029e+00  2.18421971e+00  2.54636036e+00  2.86329403e+00 
 1.42656000e-09  2.28453244e+00  2.18546756e+00  2.55010050e+00  2.85960190e+00 
 1.42856000e-09  2.28327676e+00  2.18672324e+00  2.55386644e+00  2.85588304e+00 
 1.43056000e-09  2.28201347e+00  2.18798653e+00  2.55765755e+00  2.85213804e+00 
 1.43256000e-09  2.28074274e+00  2.18925726e+00  2.56147322e+00  2.84836750e+00 
 1.43456000e-09  2.27946480e+00  2.19053520e+00  2.56531279e+00  2.84457205e+00 
 1.43656000e-09  2.27817983e+00  2.19182017e+00  2.56917563e+00  2.84075230e+00 
 1.43856000e-09  2.27688805e+00  2.19311195e+00  2.57306110e+00  2.83690888e+00 
 1.44056000e-09  2.27558965e+00  2.19441035e+00  2.57696854e+00  2.83304242e+00 
 1.44256000e-09  2.27428484e+00  2.19571516e+00  2.58089729e+00  2.82915355e+00 
 1.44456000e-09  2.27297383e+00  2.19702617e+00  2.58484670e+00  2.82524292e+00 
 1.44656000e-09  2.27165682e+00  2.19834318e+00  2.58881610e+00  2.82131118e+00 
 1.44856000e-09  2.27033402e+00  2.19966598e+00  2.59280482e+00  2.81735899e+00 
 1.45056000e-09  2.26900564e+00  2.20099436e+00  2.59681218e+00  2.81338700e+00 
 1.45256000e-09  2.26767190e+00  2.20232810e+00  2.60083749e+00  2.80939588e+00 
 1.45456000e-09  2.26633299e+00  2.20366701e+00  2.60488009e+00  2.80538630e+00 
 1.45656000e-09  2.26498914e+00  2.20501086e+00  2.60893926e+00  2.80135893e+00 
 1.45856000e-09  2.26364055e+00  2.20635945e+00  2.61301434e+00  2.79731445e+00 
 1.46056000e-09  2.26228743e+00  2.20771257e+00  2.61710460e+00  2.79325356e+00 
 1.46256000e-09  2.26093001e+00  2.20906999e+00  2.62120937e+00  2.78917692e+00 
 1.46456000e-09  2.25956850e+00  2.21043150e+00  2.62532792e+00  2.78508525e+00 
 1.46656000e-09  2.25820310e+00  2.21179690e+00  2.62945957e+00  2.78097923e+00 
 1.46856000e-09  2.25683404e+00  2.21316596e+00  2.63360358e+00  2.77685956e+00 
 1.47056000e-09  2.25546153e+00  2.21453847e+00  2.63775926e+00  2.77272695e+00 
 1.47256000e-09  2.25408580e+00  2.21591420e+00  2.64192588e+00  2.76858210e+00 
 1.47456000e-09  2.25270704e+00  2.21729296e+00  2.64610273e+00  2.76442573e+00 
 1.47656000e-09  2.25132549e+00  2.21867451e+00  2.65028908e+00  2.76025854e+00 
 1.47856000e-09  2.24994137e+00  2.22005863e+00  2.65448421e+00  2.75608126e+00 
 1.48056000e-09  2.24855488e+00  2.22144512e+00  2.65868741e+00  2.75189460e+00 
 1.48256000e-09  2.24716625e+00  2.22283375e+00  2.66289792e+00  2.74769928e+00 
 1.48456000e-09  2.24577571e+00  2.22422429e+00  2.66711504e+00  2.74349602e+00 
 1.48656000e-09  2.24438346e+00  2.22561654e+00  2.67133803e+00  2.73928556e+00 
 1.48856000e-09  2.24298973e+00  2.22701027e+00  2.67556616e+00  2.73506862e+00 
 1.49056000e-09  2.24159473e+00  2.22840527e+00  2.67979868e+00  2.73084592e+00 
 1.49256000e-09  2.24019870e+00  2.22980130e+00  2.68403488e+00  2.72661820e+00 
 1.49456000e-09  2.23880184e+00  2.23119816e+00  2.68827401e+00  2.72238619e+00 
 1.49656000e-09  2.23740439e+00  2.23259561e+00  2.69251534e+00  2.71815062e+00 
 1.49856000e-09  2.23600655e+00  2.23399345e+00  2.69675813e+00  2.71391223e+00 
 1.50056000e-09  2.23460856e+00  2.23539144e+00  2.70100165e+00  2.70967175e+00 
 1.50256000e-09  2.23321063e+00  2.23678937e+00  2.70524516e+00  2.70542991e+00 
 1.50456000e-09  2.23181298e+00  2.23818702e+00  2.70948792e+00  2.70118746e+00 
 1.50656000e-09  2.23041583e+00  2.23958417e+00  2.71372920e+00  2.69694512e+00 
 1.50856000e-09  2.22901941e+00  2.24098059e+00  2.71796825e+00  2.69270363e+00 
 1.51056000e-09  2.22762393e+00  2.24237607e+00  2.72220436e+00  2.68846373e+00 
 1.51256000e-09  2.22622962e+00  2.24377038e+00  2.72643677e+00  2.68422616e+00 
 1.51456000e-09  2.22483669e+00  2.24516331e+00  2.73066477e+00  2.67999165e+00 
 1.51656000e-09  2.22344536e+00  2.24655464e+00  2.73488761e+00  2.67576092e+00 
 1.51856000e-09  2.22205586e+00  2.24794414e+00  2.73910457e+00  2.67153472e+00 
 1.52056000e-09  2.22066841e+00  2.24933159e+00  2.74331492e+00  2.66731378e+00 
 1.52256000e-09  2.21928322e+00  2.25071678e+00  2.74751793e+00  2.66309883e+00 
 1.52456000e-09  2.21790051e+00  2.25209949e+00  2.75171287e+00  2.65889059e+00 
 1.52656000e-09  2.21652050e+00  2.25347950e+00  2.75589903e+00  2.65468980e+00 
 1.52856000e-09  2.21514341e+00  2.25485659e+00  2.76007568e+00  2.65049718e+00 
 1.53056000e-09  2.21376945e+00  2.25623055e+00  2.76424211e+00  2.64631345e+00 
 1.53256000e-09  2.21239885e+00  2.25760115e+00  2.76839760e+00  2.64213934e+00 
 1.53456000e-09  2.21103181e+00  2.25896819e+00  2.77254143e+00  2.63797556e+00 
 1.53656000e-09  2.20966856e+00  2.26033144e+00  2.77667291e+00  2.63382283e+00 
 1.53856000e-09  2.20830931e+00  2.26169069e+00  2.78079132e+00  2.62968187e+00 
 1.54056000e-09  2.20695428e+00  2.26304572e+00  2.78489595e+00  2.62555339e+00 
 1.54256000e-09  2.20560367e+00  2.26439633e+00  2.78898613e+00  2.62143809e+00 
 1.54456000e-09  2.20425771e+00  2.26574229e+00  2.79306113e+00  2.61733668e+00 
 1.54656000e-09  2.20291660e+00  2.26708340e+00  2.79712029e+00  2.61324986e+00 
 1.54856000e-09  2.20158055e+00  2.26841945e+00  2.80116290e+00  2.60917833e+00 
 1.55056000e-09  2.20024979e+00  2.26975021e+00  2.80518830e+00  2.60512278e+00 
 1.55256000e-09  2.19892451e+00  2.27107549e+00  2.80919579e+00  2.60108390e+00 
 1.55456000e-09  2.19760493e+00  2.27239507e+00  2.81318471e+00  2.59706239e+00 
 1.55656000e-09  2.19629125e+00  2.27370875e+00  2.81715439e+00  2.59305892e+00 
 1.55856000e-09  2.19498369e+00  2.27501631e+00  2.82110416e+00  2.58907416e+00 
 1.56056000e-09  2.19368244e+00  2.27631756e+00  2.82503338e+00  2.58510880e+00 
 1.56256000e-09  2.19238772e+00  2.27761228e+00  2.82894138e+00  2.58116351e+00 
 1.56456000e-09  2.19109973e+00  2.27890027e+00  2.83282752e+00  2.57723893e+00 
 1.56656000e-09  2.18981867e+00  2.28018133e+00  2.83669115e+00  2.57333574e+00 
 1.56856000e-09  2.18854475e+00  2.28145525e+00  2.84053165e+00  2.56945459e+00 
 1.57056000e-09  2.18727816e+00  2.28272184e+00  2.84434838e+00  2.56559613e+00 
 1.57256000e-09  2.18601911e+00  2.28398089e+00  2.84814072e+00  2.56176099e+00 
 1.57456000e-09  2.18476779e+00  2.28523221e+00  2.85190806e+00  2.55794982e+00 
 1.57656000e-09  2.18352440e+00  2.28647560e+00  2.85564977e+00  2.55416324e+00 
 1.57856000e-09  2.18228915e+00  2.28771085e+00  2.85936527e+00  2.55040189e+00 
 1.58056000e-09  2.18106221e+00  2.28893779e+00  2.86305395e+00  2.54666639e+00 
 1.58256000e-09  2.17984380e+00  2.29015620e+00  2.86671522e+00  2.54295734e+00 
 1.58456000e-09  2.17863409e+00  2.29136591e+00  2.87034850e+00  2.53927535e+00 
 1.58656000e-09  2.17743328e+00  2.29256672e+00  2.87395321e+00  2.53562103e+00 
 1.58856000e-09  2.17624157e+00  2.29375843e+00  2.87752879e+00  2.53199497e+00 
 1.59056000e-09  2.17505913e+00  2.29494087e+00  2.88107467e+00  2.52839776e+00 
 1.59256000e-09  2.17388616e+00  2.29611384e+00  2.88459029e+00  2.52482998e+00 
 1.59456000e-09  2.17272284e+00  2.29727716e+00  2.88807513e+00  2.52129220e+00 
 1.59656000e-09  2.17156936e+00  2.29843064e+00  2.89152862e+00  2.51778499e+00 
 1.59856000e-09  2.17042589e+00  2.29957411e+00  2.89495025e+00  2.51430891e+00 
 1.60056000e-09  2.16929261e+00  2.30070739e+00  2.89833949e+00  2.51086452e+00 
 1.60256000e-09  2.16816972e+00  2.30183028e+00  2.90169583e+00  2.50745235e+00 
 1.60456000e-09  2.16705737e+00  2.30294263e+00  2.90501875e+00  2.50407295e+00 
 1.60656000e-09  2.16595576e+00  2.30404424e+00  2.90830777e+00  2.50072685e+00 
 1.60856000e-09  2.16486505e+00  2.30513495e+00  2.91156239e+00  2.49741457e+00 
 1.61056000e-09  2.16378541e+00  2.30621459e+00  2.91478213e+00  2.49413662e+00 
 1.61256000e-09  2.16271702e+00  2.30728298e+00  2.91796651e+00  2.49089352e+00 
 1.61456000e-09  2.16166004e+00  2.30833996e+00  2.92111508e+00  2.48768577e+00 
 1.61656000e-09  2.16061465e+00  2.30938535e+00  2.92422737e+00  2.48451384e+00 
 1.61856000e-09  2.15958100e+00  2.31041900e+00  2.92730294e+00  2.48137824e+00 
 1.62056000e-09  2.15855926e+00  2.31144074e+00  2.93034134e+00  2.47827943e+00 
 1.62256000e-09  2.15754959e+00  2.31245041e+00  2.93334216e+00  2.47521789e+00 
 1.62456000e-09  2.15655215e+00  2.31344785e+00  2.93630496e+00  2.47219406e+00 
 1.62656000e-09  2.15556710e+00  2.31443290e+00  2.93922934e+00  2.46920841e+00 
 1.62856000e-09  2.15459459e+00  2.31540541e+00  2.94211489e+00  2.46626137e+00 
 1.63056000e-09  2.15363478e+00  2.31636522e+00  2.94496121e+00  2.46335338e+00 
 1.63256000e-09  2.15268782e+00  2.31731218e+00  2.94776792e+00  2.46048487e+00 
 1.63456000e-09  2.15175386e+00  2.31824614e+00  2.95053464e+00  2.45765625e+00 
 1.63656000e-09  2.15083304e+00  2.31916696e+00  2.95326100e+00  2.45486793e+00 
 1.63856000e-09  2.14992551e+00  2.32007449e+00  2.95594665e+00  2.45212031e+00 
 1.64056000e-09  2.14903142e+00  2.32096858e+00  2.95859123e+00  2.44941379e+00 
 1.64256000e-09  2.14815090e+00  2.32184910e+00  2.96119440e+00  2.44674875e+00 
 1.64456000e-09  2.14728410e+00  2.32271590e+00  2.96375583e+00  2.44412555e+00 
 1.64656000e-09  2.14643115e+00  2.32356885e+00  2.96627519e+00  2.44154458e+00 
 1.64856000e-09  2.14559218e+00  2.32440782e+00  2.96875217e+00  2.43900619e+00 
 1.65056000e-09  2.14476733e+00  2.32523267e+00  2.97118646e+00  2.43651072e+00 
 1.65256000e-09  2.14395673e+00  2.32604327e+00  2.97357776e+00  2.43405851e+00 
 1.65456000e-09  2.14316051e+00  2.32683949e+00  2.97592578e+00  2.43164991e+00 
 1.65656000e-09  2.14237879e+00  2.32762121e+00  2.97823024e+00  2.42928523e+00 
 1.65856000e-09  2.14161170e+00  2.32838830e+00  2.98049088e+00  2.42696479e+00 
 1.66056000e-09  2.14085935e+00  2.32914065e+00  2.98270741e+00  2.42468890e+00 
 1.66256000e-09  2.14012187e+00  2.32987813e+00  2.98487959e+00  2.42245785e+00 
 1.66456000e-09  2.13939938e+00  2.33060062e+00  2.98700718e+00  2.42027193e+00 
 1.66656000e-09  2.13869198e+00  2.33130802e+00  2.98908992e+00  2.41813144e+00 
 1.66856000e-09  2.13799978e+00  2.33200022e+00  2.99112759e+00  2.41603663e+00 
 1.67056000e-09  2.13732291e+00  2.33267709e+00  2.99311997e+00  2.41398778e+00 
 1.67256000e-09  2.13666146e+00  2.33333854e+00  2.99506684e+00  2.41198515e+00 
 1.67456000e-09  2.13601553e+00  2.33398447e+00  2.99696799e+00  2.41002898e+00 
 1.67656000e-09  2.13538524e+00  2.33461476e+00  2.99882322e+00  2.40811952e+00 
 1.67856000e-09  2.13477068e+00  2.33522932e+00  3.00063234e+00  2.40625700e+00 
 1.68056000e-09  2.13417195e+00  2.33582805e+00  3.00239516e+00  2.40444164e+00 
 1.68256000e-09  2.13358913e+00  2.33641087e+00  3.00411150e+00  2.40267367e+00 
 1.68456000e-09  2.13302234e+00  2.33697766e+00  3.00578120e+00  2.40095330e+00 
 1.68656000e-09  2.13247164e+00  2.33752836e+00  3.00740410e+00  2.39928072e+00 
 1.68856000e-09  2.13193714e+00  2.33806286e+00  3.00898002e+00  2.39765614e+00 
 1.69056000e-09  2.13141891e+00  2.33858109e+00  3.01050882e+00  2.39607974e+00 
 1.69256000e-09  2.13091703e+00  2.33908297e+00  3.01199037e+00  2.39455171e+00 
 1.69456000e-09  2.13043160e+00  2.33956840e+00  3.01342451e+00  2.39307221e+00 
 1.69656000e-09  2.12996267e+00  2.34003733e+00  3.01481112e+00  2.39164143e+00 
 1.69856000e-09  2.12951034e+00  2.34048966e+00  3.01615008e+00  2.39025951e+00 
 1.70056000e-09  2.12907466e+00  2.34092534e+00  3.01744126e+00  2.38892661e+00 
 1.70256000e-09  2.12865570e+00  2.34134430e+00  3.01868455e+00  2.38764288e+00 
 1.70456000e-09  2.12825354e+00  2.34174646e+00  3.01987985e+00  2.38640845e+00 
 1.70656000e-09  2.12786824e+00  2.34213176e+00  3.02102705e+00  2.38522347e+00 
 1.70856000e-09  2.12749985e+00  2.34250015e+00  3.02212606e+00  2.38408805e+00 
 1.71056000e-09  2.12714844e+00  2.34285156e+00  3.02317678e+00  2.38300232e+00 
 1.71256000e-09  2.12681406e+00  2.34318594e+00  3.02417912e+00  2.38196640e+00 
 1.71456000e-09  2.12649677e+00  2.34350323e+00  3.02513302e+00  2.38098040e+00 
 1.71656000e-09  2.12619661e+00  2.34380339e+00  3.02603838e+00  2.38004440e+00 
 1.71856000e-09  2.12591363e+00  2.34408637e+00  3.02689514e+00  2.37915853e+00 
 1.72056000e-09  2.12564787e+00  2.34435213e+00  3.02770324e+00  2.37832285e+00 
 1.72256000e-09  2.12539938e+00  2.34460062e+00  3.02846260e+00  2.37753747e+00 
 1.72456000e-09  2.12516821e+00  2.34483179e+00  3.02917317e+00  2.37680246e+00 
 1.72656000e-09  2.12495437e+00  2.34504563e+00  3.02983490e+00  2.37611789e+00 
 1.72856000e-09  2.12475791e+00  2.34524209e+00  3.03044773e+00  2.37548384e+00 
 1.73056000e-09  2.12457886e+00  2.34542114e+00  3.03101163e+00  2.37490036e+00 
 1.73256000e-09  2.12441725e+00  2.34558275e+00  3.03152654e+00  2.37436752e+00 
 1.73456000e-09  2.12427310e+00  2.34572690e+00  3.03199243e+00  2.37388537e+00 
 1.73656000e-09  2.12414643e+00  2.34585357e+00  3.03240926e+00  2.37345396e+00 
 1.73856000e-09  2.12403727e+00  2.34596273e+00  3.03277701e+00  2.37307332e+00 
 1.74056000e-09  2.12394563e+00  2.34605437e+00  3.03309565e+00  2.37274351e+00 
 1.74256000e-09  2.12387153e+00  2.34612847e+00  3.03336515e+00  2.37246455e+00 
 1.74456000e-09  2.12381498e+00  2.34618502e+00  3.03358549e+00  2.37223646e+00 
 1.74656000e-09  2.12377599e+00  2.34622401e+00  3.03375666e+00  2.37205928e+00 
 1.74856000e-09  2.12375455e+00  2.34624545e+00  3.03387864e+00  2.37193302e+00 
 1.75056000e-09  2.12375069e+00  2.34624931e+00  3.03395142e+00  2.37185770e+00 
 1.75256000e-09  2.12376439e+00  2.34623561e+00  3.03397500e+00  2.37183332e+00 
 1.75456000e-09  2.12379566e+00  2.34620434e+00  3.03394937e+00  2.37185988e+00 
 1.75656000e-09  2.12384449e+00  2.34615551e+00  3.03387453e+00  2.37193740e+00 
 1.75856000e-09  2.12391087e+00  2.34608913e+00  3.03375049e+00  2.37206585e+00 
 1.76056000e-09  2.12399479e+00  2.34600521e+00  3.03357726e+00  2.37224523e+00 
 1.76256000e-09  2.12409625e+00  2.34590375e+00  3.03335483e+00  2.37247552e+00 
 1.76456000e-09  2.12421521e+00  2.34578479e+00  3.03308323e+00  2.37275671e+00 
 1.76656000e-09  2.12435167e+00  2.34564833e+00  3.03276248e+00  2.37308876e+00 
 1.76856000e-09  2.12450560e+00  2.34549440e+00  3.03239259e+00  2.37347165e+00 
 1.77056000e-09  2.12467698e+00  2.34532302e+00  3.03197359e+00  2.37390534e+00 
 1.77256000e-09  2.12486579e+00  2.34513421e+00  3.03150550e+00  2.37438980e+00 
 1.77456000e-09  2.12507198e+00  2.34492802e+00  3.03098836e+00  2.37492496e+00 
 1.77656000e-09  2.12529553e+00  2.34470447e+00  3.03042221e+00  2.37551079e+00 
 1.77856000e-09  2.12553641e+00  2.34446359e+00  3.02980708e+00  2.37614723e+00 
 1.78056000e-09  2.12579457e+00  2.34420543e+00  3.02914301e+00  2.37683422e+00 
 1.78256000e-09  2.12606998e+00  2.34393002e+00  3.02843006e+00  2.37757168e+00 
 1.78456000e-09  2.12636258e+00  2.34363742e+00  3.02766828e+00  2.37835955e+00 
 1.78656000e-09  2.12667235e+00  2.34332765e+00  3.02685772e+00  2.37919776e+00 
 1.78856000e-09  2.12699921e+00  2.34300079e+00  3.02599843e+00  2.38008620e+00 
 1.79056000e-09  2.12734314e+00  2.34265686e+00  3.02509050e+00  2.38102480e+00 
 1.79256000e-09  2.12770406e+00  2.34229594e+00  3.02413399e+00  2.38201346e+00 
 1.79456000e-09  2.12808193e+00  2.34191807e+00  3.02312896e+00  2.38305209e+00 
 1.79656000e-09  2.12847668e+00  2.34152332e+00  3.02207551e+00  2.38414056e+00 
 1.79856000e-09  2.12888825e+00  2.34111175e+00  3.02097371e+00  2.38527878e+00 
 1.80056000e-09  2.12931658e+00  2.34068342e+00  3.01982365e+00  2.38646663e+00 
 1.80256000e-09  2.12976160e+00  2.34023840e+00  3.01862544e+00  2.38770396e+00 
 1.80456000e-09  2.13022323e+00  2.33977677e+00  3.01737917e+00  2.38899065e+00 
 1.80656000e-09  2.13070141e+00  2.33929859e+00  3.01608496e+00  2.39032657e+00 
 1.80856000e-09  2.13119606e+00  2.33880394e+00  3.01474290e+00  2.39171156e+00 
 1.81056000e-09  2.13170711e+00  2.33829289e+00  3.01335312e+00  2.39314548e+00 
 1.81256000e-09  2.13223446e+00  2.33776554e+00  3.01191575e+00  2.39462817e+00 
 1.81456000e-09  2.13277804e+00  2.33722196e+00  3.01043091e+00  2.39615945e+00 
 1.81656000e-09  2.13333776e+00  2.33666224e+00  3.00889874e+00  2.39773916e+00 
 1.81856000e-09  2.13391354e+00  2.33608646e+00  3.00731939e+00  2.39936711e+00 
 1.82056000e-09  2.13450528e+00  2.33549472e+00  3.00569301e+00  2.40104312e+00 
 1.82256000e-09  2.13511289e+00  2.33488711e+00  3.00401976e+00  2.40276699e+00 
 1.82456000e-09  2.13573627e+00  2.33426373e+00  3.00229979e+00  2.40453852e+00 
 1.82656000e-09  2.13637533e+00  2.33362467e+00  3.00053329e+00  2.40635749e+00 
 1.82856000e-09  2.13702996e+00  2.33297004e+00  2.99872042e+00  2.40822370e+00 
 1.83056000e-09  2.13770006e+00  2.33229994e+00  2.99686139e+00  2.41013691e+00 
 1.83256000e-09  2.13838553e+00  2.33161447e+00  2.99495637e+00  2.41209688e+00 
 1.83456000e-09  2.13908625e+00  2.33091375e+00  2.99300557e+00  2.41410339e+00 
 1.83656000e-09  2.13980212e+00  2.33019788e+00  2.99100921e+00  2.41615617e+00 
 1.83856000e-09  2.14053303e+00  2.32946697e+00  2.98896750e+00  2.41825497e+00 
 1.84056000e-09  2.14127884e+00  2.32872116e+00  2.98688066e+00  2.42039952e+00 
 1.84256000e-09  2.14203946e+00  2.32796054e+00  2.98474893e+00  2.42258955e+00 
 1.84456000e-09  2.14281476e+00  2.32718524e+00  2.98257254e+00  2.42482477e+00 
 1.84656000e-09  2.14360462e+00  2.32639538e+00  2.98035176e+00  2.42710490e+00 
 1.84856000e-09  2.14440891e+00  2.32559109e+00  2.97808683e+00  2.42942963e+00 
 1.85056000e-09  2.14522750e+00  2.32477250e+00  2.97577803e+00  2.43179865e+00 
 1.85256000e-09  2.14606027e+00  2.32393973e+00  2.97342562e+00  2.43421166e+00 
 1.85456000e-09  2.14690708e+00  2.32309292e+00  2.97102990e+00  2.43666831e+00 
 1.85656000e-09  2.14776781e+00  2.32223219e+00  2.96859116e+00  2.43916829e+00 
 1.85856000e-09  2.14864231e+00  2.32135769e+00  2.96610969e+00  2.44171124e+00 
 1.86056000e-09  2.14953045e+00  2.32046955e+00  2.96358580e+00  2.44429682e+00 
 1.86256000e-09  2.15043208e+00  2.31956792e+00  2.96101982e+00  2.44692465e+00 
 1.86456000e-09  2.15134707e+00  2.31865293e+00  2.95841208e+00  2.44959438e+00 
 1.86656000e-09  2.15227527e+00  2.31772473e+00  2.95576290e+00  2.45230564e+00 
 1.86856000e-09  2.15321653e+00  2.31678347e+00  2.95307264e+00  2.45505803e+00 
 1.87056000e-09  2.15417070e+00  2.31582930e+00  2.95034164e+00  2.45785117e+00 
 1.87256000e-09  2.15513764e+00  2.31486236e+00  2.94757027e+00  2.46068464e+00 
 1.87456000e-09  2.15611719e+00  2.31388281e+00  2.94475890e+00  2.46355805e+00 
 1.87656000e-09  2.15710920e+00  2.31289080e+00  2.94190792e+00  2.46647096e+00 
 1.87856000e-09  2.15811351e+00  2.31188649e+00  2.93901771e+00  2.46942294e+00 
 1.88056000e-09  2.15912995e+00  2.31087005e+00  2.93608868e+00  2.47241357e+00 
 1.88256000e-09  2.16015838e+00  2.30984162e+00  2.93312122e+00  2.47544239e+00 
 1.88456000e-09  2.16119863e+00  2.30880137e+00  2.93011575e+00  2.47850896e+00 
 1.88656000e-09  2.16225053e+00  2.30774947e+00  2.92707271e+00  2.48161281e+00 
 1.88856000e-09  2.16331392e+00  2.30668608e+00  2.92399252e+00  2.48475347e+00 
 1.89056000e-09  2.16438863e+00  2.30561137e+00  2.92087563e+00  2.48793045e+00 
 1.89256000e-09  2.16547449e+00  2.30452551e+00  2.91772248e+00  2.49114330e+00 
 1.89456000e-09  2.16657133e+00  2.30342867e+00  2.91453355e+00  2.49439149e+00 
 1.89656000e-09  2.16767897e+00  2.30232103e+00  2.91130928e+00  2.49767453e+00 
 1.89856000e-09  2.16879725e+00  2.30120275e+00  2.90805018e+00  2.50099190e+00 
 1.90056000e-09  2.16992598e+00  2.30007402e+00  2.90475671e+00  2.50434308e+00 
 1.90256000e-09  2.17106498e+00  2.29893502e+00  2.90142937e+00  2.50772756e+00 
 1.90456000e-09  2.17221409e+00  2.29778591e+00  2.89806867e+00  2.51114479e+00 
 1.90656000e-09  2.17337310e+00  2.29662690e+00  2.89467512e+00  2.51459424e+00 
 1.90856000e-09  2.17454185e+00  2.29545815e+00  2.89124922e+00  2.51807536e+00 
 1.91056000e-09  2.17572014e+00  2.29427986e+00  2.88779152e+00  2.52158759e+00 
 1.91256000e-09  2.17690780e+00  2.29309220e+00  2.88430254e+00  2.52513037e+00 
 1.91456000e-09  2.17810463e+00  2.29189537e+00  2.88078282e+00  2.52870313e+00 
 1.91656000e-09  2.17931044e+00  2.29068956e+00  2.87723292e+00  2.53230528e+00 
 1.91856000e-09  2.18052505e+00  2.28947495e+00  2.87365339e+00  2.53593625e+00 
 1.92056000e-09  2.18174826e+00  2.28825174e+00  2.87004479e+00  2.53959545e+00 
 1.92256000e-09  2.18297988e+00  2.28702012e+00  2.86640771e+00  2.54328227e+00 
 1.92456000e-09  2.18421971e+00  2.28578029e+00  2.86274271e+00  2.54699611e+00 
 1.92656000e-09  2.18546756e+00  2.28453244e+00  2.85905038e+00  2.55073637e+00 
 1.92856000e-09  2.18672324e+00  2.28327676e+00  2.85533132e+00  2.55450241e+00 
 1.93056000e-09  2.18798653e+00  2.28201347e+00  2.85158613e+00  2.55829363e+00 
 1.93256000e-09  2.18925726e+00  2.28074274e+00  2.84781541e+00  2.56210940e+00 
 1.93456000e-09  2.19053520e+00  2.27946480e+00  2.84401978e+00  2.56594907e+00 
 1.93656000e-09  2.19182017e+00  2.27817983e+00  2.84019985e+00  2.56981200e+00 
 1.93856000e-09  2.19311195e+00  2.27688805e+00  2.83635626e+00  2.57369756e+00 
 1.94056000e-09  2.19441035e+00  2.27558965e+00  2.83248962e+00  2.57760509e+00 
 1.94256000e-09  2.19571516e+00  2.27428484e+00  2.82860059e+00  2.58153393e+00 
 1.94456000e-09  2.19702617e+00  2.27297383e+00  2.82468981e+00  2.58548342e+00 
 1.94656000e-09  2.19834318e+00  2.27165682e+00  2.82075792e+00  2.58945289e+00 
 1.94856000e-09  2.19966598e+00  2.27033402e+00  2.81680557e+00  2.59344168e+00 
 1.95056000e-09  2.20099436e+00  2.26900564e+00  2.81283344e+00  2.59744910e+00 
 1.95256000e-09  2.20232810e+00  2.26767190e+00  2.80884218e+00  2.60147448e+00 
 1.95456000e-09  2.20366701e+00  2.26633299e+00  2.80483247e+00  2.60551713e+00 
 1.95656000e-09  2.20501086e+00  2.26498914e+00  2.80080497e+00  2.60957636e+00 
 1.95856000e-09  2.20635945e+00  2.26364055e+00  2.79676037e+00  2.61365148e+00 
 1.96056000e-09  2.20771257e+00  2.26228743e+00  2.79269935e+00  2.61774179e+00 
 1.96256000e-09  2.20906999e+00  2.26093001e+00  2.78862261e+00  2.62184659e+00 
 1.96456000e-09  2.21043150e+00  2.25956850e+00  2.78453083e+00  2.62596518e+00 
 1.96656000e-09  2.21179690e+00  2.25820310e+00  2.78042470e+00  2.63009685e+00 
 1.96856000e-09  2.21316596e+00  2.25683404e+00  2.77630494e+00  2.63424089e+00 
 1.97056000e-09  2.21453847e+00  2.25546153e+00  2.77217224e+00  2.63839659e+00 
 1.97256000e-09  2.21591420e+00  2.25408580e+00  2.76802730e+00  2.64256323e+00 
 1.97456000e-09  2.21729296e+00  2.25270704e+00  2.76387085e+00  2.64674008e+00 
 1.97656000e-09  2.21867451e+00  2.25132549e+00  2.75970359e+00  2.65092644e+00 
 1.97856000e-09  2.22005863e+00  2.24994137e+00  2.75552624e+00  2.65512158e+00 
 1.98056000e-09  2.22144512e+00  2.24855488e+00  2.75133951e+00  2.65932476e+00 
 1.98256000e-09  2.22283375e+00  2.24716625e+00  2.74714413e+00  2.66353527e+00 
 1.98456000e-09  2.22422429e+00  2.24577571e+00  2.74294082e+00  2.66775238e+00 
 1.98656000e-09  2.22561654e+00  2.24438346e+00  2.73873031e+00  2.67197535e+00 
 1.98856000e-09  2.22701027e+00  2.24298973e+00  2.73451333e+00  2.67620345e+00 
 1.99056000e-09  2.22840527e+00  2.24159473e+00  2.73029059e+00  2.68043594e+00 
 1.99256000e-09  2.22980130e+00  2.24019870e+00  2.72606284e+00  2.68467210e+00 
 1.99456000e-09  2.23119816e+00  2.23880184e+00  2.72183081e+00  2.68891120e+00 
 1.99656000e-09  2.23259561e+00  2.23740439e+00  2.71759522e+00  2.69315248e+00 
 1.99828000e-09  2.23379774e+00  2.23620226e+00  2.71395031e+00  2.69680120e+00 
 2.00000000e-09  2.23500000e+00  2.23500000e+00  2.71030378e+00  2.70045052e+00 
