 time            v(detp)         v(detn)        
 0.00000000e+00  2.73787842e+00  2.73787842e+00 
 1.00000000e-14  2.73787647e+00  2.73787647e+00 
 2.00000000e-14  2.73787358e+00  2.73787358e+00 
 4.00000000e-14  2.73786717e+00  2.73786717e+00 
 8.00000000e-14  2.73785617e+00  2.73785617e+00 
 1.60000000e-13  2.73784331e+00  2.73784336e+00 
 3.20000000e-13  2.73782386e+00  2.73782519e+00 
 6.40000000e-13  2.73772151e+00  2.73774752e+00 
 1.14817206e-12  2.73699006e+00  2.73719463e+00 
 2.12946564e-12  2.73251991e+00  2.73223443e+00 
 3.12946564e-12  2.72598984e+00  2.71894831e+00 
 4.12946564e-12  2.72247853e+00  2.69799383e+00 
 5.12946564e-12  2.72587383e+00  2.67371235e+00 
 6.12946564e-12  2.73676013e+00  2.65059668e+00 
 7.12946564e-12  2.75320192e+00  2.63150370e+00 
 8.12946564e-12  2.77263288e+00  2.61797199e+00 
 9.12946564e-12  2.79279951e+00  2.61070551e+00 
 1.01294656e-11  2.81203780e+00  2.61000464e+00 
 1.11294656e-11  2.82905442e+00  2.61597014e+00 
 1.21294656e-11  2.84237550e+00  2.62865881e+00 
 1.31294656e-11  2.84943806e+00  2.64819722e+00 
 1.41294656e-11  2.84643475e+00  2.67367515e+00 
 1.51294656e-11  2.83158562e+00  2.69975253e+00 
 1.61294656e-11  2.80809081e+00  2.71843605e+00 
 1.71294656e-11  2.78223842e+00  2.72442677e+00 
 1.81294656e-11  2.76061893e+00  2.71634129e+00 
 1.91294656e-11  2.74812215e+00  2.69778453e+00 
 2.01294656e-11  2.74653866e+00  2.67501961e+00 
 2.11294656e-11  2.75440670e+00  2.65302629e+00 
 2.21294656e-11  2.76881917e+00  2.63482132e+00 
 2.31294656e-11  2.78671927e+00  2.62190304e+00 
 2.41294656e-11  2.80562980e+00  2.61497527e+00 
 2.51294656e-11  2.82377577e+00  2.61440549e+00 
 2.61294656e-11  2.83978234e+00  2.62038311e+00 
 2.71294656e-11  2.85207209e+00  2.63304508e+00 
 2.81294656e-11  2.85793206e+00  2.65255451e+00 
 2.91294656e-11  2.85352878e+00  2.67781104e+00 
 3.01294656e-11  2.83740135e+00  2.70310062e+00 
 3.11294656e-11  2.81308068e+00  2.72050518e+00 
 3.21294656e-11  2.78695497e+00  2.72500157e+00 
 3.31294656e-11  2.76554601e+00  2.71555413e+00 
 3.41294656e-11  2.75353969e+00  2.69610885e+00 
 3.51294656e-11  2.75246131e+00  2.67294469e+00 
 3.61294656e-11  2.76067203e+00  2.65088622e+00 
 3.71294656e-11  2.77520277e+00  2.63279700e+00 
 3.81294656e-11  2.79302407e+00  2.62009051e+00 
 3.91294656e-11  2.81171720e+00  2.61343433e+00 
 4.01294656e-11  2.82955220e+00  2.61317640e+00 
 4.11294656e-11  2.84516391e+00  2.61949406e+00 
 4.21294656e-11  2.85692381e+00  2.63252518e+00 
 4.31294656e-11  2.86200057e+00  2.65241675e+00 
 4.41294656e-11  2.85657298e+00  2.67783639e+00 
 4.51294656e-11  2.83952438e+00  2.70270648e+00 
 4.61294656e-11  2.81470849e+00  2.71920647e+00 
 4.71294656e-11  2.78860622e+00  2.72258079e+00 
 4.81294656e-11  2.76766900e+00  2.71214383e+00 
 4.91294656e-11  2.75638002e+00  2.69215818e+00 
 5.01294656e-11  2.75600683e+00  2.66889527e+00 
 5.11294656e-11  2.76474425e+00  2.64702350e+00 
 5.21294656e-11  2.77956940e+00  2.62926353e+00 
 5.31294656e-11  2.79748256e+00  2.61695379e+00 
 5.41294656e-11  2.81612152e+00  2.61073183e+00 
 5.51294656e-11  2.83379815e+00  2.61092997e+00 
 5.61294656e-11  2.84915312e+00  2.61771665e+00 
 5.71294656e-11  2.86050172e+00  2.63123296e+00 
 5.81294656e-11  2.86489507e+00  2.65160275e+00 
 5.91294656e-11  2.85855115e+00  2.67723482e+00 
 6.01294656e-11  2.84071493e+00  2.70170752e+00 
 6.11294656e-11  2.81554686e+00  2.71733246e+00 
 6.21294656e-11  2.78960398e+00  2.71962765e+00 
 6.31294656e-11  2.76925367e+00  2.70827023e+00 
 6.41294656e-11  2.75876623e+00  2.68782204e+00 
 6.51294656e-11  2.75915292e+00  2.66452734e+00 
 6.61294656e-11  2.76845242e+00  2.64289533e+00 
 6.71294656e-11  2.78359863e+00  2.62550860e+00 
 6.81294656e-11  2.80162750e+00  2.61363454e+00 
 6.91294656e-11  2.82023477e+00  2.60788192e+00 
 7.01294656e-11  2.83777325e+00  2.60856768e+00 
 7.11294656e-11  2.85288663e+00  2.61585210e+00 
 7.21294656e-11  2.86382849e+00  2.62988055e+00 
 7.31294656e-11  2.86753261e+00  2.65074635e+00 
 7.41294656e-11  2.86028077e+00  2.67657680e+00 
 7.51294656e-11  2.84169128e+00  2.70063191e+00 
 7.61294656e-11  2.81621486e+00  2.71538110e+00 
 7.71294656e-11  2.79047158e+00  2.71661644e+00 
 7.81294656e-11  2.77073536e+00  2.70438533e+00 
 7.91294656e-11  2.76105757e+00  2.68352648e+00 
 8.01294656e-11  2.76219667e+00  2.66023771e+00 
 8.11294656e-11  2.77204442e+00  2.63886759e+00 
 8.21294656e-11  2.78749948e+00  2.62186680e+00 
 8.31294656e-11  2.80563657e+00  2.61043655e+00 
 8.41294656e-11  2.82420852e+00  2.60515876e+00 
 8.51294656e-11  2.84160662e+00  2.60633581e+00 
 8.61294656e-11  2.85647374e+00  2.61412078e+00 
 8.71294656e-11  2.86699584e+00  2.62866401e+00 
 8.81294656e-11  2.86999125e+00  2.65001846e+00 
 8.91294656e-11  2.86183245e+00  2.67600612e+00 
 9.01294656e-11  2.84252058e+00  2.69959770e+00 
 9.11294656e-11  2.81677879e+00  2.71344473e+00 
 9.21294656e-11  2.79127624e+00  2.71361622e+00 
 9.31294656e-11  2.77218215e+00  2.70053757e+00 
 9.41294656e-11  2.76332163e+00  2.67930153e+00 
 9.51294656e-11  2.76520377e+00  2.65604175e+00 
 9.61294656e-11  2.77558282e+00  2.63494502e+00 
 9.71294656e-11  2.79133040e+00  2.61833548e+00 
 9.81294656e-11  2.80956336e+00  2.60735199e+00 
 9.91294656e-11  2.82809121e+00  2.60255088e+00 
 1.00129466e-10  2.84534154e+00  2.60422027e+00 
 1.01129466e-10  2.85995256e+00  2.61250686e+00 
 1.02129466e-10  2.87003666e+00  2.62756633e+00 
 1.03129466e-10  2.87229999e+00  2.64940024e+00 
 1.04129466e-10  2.86323289e+00  2.67550355e+00 
 1.05129466e-10  2.84322551e+00  2.69859060e+00 
 1.06129466e-10  2.81725541e+00  2.71151498e+00 
 1.07129466e-10  2.79202783e+00  2.71062552e+00 
 1.08129466e-10  2.77359688e+00  2.69673103e+00 
 1.09129466e-10  2.76555530e+00  2.67515381e+00 
 1.10129466e-10  2.76816724e+00  2.65194696e+00 
 1.11129466e-10  2.77905879e+00  2.63113546e+00 
 1.12129466e-10  2.79508207e+00  2.61492251e+00 
 1.13129466e-10  2.81339877e+00  2.60438847e+00 
 1.14129466e-10  2.83187418e+00  2.60006538e+00 
 1.15129466e-10  2.84896976e+00  2.60222760e+00 
 1.16129466e-10  2.86331497e+00  2.61101629e+00 
 1.17129466e-10  2.87294267e+00  2.62659262e+00 
 1.18129466e-10  2.87445191e+00  2.64889389e+00 
 1.19129466e-10  2.86447881e+00  2.67506805e+00 
 1.20129466e-10  2.84380590e+00  2.69760892e+00 
 1.21129466e-10  2.81764670e+00  2.70958935e+00 
 1.22129466e-10  2.79272980e+00  2.70764198e+00 
 1.23129466e-10  2.77498358e+00  2.69296282e+00 
 1.24129466e-10  2.76776271e+00  2.67107851e+00 
 1.25129466e-10  2.77109143e+00  2.64794672e+00 
 1.26129466e-10  2.78247721e+00  2.62743125e+00 
 1.27129466e-10  2.79875992e+00  2.61161983e+00 
 1.28129466e-10  2.81714855e+00  2.60153789e+00 
 1.29129466e-10  2.83556329e+00  2.59769431e+00 
 1.30129466e-10  2.85249696e+00  2.60035004e+00 
 1.31129466e-10  2.86656602e+00  2.60964169e+00 
 1.32129466e-10  2.87571799e+00  2.62573565e+00 
 1.33129466e-10  2.87645168e+00  2.64849050e+00 
 1.34129466e-10  2.86557696e+00  2.67468994e+00 
 1.35129466e-10  2.84426926e+00  2.69664550e+00 
 1.36129466e-10  2.81795959e+00  2.70766313e+00 
 1.37129466e-10  2.79338757e+00  2.70466430e+00 
 1.38129466e-10  2.77634555e+00  2.68923363e+00 
 1.39129466e-10  2.76994523e+00  2.66707629e+00 
 1.40129466e-10  2.77397668e+00  2.64404112e+00 
 1.41129466e-10  2.78583824e+00  2.62383214e+00 
 1.42129466e-10  2.80236441e+00  2.60842709e+00 
 1.43129466e-10  2.82081358e+00  2.59879985e+00 
 1.44129466e-10  2.83915966e+00  2.59543715e+00 
 1.45129466e-10  2.85592431e+00  2.59858704e+00 
 1.46129466e-10  2.86970656e+00  2.60838246e+00 
 1.47129466e-10  2.87836284e+00  2.62499449e+00 
 1.48129466e-10  2.87830067e+00  2.64818669e+00 
 1.49129466e-10  2.86653138e+00  2.67436446e+00 
 1.50129466e-10  2.84462112e+00  2.69569678e+00 
 1.51129466e-10  2.81819997e+00  2.70573384e+00 
 1.52129466e-10  2.79400658e+00  2.70169210e+00 
 1.53129466e-10  2.77768712e+00  2.68554379e+00 
 1.54129466e-10  2.77210602e+00  2.66314653e+00 
 1.55129466e-10  2.77682563e+00  2.64022843e+00 
 1.56129466e-10  2.78914463e+00  2.62033576e+00 
 1.57129466e-10  2.80589863e+00  2.60534166e+00 
 1.58129466e-10  2.82439719e+00  2.59617160e+00 
 1.59129466e-10  2.84266679e+00  2.59329112e+00 
 1.60129466e-10  2.85925518e+00  2.59693579e+00 
 1.61129466e-10  2.87273937e+00  2.60723592e+00 
 1.62129466e-10  2.88087925e+00  2.62436612e+00 
 1.63129466e-10  2.88000203e+00  2.64797705e+00 
 1.64129466e-10  2.86734759e+00  2.67408545e+00 
 1.65129466e-10  2.84486796e+00  2.69475835e+00 
 1.66129466e-10  2.81837417e+00  2.70379873e+00 
 1.67129466e-10  2.79459217e+00  2.69872520e+00 
 1.68129466e-10  2.77901201e+00  2.68189406e+00 
 1.69129466e-10  2.77424737e+00  2.65928926e+00 
 1.70129466e-10  2.77963991e+00  2.63650780e+00 
 1.71129466e-10  2.79239275e+00  2.61694031e+00 
 1.72129466e-10  2.80936553e+00  2.60237638e+00 
 1.73129466e-10  2.82790831e+00  2.59367366e+00 
 1.74129466e-10  2.84609607e+00  2.59127603e+00 
 1.75129466e-10  2.86250107e+00  2.59541192e+00 
 1.76129466e-10  2.87567471e+00  2.60621345e+00 
 1.77129466e-10  2.88327595e+00  2.62385829e+00 
 1.78129466e-10  2.88156506e+00  2.64786471e+00 
 1.79129466e-10  2.86803656e+00  2.67385428e+00 
 1.80129466e-10  2.84502119e+00  2.69383230e+00 
 1.81129466e-10  2.81849308e+00  2.70186073e+00 
 1.82129466e-10  2.79515394e+00  2.69576844e+00 
 1.83129466e-10  2.78032794e+00  2.67828939e+00 
 1.84129466e-10  2.77637534e+00  2.65550816e+00 
 1.85129466e-10  2.78242468e+00  2.63288157e+00 
 1.86129466e-10  2.79559825e+00  2.61364857e+00 
 1.87129466e-10  2.81276768e+00  2.59950319e+00 
 1.88129466e-10  2.83133796e+00  2.59126170e+00 
 1.89129466e-10  2.84943376e+00  2.58934847e+00 
 1.90129466e-10  2.86564759e+00  2.59398018e+00 
 1.91129466e-10  2.87849885e+00  2.60528829e+00 
 1.92129466e-10  2.88554027e+00  2.62344986e+00 
 1.93129466e-10  2.88298014e+00  2.64782969e+00 
 1.94129466e-10  2.86859223e+00  2.67365305e+00 
 1.95129466e-10  2.84507656e+00  2.69290382e+00 
 1.96129466e-10  2.81855315e+00  2.69990774e+00 
 1.97129466e-10  2.79568810e+00  2.69281304e+00 
 1.98129466e-10  2.78163034e+00  2.67472234e+00 
 1.99129466e-10  2.77848479e+00  2.65179564e+00 
 2.00129466e-10  2.78517496e+00  2.62934194e+00 
 2.01129466e-10  2.79875138e+00  2.61045200e+00 
 2.02129466e-10  2.81610315e+00  2.59672945e+00 
 2.03129466e-10  2.83469094e+00  2.58895162e+00 
 2.04129466e-10  2.85268754e+00  2.58752409e+00 
 2.05129466e-10  2.86870271e+00  2.59265238e+00 
 2.06129466e-10  2.88121872e+00  2.60446831e+00 
 2.07129466e-10  2.88767799e+00  2.62314513e+00 
 2.08129466e-10  2.88425428e+00  2.64787185e+00 
 2.09129466e-10  2.86902341e+00  2.67348081e+00 
 2.10129466e-10  2.84504335e+00  2.69197296e+00 
 2.11129466e-10  2.81856317e+00  2.69794108e+00 
 2.12129466e-10  2.79620223e+00  2.68986234e+00 
 2.13129466e-10  2.78292501e+00  2.67119630e+00 
 2.14129466e-10  2.78058010e+00  2.64815390e+00 
 2.15129466e-10  2.78789449e+00  2.62589000e+00 
 2.16129466e-10  2.80185580e+00  2.60735103e+00 
 2.17129466e-10  2.81937572e+00  2.59405521e+00 
 2.18129466e-10  2.83797112e+00  2.58674317e+00 
 2.19129466e-10  2.85586120e+00  2.58580240e+00 
 2.20129466e-10  2.87166986e+00  2.59142785e+00 
 2.21129466e-10  2.88383692e+00  2.60375274e+00 
 2.22129466e-10  2.88969119e+00  2.62294240e+00 
 2.23129466e-10  2.88539132e+00  2.64798664e+00 
 2.24129466e-10  2.86933597e+00  2.67333324e+00 
 2.25129466e-10  2.84492795e+00  2.69103688e+00 
 2.26129466e-10  2.81852918e+00  2.69595955e+00 
 2.27129466e-10  2.79670119e+00  2.68691733e+00 
 2.28129466e-10  2.78421522e+00  2.66771238e+00 
 2.29129466e-10  2.78266331e+00  2.64458302e+00 
 2.30129466e-10  2.79058488e+00  2.62252493e+00 
 2.31129466e-10  2.80491326e+00  2.60434436e+00 
 2.32129466e-10  2.82258741e+00  2.59147893e+00 
 2.33129466e-10  2.84118073e+00  2.58463468e+00 
 2.34129466e-10  2.85895700e+00  2.58418164e+00 
 2.35129466e-10  2.87455106e+00  2.59030481e+00 
 2.36129466e-10  2.88635473e+00  2.60313981e+00 
 2.37129466e-10  2.89158082e+00  2.62283887e+00 
 2.38129466e-10  2.88639424e+00  2.64816849e+00 
 2.39129466e-10  2.86953491e+00  2.67320540e+00 
 2.40129466e-10  2.84473591e+00  2.69009214e+00 
 2.41129466e-10  2.81845636e+00  2.69396153e+00 
 2.42129466e-10  2.79718904e+00  2.68397851e+00 
 2.43129466e-10  2.78550347e+00  2.66427109e+00 
 2.44129466e-10  2.78476557e+00  2.64110702e+00 
 2.45129466e-10  2.79322535e+00  2.61921349e+00 
 2.46129466e-10  2.80787068e+00  2.60136750e+00 
 2.47129466e-10  2.82568311e+00  2.58893859e+00 
 2.48129466e-10  2.84427479e+00  2.58257794e+00 
 2.49129466e-10  2.86194038e+00  2.58262548e+00 
 2.50129466e-10  2.87731882e+00  2.58925419e+00 
 2.51129466e-10  2.88874858e+00  2.60260437e+00 
 2.52129466e-10  2.89332613e+00  2.62281058e+00 
 2.53129466e-10  2.88724667e+00  2.64839257e+00 
 2.54129466e-10  2.86960761e+00  2.67307488e+00 
 2.55129466e-10  2.84445669e+00  2.68911937e+00 
 2.56129466e-10  2.81833532e+00  2.69193106e+00 
 2.57129466e-10  2.79765658e+00  2.68103333e+00 
 2.58129466e-10  2.78678034e+00  2.66086110e+00 
 2.59129466e-10  2.78681557e+00  2.63766355e+00 
 2.60129466e-10  2.79585295e+00  2.61601069e+00 
 2.61129466e-10  2.81083410e+00  2.59854013e+00 
 2.62129466e-10  2.82877493e+00  2.58654913e+00 
 2.63129466e-10  2.84734573e+00  2.58065977e+00 
 2.64129466e-10  2.86488288e+00  2.58119667e+00 
 2.65129466e-10  2.88002970e+00  2.58832445e+00 
 2.66129466e-10  2.89106517e+00  2.60218744e+00 
 2.67129466e-10  2.89496808e+00  2.62289300e+00 
 2.68129466e-10  2.88798774e+00  2.64868868e+00 
 2.69129466e-10  2.86959171e+00  2.67296969e+00 
 2.70129466e-10  2.84412533e+00  2.68814525e+00 
 2.71129466e-10  2.81819784e+00  2.68989416e+00 
 2.72129466e-10  2.79813182e+00  2.67810712e+00 
 2.73129466e-10  2.78806993e+00  2.65750510e+00 
 2.74129466e-10  2.78886673e+00  2.63429898e+00 
 2.75129466e-10  2.79846263e+00  2.61289918e+00 
 2.76129466e-10  2.81376139e+00  2.59580932e+00 
 2.77129466e-10  2.83181691e+00  2.58425865e+00 
 2.78129466e-10  2.85035720e+00  2.57884169e+00 
 2.79129466e-10  2.86775817e+00  2.57986816e+00 
 2.80129466e-10  2.88266385e+00  2.58749510e+00 
 2.81129466e-10  2.89328784e+00  2.60187153e+00 
 2.82129466e-10  2.89649241e+00  2.62306858e+00 
 2.83129466e-10  2.88860702e+00  2.64903792e+00 
 2.84129466e-10  2.86947962e+00  2.67287299e+00 
 2.85129466e-10  2.84373557e+00  2.68715531e+00 
 2.86129466e-10  2.81803810e+00  2.68783940e+00 
 2.87129466e-10  2.79860857e+00  2.67519108e+00 
 2.88129466e-10  2.78936542e+00  2.65419485e+00 
 2.89129466e-10  2.79091210e+00  2.63100486e+00 
 2.90129466e-10  2.80104801e+00  2.60987057e+00 
 2.91129466e-10  2.81664710e+00  2.59316704e+00 
 2.92129466e-10  2.83480455e+00  2.58205961e+00 
 2.93129466e-10  2.85330549e+00  2.57711663e+00 
 2.94129466e-10  2.87056309e+00  2.57863336e+00 
 2.95129466e-10  2.88521823e+00  2.58676006e+00 
 2.96129466e-10  2.89541320e+00  2.60165091e+00 
 2.97129466e-10  2.89789643e+00  2.62333029e+00 
 2.98129466e-10  2.88910460e+00  2.64943149e+00 
 2.99129466e-10  2.86927337e+00  2.67277763e+00 
 3.00129466e-10  2.84328999e+00  2.68614413e+00 
 3.01129466e-10  2.81785838e+00  2.68576388e+00 
 3.02129466e-10  2.79908803e+00  2.67228412e+00 
 3.03129466e-10  2.79066675e+00  2.65092902e+00 
 3.04129466e-10  2.79295096e+00  2.62777907e+00 
 3.05129466e-10  2.80360840e+00  2.60692223e+00 
 3.06129466e-10  2.81949101e+00  2.59061053e+00 
 3.07129466e-10  2.83773811e+00  2.57994927e+00 
 3.08129466e-10  2.85619118e+00  2.57548189e+00 
 3.09129466e-10  2.87329830e+00  2.57748963e+00 
 3.10129466e-10  2.88769321e+00  2.58611682e+00 
 3.11129466e-10  2.89744092e+00  2.60152305e+00 
 3.12129466e-10  2.89918040e+00  2.62367382e+00 
 3.13129466e-10  2.88948325e+00  2.64986327e+00 
 3.14129466e-10  2.86897726e+00  2.67267900e+00 
 3.15129466e-10  2.84279315e+00  2.68510856e+00 
 3.16129466e-10  2.81766262e+00  2.68366681e+00 
 3.17129466e-10  2.79957286e+00  2.66938690e+00 
 3.18129466e-10  2.79197517e+00  2.64770777e+00 
 3.19129466e-10  2.79498377e+00  2.62462080e+00 
 3.20129466e-10  2.80614426e+00  2.60405276e+00 
 3.21129466e-10  2.82229388e+00  2.58813814e+00 
 3.22129466e-10  2.84061867e+00  2.57792586e+00 
 3.23129466e-10  2.85901557e+00  2.57393564e+00 
 3.24129466e-10  2.87596510e+00  2.57643511e+00 
 3.25129466e-10  2.89008967e+00  2.58556358e+00 
 3.26129466e-10  2.89937113e+00  2.60148600e+00 
 3.27129466e-10  2.90034516e+00  2.62409516e+00 
 3.28129466e-10  2.88974629e+00  2.65032769e+00 
 3.29129466e-10  2.86859596e+00  2.67257301e+00 
 3.30129466e-10  2.84224984e+00  2.68404597e+00 
 3.31129466e-10  2.81745493e+00  2.68154794e+00 
 3.32129466e-10  2.80006576e+00  2.66650041e+00 
 3.33129466e-10  2.79329197e+00  2.64453148e+00 
 3.34129466e-10  2.79701110e+00  2.62152943e+00 
 3.35129466e-10  2.80865610e+00  2.60126094e+00 
 3.36129466e-10  2.82505656e+00  2.58574840e+00 
 3.37129466e-10  2.84344742e+00  2.57598778e+00 
 3.38129466e-10  2.86178003e+00  2.57247619e+00 
 3.39129466e-10  2.87856479e+00  2.57546809e+00 
 3.40129466e-10  2.89240844e+00  2.58509870e+00 
 3.41129466e-10  2.90120389e+00  2.60153787e+00 
 3.42129466e-10  2.90139167e+00  2.62459017e+00 
 3.43129466e-10  2.88989711e+00  2.65081933e+00 
 3.44129466e-10  2.86813413e+00  2.67245580e+00 
 3.45129466e-10  2.84166476e+00  2.68295392e+00 
 3.46129466e-10  2.81723924e+00  2.67940727e+00 
 3.47129466e-10  2.80056926e+00  2.66362569e+00 
 3.48129466e-10  2.79461829e+00  2.64140049e+00 
 3.49129466e-10  2.79903341e+00  2.61850434e+00 
 3.50129466e-10  2.81114441e+00  2.59854556e+00 
 3.51129466e-10  2.82777984e+00  2.58343985e+00 
 3.52129466e-10  2.84622547e+00  2.57413349e+00 
 3.53129466e-10  2.86448582e+00  2.57110193e+00 
 3.54129466e-10  2.88109856e+00  2.57458690e+00 
 3.55129466e-10  2.89465020e+00  2.58472055e+00 
 3.56129466e-10  2.90293917e+00  2.60167672e+00 
 3.57129466e-10  2.90232099e+00  2.62515453e+00 
 3.58129466e-10  2.88993921e+00  2.65133292e+00 
 3.59129466e-10  2.86759635e+00  2.67232366e+00 
 3.60129466e-10  2.84104252e+00  2.68183017e+00 
 3.61129466e-10  2.81701934e+00  2.67724500e+00 
 3.62129466e-10  2.80108568e+00  2.66076384e+00 
 3.63129466e-10  2.79595512e+00  2.63831514e+00 
 3.64129466e-10  2.80105107e+00  2.61554491e+00 
 3.65129466e-10  2.81360420e+00  2.59590484e+00 
 3.66129466e-10  2.83046560e+00  2.58122558e+00 
 3.67129466e-10  2.84896075e+00  2.57238386e+00 
 3.68129466e-10  2.86714338e+00  2.56983303e+00 
 3.69129466e-10  2.88357689e+00  2.57380750e+00 
 3.70129466e-10  2.89682414e+00  2.58444084e+00 
 3.71129466e-10  2.90458456e+00  2.60191068e+00 
 3.72129466e-10  2.90314117e+00  2.62579184e+00 
 3.73129466e-10  2.88988232e+00  2.65187017e+00 
 3.74129466e-10  2.86699279e+00  2.67217911e+00 
 3.75129466e-10  2.84039271e+00  2.68067811e+00 
 3.76129466e-10  2.81680350e+00  2.67506648e+00 
 3.77129466e-10  2.80162141e+00  2.65792047e+00 
 3.78129466e-10  2.79730712e+00  2.63527978e+00 
 3.79129466e-10  2.80306782e+00  2.61265416e+00 
 3.80129466e-10  2.81604999e+00  2.59334259e+00 
 3.81129466e-10  2.83311476e+00  2.57907806e+00 
 3.82129466e-10  2.85164240e+00  2.57069483e+00 
 3.83129466e-10  2.86973710e+00  2.56862635e+00 
 3.84129466e-10  2.88598366e+00  2.57309505e+00 
 3.85129466e-10  2.89891496e+00  2.58423330e+00 
 3.86129466e-10  2.90612583e+00  2.60221915e+00 
 3.87129466e-10  2.90384102e+00  2.62648269e+00 
 3.88129466e-10  2.88971883e+00  2.65241367e+00 
 3.89129466e-10  2.86631773e+00  2.67200778e+00 
 3.90129466e-10  2.83971038e+00  2.67948607e+00 
 3.91129466e-10  2.81658662e+00  2.67286337e+00 
 3.92129466e-10  2.80217057e+00  2.65508861e+00 
 3.93129466e-10  2.79866790e+00  2.63228734e+00 
 3.94129466e-10  2.80507744e+00  2.60982482e+00 
 3.95129466e-10  2.81847063e+00  2.59085060e+00 
 3.96129466e-10  2.83572426e+00  2.57700525e+00 
 3.97129466e-10  2.85427427e+00  2.56908304e+00 
 3.98129466e-10  2.87227371e+00  2.56749830e+00 
 3.99129466e-10  2.88832588e+00  2.57246200e+00 
 4.00129466e-10  2.90092855e+00  2.58410641e+00 
 4.01129466e-10  2.90756771e+00  2.60260714e+00 
 4.02129466e-10  2.90442637e+00  2.62722768e+00 
 4.03129466e-10  2.88945641e+00  2.65296307e+00 
 4.04129466e-10  2.86557931e+00  2.67181036e+00 
 4.05129466e-10  2.83900321e+00  2.67825596e+00 
 4.06129466e-10  2.81637515e+00  2.67063963e+00 
 4.07129466e-10  2.80273789e+00  2.65227237e+00 
 4.08129466e-10  2.80004072e+00  2.62934075e+00 
 4.09129466e-10  2.80708255e+00  2.60705869e+00 
 4.10129466e-10  2.82086866e+00  2.58842999e+00 
 4.11129466e-10  2.83829678e+00  2.57500787e+00 
 4.12129466e-10  2.85685911e+00  2.56754893e+00 
 4.13129466e-10  2.87475590e+00  2.56644908e+00 
 4.14129466e-10  2.89060588e+00  2.57190841e+00 
 4.15129466e-10  2.90286645e+00  2.58406014e+00 
 4.16129466e-10  2.90891115e+00  2.60307369e+00 
 4.17129466e-10  2.90489991e+00  2.62802299e+00 
 4.18129466e-10  2.88909980e+00  2.65351469e+00 
 4.19129466e-10  2.86478284e+00  2.67158464e+00 
 4.20129466e-10  2.83827618e+00  2.67698718e+00 
 4.21129466e-10  2.81617295e+00  2.66839690e+00 
 4.22129466e-10  2.80332561e+00  2.64947355e+00 
 4.23129466e-10  2.80142663e+00  2.62644079e+00 
 4.24129466e-10  2.80908371e+00  2.60435563e+00 
 4.25129466e-10  2.82324478e+00  2.58608016e+00 
 4.26129466e-10  2.84083331e+00  2.57308508e+00 
 4.27129466e-10  2.85939814e+00  2.56609151e+00 
 4.28129466e-10  2.87718494e+00  2.56547759e+00 
 4.29129466e-10  2.89282469e+00  2.57143314e+00 
 4.30129466e-10  2.90472897e+00  2.58409336e+00 
 4.31129466e-10  2.91015608e+00  2.60361675e+00 
 4.32129466e-10  2.90526354e+00  2.62886381e+00 
 4.33129466e-10  2.88865297e+00  2.65406421e+00 
 4.34129466e-10  2.86393286e+00  2.67132782e+00 
 4.35129466e-10  2.83753350e+00  2.67567872e+00 
 4.36129466e-10  2.81598310e+00  2.66613634e+00 
 4.37129466e-10  2.80393531e+00  2.64669338e+00 
 4.38129466e-10  2.80285695e+00  2.62361312e+00 
 4.39129466e-10  2.81105844e+00  2.60168234e+00 
 4.40129466e-10  2.82554300e+00  2.58373554e+00 
 4.41129466e-10  2.84327575e+00  2.57117382e+00 
 4.42129466e-10  2.86184381e+00  2.56466193e+00 
 4.43129466e-10  2.87952411e+00  2.56454720e+00 
 4.44129466e-10  2.89495296e+00  2.57100702e+00 
 4.45129466e-10  2.90649084e+00  2.58418093e+00 
 4.46129466e-10  2.91128012e+00  2.60421248e+00 
 4.47129466e-10  2.90549926e+00  2.62972541e+00 
 4.48129466e-10  2.88810177e+00  2.65458933e+00 
 4.49129466e-10  2.86301741e+00  2.67102066e+00 
 4.50129466e-10  2.83676440e+00  2.67431476e+00 
 4.51129466e-10  2.81579514e+00  2.66384563e+00 
 4.52129466e-10  2.80455630e+00  2.64392088e+00 
 4.53129466e-10  2.80425675e+00  2.62079390e+00 
 4.54129466e-10  2.81304414e+00  2.59909588e+00 
 4.55129466e-10  2.82787223e+00  2.58151993e+00 
 4.56129466e-10  2.84573927e+00  2.56939307e+00 
 4.57129466e-10  2.86429078e+00  2.56335024e+00 
 4.58129466e-10  2.88184636e+00  2.56372320e+00 
 4.59129466e-10  2.89704812e+00  2.57068068e+00 
 4.60129466e-10  2.90819933e+00  2.58436585e+00 
 4.61129466e-10  2.91232455e+00  2.60489829e+00 
 4.62129466e-10  2.90564638e+00  2.63063944e+00 
 4.63129466e-10  2.88748394e+00  2.65511971e+00 
 4.64129466e-10  2.86207154e+00  2.67069146e+00 
 4.65129466e-10  2.83600064e+00  2.67292280e+00 
 4.66129466e-10  2.81563696e+00  2.66155155e+00 
 4.67129466e-10  2.80521252e+00  2.64118016e+00 
 4.68129466e-10  2.80568047e+00  2.61803182e+00 
 4.69129466e-10  2.81503463e+00  2.59657930e+00 
 4.70129466e-10  2.83018787e+00  2.57937966e+00 
 4.71129466e-10  2.84817530e+00  2.56769020e+00 
 4.72129466e-10  2.86670051e+00  2.56211760e+00 
 4.73129466e-10  2.88412358e+00  2.56297853e+00 
 4.74129466e-10  2.89908882e+00  2.57043377e+00 
 4.75129466e-10  2.90983644e+00  2.58463087e+00 
 4.76129466e-10  2.91327375e+00  2.60565699e+00 
 4.77129466e-10  2.90569311e+00  2.63158725e+00 
 4.78129466e-10  2.88679063e+00  2.65563875e+00 
 4.79129466e-10  2.86108780e+00  2.67032600e+00 
 4.80129466e-10  2.83523525e+00  2.67149166e+00 
 4.81129466e-10  2.81550132e+00  2.65924567e+00 
 4.82129466e-10  2.80589612e+00  2.63846339e+00 
 4.83129466e-10  2.80712010e+00  2.61531890e+00 
 4.84129466e-10  2.81702250e+00  2.59412469e+00 
 4.85129466e-10  2.83248346e+00  2.57730720e+00 
 4.86129466e-10  2.85057837e+00  2.56605816e+00 
 4.87129466e-10  2.86906832e+00  2.56095747e+00 
 4.88129466e-10  2.88635167e+00  2.56230712e+00 
 4.89129466e-10  2.90107111e+00  2.57026072e+00 
 4.90129466e-10  2.91139786e+00  2.58497081e+00 
 4.91129466e-10  2.91412409e+00  2.60648219e+00 
 4.92129466e-10  2.90563861e+00  2.63256062e+00 
 4.93129466e-10  2.88602296e+00  2.65613984e+00 
 4.94129466e-10  2.86006791e+00  2.66991943e+00 
 4.95129466e-10  2.83446969e+00  2.67001897e+00 
 4.96129466e-10  2.81538859e+00  2.65692749e+00 
 4.97129466e-10  2.80660622e+00  2.63576992e+00 
 4.98129466e-10  2.80857411e+00  2.61265365e+00 
 4.99129466e-10  2.81900626e+00  2.59173006e+00 
 5.00129466e-10  2.83475797e+00  2.57530041e+00 
 5.01129466e-10  2.85294790e+00  2.56449483e+00 
 5.02129466e-10  2.87139400e+00  2.55986777e+00 
 5.03129466e-10  2.88853051e+00  2.56170696e+00 
 5.04129466e-10  2.90299459e+00  2.57015969e+00 
 5.05129466e-10  2.91288251e+00  2.58538380e+00 
 5.06129466e-10  2.91487500e+00  2.60737032e+00 
 5.07129466e-10  2.90548479e+00  2.63355408e+00 
 5.08129466e-10  2.88518447e+00  2.65661895e+00 
 5.09129466e-10  2.85901566e+00  2.66946918e+00 
 5.10129466e-10  2.83370716e+00  2.66850452e+00 
 5.11129466e-10  2.81530072e+00  2.65459832e+00 
 5.12129466e-10  2.80734335e+00  2.63310058e+00 
 5.13129466e-10  2.81004224e+00  2.61003597e+00 
 5.14129466e-10  2.82098559e+00  2.58939468e+00 
 5.15129466e-10  2.83701140e+00  2.57335831e+00 
 5.16129466e-10  2.85528427e+00  2.56299912e+00 
 5.17129466e-10  2.87367812e+00  2.55884733e+00 
 5.18129466e-10  2.89066066e+00  2.56117684e+00 
 5.19129466e-10  2.90485942e+00  2.57012951e+00 
 5.20129466e-10  2.91428981e+00  2.58586857e+00 
 5.21129466e-10  2.91552651e+00  2.60831810e+00 
 5.22129466e-10  2.90523418e+00  2.63456267e+00 
 5.23129466e-10  2.88427907e+00  2.65707260e+00 
 5.24129466e-10  2.85793512e+00  2.66897322e+00 
 5.25129466e-10  2.83295108e+00  2.66694861e+00 
 5.26129466e-10  2.81523974e+00  2.65225976e+00 
 5.27129466e-10  2.80810812e+00  2.63045641e+00 
 5.28129466e-10  2.81152434e+00  2.60746588e+00 
 5.29129466e-10  2.82296032e+00  2.58711797e+00 
 5.30129466e-10  2.83924390e+00  2.57148005e+00 
 5.31129466e-10  2.85758794e+00  2.56157006e+00 
 5.32129466e-10  2.87592133e+00  2.55789510e+00 
 5.33129466e-10  2.89274274e+00  2.56071567e+00 
 5.34129466e-10  2.90666577e+00  2.57016916e+00 
 5.35129466e-10  2.91561913e+00  2.58642387e+00 
 5.36129466e-10  2.91607884e+00  2.60932213e+00 
 5.37129466e-10  2.90488943e+00  2.63558157e+00 
 5.38129466e-10  2.88331070e+00  2.65749750e+00 
 5.39129466e-10  2.85683031e+00  2.66842968e+00 
 5.40129466e-10  2.83220471e+00  2.66535180e+00 
 5.41129466e-10  2.81520753e+00  2.64991351e+00 
 5.42129466e-10  2.80890103e+00  2.62783843e+00 
 5.43129466e-10  2.81302022e+00  2.60494343e+00 
 5.44129466e-10  2.82493025e+00  2.58489937e+00 
 5.45129466e-10  2.84145557e+00  2.56966483e+00 
 5.46129466e-10  2.85985934e+00  2.56020672e+00 
 5.47129466e-10  2.87812423e+00  2.55701007e+00 
 5.48129466e-10  2.89477728e+00  2.56032242e+00 
 5.49129466e-10  2.90841368e+00  2.57027764e+00 
 5.50129466e-10  2.91686979e+00  2.58704842e+00 
 5.51129466e-10  2.91653231e+00  2.61037879e+00 
 5.52129466e-10  2.90445331e+00  2.63660609e+00 
 5.53129466e-10  2.88228328e+00  2.65789050e+00 
 5.54129466e-10  2.85570518e+00  2.66783688e+00 
 5.55129466e-10  2.83147123e+00  2.66371485e+00 
 5.56129466e-10  2.81520581e+00  2.64756128e+00 
 5.57129466e-10  2.80972243e+00  2.62524761e+00 
 5.58129466e-10  2.81452959e+00  2.60246862e+00 
 5.59129466e-10  2.82688961e+00  2.58273755e+00 
 5.60129466e-10  2.84364776e+00  2.56792642e+00 
 5.61129466e-10  2.86210602e+00  2.55893082e+00 
 5.62129466e-10  2.88029685e+00  2.55621324e+00 
 5.63129466e-10  2.89677429e+00  2.56001380e+00 
 5.64129466e-10  2.91011183e+00  2.57046736e+00 
 5.65129466e-10  2.91804882e+00  2.58775107e+00 
 5.66129466e-10  2.91689431e+00  2.61149244e+00 
 5.67129466e-10  2.90393491e+00  2.63763857e+00 
 5.68129466e-10  2.88120638e+00  2.65825475e+00 
 5.69129466e-10  2.85456876e+00  2.66719880e+00 
 5.70129466e-10  2.83075834e+00  2.66204369e+00 
 5.71129466e-10  2.81524041e+00  2.64520933e+00 
 5.72129466e-10  2.81057644e+00  2.62268897e+00 
 5.73129466e-10  2.81605563e+00  2.60004514e+00 
 5.74129466e-10  2.82885261e+00  2.58063730e+00 
 5.75129466e-10  2.84582055e+00  2.56623772e+00 
 5.76129466e-10  2.86431597e+00  2.55769842e+00 
 5.77129466e-10  2.88242249e+00  2.55546164e+00 
 5.78129466e-10  2.89871671e+00  2.55975522e+00 
 5.79129466e-10  2.91174409e+00  2.57071241e+00 
 5.80129466e-10  2.91914123e+00  2.58851167e+00 
 5.81129466e-10  2.91715285e+00  2.61264420e+00 
 5.82129466e-10  2.90332584e+00  2.63866199e+00 
 5.83129466e-10  2.88007355e+00  2.65857628e+00 
 5.84129466e-10  2.85341538e+00  2.66650415e+00 
 5.85129466e-10  2.83006026e+00  2.66033040e+00 
 5.86129466e-10  2.81530482e+00  2.64285119e+00 
 5.87129466e-10  2.81145600e+00  2.62015598e+00 
 5.88129466e-10  2.81759145e+00  2.59766623e+00 
 5.89129466e-10  2.83080727e+00  2.57859075e+00 
 5.90129466e-10  2.84797034e+00  2.56460732e+00 
 5.91129466e-10  2.86649268e+00  2.55652696e+00 
 5.92129466e-10  2.88450751e+00  2.55477243e+00 
 5.93129466e-10  2.90061112e+00  2.55955986e+00 
 5.94129466e-10  2.91331589e+00  2.57102195e+00 
 5.95129466e-10  2.92015118e+00  2.58933591e+00 
 5.96129466e-10  2.91731313e+00  2.61383536e+00 
 5.97129466e-10  2.90263319e+00  2.63967656e+00 
 5.98129466e-10  2.87889238e+00  2.65885634e+00 
 5.99129466e-10  2.85225221e+00  2.66575539e+00 
 6.00129466e-10  2.82938297e+00  2.65857952e+00 
 6.01129466e-10  2.81540324e+00  2.64049159e+00 
 6.02129466e-10  2.81236386e+00  2.61765219e+00 
 6.03129466e-10  2.81913909e+00  2.59533431e+00 
 6.04129466e-10  2.83275558e+00  2.57659961e+00 
 6.05129466e-10  2.85009926e+00  2.56303653e+00 
 6.06129466e-10  2.86863835e+00  2.55541744e+00 
 6.07129466e-10  2.88655405e+00  2.55414638e+00 
 6.08129466e-10  2.90245930e+00  2.55942833e+00 
 6.09129466e-10  2.91482825e+00  2.57139648e+00 
 6.10129466e-10  2.92107909e+00  2.59022346e+00 
 6.11129466e-10  2.91737721e+00  2.61506273e+00 
 6.12129466e-10  2.90186108e+00  2.64067912e+00 
 6.13129466e-10  2.87766761e+00  2.65909324e+00 
 6.14129466e-10  2.85108367e+00  2.66495241e+00 
 6.15129466e-10  2.82872977e+00  2.65679318e+00 
 6.16129466e-10  2.81553743e+00  2.63813289e+00 
 6.17129466e-10  2.81330052e+00  2.61517897e+00 
 6.18129466e-10  2.82069861e+00  2.59304982e+00 
 6.19129466e-10  2.83469768e+00  2.57466384e+00 
 6.20129466e-10  2.85220774e+00  2.56152503e+00 
 6.21129466e-10  2.87075366e+00  2.55436941e+00 
 6.22129466e-10  2.88856284e+00  2.55358293e+00 
 6.23129466e-10  2.90426177e+00  2.55936003e+00 
 6.24129466e-10  2.91628095e+00  2.57183542e+00 
 6.25129466e-10  2.92192430e+00  2.59117284e+00 
 6.26129466e-10  2.91734636e+00  2.61632205e+00 
 6.27129466e-10  2.90101291e+00  2.64166584e+00 
 6.28129466e-10  2.87640323e+00  2.65928466e+00 
 6.29129466e-10  2.84991346e+00  2.66409463e+00 
 6.30129466e-10  2.82810327e+00  2.65497303e+00 
 6.31129466e-10  2.81570844e+00  2.63577690e+00 
 6.32129466e-10  2.81426591e+00  2.61273715e+00 
 6.33129466e-10  2.82226958e+00  2.59081273e+00 
 6.34129466e-10  2.83663335e+00  2.57278297e+00 
 6.35129466e-10  2.85429588e+00  2.56007221e+00 
 6.36129466e-10  2.87283895e+00  2.55338214e+00 
 6.37129466e-10  2.89053429e+00  2.55308126e+00 
 6.38129466e-10  2.90601870e+00  2.55935414e+00 
 6.39129466e-10  2.91767347e+00  2.57233800e+00 
 6.40129466e-10  2.92268604e+00  2.59218228e+00 
 6.41129466e-10  2.91722187e+00  2.61760885e+00 
 6.42129466e-10  2.90009196e+00  2.64263289e+00 
 6.43129466e-10  2.87510307e+00  2.65942830e+00 
 6.44129466e-10  2.84874505e+00  2.66318159e+00 
 6.45129466e-10  2.82750583e+00  2.65312075e+00 
 6.46129466e-10  2.81591711e+00  2.63342530e+00 
 6.47129466e-10  2.81528915e+00  2.61035139e+00 
 6.48129466e-10  2.82383005e+00  2.58859145e+00 
 6.49129466e-10  2.83850890e+00  2.57089471e+00 
 6.50129466e-10  2.85630800e+00  2.55861813e+00 
 6.51129466e-10  2.87484851e+00  2.55240925e+00 
 6.52129466e-10  2.89243294e+00  2.55260672e+00 
 6.53129466e-10  2.90770157e+00  2.55938318e+00 
 6.54129466e-10  2.91898111e+00  2.57288060e+00 
 6.55129466e-10  2.92334242e+00  2.59322928e+00 
 6.56129466e-10  2.91698620e+00  2.61889974e+00 
 6.57129466e-10  2.89908442e+00  2.64355935e+00 
 6.58129466e-10  2.87375535e+00  2.65950625e+00 
 6.59129466e-10  2.84756776e+00  2.66219881e+00 
 6.60129466e-10  2.82692694e+00  2.65122521e+00 
 6.61129466e-10  2.81615271e+00  2.63106814e+00 
 6.62129466e-10  2.81629844e+00  2.60796179e+00 
 6.63129466e-10  2.82541490e+00  2.58644137e+00 
 6.64129466e-10  2.84042708e+00  2.56911800e+00 
 6.65129466e-10  2.85835287e+00  2.55727716e+00 
 6.66129466e-10  2.87687174e+00  2.55153752e+00 
 6.67129466e-10  2.89432766e+00  2.55222239e+00 
 6.68129466e-10  2.90936453e+00  2.55949614e+00 
 6.69129466e-10  2.92024834e+00  2.57350485e+00 
 6.70129466e-10  2.92393228e+00  2.59434993e+00 
 6.71129466e-10  2.91667651e+00  2.62022524e+00 
 6.72129466e-10  2.89802595e+00  2.64447396e+00 
 6.73129466e-10  2.87239319e+00  2.65954596e+00 
 6.74129466e-10  2.84641148e+00  2.66117315e+00 
 6.75129466e-10  2.82639276e+00  2.64931258e+00 
 6.76129466e-10  2.81643753e+00  2.62872897e+00 
 6.77129466e-10  2.81734505e+00  2.60561507e+00 
 6.78129466e-10  2.82701785e+00  2.58434660e+00 
 6.79129466e-10  2.84234515e+00  2.56740194e+00 
 6.80129466e-10  2.86038395e+00  2.55599938e+00 
 6.81129466e-10  2.87887160e+00  2.55073017e+00 
 6.82129466e-10  2.89619125e+00  2.55190275e+00 
 6.83129466e-10  2.91098675e+00  2.55967398e+00 
 6.84129466e-10  2.92145742e+00  2.57419465e+00 
 6.85129466e-10  2.92444030e+00  2.59552803e+00 
 6.86129466e-10  2.91628125e+00  2.62156779e+00 
 6.87129466e-10  2.89690784e+00  2.64536129e+00 
 6.88129466e-10  2.87100914e+00  2.65953435e+00 
 6.89129466e-10  2.84526921e+00  2.66009456e+00 
 6.90129466e-10  2.82589590e+00  2.64737542e+00 
 6.91129466e-10  2.81676355e+00  2.62640087e+00 
 6.92129466e-10  2.81842081e+00  2.60330406e+00 
 6.93129466e-10  2.82863130e+00  2.58230001e+00 
 6.94129466e-10  2.84425647e+00  2.56573979e+00 
 6.95129466e-10  2.86239556e+00  2.55477851e+00 
 6.96129466e-10  2.88084316e+00  2.54998140e+00 
 6.97129466e-10  2.89801932e+00  2.55164244e+00 
 6.98129466e-10  2.91256393e+00  2.55991182e+00 
 6.99129466e-10  2.92260373e+00  2.57494549e+00 
 7.00129466e-10  2.92486257e+00  2.59675772e+00 
 7.01129466e-10  2.91579932e+00  2.62291982e+00 
 7.02129466e-10  2.89573086e+00  2.64621542e+00 
 7.03129466e-10  2.86960453e+00  2.65946721e+00 
 7.04129466e-10  2.84414192e+00  2.65896136e+00 
 7.05129466e-10  2.82543626e+00  2.64541383e+00 
 7.06129466e-10  2.81712944e+00  2.62408368e+00 
 7.07129466e-10  2.81952376e+00  2.60102782e+00 
 7.08129466e-10  2.83025336e+00  2.58030017e+00 
 7.09129466e-10  2.84615957e+00  2.56412996e+00 
 7.10129466e-10  2.86438671e+00  2.55361296e+00 
 7.11129466e-10  2.88278577e+00  2.54928965e+00 
 7.12129466e-10  2.89981130e+00  2.55143998e+00 
 7.13129466e-10  2.91409521e+00  2.56020831e+00 
 7.14129466e-10  2.92368569e+00  2.57575598e+00 
 7.15129466e-10  2.92519816e+00  2.59803579e+00 
 7.16129466e-10  2.91523229e+00  2.62427635e+00 
 7.17129466e-10  2.89449810e+00  2.64703287e+00 
 7.18129466e-10  2.86818267e+00  2.65934256e+00 
 7.19129466e-10  2.84303233e+00  2.65777395e+00 
 7.20129466e-10  2.82501525e+00  2.64342961e+00 
 7.21129466e-10  2.81753520e+00  2.62177870e+00 
 7.22129466e-10  2.82065316e+00  2.59878666e+00 
 7.23129466e-10  2.83188327e+00  2.57834678e+00 
 7.24129466e-10  2.84805404e+00  2.56257191e+00 
 7.25129466e-10  2.86635731e+00  2.55250209e+00 
 7.26129466e-10  2.88469955e+00  2.54865421e+00 
 7.27129466e-10  2.90156730e+00  2.55129462e+00 
 7.28129466e-10  2.91558026e+00  2.56056278e+00 
 7.29129466e-10  2.92470222e+00  2.57662527e+00 
 7.30129466e-10  2.92544674e+00  2.59935928e+00 
 7.31129466e-10  2.91458232e+00  2.62563294e+00 
 7.32129466e-10  2.89321306e+00  2.64781069e+00 
 7.33129466e-10  2.86674717e+00  2.65915886e+00 
 7.34129466e-10  2.84194333e+00  2.65653322e+00 
 7.35129466e-10  2.82463437e+00  2.64142486e+00 
 7.36129466e-10  2.81798094e+00  2.61948737e+00 
 7.37129466e-10  2.82180838e+00  2.59658106e+00 
 7.38129466e-10  2.83352038e+00  2.57643971e+00 
 7.39129466e-10  2.84993956e+00  2.56106526e+00 
 7.40129466e-10  2.86830739e+00  2.55144539e+00 
 7.41129466e-10  2.88658470e+00  2.54807449e+00 
 7.42129466e-10  2.90328745e+00  2.55120573e+00 
 7.43129466e-10  2.91701875e+00  2.56097465e+00 
 7.44129466e-10  2.92565224e+00  2.57755252e+00 
 7.45129466e-10  2.92560817e+00  2.60072510e+00 
 7.46129466e-10  2.91385170e+00  2.62698526e+00 
 7.47129466e-10  2.89187923e+00  2.64854610e+00 
 7.48129466e-10  2.86530157e+00  2.65891479e+00 
 7.49129466e-10  2.84087770e+00  2.65524025e+00 
 7.50129466e-10  2.82429499e+00  2.63940169e+00 
 7.51129466e-10  2.81846665e+00  2.61721113e+00 
 7.52129466e-10  2.82298878e+00  2.59441145e+00 
 7.53129466e-10  2.83516409e+00  2.57457882e+00 
 7.54129466e-10  2.85181584e+00  2.55960961e+00 
 7.55129466e-10  2.87023697e+00  2.55044236e+00 
 7.56129466e-10  2.88844140e+00  2.54754989e+00 
 7.57129466e-10  2.90497186e+00  2.55117269e+00 
 7.58129466e-10  2.91841026e+00  2.56144334e+00 
 7.59129466e-10  2.92653462e+00  2.57853682e+00 
 7.60129466e-10  2.92568245e+00  2.60212992e+00 
 7.61129466e-10  2.91304285e+00  2.62832907e+00 
 7.62129466e-10  2.89050013e+00  2.64923646e+00 
 7.63129466e-10  2.86384937e+00  2.65860917e+00 
 7.64129466e-10  2.83983811e+00  2.65389633e+00 
 7.65129466e-10  2.82399832e+00  2.63736225e+00 
 7.66129466e-10  2.81899222e+00  2.61495131e+00 
 7.67129466e-10  2.82419365e+00  2.59227824e+00 
 7.68129466e-10  2.83680836e+00  2.57276347e+00 
 7.69129466e-10  2.85368358e+00  2.55821904e+00 
 7.70129466e-10  2.87215277e+00  2.54951479e+00 
 7.71129466e-10  2.89027888e+00  2.54710153e+00 
 7.72129466e-10  2.90662982e+00  2.55121241e+00 
 7.73129466e-10  2.91976283e+00  2.56198154e+00 
 7.74129466e-10  2.92735582e+00  2.57958728e+00 
 7.75129466e-10  2.92567656e+00  2.60357826e+00 
 7.76129466e-10  2.91216444e+00  2.62966711e+00 
 7.77129466e-10  2.88908482e+00  2.64988528e+00 
 7.78129466e-10  2.86239908e+00  2.65824641e+00 
 7.79129466e-10  2.83883173e+00  2.65250782e+00 
 7.80129466e-10  2.82374962e+00  2.63531312e+00 
 7.81129466e-10  2.81956124e+00  2.61271325e+00 
 7.82129466e-10  2.82542567e+00  2.59018543e+00 
 7.83129466e-10  2.83846663e+00  2.57099821e+00 
 7.84129466e-10  2.85554291e+00  2.55686708e+00 
 7.85129466e-10  2.87404321e+00  2.54861983e+00 
 7.86129466e-10  2.89208079e+00  2.54668745e+00 
 7.87129466e-10  2.90824440e+00  2.55129115e+00 
 7.88129466e-10  2.92106027e+00  2.56256402e+00 
 7.89129466e-10  2.92810073e+00  2.58068430e+00 
 7.90129466e-10  2.92557843e+00  2.60505174e+00 
 7.91129466e-10  2.91120796e+00  2.63098301e+00 
 7.92129466e-10  2.88762666e+00  2.65047924e+00 
 7.93129466e-10  2.86094478e+00  2.65781588e+00 
 7.94129466e-10  2.83785247e+00  2.65106741e+00 
 7.95129466e-10  2.82354208e+00  2.63324835e+00 
 7.96129466e-10  2.82016635e+00  2.61049088e+00 
 7.97129466e-10  2.82667768e+00  2.58812674e+00 
 7.98129466e-10  2.84012683e+00  2.56927596e+00 
 7.99129466e-10  2.85738969e+00  2.55556264e+00 
 8.00129466e-10  2.87591103e+00  2.54777498e+00 
 8.01129466e-10  2.89385275e+00  2.54632494e+00 
 8.02129466e-10  2.90982153e+00  2.55142231e+00 
 8.03129466e-10  2.92230741e+00  2.56320023e+00 
 8.04129466e-10  2.92877303e+00  2.58183380e+00 
 8.05129466e-10  2.92539292e+00  2.60655184e+00 
 8.06129466e-10  2.91018008e+00  2.63227736e+00 
 8.07129466e-10  2.88613278e+00  2.65101997e+00 
 8.08129466e-10  2.85949313e+00  2.65732045e+00 
 8.09129466e-10  2.83690578e+00  2.64958003e+00 
 8.10129466e-10  2.82337939e+00  2.63117297e+00 
 8.11129466e-10  2.82080983e+00  2.60828806e+00 
 8.12129466e-10  2.82795131e+00  2.58610490e+00 
 8.13129466e-10  2.84179054e+00  2.56759876e+00 
 8.14129466e-10  2.85922566e+00  2.55430735e+00 
 8.15129466e-10  2.87775802e+00  2.54698160e+00 
 8.16129466e-10  2.89559650e+00  2.54601509e+00 
 8.17129466e-10  2.91136259e+00  2.55160682e+00 
 8.18129466e-10  2.92350484e+00  2.56389102e+00 
 8.19129466e-10  2.92937274e+00  2.58303571e+00 
 8.20129466e-10  2.92512180e+00  2.60807563e+00 
 8.21129466e-10  2.90908463e+00  2.63354742e+00 
 8.22129466e-10  2.88460754e+00  2.65150618e+00 
 8.23129466e-10  2.85804817e+00  2.65676048e+00 
 8.24129466e-10  2.83599455e+00  2.64804825e+00 
 8.25129466e-10  2.82326283e+00  2.62908968e+00 
 8.26129466e-10  2.82149176e+00  2.60610645e+00 
 8.27129466e-10  2.82924621e+00  2.58412067e+00 
 8.28129466e-10  2.84345755e+00  2.56596690e+00 
 8.29129466e-10  2.86105089e+00  2.55310128e+00 
 8.30129466e-10  2.87958449e+00  2.54623959e+00 
 8.31129466e-10  2.89731239e+00  2.54575771e+00 
 8.32129466e-10  2.91286767e+00  2.55184445e+00 
 8.33129466e-10  2.92465192e+00  2.56463615e+00 
 8.34129466e-10  2.92989890e+00  2.58428884e+00 
 8.35129466e-10  2.92477854e+00  2.60966036e+00 
 8.36129466e-10  2.90790818e+00  2.63477776e+00 
 8.37129466e-10  2.88301817e+00  2.65189390e+00 
 8.38129466e-10  2.85657508e+00  2.65609227e+00 
 8.39129466e-10  2.83508974e+00  2.64643817e+00 
 8.40129466e-10  2.82316938e+00  2.62697242e+00 
 8.41129466e-10  2.82222369e+00  2.60394960e+00 
 8.42129466e-10  2.83052406e+00  2.58212346e+00 
 8.43129466e-10  2.84505827e+00  2.56430064e+00 
 8.44129466e-10  2.86279479e+00  2.55186898e+00 
 8.45129466e-10  2.88133109e+00  2.54548893e+00 
 8.46129466e-10  2.89895255e+00  2.54550604e+00 
 8.47129466e-10  2.91429701e+00  2.55209689e+00 
 8.48129466e-10  2.92571375e+00  2.56540230e+00 
 8.49129466e-10  2.93032026e+00  2.58556199e+00 
 8.50129466e-10  2.92429976e+00  2.61115115e+00 
 8.51129466e-10  2.90667869e+00  2.63597638e+00 
 8.52129466e-10  2.88145514e+00  2.65228501e+00 
 8.53129466e-10  2.85517120e+00  2.65542631e+00 
 8.54129466e-10  2.83426883e+00  2.64484133e+00 
 8.55129466e-10  2.82315424e+00  2.62489121e+00 
 8.56129466e-10  2.82298223e+00  2.60181907e+00 
 8.57129466e-10  2.83186319e+00  2.58022254e+00 
 8.58129466e-10  2.84673672e+00  2.56276748e+00 
 8.59129466e-10  2.86460468e+00  2.55076801e+00 
 8.60129466e-10  2.88312269e+00  2.54485468e+00 
 8.61129466e-10  2.90061824e+00  2.54535733e+00 
 8.62129466e-10  2.91573425e+00  2.55244388e+00 
 8.63129466e-10  2.92676160e+00  2.56625889e+00 
 8.64129466e-10  2.93069995e+00  2.58691651e+00 
 8.65129466e-10  2.92378182e+00  2.61272496e+00 
 8.66129466e-10  2.90540211e+00  2.63715652e+00 
 8.67129466e-10  2.87986018e+00  2.65259937e+00 
 8.68129466e-10  2.85376815e+00  2.65467543e+00 
 8.69129466e-10  2.83347873e+00  2.64319127e+00 
 8.70129466e-10  2.82318156e+00  2.62279879e+00 
 8.71129466e-10  2.82377604e+00  2.59970749e+00 
 8.72129466e-10  2.83322073e+00  2.57835640e+00 
 8.73129466e-10  2.84841623e+00  2.56127654e+00 
 8.74129466e-10  2.86640227e+00  2.54971310e+00 
 8.75129466e-10  2.88489258e+00  2.54426864e+00 
 8.76129466e-10  2.90225480e+00  2.54525790e+00 
 8.77129466e-10  2.91713328e+00  2.55284097e+00 
 8.78129466e-10  2.92775460e+00  2.56716688e+00 
 8.79129466e-10  2.93100143e+00  2.58831550e+00 
 8.80129466e-10  2.92318146e+00  2.61430425e+00 
 8.81129466e-10  2.90406881e+00  2.63829776e+00 
 8.82129466e-10  2.87824653e+00  2.65285061e+00 
 8.83129466e-10  2.85238286e+00  2.65385933e+00 
 8.84129466e-10  2.83273052e+00  2.64150407e+00 
 8.85129466e-10  2.82325551e+00  2.62070533e+00 
 8.86129466e-10  2.82460505e+00  2.59762025e+00 
 8.87129466e-10  2.83459509e+00  2.57652765e+00 
 8.88129466e-10  2.85009541e+00  2.55982910e+00 
 8.89129466e-10  2.86818688e+00  2.54870500e+00 
 8.90129466e-10  2.88664079e+00  2.54373133e+00 
 8.91129466e-10  2.90386263e+00  2.54520819e+00 
 8.92129466e-10  2.91849437e+00  2.55328861e+00 
 8.93129466e-10  2.92869235e+00  2.56812665e+00 
 8.94129466e-10  2.93122467e+00  2.58975771e+00 
 8.95129466e-10  2.92250105e+00  2.61588559e+00 
 8.96129466e-10  2.90268275e+00  2.63939792e+00 
 8.97129466e-10  2.87661844e+00  2.65303797e+00 
 8.98129466e-10  2.85101896e+00  2.65297945e+00 
 8.99129466e-10  2.83202650e+00  2.63978277e+00 
 9.00129466e-10  2.82337689e+00  2.61861340e+00 
 9.01129466e-10  2.82546915e+00  2.59555890e+00 
 9.02129466e-10  2.83598603e+00  2.57473712e+00 
 9.03129466e-10  2.85177428e+00  2.55842565e+00 
 9.04129466e-10  2.86995883e+00  2.54774402e+00 
 9.05129466e-10  2.88836781e+00  2.54324295e+00 
 9.06129466e-10  2.90544217e+00  2.54520829e+00 
 9.07129466e-10  2.91981753e+00  2.55378692e+00 
 9.08129466e-10  2.92957406e+00  2.56913819e+00 
 9.09129466e-10  2.93136930e+00  2.59124123e+00 
 9.10129466e-10  2.92174266e+00  2.61746511e+00 
 9.11129466e-10  2.90124748e+00  2.64045452e+00 
 9.12129466e-10  2.87497958e+00  2.65316036e+00 
 9.13129466e-10  2.84967951e+00  2.65203698e+00 
 9.14129466e-10  2.83136836e+00  2.63802995e+00 
 9.15129466e-10  2.82354593e+00  2.61652506e+00 
 9.16129466e-10  2.82636776e+00  2.59352445e+00 
 9.17129466e-10  2.83739288e+00  2.57298516e+00 
 9.18129466e-10  2.85345244e+00  2.55706625e+00 
 9.19129466e-10  2.87171804e+00  2.54683008e+00 
 9.20129466e-10  2.89007372e+00  2.54280329e+00 
 9.21129466e-10  2.90699346e+00  2.54525796e+00 
 9.22129466e-10  2.92110238e+00  2.55433566e+00 
 9.23129466e-10  2.93039856e+00  2.57020107e+00 
 9.24129466e-10  2.93143481e+00  2.59276361e+00 
 9.25129466e-10  2.92090822e+00  2.61903870e+00 
 9.26129466e-10  2.89976629e+00  2.64146491e+00 
 9.27129466e-10  2.87333339e+00  2.65321657e+00 
 9.28129466e-10  2.84836721e+00  2.65103307e+00 
 9.29129466e-10  2.83075744e+00  2.63624803e+00 
 9.30129466e-10  2.82376254e+00  2.61444211e+00 
 9.31129466e-10  2.82730005e+00  2.59151772e+00 
 9.32129466e-10  2.83881478e+00  2.57127196e+00 
 9.33129466e-10  2.85512934e+00  2.55575081e+00 
 9.34129466e-10  2.87346429e+00  2.54596294e+00 
 9.35129466e-10  2.89175848e+00  2.54241203e+00 
 9.36129466e-10  2.90851641e+00  2.54535681e+00 
 9.37129466e-10  2.92234836e+00  2.55493452e+00 
 9.38129466e-10  2.93116453e+00  2.57131477e+00 
 9.39129466e-10  2.93142073e+00  2.59432210e+00 
 9.40129466e-10  2.91999972e+00  2.62060229e+00 
 9.41129466e-10  2.89824242e+00  2.64242654e+00 
 9.42129466e-10  2.87168318e+00  2.65320545e+00 
 9.43129466e-10  2.84708463e+00  2.64996899e+00 
 9.44129466e-10  2.83019490e+00  2.63443939e+00 
 9.45129466e-10  2.82402651e+00  2.61236624e+00 
 9.46129466e-10  2.82826512e+00  2.58953941e+00 
 9.47129466e-10  2.84025083e+00  2.56959763e+00 
 9.48129466e-10  2.85680444e+00  2.55447919e+00 
 9.49129466e-10  2.87519732e+00  2.54514236e+00 
 9.50129466e-10  2.89342203e+00  2.54206885e+00 
 9.51129466e-10  2.91001088e+00  2.54550450e+00 
 9.52129466e-10  2.92355483e+00  2.55558317e+00 
 9.53129466e-10  2.93187059e+00  2.57247865e+00 
 9.54129466e-10  2.93132674e+00  2.59591373e+00 
 9.55129466e-10  2.91901926e+00  2.62215184e+00 
 9.56129466e-10  2.89667913e+00  2.64333695e+00 
 9.57129466e-10  2.87003220e+00  2.65312602e+00 
 9.58129466e-10  2.84583423e+00  2.64884622e+00 
 9.59129466e-10  2.82968174e+00  2.63260642e+00 
 9.60129466e-10  2.82433750e+00  2.61029909e+00 
 9.61129466e-10  2.82926202e+00  2.58759020e+00 
 9.62129466e-10  2.84169464e+00  2.56796162e+00 
 9.63129466e-10  2.85847830e+00  2.55326581e+00 
 9.64129466e-10  2.87692389e+00  2.54439059e+00 
 9.65129466e-10  2.89507358e+00  2.54179530e+00 
 9.66129466e-10  2.91148610e+00  2.54571831e+00 
 9.67129466e-10  2.92472972e+00  2.55629464e+00 
 9.68129466e-10  2.93252304e+00  2.57370216e+00 
 9.69129466e-10  2.93115957e+00  2.59754342e+00 
 9.70129466e-10  2.91797528e+00  2.62369036e+00 
 9.71129466e-10  2.89508527e+00  2.64419990e+00 
 9.72129466e-10  2.86838879e+00  2.65298292e+00 
 9.73129466e-10  2.84462302e+00  2.64767135e+00 
 9.74129466e-10  2.82922309e+00  2.63075600e+00 
 9.75129466e-10  2.82469894e+00  2.60824630e+00 
 9.76129466e-10  2.83029325e+00  2.58567439e+00 
 9.77129466e-10  2.84315970e+00  2.56636911e+00 
 9.78129466e-10  2.86015056e+00  2.55208428e+00 
 9.79129466e-10  2.87863164e+00  2.54366460e+00 
 9.80129466e-10  2.89669606e+00  2.54154926e+00 
 9.81129466e-10  2.91292457e+00  2.54596445e+00 
 9.82129466e-10  2.92585639e+00  2.55704375e+00 
 9.83129466e-10  2.93310638e+00  2.57496585e+00 
 9.84129466e-10  2.93090671e+00  2.59919295e+00 
 9.85129466e-10  2.91685885e+00  2.62520153e+00 
 9.86129466e-10  2.89345385e+00  2.64500217e+00 
 9.87129466e-10  2.86674669e+00  2.65276557e+00 
 9.88129466e-10  2.84344462e+00  2.64643714e+00 
 9.89129466e-10  2.82881185e+00  2.62888234e+00 
 9.90129466e-10  2.82510319e+00  2.60620198e+00 
 9.91129466e-10  2.83135133e+00  2.58378588e+00 
 9.92129466e-10  2.84463350e+00  2.56481302e+00 
 9.93129466e-10  2.86181694e+00  2.55094378e+00 
 9.94129466e-10  2.88032332e+00  2.54298230e+00 
 9.95129466e-10  2.89829511e+00  2.54134841e+00 
 9.96129466e-10  2.91433216e+00  2.54625665e+00 
 9.97129466e-10  2.92693959e+00  2.55784022e+00 
 9.98129466e-10  2.93362412e+00  2.57627597e+00 
 9.99064733e-10  2.93117133e+00  2.59915676e+00 
 1.00000000e-09  2.91821147e+00  2.62364836e+00 
