 time            v(detp)         v(detn)        
 0.00000000e+00  2.01622196e+00  2.01622194e+00 
 1.00000000e-14  2.01625158e+00  2.01625156e+00 
 2.00000000e-14  2.01627526e+00  2.01627523e+00 
 4.00000000e-14  2.01631130e+00  2.01631128e+00 
 8.00000000e-14  2.01634354e+00  2.01634352e+00 
 1.60000000e-13  2.01635247e+00  2.01635244e+00 
 3.20000000e-13  2.01634547e+00  2.01634548e+00 
 6.40000000e-13  2.01642018e+00  2.01642032e+00 
 1.28000000e-12  2.01674599e+00  2.01674717e+00 
 2.28000000e-12  2.01701530e+00  2.01710666e+00 
 3.28000000e-12  2.01640890e+00  2.01692708e+00 
 4.28000000e-12  2.01492134e+00  2.01617083e+00 
 5.28000000e-12  2.01335210e+00  2.01491530e+00 
 6.28000000e-12  2.01297443e+00  2.01314710e+00 
 7.28000000e-12  2.01488951e+00  2.01076789e+00 
 8.28000000e-12  2.01956625e+00  2.00772683e+00 
 9.28000000e-12  2.02682949e+00  2.00408422e+00 
 1.02800000e-11  2.03610669e+00  1.99997184e+00 
 1.12800000e-11  2.04668450e+00  1.99553690e+00 
 1.22800000e-11  2.05786269e+00  1.99091033e+00 
 1.32800000e-11  2.06899752e+00  1.98619394e+00 
 1.42800000e-11  2.07944863e+00  1.98146160e+00 
 1.52800000e-11  2.08852687e+00  1.97687583e+00 
 1.62800000e-11  2.09557407e+00  1.97297426e+00 
 1.72800000e-11  2.09993847e+00  1.97056692e+00 
 1.82800000e-11  2.10108437e+00  1.97007842e+00 
 1.92800000e-11  2.09909419e+00  1.97113886e+00 
 2.02800000e-11  2.09485731e+00  1.97291146e+00 
 2.12800000e-11  2.08974579e+00  1.97462062e+00 
 2.22800000e-11  2.08522208e+00  1.97574782e+00 
 2.32800000e-11  2.08252178e+00  1.97599085e+00 
 2.42800000e-11  2.08234520e+00  1.97522940e+00 
 2.52800000e-11  2.08476047e+00  1.97353252e+00 
 2.62800000e-11  2.08937055e+00  1.97110326e+00 
 2.72800000e-11  2.09555267e+00  1.96817984e+00 
 2.82800000e-11  2.10261616e+00  1.96496239e+00 
 2.92800000e-11  2.10982542e+00  1.96158874e+00 
 3.02800000e-11  2.11639154e+00  1.95826472e+00 
 3.12800000e-11  2.12155443e+00  1.95555879e+00 
 3.22800000e-11  2.12453774e+00  1.95426535e+00 
 3.32800000e-11  2.12469370e+00  1.95475852e+00 
 3.42800000e-11  2.12203270e+00  1.95664694e+00 
 3.52800000e-11  2.11740038e+00  1.95911473e+00 
 3.62800000e-11  2.11214679e+00  1.96140929e+00 
 3.72800000e-11  2.10771903e+00  1.96302026e+00 
 3.82800000e-11  2.10528976e+00  1.96365403e+00 
 3.92800000e-11  2.10544004e+00  1.96321961e+00 
 4.02800000e-11  2.10812422e+00  1.96182399e+00 
 4.12800000e-11  2.11287706e+00  1.95969331e+00 
 4.22800000e-11  2.11905276e+00  1.95707214e+00 
 4.32800000e-11  2.12596215e+00  1.95415799e+00 
 4.42800000e-11  2.13287672e+00  1.95108676e+00 
 4.52800000e-11  2.13902128e+00  1.94808278e+00 
 4.62800000e-11  2.14365331e+00  1.94574620e+00 
 4.72800000e-11  2.14601099e+00  1.94486353e+00 
 4.82800000e-11  2.14549415e+00  1.94575141e+00 
 4.92800000e-11  2.14219533e+00  1.94796698e+00 
 5.02800000e-11  2.13702909e+00  1.95068643e+00 
 5.12800000e-11  2.13138405e+00  1.95317453e+00 
 5.22800000e-11  2.12671851e+00  1.95493685e+00 
 5.32800000e-11  2.12417611e+00  1.95569146e+00 
 5.42800000e-11  2.12427674e+00  1.95536397e+00 
 5.52800000e-11  2.12691606e+00  1.95407827e+00 
 5.62800000e-11  2.13159198e+00  1.95206838e+00 
 5.72800000e-11  2.13764274e+00  1.94957818e+00 
 5.82800000e-11  2.14437288e+00  1.94679998e+00 
 5.92800000e-11  2.15104706e+00  1.94386768e+00 
 6.02800000e-11  2.15688799e+00  1.94102670e+00 
 6.12800000e-11  2.16114999e+00  1.93891141e+00 
 6.22800000e-11  2.16306212e+00  1.93830512e+00 
 6.32800000e-11  2.16205059e+00  1.93947543e+00 
 6.42800000e-11  2.15827044e+00  1.94192927e+00 
 6.52800000e-11  2.15268718e+00  1.94482683e+00 
 6.62800000e-11  2.14670714e+00  1.94744291e+00 
 6.72800000e-11  2.14177701e+00  1.94930007e+00 
 6.82800000e-11  2.13900696e+00  1.95013334e+00 
 6.92800000e-11  2.13887987e+00  1.94988423e+00 
 7.02800000e-11  2.14126710e+00  1.94868697e+00 
 7.12800000e-11  2.14565725e+00  1.94677898e+00 
 7.22800000e-11  2.15138812e+00  1.94440281e+00 
 7.32800000e-11  2.15776635e+00  1.94175003e+00 
 7.42800000e-11  2.16404306e+00  1.93894416e+00 
 7.52800000e-11  2.16944665e+00  1.93625525e+00 
 7.62800000e-11  2.17323637e+00  1.93434764e+00 
 7.72800000e-11  2.17464285e+00  1.93398633e+00 
 7.82800000e-11  2.17313067e+00  1.93537731e+00 
 7.92800000e-11  2.16892261e+00  1.93798314e+00 
 8.02800000e-11  2.16303774e+00  1.94096371e+00 
 8.12800000e-11  2.15691058e+00  1.94361182e+00 
 8.22800000e-11  2.15199003e+00  1.94546342e+00 
 8.32800000e-11  2.14934590e+00  1.94626487e+00 
 8.42800000e-11  2.14939330e+00  1.94597574e+00 
 8.52800000e-11  2.15194440e+00  1.94474700e+00 
 8.62800000e-11  2.15645342e+00  1.94282284e+00 
 8.72800000e-11  2.16224474e+00  1.94044420e+00 
 8.82800000e-11  2.16861981e+00  1.93779716e+00 
 8.92800000e-11  2.17482380e+00  1.93500554e+00 
 9.02800000e-11  2.18008440e+00  1.93236502e+00 
 9.12800000e-11  2.18365638e+00  1.93057179e+00 
 9.22800000e-11  2.18476481e+00  1.93037950e+00 
 9.32800000e-11  2.18291000e+00  1.93194071e+00 
 9.42800000e-11  2.17838020e+00  1.93467080e+00 
 9.52800000e-11  2.17224165e+00  1.93771839e+00 
 9.62800000e-11  2.16594159e+00  1.94038837e+00 
 9.72800000e-11  2.16091240e+00  1.94223402e+00 
 9.82800000e-11  2.15818748e+00  1.94301895e+00 
 9.92800000e-11  2.15814577e+00  1.94271813e+00 
 1.00280000e-10  2.16057769e+00  1.94149167e+00 
 1.01280000e-10  2.16493033e+00  1.93958605e+00 
 1.02280000e-10  2.17052850e+00  1.93724025e+00 
 1.03280000e-10  2.17667280e+00  1.93463632e+00 
 1.04280000e-10  2.18260383e+00  1.93189997e+00 
 1.05280000e-10  2.18755100e+00  1.92935185e+00 
 1.06280000e-10  2.19076915e+00  1.92771065e+00 
 1.07280000e-10  2.19148848e+00  1.92770146e+00 
 1.08280000e-10  2.18925654e+00  1.92941261e+00 
 1.09280000e-10  2.18443147e+00  1.93222105e+00 
 1.10280000e-10  2.17813018e+00  1.93528007e+00 
 1.11280000e-10  2.17182496e+00  1.93791311e+00 
 1.12280000e-10  2.16694404e+00  1.93968627e+00 
 1.13280000e-10  2.16447220e+00  1.94037587e+00 
 1.14280000e-10  2.16471840e+00  1.93997628e+00 
 1.15280000e-10  2.16741672e+00  1.93866326e+00 
 1.16280000e-10  2.17198389e+00  1.93668847e+00 
 1.17280000e-10  2.17773390e+00  1.93428822e+00 
 1.18280000e-10  2.18396261e+00  1.93163891e+00 
 1.19280000e-10  2.18990521e+00  1.92886922e+00 
 1.20280000e-10  2.19479116e+00  1.92632928e+00 
 1.21280000e-10  2.19786915e+00  1.92476581e+00 
 1.22280000e-10  2.19836807e+00  1.92488435e+00 
 1.23280000e-10  2.19587916e+00  1.92671683e+00 
 1.24280000e-10  2.19082664e+00  1.92959743e+00 
 1.25280000e-10  2.18436980e+00  1.93267297e+00 
 1.26280000e-10  2.17798863e+00  1.93528073e+00 
 1.27280000e-10  2.17309038e+00  1.93700434e+00 
 1.28280000e-10  2.17062125e+00  1.93763741e+00 
 1.29280000e-10  2.17085520e+00  1.93718905e+00 
 1.30280000e-10  2.17350696e+00  1.93584293e+00 
 1.31280000e-10  2.17798788e+00  1.93385205e+00 
 1.32280000e-10  2.18361285e+00  1.93145018e+00 
 1.33280000e-10  2.18967615e+00  1.92880971e+00 
 1.34280000e-10  2.19540858e+00  1.92606376e+00 
 1.35280000e-10  2.20004204e+00  1.92359043e+00 
 1.36280000e-10  2.20282397e+00  1.92215357e+00 
 1.37280000e-10  2.20299312e+00  1.92242171e+00 
 1.38280000e-10  2.20019520e+00  1.92436230e+00 
 1.39280000e-10  2.19492342e+00  1.92727727e+00 
 1.40280000e-10  2.18838384e+00  1.93032258e+00 
 1.41280000e-10  2.18207782e+00  1.93285419e+00 
 1.42280000e-10  2.17740139e+00  1.93446809e+00 
 1.43280000e-10  2.17524550e+00  1.93497203e+00 
 1.44280000e-10  2.17581440e+00  1.93439499e+00 
 1.45280000e-10  2.17877073e+00  1.93293469e+00 
 1.46280000e-10  2.18349977e+00  1.93084760e+00 
 1.47280000e-10  2.18930784e+00  1.92836395e+00 
 1.48280000e-10  2.19548464e+00  1.92565060e+00 
 1.49280000e-10  2.20125605e+00  1.92284683e+00 
 1.50280000e-10  2.20585435e+00  1.92036339e+00 
 1.51280000e-10  2.20851922e+00  1.91898705e+00 
 1.52280000e-10  2.20849332e+00  1.91935893e+00 
 1.53280000e-10  2.20547300e+00  1.92138871e+00 
 1.54280000e-10  2.20001654e+00  1.92434079e+00 
 1.55280000e-10  2.19336716e+00  1.92736931e+00 
 1.56280000e-10  2.18702911e+00  1.92984553e+00 
 1.57280000e-10  2.18237327e+00  1.93138307e+00 
 1.58280000e-10  2.18025057e+00  1.93180700e+00 
 1.59280000e-10  2.18083194e+00  1.93116027e+00 
 1.60280000e-10  2.18376303e+00  1.92964727e+00 
 1.61280000e-10  2.18842539e+00  1.92752512e+00 
 1.62280000e-10  2.19412655e+00  1.92502105e+00 
 1.63280000e-10  2.20015182e+00  1.92229474e+00 
 1.64280000e-10  2.20573088e+00  1.91950266e+00 
 1.65280000e-10  2.21009515e+00  1.91708288e+00 
 1.66280000e-10  2.21247963e+00  1.91583000e+00 
 1.67280000e-10  2.21214242e+00  1.91633911e+00 
 1.68280000e-10  2.20884071e+00  1.91845590e+00 
 1.69280000e-10  2.20320160e+00  1.92141996e+00 
 1.70280000e-10  2.19651186e+00  1.92439797e+00 
 1.71280000e-10  2.19029386e+00  1.92677937e+00 
 1.72280000e-10  2.18589960e+00  1.92818994e+00 
 1.73280000e-10  2.18411815e+00  1.92847076e+00 
 1.74280000e-10  2.18505072e+00  1.92768521e+00 
 1.75280000e-10  2.18829458e+00  1.92605031e+00 
 1.76280000e-10  2.19320885e+00  1.92382509e+00 
 1.77280000e-10  2.19909441e+00  1.92123248e+00 
 1.78280000e-10  2.20523211e+00  1.91842701e+00 
 1.79280000e-10  2.21084757e+00  1.91557494e+00 
 1.80280000e-10  2.21517286e+00  1.91314929e+00 
 1.81280000e-10  2.21743454e+00  1.91196159e+00 
 1.82280000e-10  2.21690107e+00  1.91257219e+00 
 1.83280000e-10  2.21338631e+00  1.91476885e+00 
 1.84280000e-10  2.20758036e+00  1.91775929e+00 
 1.85280000e-10  2.20080189e+00  1.92071255e+00 
 1.86280000e-10  2.19457140e+00  1.92303438e+00 
 1.87280000e-10  2.19021178e+00  1.92436827e+00 
 1.88280000e-10  2.18847139e+00  1.92457245e+00 
 1.89280000e-10  2.18942016e+00  1.92372327e+00 
 1.90280000e-10  2.19264082e+00  1.92204319e+00 
 1.91280000e-10  2.19749013e+00  1.91979091e+00 
 1.92280000e-10  2.20327021e+00  1.91718589e+00 
 1.93280000e-10  2.20925885e+00  1.91437916e+00 
 1.94280000e-10  2.21467850e+00  1.91154801e+00 
 1.95280000e-10  2.21876422e+00  1.90919658e+00 
 1.96280000e-10  2.22074035e+00  1.90813958e+00 
 1.97280000e-10  2.21989776e+00  1.90888567e+00 
 1.98280000e-10  2.21611543e+00  1.91116204e+00 
 1.99280000e-10  2.21014911e+00  1.91415897e+00 
 2.00280000e-10  2.20335621e+00  1.91706072e+00 
 2.01280000e-10  2.19727101e+00  1.91929108e+00 
 2.02280000e-10  2.19318937e+00  1.92050541e+00 
 2.03280000e-10  2.19179389e+00  1.92057890e+00 
 2.04280000e-10  2.19308775e+00  1.91960728e+00 
 2.05280000e-10  2.19661046e+00  1.91782332e+00 
 2.06280000e-10  2.20170035e+00  1.91548616e+00 
 2.07280000e-10  2.20765424e+00  1.91281020e+00 
 2.08280000e-10  2.21374512e+00  1.90994199e+00 
 2.09280000e-10  2.21919221e+00  1.90707270e+00 
 2.10280000e-10  2.22323039e+00  1.90474232e+00 
 2.11280000e-10  2.22507511e+00  1.90377549e+00 
 2.12280000e-10  2.22403459e+00  1.90463939e+00 
 2.13280000e-10  2.22004905e+00  1.90700451e+00 
 2.14280000e-10  2.21393398e+00  1.91003520e+00 
 2.15280000e-10  2.20707319e+00  1.91292172e+00 
 2.16280000e-10  2.20099439e+00  1.91510488e+00 
 2.17280000e-10  2.19696061e+00  1.91625772e+00 
 2.18280000e-10  2.19561344e+00  1.91627238e+00 
 2.19280000e-10  2.19692692e+00  1.91525647e+00 
 2.20280000e-10  2.20042820e+00  1.91344703e+00 
 2.21280000e-10  2.20545442e+00  1.91110216e+00 
 2.22280000e-10  2.21130346e+00  1.90843241e+00 
 2.23280000e-10  2.21724447e+00  1.90558157e+00 
 2.24280000e-10  2.22249467e+00  1.90275571e+00 
 2.25280000e-10  2.22629133e+00  1.90052566e+00 
 2.26280000e-10  2.22784838e+00  1.89971108e+00 
 2.27280000e-10  2.22650354e+00  1.90072145e+00 
 2.28280000e-10  2.22226650e+00  1.90317135e+00 
 2.29280000e-10  2.21601525e+00  1.90621425e+00 
 2.30280000e-10  2.20916898e+00  1.90905794e+00 
 2.31280000e-10  2.20326295e+00  1.91115899e+00 
 2.32280000e-10  2.19952525e+00  1.91220288e+00 
 2.33280000e-10  2.19852878e+00  1.91210052e+00 
 2.34280000e-10  2.20018379e+00  1.91097836e+00 
 2.35280000e-10  2.20397895e+00  1.90908211e+00 
 2.36280000e-10  2.20923626e+00  1.90666904e+00 
 2.37280000e-10  2.21524938e+00  1.90394417e+00 
 2.38280000e-10  2.22128237e+00  1.90104799e+00 
 2.39280000e-10  2.22655029e+00  1.89820480e+00 
 2.40280000e-10  2.23028904e+00  1.89602114e+00 
 2.41280000e-10  2.23170437e+00  1.89531893e+00 
 2.42280000e-10  2.23015895e+00  1.89646037e+00 
 2.43280000e-10  2.22572715e+00  1.89900561e+00 
 2.44280000e-10  2.21934280e+00  1.90208792e+00 
 2.45280000e-10  2.21244618e+00  1.90492412e+00 
 2.46280000e-10  2.20656135e+00  1.90698822e+00 
 2.47280000e-10  2.20288031e+00  1.90798342e+00 
 2.48280000e-10  2.20193532e+00  1.90783722e+00 
 2.49280000e-10  2.20360988e+00  1.90668680e+00 
 2.50280000e-10  2.20738245e+00  1.90478106e+00 
 2.51280000e-10  2.21257484e+00  1.90237564e+00 
 2.52280000e-10  2.21848136e+00  1.89967140e+00 
 2.53280000e-10  2.22436167e+00  1.89680732e+00 
 2.54280000e-10  2.22942999e+00  1.89402666e+00 
 2.55280000e-10  2.23292367e+00  1.89196521e+00 
 2.56280000e-10  2.23404862e+00  1.89143127e+00 
 2.57280000e-10  2.23220490e+00  1.89272490e+00 
 2.58280000e-10  2.22753826e+00  1.89535485e+00 
 2.59280000e-10  2.22104159e+00  1.89845004e+00 
 2.60280000e-10  2.21418653e+00  1.90124613e+00 
 2.61280000e-10  2.20849969e+00  1.90323269e+00 
 2.62280000e-10  2.20513012e+00  1.90412604e+00 
 2.63280000e-10  2.20453941e+00  1.90387340e+00 
 2.64280000e-10  2.20655062e+00  1.90262947e+00 
 2.65280000e-10  2.21060825e+00  1.90064989e+00 
 2.66280000e-10  2.21602192e+00  1.89818838e+00 
 2.67280000e-10  2.22208236e+00  1.89543990e+00 
 2.68280000e-10  2.22804396e+00  1.89254187e+00 
 2.69280000e-10  2.23311990e+00  1.88976031e+00 
 2.70280000e-10  2.23654457e+00  1.88776522e+00 
 2.71280000e-10  2.23751759e+00  1.88735913e+00 
 2.72280000e-10  2.23547185e+00  1.88878994e+00 
 2.73280000e-10  2.23061995e+00  1.89151523e+00 
 2.74280000e-10  2.22400612e+00  1.89464934e+00 
 2.75280000e-10  2.21711797e+00  1.89743942e+00 
 2.76280000e-10  2.21146628e+00  1.89939277e+00 
 2.77280000e-10  2.20816119e+00  1.90024350e+00 
 2.78280000e-10  2.20762443e+00  1.89995502e+00 
 2.79280000e-10  2.20965470e+00  1.89869161e+00 
 2.80280000e-10  2.21368827e+00  1.89671117e+00 
 2.81280000e-10  2.21903530e+00  1.89426522e+00 
 2.82280000e-10  2.22498916e+00  1.89154745e+00 
 2.83280000e-10  2.23079054e+00  1.88868546e+00 
 2.84280000e-10  2.23565771e+00  1.88597148e+00 
 2.85280000e-10  2.23882845e+00  1.88410514e+00 
 2.86280000e-10  2.23950558e+00  1.88386782e+00 
 2.87280000e-10  2.23716596e+00  1.88544252e+00 
 2.88280000e-10  2.23209393e+00  1.88824152e+00 
 2.89280000e-10  2.22538819e+00  1.89138026e+00 
 2.90280000e-10  2.21856344e+00  1.89412530e+00 
 2.91280000e-10  2.21312645e+00  1.89599856e+00 
 2.92280000e-10  2.21013773e+00  1.89674807e+00 
 2.93280000e-10  2.20994872e+00  1.89635766e+00 
 2.94280000e-10  2.21230235e+00  1.89500741e+00 
 2.95280000e-10  2.21660566e+00  1.89296005e+00 
 2.96280000e-10  2.22215923e+00  1.89046410e+00 
 2.97280000e-10  2.22825301e+00  1.88770717e+00 
 2.98280000e-10  2.23412246e+00  1.88481772e+00 
 2.99280000e-10  2.23898538e+00  1.88211494e+00 
 3.00280000e-10  2.24207454e+00  1.88032966e+00 
 3.01280000e-10  2.24258953e+00  1.88022922e+00 
 3.02280000e-10  2.24004768e+00  1.88194067e+00 
 3.03280000e-10  2.23480090e+00  1.88482938e+00 
 3.04280000e-10  2.22799430e+00  1.88800153e+00 
 3.05280000e-10  2.22115342e+00  1.89073724e+00 
 3.06280000e-10  2.21576465e+00  1.89257630e+00 
 3.07280000e-10  2.21284723e+00  1.89328470e+00 
 3.08280000e-10  2.21271384e+00  1.89286168e+00 
 3.09280000e-10  2.21508551e+00  1.89149575e+00 
 3.10280000e-10  2.21936291e+00  1.88945106e+00 
 3.11280000e-10  2.22484772e+00  1.88697354e+00 
 3.12280000e-10  2.23082916e+00  1.88424650e+00 
 3.13280000e-10  2.23653808e+00  1.88140099e+00 
 3.14280000e-10  2.24119346e+00  1.87878265e+00 
 3.15280000e-10  2.24402688e+00  1.87714414e+00 
 3.16280000e-10  2.24424513e+00  1.87722139e+00 
 3.17280000e-10  2.24141789e+00  1.87907438e+00 
 3.18280000e-10  2.23596990e+00  1.88202978e+00 
 3.19280000e-10  2.22909739e+00  1.88520004e+00 
 3.20280000e-10  2.22234969e+00  1.88788510e+00 
 3.21280000e-10  2.21720227e+00  1.88963886e+00 
 3.22280000e-10  2.21461757e+00  1.89024287e+00 
 3.23280000e-10  2.21483716e+00  1.88971743e+00 
 3.24280000e-10  2.21752980e+00  1.88826554e+00 
 3.25280000e-10  2.22207071e+00  1.88615477e+00 
 3.26280000e-10  2.22775407e+00  1.88362732e+00 
 3.27280000e-10  2.23386583e+00  1.88086047e+00 
 3.28280000e-10  2.23963198e+00  1.87798908e+00 
 3.29280000e-10  2.24427173e+00  1.87538952e+00 
 3.30280000e-10  2.24701007e+00  1.87384147e+00 
 3.31280000e-10  2.24705518e+00  1.87405860e+00 
 3.32280000e-10  2.24402491e+00  1.87604253e+00 
 3.33280000e-10  2.23841075e+00  1.87907731e+00 
 3.34280000e-10  2.23145024e+00  1.88227121e+00 
 3.35280000e-10  2.22469862e+00  1.88493953e+00 
 3.36280000e-10  2.21960655e+00  1.88665428e+00 
 3.37280000e-10  2.21709371e+00  1.88721503e+00 
 3.38280000e-10  2.21736495e+00  1.88665694e+00 
 3.39280000e-10  2.22006975e+00  1.88519018e+00 
 3.40280000e-10  2.22457869e+00  1.88308284e+00 
 3.41280000e-10  2.23018737e+00  1.88057402e+00 
 3.42280000e-10  2.23618015e+00  1.87783678e+00 
 3.43280000e-10  2.24177857e+00  1.87501140e+00 
 3.44280000e-10  2.24620361e+00  1.87250352e+00 
 3.45280000e-10  2.24867794e+00  1.87110896e+00 
 3.46280000e-10  2.24842226e+00  1.87150140e+00 
 3.47280000e-10  2.24511336e+00  1.87361525e+00 
 3.48280000e-10  2.23931453e+00  1.87670296e+00 
 3.49280000e-10  2.23231030e+00  1.87988337e+00 
 3.50280000e-10  2.22567562e+00  1.88249137e+00 
 3.51280000e-10  2.22084253e+00  1.88411278e+00 
 3.52280000e-10  2.21866830e+00  1.88456426e+00 
 3.53280000e-10  2.21928798e+00  1.88390208e+00 
 3.54280000e-10  2.22230318e+00  1.88234912e+00 
 3.55280000e-10  2.22706298e+00  1.88017555e+00 
 3.56280000e-10  2.23285726e+00  1.87761597e+00 
 3.57280000e-10  2.23896458e+00  1.87483455e+00 
 3.58280000e-10  2.24460996e+00  1.87198828e+00 
 3.59280000e-10  2.24901094e+00  1.86951374e+00 
 3.60280000e-10  2.25137963e+00  1.86822552e+00 
 3.61280000e-10  2.25094351e+00  1.86876570e+00 
 3.62280000e-10  2.24743439e+00  1.87100831e+00 
 3.63280000e-10  2.24148202e+00  1.87416886e+00 
 3.64280000e-10  2.23440771e+00  1.87736622e+00 
 3.65280000e-10  2.22778807e+00  1.87995172e+00 
 3.66280000e-10  2.22302584e+00  1.88152950e+00 
 3.67280000e-10  2.22093341e+00  1.88193471e+00 
 3.68280000e-10  2.22160985e+00  1.88123815e+00 
 3.69280000e-10  2.22463918e+00  1.87966905e+00 
 3.70280000e-10  2.22936701e+00  1.87749735e+00 
 3.71280000e-10  2.23508482e+00  1.87495420e+00 
 3.72280000e-10  2.24106901e+00  1.87219978e+00 
 3.73280000e-10  2.24654063e+00  1.86939992e+00 
 3.74280000e-10  2.25071959e+00  1.86702260e+00 
 3.75280000e-10  2.25281535e+00  1.86589180e+00 
 3.76280000e-10  2.25207438e+00  1.86660168e+00 
 3.77280000e-10  2.24829329e+00  1.86896038e+00 
 3.78280000e-10  2.24217176e+00  1.87215901e+00 
 3.79280000e-10  2.23507417e+00  1.87533042e+00 
 3.80280000e-10  2.22859237e+00  1.87784506e+00 
 3.81280000e-10  2.22410236e+00  1.87932092e+00 
 3.82280000e-10  2.22234970e+00  1.87961184e+00 
 3.83280000e-10  2.22336595e+00  1.87880933e+00 
 3.84280000e-10  2.22669197e+00  1.87715352e+00 
 3.85280000e-10  2.23165552e+00  1.87491484e+00 
 3.86280000e-10  2.23754374e+00  1.87231936e+00 
 3.87280000e-10  2.24362916e+00  1.86952209e+00 
 3.88280000e-10  2.24912900e+00  1.86669991e+00 
 3.89280000e-10  2.25326331e+00  1.86435663e+00 
 3.90280000e-10  2.25523296e+00  1.86333147e+00 
 3.91280000e-10  2.25429802e+00  1.86418079e+00 
 3.92280000e-10  2.25031496e+00  1.86665303e+00 
 3.93280000e-10  2.24404657e+00  1.86990843e+00 
 3.94280000e-10  2.23688792e+00  1.87308392e+00 
 3.95280000e-10  2.23042708e+00  1.87556716e+00 
 3.96280000e-10  2.22600665e+00  1.87699446e+00 
 3.97280000e-10  2.22432777e+00  1.87723773e+00 
 3.98280000e-10  2.22538929e+00  1.87640155e+00 
 3.99280000e-10  2.22871762e+00  1.87473089e+00 
 4.00280000e-10  2.23363864e+00  1.87249529e+00 
 4.01280000e-10  2.23944097e+00  1.86991693e+00 
 4.02280000e-10  2.24539388e+00  1.86714746e+00 
 4.03280000e-10  2.25071132e+00  1.86437633e+00 
 4.04280000e-10  2.25461523e+00  1.86213945e+00 
 4.05280000e-10  2.25630383e+00  1.86127756e+00 
 4.06280000e-10  2.25506323e+00  1.86229199e+00 
 4.07280000e-10  2.25081912e+00  1.86486827e+00 
 4.08280000e-10  2.24440136e+00  1.86814957e+00 
 4.09280000e-10  2.23724381e+00  1.87128934e+00 
 4.10280000e-10  2.23094528e+00  1.87369433e+00 
 4.11280000e-10  2.22681313e+00  1.87501494e+00 
 4.12280000e-10  2.22547824e+00  1.87514301e+00 
 4.13280000e-10  2.22687464e+00  1.87420283e+00 
 4.14280000e-10  2.23049008e+00  1.87244828e+00 
 4.15280000e-10  2.23563582e+00  1.87014809e+00 
 4.16280000e-10  2.24159720e+00  1.86751886e+00 
 4.17280000e-10  2.24763922e+00  1.86470800e+00 
 4.18280000e-10  2.25297292e+00  1.86192040e+00 
 4.19280000e-10  2.25681958e+00  1.85972857e+00 
 4.20280000e-10  2.25836897e+00  1.85898118e+00 
 4.21280000e-10  2.25692832e+00  1.86013499e+00 
 4.22280000e-10  2.25248752e+00  1.86281724e+00 
 4.23280000e-10  2.24593610e+00  1.86614624e+00 
 4.24280000e-10  2.23873350e+00  1.86928326e+00 
 4.25280000e-10  2.23246913e+00  1.87165220e+00 
 4.26280000e-10  2.22841328e+00  1.87292205e+00 
 4.27280000e-10  2.22715271e+00  1.87300271e+00 
 4.28280000e-10  2.22859139e+00  1.87203047e+00 
 4.29280000e-10  2.23220501e+00  1.87026301e+00 
 4.30280000e-10  2.23730414e+00  1.86796757e+00 
 4.31280000e-10  2.24317528e+00  1.86535655e+00 
 4.32280000e-10  2.24907938e+00  1.86257500e+00 
 4.33280000e-10  2.25422528e+00  1.85984446e+00 
 4.34280000e-10  2.25783539e+00  1.85776898e+00 
 4.35280000e-10  2.25909795e+00  1.85719022e+00 
 4.36280000e-10  2.25735370e+00  1.85850376e+00 
 4.37280000e-10  2.25266564e+00  1.86127891e+00 
 4.38280000e-10  2.24598697e+00  1.86462361e+00 
 4.39280000e-10  2.23881207e+00  1.86771764e+00 
 4.40280000e-10  2.23273464e+00  1.87000241e+00 
 4.41280000e-10  2.22898162e+00  1.87116176e+00 
 4.42280000e-10  2.22806765e+00  1.87112689e+00 
 4.43280000e-10  2.22983540e+00  1.87005271e+00 
 4.44280000e-10  2.23372651e+00  1.86820403e+00 
 4.45280000e-10  2.23903989e+00  1.86584619e+00 
 4.46280000e-10  2.24505942e+00  1.86318562e+00 
 4.47280000e-10  2.25104138e+00  1.86036458e+00 
 4.48280000e-10  2.25619274e+00  1.85762461e+00 
 4.49280000e-10  2.25973393e+00  1.85560581e+00 
 4.50280000e-10  2.26084596e+00  1.85514985e+00 
 4.51280000e-10  2.25889854e+00  1.85660183e+00 
 4.52280000e-10  2.25402187e+00  1.85947540e+00 
 4.53280000e-10  2.24722469e+00  1.86285958e+00 
 4.54280000e-10  2.24002145e+00  1.86594466e+00 
 4.55280000e-10  2.23399208e+00  1.86819025e+00 
 4.56280000e-10  2.23032295e+00  1.86929880e+00 
 4.57280000e-10  2.22948513e+00  1.86921899e+00 
 4.58280000e-10  2.23129374e+00  1.86811635e+00 
 4.59280000e-10  2.23518052e+00  1.86625834e+00 
 4.60280000e-10  2.24044459e+00  1.86390818e+00 
 4.61280000e-10  2.24637056e+00  1.86126792e+00 
 4.62280000e-10  2.25221006e+00  1.85847891e+00 
 4.63280000e-10  2.25716901e+00  1.85580354e+00 
 4.64280000e-10  2.26046794e+00  1.85391152e+00 
 4.65280000e-10  2.26128869e+00  1.85362845e+00 
 4.66280000e-10  2.25904264e+00  1.85523384e+00 
 4.67280000e-10  2.25393468e+00  1.85818830e+00 
 4.68280000e-10  2.24703342e+00  1.86157728e+00 
 4.69280000e-10  2.23988423e+00  1.86461111e+00 
 4.70280000e-10  2.23406465e+00  1.86676616e+00 
 4.71280000e-10  2.23071020e+00  1.86776079e+00 
 4.72280000e-10  2.23021922e+00  1.86756572e+00 
 4.73280000e-10  2.23234964e+00  1.86636350e+00 
 4.74280000e-10  2.23650366e+00  1.86442691e+00 
 4.75280000e-10  2.24197131e+00  1.86201626e+00 
 4.76280000e-10  2.24803769e+00  1.85933039e+00 
 4.77280000e-10  2.25394033e+00  1.85649980e+00 
 4.78280000e-10  2.25888899e+00  1.85381475e+00 
 4.79280000e-10  2.26210378e+00  1.85198245e+00 
 4.80280000e-10  2.26276182e+00  1.85182153e+00 
 4.81280000e-10  2.26031036e+00  1.85355670e+00 
 4.82280000e-10  2.25502213e+00  1.85659670e+00 
 4.83280000e-10  2.24801586e+00  1.86001368e+00 
 4.84280000e-10  2.24085115e+00  1.86303070e+00 
 4.85280000e-10  2.23508659e+00  1.86514240e+00 
 4.86280000e-10  2.23181507e+00  1.86608562e+00 
 4.87280000e-10  2.23139389e+00  1.86584784e+00 
 4.88280000e-10  2.23355687e+00  1.86462053e+00 
 4.89280000e-10  2.23769879e+00  1.86267798e+00 
 4.90280000e-10  2.24311064e+00  1.86027780e+00 
 4.91280000e-10  2.24907737e+00  1.85761435e+00 
 4.92280000e-10  2.25483156e+00  1.85481923e+00 
 4.93280000e-10  2.25958273e+00  1.85220743e+00 
 4.94280000e-10  2.26254958e+00  1.85051221e+00 
 4.95280000e-10  2.26291349e+00  1.85052690e+00 
 4.96280000e-10  2.26017107e+00  1.85240746e+00 
 4.97280000e-10  2.25467041e+00  1.85551622e+00 
 4.98280000e-10  2.24758588e+00  1.85892769e+00 
 4.99280000e-10  2.24050379e+00  1.86188570e+00 
 5.00280000e-10  2.23497299e+00  1.86390097e+00 
 5.01280000e-10  2.23202877e+00  1.86472751e+00 
 5.02280000e-10  2.23195587e+00  1.86437498e+00 
 5.03280000e-10  2.23443522e+00  1.86305020e+00 
 5.04280000e-10  2.23883624e+00  1.86103114e+00 
 5.05280000e-10  2.24444305e+00  1.85857174e+00 
 5.06280000e-10  2.25053827e+00  1.85586017e+00 
 5.07280000e-10  2.25634975e+00  1.85302995e+00 
 5.08280000e-10  2.26108669e+00  1.85042473e+00 
 5.09280000e-10  2.26396234e+00  1.84880843e+00 
 5.10280000e-10  2.26415703e+00  1.84895748e+00 
 5.11280000e-10  2.26121204e+00  1.85096896e+00 
 5.12280000e-10  2.25554466e+00  1.85415791e+00 
 5.13280000e-10  2.24837506e+00  1.85759122e+00 
 5.14280000e-10  2.24129915e+00  1.86052750e+00 
 5.15280000e-10  2.23584192e+00  1.86249610e+00 
 5.16280000e-10  2.23299328e+00  1.86326995e+00 
 5.17280000e-10  2.23299742e+00  1.86287488e+00 
 5.18280000e-10  2.23551323e+00  1.86152566e+00 
 5.19280000e-10  2.23990426e+00  1.85950106e+00 
 5.20280000e-10  2.24545609e+00  1.85705195e+00 
 5.21280000e-10  2.25145051e+00  1.85436211e+00 
 5.22280000e-10  2.25711053e+00  1.85156871e+00 
 5.23280000e-10  2.26164607e+00  1.84904359e+00 
 5.24280000e-10  2.26426795e+00  1.84757190e+00 
 5.25280000e-10  2.26416569e+00  1.84789562e+00 
 5.26280000e-10  2.26093761e+00  1.85004178e+00 
 5.27280000e-10  2.25507554e+00  1.85328558e+00 
 5.28280000e-10  2.24785106e+00  1.85670159e+00 
 5.29280000e-10  2.24088238e+00  1.85956957e+00 
 5.30280000e-10  2.23567691e+00  1.86143460e+00 
 5.31280000e-10  2.23316143e+00  1.86208818e+00 
 5.32280000e-10  2.23350938e+00  1.86157840e+00 
 5.33280000e-10  2.23633138e+00  1.86013339e+00 
 5.34280000e-10  2.24096963e+00  1.85803398e+00 
 5.35280000e-10  2.24670463e+00  1.85552658e+00 
 5.36280000e-10  2.25281561e+00  1.85278893e+00 
 5.37280000e-10  2.25852100e+00  1.84996319e+00 
 5.38280000e-10  2.26303078e+00  1.84745347e+00 
 5.39280000e-10  2.26554873e+00  1.84607088e+00 
 5.40280000e-10  2.26526831e+00  1.84653203e+00 
 5.41280000e-10  2.26183959e+00  1.84880284e+00 
 5.42280000e-10  2.25582267e+00  1.85211661e+00 
 5.43280000e-10  2.24852961e+00  1.85554531e+00 
 5.44280000e-10  2.24158307e+00  1.85838497e+00 
 5.45280000e-10  2.23646170e+00  1.86019941e+00 
 5.46280000e-10  2.23404546e+00  1.86079916e+00 
 5.47280000e-10  2.23446930e+00  1.86024758e+00 
 5.48280000e-10  2.23732448e+00  1.85877946e+00 
 5.49280000e-10  2.24194912e+00  1.85667573e+00 
 5.50280000e-10  2.24762543e+00  1.85417932e+00 
 5.51280000e-10  2.25362852e+00  1.85146068e+00 
 5.52280000e-10  2.25918025e+00  1.84867828e+00 
 5.53280000e-10  2.26348796e+00  1.84626420e+00 
 5.54280000e-10  2.26574955e+00  1.84504168e+00 
 5.55280000e-10  2.26517337e+00  1.84568284e+00 
 5.56280000e-10  2.26147339e+00  1.84808290e+00 
 5.57280000e-10  2.25528409e+00  1.85144319e+00 
 5.58280000e-10  2.24796536e+00  1.85484745e+00 
 5.59280000e-10  2.24115814e+00  1.85761244e+00 
 5.60280000e-10  2.23631483e+00  1.85931768e+00 
 5.61280000e-10  2.23424659e+00  1.85979415e+00 
 5.62280000e-10  2.23501856e+00  1.85912753e+00 
 5.63280000e-10  2.23817768e+00  1.85756435e+00 
 5.64280000e-10  2.24304406e+00  1.85538618e+00 
 5.65280000e-10  2.24889636e+00  1.85283089e+00 
 5.66280000e-10  2.25500698e+00  1.85006337e+00 
 5.67280000e-10  2.26059366e+00  1.84725067e+00 
 5.68280000e-10  2.26486423e+00  1.84486005e+00 
 5.69280000e-10  2.26700872e+00  1.84373507e+00 
 5.70280000e-10  2.26624569e+00  1.84451438e+00 
 5.71280000e-10  2.26234716e+00  1.84703115e+00 
 5.72280000e-10  2.25601398e+00  1.85045057e+00 
 5.73280000e-10  2.24864123e+00  1.85385821e+00 
 5.74280000e-10  2.24186915e+00  1.85658815e+00 
 5.75280000e-10  2.23711675e+00  1.85823881e+00 
 5.76280000e-10  2.23514772e+00  1.85866029e+00 
 5.77280000e-10  2.23599121e+00  1.85795241e+00 
 5.78280000e-10  2.23917754e+00  1.85636714e+00 
 5.79280000e-10  2.24402425e+00  1.85418526e+00 
 5.80280000e-10  2.24981180e+00  1.85164085e+00 
 5.81280000e-10  2.25581002e+00  1.84889499e+00 
 5.82280000e-10  2.26123244e+00  1.84612509e+00 
 5.83280000e-10  2.26528828e+00  1.84383104e+00 
 5.84280000e-10  2.26716410e+00  1.84286422e+00 
 5.85280000e-10  2.26610046e+00  1.84381205e+00 
 5.86280000e-10  2.26193796e+00  1.84643938e+00 
 5.87280000e-10  2.25544859e+00  1.84988742e+00 
 5.88280000e-10  2.24807030e+00  1.85325701e+00 
 5.89280000e-10  2.24145569e+00  1.85590231e+00 
 5.90280000e-10  2.23698914e+00  1.85743751e+00 
 5.91280000e-10  2.23536322e+00  1.85773412e+00 
 5.92280000e-10  2.23654132e+00  1.85691285e+00 
 5.93280000e-10  2.24001479e+00  1.85523515e+00 
 5.94280000e-10  2.24508679e+00  1.85298117e+00 
 5.95280000e-10  2.25103522e+00  1.85037943e+00 
 5.96280000e-10  2.25712649e+00  1.84758616e+00 
 5.97280000e-10  2.26257055e+00  1.84479145e+00 
 5.98280000e-10  2.26657642e+00  1.84253196e+00 
 5.99280000e-10  2.26832220e+00  1.84167249e+00 
 6.00280000e-10  2.26706556e+00  1.84275937e+00 
 6.01280000e-10  2.26271006e+00  1.84549594e+00 
 6.02280000e-10  2.25609097e+00  1.84899350e+00 
 6.03280000e-10  2.24867577e+00  1.85235848e+00 
 6.04280000e-10  2.24211173e+00  1.85496381e+00 
 6.05280000e-10  2.23774532e+00  1.85644265e+00 
 6.06280000e-10  2.23622134e+00  1.85668530e+00 
 6.07280000e-10  2.23746957e+00  1.85582532e+00 
 6.08280000e-10  2.24096724e+00  1.85412827e+00 
 6.09280000e-10  2.24601619e+00  1.85187286e+00 
 6.10280000e-10  2.25189603e+00  1.84928347e+00 
 6.11280000e-10  2.25786969e+00  1.84651334e+00 
 6.12280000e-10  2.26314385e+00  1.84376691e+00 
 6.13280000e-10  2.26692848e+00  1.84161386e+00 
 6.14280000e-10  2.26839886e+00  1.84091863e+00 
 6.15280000e-10  2.26684233e+00  1.84216913e+00 
 6.16280000e-10  2.26223531e+00  1.84500382e+00 
 6.17280000e-10  2.25548108e+00  1.84851764e+00 
 6.18280000e-10  2.24808576e+00  1.85183505e+00 
 6.19280000e-10  2.24170297e+00  1.85434830e+00 
 6.20280000e-10  2.23763619e+00  1.85570695e+00 
 6.21280000e-10  2.23645712e+00  1.85582388e+00 
 6.22280000e-10  2.23803337e+00  1.85485221e+00 
 6.23280000e-10  2.24180782e+00  1.85306506e+00 
 6.24280000e-10  2.24707092e+00  1.85073937e+00 
 6.25280000e-10  2.25310044e+00  1.84809358e+00 
 6.26280000e-10  2.25915534e+00  1.84527721e+00 
 6.27280000e-10  2.26443962e+00  1.84251189e+00 
 6.28280000e-10  2.26816206e+00  1.84040444e+00 
 6.29280000e-10  2.26949002e+00  1.83982497e+00 
 6.30280000e-10  2.26773540e+00  1.84121341e+00 
 6.31280000e-10  2.26294198e+00  1.84414914e+00 
 6.32280000e-10  2.25607252e+00  1.84770326e+00 
 6.33280000e-10  2.24865765e+00  1.85100946e+00 
 6.34280000e-10  2.24233906e+00  1.85347777e+00 
 6.35280000e-10  2.23837863e+00  1.85477719e+00 
 6.36280000e-10  2.23730117e+00  1.85483951e+00 
 6.37280000e-10  2.23894362e+00  1.85382969e+00 
 6.38280000e-10  2.24273729e+00  1.85202404e+00 
 6.39280000e-10  2.24797249e+00  1.84969752e+00 
 6.40280000e-10  2.25392828e+00  1.84706421e+00 
 6.41280000e-10  2.25985937e+00  1.84427180e+00 
 6.42280000e-10  2.26496749e+00  1.84156041e+00 
 6.43280000e-10  2.26846148e+00  1.83956890e+00 
 6.44280000e-10  2.26950750e+00  1.83915807e+00 
 6.45280000e-10  2.26745510e+00  1.84070349e+00 
 6.46280000e-10  2.26242381e+00  1.84372448e+00 
 6.47280000e-10  2.25544071e+00  1.84728302e+00 
 6.48280000e-10  2.24807078e+00  1.85053272e+00 
 6.49280000e-10  2.24195528e+00  1.85290221e+00 
 6.50280000e-10  2.23830537e+00  1.85407782e+00 
 6.51280000e-10  2.23757204e+00  1.85401464e+00 
 6.52280000e-10  2.23953418e+00  1.85289558e+00 
 6.53280000e-10  2.24359330e+00  1.85100265e+00 
 6.54280000e-10  2.24903091e+00  1.84860802e+00 
 6.55280000e-10  2.25512463e+00  1.84591959e+00 
 6.56280000e-10  2.26112470e+00  1.84308294e+00 
 6.57280000e-10  2.26623116e+00  1.84036000e+00 
 6.58280000e-10  2.26965023e+00  1.83842572e+00 
 6.59280000e-10  2.27054183e+00  1.83813833e+00 
 6.60280000e-10  2.26828833e+00  1.83981974e+00 
 6.61280000e-10  2.26307857e+00  1.84293271e+00 
 6.62280000e-10  2.25599472e+00  1.84652189e+00 
 6.63280000e-10  2.24862070e+00  1.84975291e+00 
 6.64280000e-10  2.24258101e+00  1.85207331e+00 
 6.65280000e-10  2.23904190e+00  1.85318899e+00 
 6.66280000e-10  2.23840863e+00  1.85307322e+00 
 6.67280000e-10  2.24043236e+00  1.85191915e+00 
 6.68280000e-10  2.24450532e+00  1.85001084e+00 
 6.69280000e-10  2.24990976e+00  1.84761789e+00 
 6.70280000e-10  2.25592696e+00  1.84494655e+00 
 6.71280000e-10  2.26179296e+00  1.84213219e+00 
 6.72280000e-10  2.26671140e+00  1.83946276e+00 
 6.73280000e-10  2.26989062e+00  1.83764627e+00 
 6.74280000e-10  2.27049229e+00  1.83752368e+00 
 6.75280000e-10  2.26794347e+00  1.83934853e+00 
 6.76280000e-10  2.26250931e+00  1.84252971e+00 
 6.77280000e-10  2.25533145e+00  1.84610928e+00 
 6.78280000e-10  2.24802321e+00  1.84927390e+00 
 6.79280000e-10  2.24220107e+00  1.85148887e+00 
 6.80280000e-10  2.23897440e+00  1.85247834e+00 
 6.81280000e-10  2.23867622e+00  1.85223883e+00 
 6.82280000e-10  2.24100479e+00  1.85097925e+00 
 6.83280000e-10  2.24532717e+00  1.84898750e+00 
 6.84280000e-10  2.25091910e+00  1.84652954e+00 
 6.85280000e-10  2.25706027e+00  1.84380530e+00 
 6.86280000e-10  2.26298199e+00  1.84095035e+00 
 6.87280000e-10  2.26788677e+00  1.83827881e+00 
 6.88280000e-10  2.27097842e+00  1.83653223e+00 
 6.89280000e-10  2.27141521e+00  1.83654030e+00 
 6.90280000e-10  2.26866488e+00  1.83849829e+00 
 6.91280000e-10  2.26306297e+00  1.84176283e+00 
 6.92280000e-10  2.25580121e+00  1.84536470e+00 
 6.93280000e-10  2.24850645e+00  1.84850489e+00 
 6.94280000e-10  2.24277293e+00  1.85066778e+00 
 6.95280000e-10  2.23966253e+00  1.85159731e+00 
 6.96280000e-10  2.23946426e+00  1.85130763e+00 
 6.97280000e-10  2.24185150e+00  1.85001651e+00 
 6.98280000e-10  2.24618410e+00  1.84801284e+00 
 6.99280000e-10  2.25173918e+00  1.84555945e+00 
 7.00280000e-10  2.25779635e+00  1.84285173e+00 
 7.01280000e-10  2.26358196e+00  1.84002726e+00 
 7.02280000e-10  2.26829815e+00  1.83742662e+00 
 7.03280000e-10  2.27114633e+00  1.83581694e+00 
 7.04280000e-10  2.27129061e+00  1.83599969e+00 
 7.05280000e-10  2.26825238e+00  1.83809839e+00 
 7.06280000e-10  2.26244488e+00  1.84142272e+00 
 7.07280000e-10  2.25511574e+00  1.84500719e+00 
 7.08280000e-10  2.24791718e+00  1.84807463e+00 
 7.09280000e-10  2.24242743e+00  1.85012689e+00 
 7.10280000e-10  2.23964481e+00  1.85092785e+00 
 7.11280000e-10  2.23978619e+00  1.85051501e+00 
 7.12280000e-10  2.24247591e+00  1.84912026e+00 
 7.13280000e-10  2.24705230e+00  1.84703493e+00 
 7.14280000e-10  2.25278783e+00  1.84451753e+00 
 7.15280000e-10  2.25896044e+00  1.84175722e+00 
 7.16280000e-10  2.26479187e+00  1.83889456e+00 
 7.17280000e-10  2.26948394e+00  1.83630033e+00 
 7.18280000e-10  2.27223199e+00  1.83477140e+00 
 7.19280000e-10  2.27220118e+00  1.83508925e+00 
 7.20280000e-10  2.26896160e+00  1.83731598e+00 
 7.21280000e-10  2.26299629e+00  1.84071355e+00 
 7.22280000e-10  2.25559785e+00  1.84431096e+00 
 7.23280000e-10  2.24842667e+00  1.84734732e+00 
 7.24280000e-10  2.24303338e+00  1.84934391e+00 
 7.25280000e-10  2.24036731e+00  1.85008457e+00 
 7.26280000e-10  2.24060364e+00  1.84962323e+00 
 7.27280000e-10  2.24334498e+00  1.84819919e+00 
 7.28280000e-10  2.24792455e+00  1.84610394e+00 
 7.29280000e-10  2.25361661e+00  1.84359252e+00 
 7.30280000e-10  2.25969815e+00  1.84084969e+00 
 7.31280000e-10  2.26538588e+00  1.83802079e+00 
 7.32280000e-10  2.26988187e+00  1.83550633e+00 
 7.33280000e-10  2.27237794e+00  1.83412337e+00 
 7.34280000e-10  2.27205042e+00  1.83461588e+00 
 7.35280000e-10  2.26853019e+00  1.83697297e+00 
 7.36280000e-10  2.26237706e+00  1.84041739e+00 
 7.37280000e-10  2.25493501e+00  1.84398704e+00 
 7.38280000e-10  2.24788485e+00  1.84694300e+00 
 7.39280000e-10  2.24275266e+00  1.84882376e+00 
 7.40280000e-10  2.24041953e+00  1.84943447e+00 
 7.41280000e-10  2.24099088e+00  1.84885202e+00 
 7.42280000e-10  2.24402496e+00  1.84732781e+00 
 7.43280000e-10  2.24883714e+00  1.84515421e+00 
 7.44280000e-10  2.25469852e+00  1.84258125e+00 
 7.45280000e-10  2.26088139e+00  1.83978480e+00 
 7.46280000e-10  2.26660625e+00  1.83692597e+00 
 7.47280000e-10  2.27107128e+00  1.83443590e+00 
 7.48280000e-10  2.27345823e+00  1.83315330e+00 
 7.49280000e-10  2.27294981e+00  1.83379222e+00 
 7.50280000e-10  2.26923287e+00  1.83627768e+00 
 7.51280000e-10  2.26293705e+00  1.83979086e+00 
 7.52280000e-10  2.25544673e+00  1.84336895e+00 
 7.53280000e-10  2.24844609e+00  1.84629047e+00 
 7.54280000e-10  2.24342816e+00  1.84811359e+00 
 7.55280000e-10  2.24122273e+00  1.84866400e+00 
 7.56280000e-10  2.24189468e+00  1.84803449e+00 
 7.57280000e-10  2.24498269e+00  1.84648281e+00 
 7.58280000e-10  2.24979851e+00  1.84430091e+00 
 7.59280000e-10  2.25561536e+00  1.84173501e+00 
 7.60280000e-10  2.26170386e+00  1.83895675e+00 
 7.61280000e-10  2.26727978e+00  1.83613528e+00 
 7.62280000e-10  2.27154223e+00  1.83373396e+00 
 7.63280000e-10  2.27366905e+00  1.83260527e+00 
 7.64280000e-10  2.27286080e+00  1.83341684e+00 
 7.65280000e-10  2.26887148e+00  1.83602120e+00 
 7.66280000e-10  2.26240572e+00  1.83956820e+00 
 7.67280000e-10  2.25489494e+00  1.84310823e+00 
 7.68280000e-10  2.24803841e+00  1.84594147e+00 
 7.69280000e-10  2.24329579e+00  1.84764348e+00 
 7.70280000e-10  2.24142527e+00  1.84806266e+00 
 7.71280000e-10  2.24242504e+00  1.84731377e+00 
 7.72280000e-10  2.24579423e+00  1.84566462e+00 
 7.73280000e-10  2.25083012e+00  1.84340662e+00 
 7.74280000e-10  2.25680390e+00  1.84078044e+00 
 7.75280000e-10  2.26298360e+00  1.83795238e+00 
 7.76280000e-10  2.26858085e+00  1.83510158e+00 
 7.77280000e-10  2.27279473e+00  1.83272757e+00 
 7.78280000e-10  2.27479491e+00  1.83170129e+00 
 7.79280000e-10  2.27379502e+00  1.83265362e+00 
 7.80280000e-10  2.26961016e+00  1.83537309e+00 
 7.81280000e-10  2.26301150e+00  1.83897452e+00 
 7.82280000e-10  2.25546468e+00  1.84251205e+00 
 7.83280000e-10  2.24866627e+00  1.84530411e+00 
 7.84280000e-10  2.24403819e+00  1.84694597e+00 
 7.85280000e-10  2.24228807e+00  1.84730611e+00 
 7.86280000e-10  2.24337736e+00  1.84651342e+00 
 7.87280000e-10  2.24678908e+00  1.84484049e+00 
 7.88280000e-10  2.25181855e+00  1.84257740e+00 
 7.89280000e-10  2.25773899e+00  1.83996069e+00 
 7.90280000e-10  2.26381564e+00  1.83715306e+00 
 7.91280000e-10  2.26925587e+00  1.83434550e+00 
 7.92280000e-10  2.27325935e+00  1.83207110e+00 
 7.93280000e-10  2.27499174e+00  1.83120683e+00 
 7.94280000e-10  2.27369173e+00  1.83232899e+00 
 7.95280000e-10  2.26924651e+00  1.83515593e+00 
 7.96280000e-10  2.26249933e+00  1.83877925e+00 
 7.97280000e-10  2.25495831e+00  1.84226981e+00 
 7.98280000e-10  2.24832893e+00  1.84496710e+00 
 7.99280000e-10  2.24399117e+00  1.84648429e+00 
 8.00280000e-10  2.24257895e+00  1.84671362e+00 
 8.01280000e-10  2.24399058e+00  1.84580460e+00 
 8.02280000e-10  2.24767418e+00  1.84403785e+00 
 8.03280000e-10  2.25291372e+00  1.84170186e+00 
 8.04280000e-10  2.25898115e+00  1.83902724e+00 
 8.05280000e-10  2.26513842e+00  1.83617220e+00 
 8.06280000e-10  2.27058949e+00  1.83334196e+00 
 8.07280000e-10  2.27453339e+00  1.83110700e+00 
 8.08280000e-10  2.27612749e+00  1.83035552e+00 
 8.09280000e-10  2.27463100e+00  1.83161948e+00 
 8.10280000e-10  2.26999692e+00  1.83455419e+00 
 8.11280000e-10  2.26313176e+00  1.83822277e+00 
 8.12280000e-10  2.25557222e+00  1.84170349e+00 
 8.13280000e-10  2.24901608e+00  1.84435542e+00 
 8.14280000e-10  2.24480100e+00  1.84581162e+00 
 8.15280000e-10  2.24351054e+00  1.84598402e+00 
 8.16280000e-10  2.24500901e+00  1.84503471e+00 
 8.17280000e-10  2.24873105e+00  1.84324782e+00 
 8.18280000e-10  2.25395990e+00  1.84090981e+00 
 8.19280000e-10  2.25996934e+00  1.83824690e+00 
 8.20280000e-10  2.26601764e+00  1.83541464e+00 
 8.21280000e-10  2.27130539e+00  1.83263423e+00 
 8.22280000e-10  2.27503162e+00  1.83050974e+00 
 8.23280000e-10  2.27635075e+00  1.82992681e+00 
 8.24280000e-10  2.27455486e+00  1.83135553e+00 
 8.25280000e-10  2.26967345e+00  1.83438554e+00 
 8.26280000e-10  2.26268164e+00  1.83806439e+00 
 8.27280000e-10  2.25515440e+00  1.84148971e+00 
 8.28280000e-10  2.24879091e+00  1.84404018e+00 
 8.29280000e-10  2.24487887e+00  1.84536769e+00 
 8.30280000e-10  2.24392723e+00  1.84540901e+00 
 8.31280000e-10  2.24574122e+00  1.84434532e+00 
 8.32280000e-10  2.24972510e+00  1.84246701e+00 
 8.33280000e-10  2.25515342e+00  1.84005794e+00 
 8.34280000e-10  2.26129917e+00  1.83733815e+00 
 8.35280000e-10  2.26741667e+00  1.83445997e+00 
 8.36280000e-10  2.27270406e+00  1.83166340e+00 
 8.37280000e-10  2.27635853e+00  1.82958985e+00 
 8.38280000e-10  2.27752722e+00  1.82912814e+00 
 8.39280000e-10  2.27553066e+00  1.83069735e+00 
 8.40280000e-10  2.27046757e+00  1.83382637e+00 
 8.41280000e-10  2.26337228e+00  1.83754087e+00 
 8.42280000e-10  2.25584307e+00  1.84094934e+00 
 8.43280000e-10  2.24956496e+00  1.84344976e+00 
 8.44280000e-10  2.24577973e+00  1.84471435e+00 
 8.45280000e-10  2.24494728e+00  1.84469929e+00 
 8.46280000e-10  2.24684213e+00  1.84359703e+00 
 8.47280000e-10  2.25085766e+00  1.84170038e+00 
 8.48280000e-10  2.25626881e+00  1.83929069e+00 
 8.49280000e-10  2.26234992e+00  1.83658340e+00 
 8.50280000e-10  2.26835081e+00  1.83372955e+00 
 8.51280000e-10  2.27346724e+00  1.83098935e+00 
 8.52280000e-10  2.27689540e+00  1.82903637e+00 
 8.53280000e-10  2.27778158e+00  1.82874762e+00 
 8.54280000e-10  2.27548768e+00  1.83047466e+00 
 8.55280000e-10  2.27019084e+00  1.83368538e+00 
 8.56280000e-10  2.26299006e+00  1.83739759e+00 
 8.57280000e-10  2.25551705e+00  1.84074102e+00 
 8.58280000e-10  2.24945127e+00  1.84313335e+00 
 8.59280000e-10  2.24597727e+00  1.84426666e+00 
 8.60280000e-10  2.24548063e+00  1.84412202e+00 
 8.61280000e-10  2.24768120e+00  1.84290888e+00 
 8.62280000e-10  2.25194634e+00  1.84092441e+00 
 8.63280000e-10  2.25754462e+00  1.83844643e+00 
 8.64280000e-10  2.26374966e+00  1.83568403e+00 
 8.65280000e-10  2.26980688e+00  1.83278683e+00 
 8.66280000e-10  2.27491047e+00  1.83003850e+00 
 8.67280000e-10  2.27825331e+00  1.82814846e+00 
 8.68280000e-10  2.27897660e+00  1.82798836e+00 
 8.69280000e-10  2.27647883e+00  1.82985304e+00 
 8.70280000e-10  2.27100837e+00  1.83315335e+00 
 8.71280000e-10  2.26371885e+00  1.83689162e+00 
 8.72280000e-10  2.25625981e+00  1.84021109e+00 
 8.73280000e-10  2.25029064e+00  1.84254908e+00 
 8.74280000e-10  2.24694689e+00  1.84361832e+00 
 8.75280000e-10  2.24656670e+00  1.84341861e+00 
 8.76280000e-10  2.24884230e+00  1.84216920e+00 
 8.77280000e-10  2.25313255e+00  1.84016863e+00 
 8.78280000e-10  2.25870719e+00  1.83769169e+00 
 8.79280000e-10  2.26484361e+00  1.83494560e+00 
 8.80280000e-10  2.27077283e+00  1.83207055e+00 
 8.81280000e-10  2.27569235e+00  1.82937793e+00 
 8.82280000e-10  2.27879595e+00  1.82760986e+00 
 8.83280000e-10  2.27922750e+00  1.82761797e+00 
 8.84280000e-10  2.27643405e+00  1.82962579e+00 
 8.85280000e-10  2.27074252e+00  1.83298982e+00 
 8.86280000e-10  2.26336611e+00  1.83671125e+00 
 8.87280000e-10  2.25598247e+00  1.83995552e+00 
 8.88280000e-10  2.25023715e+00  1.84217897e+00 
 8.89280000e-10  2.24720326e+00  1.84311511e+00 
 8.90280000e-10  2.24714724e+00  1.84278823e+00 
 8.91280000e-10  2.24971200e+00  1.84143220e+00 
 8.92280000e-10  2.25423474e+00  1.83934809e+00 
 8.93280000e-10  2.25998070e+00  1.83680634e+00 
 8.94280000e-10  2.26622622e+00  1.83400773e+00 
 8.95280000e-10  2.27219759e+00  1.83109354e+00 
 8.96280000e-10  2.27709125e+00  1.82840287e+00 
 8.97280000e-10  2.28009577e+00  1.82671067e+00 
 8.98280000e-10  2.28035327e+00  1.82685430e+00 
 8.99280000e-10  2.27735528e+00  1.82899617e+00 
 9.00280000e-10  2.27150059e+00  1.83244055e+00 
 9.01280000e-10  2.26405190e+00  1.83617934e+00 
 9.02280000e-10  2.25669911e+00  1.83939365e+00 
 9.03280000e-10  2.25106179e+00  1.84155965e+00 
 9.04280000e-10  2.24816176e+00  1.84243184e+00 
 9.05280000e-10  2.24821992e+00  1.84205213e+00 
 9.06280000e-10  2.25085471e+00  1.84066267e+00 
 9.07280000e-10  2.25539697e+00  1.83856506e+00 
 9.08280000e-10  2.26111377e+00  1.83602631e+00 
 9.09280000e-10  2.26728128e+00  1.83324266e+00 
 9.10280000e-10  2.27312068e+00  1.83035838e+00 
 9.11280000e-10  2.27782776e+00  1.82774061e+00 
 9.12280000e-10  2.28058752e+00  1.82618910e+00 
 9.13280000e-10  2.28054944e+00  1.82651003e+00 
 9.14280000e-10  2.27726279e+00  1.82879153e+00 
 9.15280000e-10  2.27120526e+00  1.83229030e+00 
 9.16280000e-10  2.26369526e+00  1.83600365e+00 
 9.17280000e-10  2.25644623e+00  1.83913584e+00 
 9.18280000e-10  2.25105523e+00  1.84118206e+00 
 9.19280000e-10  2.24847610e+00  1.84191929e+00 
 9.20280000e-10  2.24885917e+00  1.84141347e+00 
 9.21280000e-10  2.25177779e+00  1.83991957e+00 
 9.22280000e-10  2.25654467e+00  1.83774034e+00 
 9.23280000e-10  2.26242399e+00  1.83513789e+00 
 9.24280000e-10  2.26869055e+00  1.83230222e+00 
 9.25280000e-10  2.27456098e+00  1.82938163e+00 
 9.26280000e-10  2.27923058e+00  1.82677486e+00 
 9.27280000e-10  2.28187772e+00  1.82531020e+00 
 9.28280000e-10  2.28165507e+00  1.82577067e+00 
 9.29280000e-10  2.27816396e+00  1.82818029e+00 
 9.30280000e-10  2.27195342e+00  1.83174916e+00 
 9.31280000e-10  2.26438615e+00  1.83547086e+00 
 9.32280000e-10  2.25718222e+00  1.83856690e+00 
 9.33280000e-10  2.25190701e+00  1.84055253e+00 
 9.34280000e-10  2.24946169e+00  1.84122587e+00 
 9.35280000e-10  2.24995374e+00  1.84066952e+00 
 9.36280000e-10  2.25293517e+00  1.83914527e+00 
 9.37280000e-10  2.25771421e+00  1.83695544e+00 
 9.38280000e-10  2.26355721e+00  1.83435827e+00 
 9.39280000e-10  2.26973789e+00  1.83153936e+00 
 9.40280000e-10  2.27546777e+00  1.82865296e+00 
 9.41280000e-10  2.27994200e+00  1.82612887e+00 
 9.42280000e-10  2.28233443e+00  1.82481441e+00 
 9.43280000e-10  2.28181107e+00  1.82545195e+00 
 9.44280000e-10  2.27803779e+00  1.82799018e+00 
 9.45280000e-10  2.27164179e+00  1.83160037e+00 
 9.46280000e-10  2.26403690e+00  1.83528653e+00 
 9.47280000e-10  2.25696120e+00  1.83829312e+00 
 9.48280000e-10  2.25194860e+00  1.84015435e+00 
 9.49280000e-10  2.24982840e+00  1.84069211e+00 
 9.50280000e-10  2.25064028e+00  1.84001210e+00 
 9.51280000e-10  2.25389574e+00  1.83838681e+00 
 9.52280000e-10  2.25888837e+00  1.83611850e+00 
 9.53280000e-10  2.26488282e+00  1.83345996e+00 
 9.54280000e-10  2.27114825e+00  1.83058803e+00 
 9.55280000e-10  2.27689993e+00  1.82767389e+00 
 9.56280000e-10  2.28132906e+00  1.82517913e+00 
 9.57280000e-10  2.28359915e+00  1.82397115e+00 
 9.58280000e-10  2.28288522e+00  1.82475911e+00 
 9.59280000e-10  2.27891252e+00  1.82742540e+00 
 9.60280000e-10  2.27237861e+00  1.83110063e+00 
 9.61280000e-10  2.26473699e+00  1.83479006e+00 
 9.62280000e-10  2.25772718e+00  1.83775660e+00 
 9.63280000e-10  2.25284560e+00  1.83955502e+00 
 9.64280000e-10  2.25086716e+00  1.84002891e+00 
 9.65280000e-10  2.25179039e+00  1.83929986e+00 
 9.66280000e-10  2.25510791e+00  1.83764608e+00 
 9.67280000e-10  2.26011038e+00  1.83536857e+00 
 9.68280000e-10  2.26606488e+00  1.83271596e+00 
 9.69280000e-10  2.27223880e+00  1.82986106e+00 
 9.70280000e-10  2.27784263e+00  1.82698449e+00 
 9.71280000e-10  2.28206790e+00  1.82458123e+00 
 9.72280000e-10  2.28407348e+00  1.82353085e+00 
 9.73280000e-10  2.28305483e+00  1.82449294e+00 
 9.74280000e-10  2.27880781e+00  1.82727544e+00 
 9.75280000e-10  2.27210592e+00  1.83097839e+00 
 9.76280000e-10  2.26444923e+00  1.83462173e+00 
 9.77280000e-10  2.25758910e+00  1.83749098e+00 
 9.78280000e-10  2.25298166e+00  1.83916025e+00 
 9.79280000e-10  2.25132770e+00  1.83949806e+00 
 9.80280000e-10  2.25256160e+00  1.83864765e+00 
 9.81280000e-10  2.25614035e+00  1.83689586e+00 
 9.82280000e-10  2.26134303e+00  1.83454231e+00 
 9.83280000e-10  2.26743591e+00  1.83182975e+00 
 9.84280000e-10  2.27368381e+00  1.82892585e+00 
 9.85280000e-10  2.27929317e+00  1.82602263e+00 
 9.86280000e-10  2.28345514e+00  1.82365199e+00 
 9.87280000e-10  2.28532026e+00  1.82270997e+00 
 9.88280000e-10  2.28410020e+00  1.82381608e+00 
 9.89280000e-10  2.27965498e+00  1.82671255e+00 
 9.90280000e-10  2.27282488e+00  1.83046572e+00 
 9.91280000e-10  2.26514331e+00  1.83410120e+00 
 9.92280000e-10  2.25835662e+00  1.83692365e+00 
 9.93280000e-10  2.25387874e+00  1.83852787e+00 
 9.94280000e-10  2.25235738e+00  1.83880342e+00 
 9.95280000e-10  2.25368986e+00  1.83790748e+00 
 9.96280000e-10  2.25731781e+00  1.83613098e+00 
 9.97280000e-10  2.26251902e+00  1.83377167e+00 
 9.98280000e-10  2.26856199e+00  1.83106784e+00 
 9.99140000e-10  2.27389234e+00  1.82858356e+00 
 1.00000000e-09  2.27879917e+00  1.82605690e+00 
