 frequency       v(vout)         v(vout)         v(vinn)         v(vinn)        
 1.00000000e+03 -9.88936551e-01  4.92070733e-06  1.10634489e-02  4.92070733e-06 
 1.02329299e+03 -9.88936551e-01  5.03532533e-06  1.10634489e-02  5.03532533e-06 
 1.04712855e+03 -9.88936551e-01  5.15261312e-06  1.10634489e-02  5.15261312e-06 
 1.07151931e+03 -9.88936551e-01  5.27263290e-06  1.10634489e-02  5.27263290e-06 
 1.09647820e+03 -9.88936551e-01  5.39544830e-06  1.10634489e-02  5.39544830e-06 
 1.12201845e+03 -9.88936551e-01  5.52112443e-06  1.10634489e-02  5.52112443e-06 
 1.14815362e+03 -9.88936551e-01  5.64972794e-06  1.10634489e-02  5.64972794e-06 
 1.17489755e+03 -9.88936551e-01  5.78132701e-06  1.10634489e-02  5.78132701e-06 
 1.20226443e+03 -9.88936551e-01  5.91599142e-06  1.10634489e-02  5.91599142e-06 
 1.23026877e+03 -9.88936551e-01  6.05379256e-06  1.10634489e-02  6.05379256e-06 
 1.25892541e+03 -9.88936551e-01  6.19480350e-06  1.10634489e-02  6.19480350e-06 
 1.28824955e+03 -9.88936551e-01  6.33909901e-06  1.10634489e-02  6.33909901e-06 
 1.31825674e+03 -9.88936551e-01  6.48675560e-06  1.10634489e-02  6.48675560e-06 
 1.34896288e+03 -9.88936551e-01  6.63785155e-06  1.10634489e-02  6.63785155e-06 
 1.38038426e+03 -9.88936551e-01  6.79246697e-06  1.10634489e-02  6.79246697e-06 
 1.41253754e+03 -9.88936551e-01  6.95068385e-06  1.10634489e-02  6.95068385e-06 
 1.44543977e+03 -9.88936551e-01  7.11258608e-06  1.10634489e-02  7.11258608e-06 
 1.47910839e+03 -9.88936551e-01  7.27825949e-06  1.10634489e-02  7.27825949e-06 
 1.51356125e+03 -9.88936551e-01  7.44779193e-06  1.10634489e-02  7.44779193e-06 
 1.54881662e+03 -9.88936551e-01  7.62127329e-06  1.10634489e-02  7.62127329e-06 
 1.58489319e+03 -9.88936551e-01  7.79879555e-06  1.10634489e-02  7.79879555e-06 
 1.62181010e+03 -9.88936551e-01  7.98045284e-06  1.10634489e-02  7.98045284e-06 
 1.65958691e+03 -9.88936551e-01  8.16634146e-06  1.10634489e-02  8.16634146e-06 
 1.69824365e+03 -9.88936551e-01  8.35655999e-06  1.10634489e-02  8.35655999e-06 
 1.73780083e+03 -9.88936551e-01  8.55120928e-06  1.10634489e-02  8.55120928e-06 
 1.77827941e+03 -9.88936551e-01  8.75039253e-06  1.10634489e-02  8.75039253e-06 
 1.81970086e+03 -9.88936551e-01  8.95421536e-06  1.10634489e-02  8.95421536e-06 
 1.86208714e+03 -9.88936551e-01  9.16278582e-06  1.10634489e-02  9.16278582e-06 
 1.90546072e+03 -9.88936551e-01  9.37621452e-06  1.10634489e-02  9.37621452e-06 
 1.94984460e+03 -9.88936551e-01  9.59461462e-06  1.10634489e-02  9.59461462e-06 
 1.99526231e+03 -9.88936551e-01  9.81810190e-06  1.10634489e-02  9.81810190e-06 
 2.04173794e+03 -9.88936551e-01  1.00467949e-05  1.10634489e-02  1.00467949e-05 
 2.08929613e+03 -9.88936551e-01  1.02808148e-05  1.10634489e-02  1.02808148e-05 
 2.13796209e+03 -9.88936551e-01  1.05202857e-05  1.10634489e-02  1.05202857e-05 
 2.18776162e+03 -9.88936551e-01  1.07653347e-05  1.10634489e-02  1.07653347e-05 
 2.23872114e+03 -9.88936551e-01  1.10160915e-05  1.10634489e-02  1.10160915e-05 
 2.29086765e+03 -9.88936551e-01  1.12726893e-05  1.10634489e-02  1.12726893e-05 
 2.34422882e+03 -9.88936551e-01  1.15352639e-05  1.10634489e-02  1.15352639e-05 
 2.39883292e+03 -9.88936551e-01  1.18039547e-05  1.10634489e-02  1.18039547e-05 
 2.45470892e+03 -9.88936551e-01  1.20789042e-05  1.10634489e-02  1.20789042e-05 
 2.51188643e+03 -9.88936551e-01  1.23602580e-05  1.10634489e-02  1.23602580e-05 
 2.57039578e+03 -9.88936551e-01  1.26481654e-05  1.10634489e-02  1.26481654e-05 
 2.63026799e+03 -9.88936551e-01  1.29427790e-05  1.10634489e-02  1.29427790e-05 
 2.69153480e+03 -9.88936551e-01  1.32442550e-05  1.10634489e-02  1.32442550e-05 
 2.75422870e+03 -9.88936551e-01  1.35527534e-05  1.10634489e-02  1.35527534e-05 
 2.81838293e+03 -9.88936551e-01  1.38684376e-05  1.10634489e-02  1.38684376e-05 
 2.88403150e+03 -9.88936551e-01  1.41914750e-05  1.10634489e-02  1.41914750e-05 
 2.95120923e+03 -9.88936551e-01  1.45220369e-05  1.10634489e-02  1.45220369e-05 
 3.01995172e+03 -9.88936551e-01  1.48602986e-05  1.10634489e-02  1.48602986e-05 
 3.09029543e+03 -9.88936551e-01  1.52064394e-05  1.10634490e-02  1.52064394e-05 
 3.16227766e+03 -9.88936551e-01  1.55606429e-05  1.10634490e-02  1.55606429e-05 
 3.23593657e+03 -9.88936551e-01  1.59230968e-05  1.10634490e-02  1.59230968e-05 
 3.31131121e+03 -9.88936551e-01  1.62939934e-05  1.10634490e-02  1.62939934e-05 
 3.38844156e+03 -9.88936551e-01  1.66735292e-05  1.10634490e-02  1.66735292e-05 
 3.46736850e+03 -9.88936551e-01  1.70619056e-05  1.10634490e-02  1.70619056e-05 
 3.54813389e+03 -9.88936551e-01  1.74593285e-05  1.10634490e-02  1.74593285e-05 
 3.63078055e+03 -9.88936551e-01  1.78660085e-05  1.10634490e-02  1.78660085e-05 
 3.71535229e+03 -9.88936551e-01  1.82821613e-05  1.10634490e-02  1.82821613e-05 
 3.80189396e+03 -9.88936551e-01  1.87080075e-05  1.10634490e-02  1.87080075e-05 
 3.89045145e+03 -9.88936551e-01  1.91437730e-05  1.10634490e-02  1.91437730e-05 
 3.98107171e+03 -9.88936551e-01  1.95896887e-05  1.10634490e-02  1.95896887e-05 
 4.07380278e+03 -9.88936551e-01  2.00459912e-05  1.10634490e-02  2.00459912e-05 
 4.16869383e+03 -9.88936551e-01  2.05129223e-05  1.10634490e-02  2.05129223e-05 
 4.26579519e+03 -9.88936551e-01  2.09907297e-05  1.10634491e-02  2.09907297e-05 
 4.36515832e+03 -9.88936551e-01  2.14796666e-05  1.10634491e-02  2.14796666e-05 
 4.46683592e+03 -9.88936551e-01  2.19799923e-05  1.10634491e-02  2.19799923e-05 
 4.57088190e+03 -9.88936551e-01  2.24919721e-05  1.10634491e-02  2.24919721e-05 
 4.67735141e+03 -9.88936551e-01  2.30158774e-05  1.10634491e-02  2.30158774e-05 
 4.78630092e+03 -9.88936551e-01  2.35519860e-05  1.10634491e-02  2.35519860e-05 
 4.89778819e+03 -9.88936551e-01  2.41005823e-05  1.10634491e-02  2.41005823e-05 
 5.01187234e+03 -9.88936551e-01  2.46619569e-05  1.10634491e-02  2.46619569e-05 
 5.12861384e+03 -9.88936551e-01  2.52364077e-05  1.10634491e-02  2.52364077e-05 
 5.24807460e+03 -9.88936551e-01  2.58242392e-05  1.10634492e-02  2.58242392e-05 
 5.37031796e+03 -9.88936551e-01  2.64257630e-05  1.10634492e-02  2.64257630e-05 
 5.49540874e+03 -9.88936551e-01  2.70412981e-05  1.10634492e-02  2.70412981e-05 
 5.62341325e+03 -9.88936551e-01  2.76711708e-05  1.10634492e-02  2.76711708e-05 
 5.75439937e+03 -9.88936551e-01  2.83157152e-05  1.10634492e-02  2.83157152e-05 
 5.88843655e+03 -9.88936551e-01  2.89752729e-05  1.10634492e-02  2.89752729e-05 
 6.02559586e+03 -9.88936551e-01  2.96501937e-05  1.10634492e-02  2.96501937e-05 
 6.16595002e+03 -9.88936551e-01  3.03408355e-05  1.10634493e-02  3.03408355e-05 
 6.30957344e+03 -9.88936551e-01  3.10475643e-05  1.10634493e-02  3.10475643e-05 
 6.45654229e+03 -9.88936551e-01  3.17707550e-05  1.10634493e-02  3.17707550e-05 
 6.60693448e+03 -9.88936551e-01  3.25107909e-05  1.10634493e-02  3.25107909e-05 
 6.76082975e+03 -9.88936551e-01  3.32680645e-05  1.10634494e-02  3.32680645e-05 
 6.91830971e+03 -9.88936551e-01  3.40429773e-05  1.10634494e-02  3.40429773e-05 
 7.07945784e+03 -9.88936551e-01  3.48359401e-05  1.10634494e-02  3.48359401e-05 
 7.24435960e+03 -9.88936551e-01  3.56473734e-05  1.10634494e-02  3.56473734e-05 
 7.41310241e+03 -9.88936551e-01  3.64777074e-05  1.10634495e-02  3.64777074e-05 
 7.58577575e+03 -9.88936551e-01  3.73273824e-05  1.10634495e-02  3.73273824e-05 
 7.76247117e+03 -9.88936550e-01  3.81968488e-05  1.10634495e-02  3.81968488e-05 
 7.94328235e+03 -9.88936550e-01  3.90865677e-05  1.10634495e-02  3.90865677e-05 
 8.12830516e+03 -9.88936550e-01  3.99970108e-05  1.10634496e-02  3.99970108e-05 
 8.31763771e+03 -9.88936550e-01  4.09286609e-05  1.10634496e-02  4.09286609e-05 
 8.51138038e+03 -9.88936550e-01  4.18820119e-05  1.10634496e-02  4.18820119e-05 
 8.70963590e+03 -9.88936550e-01  4.28575692e-05  1.10634497e-02  4.28575692e-05 
 8.91250938e+03 -9.88936550e-01  4.38558503e-05  1.10634497e-02  4.38558503e-05 
 9.12010839e+03 -9.88936550e-01  4.48773842e-05  1.10634498e-02  4.48773842e-05 
 9.33254301e+03 -9.88936550e-01  4.59227128e-05  1.10634498e-02  4.59227128e-05 
 9.54992586e+03 -9.88936550e-01  4.69923902e-05  1.10634499e-02  4.69923902e-05 
 9.77237221e+03 -9.88936550e-01  4.80869836e-05  1.10634499e-02  4.80869836e-05 
 1.00000000e+04 -9.88936550e-01  4.92070733e-05  1.10634500e-02  4.92070733e-05 
 1.02329299e+04 -9.88936550e-01  5.03532533e-05  1.10634500e-02  5.03532533e-05 
 1.04712855e+04 -9.88936550e-01  5.15261312e-05  1.10634501e-02  5.15261312e-05 
 1.07151931e+04 -9.88936550e-01  5.27263290e-05  1.10634501e-02  5.27263290e-05 
 1.09647820e+04 -9.88936550e-01  5.39544830e-05  1.10634502e-02  5.39544830e-05 
 1.12201845e+04 -9.88936550e-01  5.52112444e-05  1.10634502e-02  5.52112444e-05 
 1.14815362e+04 -9.88936550e-01  5.64972794e-05  1.10634503e-02  5.64972794e-05 
 1.17489755e+04 -9.88936550e-01  5.78132701e-05  1.10634504e-02  5.78132701e-05 
 1.20226443e+04 -9.88936550e-01  5.91599142e-05  1.10634504e-02  5.91599142e-05 
 1.23026877e+04 -9.88936549e-01  6.05379256e-05  1.10634505e-02  6.05379256e-05 
 1.25892541e+04 -9.88936549e-01  6.19480351e-05  1.10634506e-02  6.19480351e-05 
 1.28824955e+04 -9.88936549e-01  6.33909902e-05  1.10634507e-02  6.33909902e-05 
 1.31825674e+04 -9.88936549e-01  6.48675560e-05  1.10634508e-02  6.48675560e-05 
 1.34896288e+04 -9.88936549e-01  6.63785155e-05  1.10634509e-02  6.63785155e-05 
 1.38038426e+04 -9.88936549e-01  6.79246697e-05  1.10634510e-02  6.79246697e-05 
 1.41253754e+04 -9.88936549e-01  6.95068386e-05  1.10634511e-02  6.95068386e-05 
 1.44543977e+04 -9.88936549e-01  7.11258608e-05  1.10634512e-02  7.11258608e-05 
 1.47910839e+04 -9.88936549e-01  7.27825949e-05  1.10634513e-02  7.27825949e-05 
 1.51356125e+04 -9.88936549e-01  7.44779194e-05  1.10634514e-02  7.44779194e-05 
 1.54881662e+04 -9.88936549e-01  7.62127330e-05  1.10634515e-02  7.62127330e-05 
 1.58489319e+04 -9.88936548e-01  7.79879556e-05  1.10634516e-02  7.79879556e-05 
 1.62181010e+04 -9.88936548e-01  7.98045284e-05  1.10634518e-02  7.98045284e-05 
 1.65958691e+04 -9.88936548e-01  8.16634147e-05  1.10634519e-02  8.16634147e-05 
 1.69824365e+04 -9.88936548e-01  8.35656000e-05  1.10634520e-02  8.35656000e-05 
 1.73780083e+04 -9.88936548e-01  8.55120929e-05  1.10634522e-02  8.55120929e-05 
 1.77827941e+04 -9.88936548e-01  8.75039254e-05  1.10634523e-02  8.75039254e-05 
 1.81970086e+04 -9.88936547e-01  8.95421536e-05  1.10634525e-02  8.95421536e-05 
 1.86208714e+04 -9.88936547e-01  9.16278583e-05  1.10634527e-02  9.16278583e-05 
 1.90546072e+04 -9.88936547e-01  9.37621453e-05  1.10634529e-02  9.37621453e-05 
 1.94984460e+04 -9.88936547e-01  9.59461463e-05  1.10634530e-02  9.59461463e-05 
 1.99526231e+04 -9.88936547e-01  9.81810191e-05  1.10634532e-02  9.81810191e-05 
 2.04173794e+04 -9.88936547e-01  1.00467949e-04  1.10634534e-02  1.00467949e-04 
 2.08929613e+04 -9.88936546e-01  1.02808148e-04  1.10634537e-02  1.02808148e-04 
 2.13796209e+04 -9.88936546e-01  1.05202857e-04  1.10634539e-02  1.05202857e-04 
 2.18776162e+04 -9.88936546e-01  1.07653347e-04  1.10634541e-02  1.07653347e-04 
 2.23872114e+04 -9.88936546e-01  1.10160915e-04  1.10634544e-02  1.10160915e-04 
 2.29086765e+04 -9.88936545e-01  1.12726893e-04  1.10634546e-02  1.12726893e-04 
 2.34422882e+04 -9.88936545e-01  1.15352639e-04  1.10634549e-02  1.15352639e-04 
 2.39883292e+04 -9.88936545e-01  1.18039548e-04  1.10634552e-02  1.18039548e-04 
 2.45470892e+04 -9.88936545e-01  1.20789042e-04  1.10634555e-02  1.20789042e-04 
 2.51188643e+04 -9.88936544e-01  1.23602580e-04  1.10634558e-02  1.23602580e-04 
 2.57039578e+04 -9.88936544e-01  1.26481654e-04  1.10634561e-02  1.26481654e-04 
 2.63026799e+04 -9.88936544e-01  1.29427790e-04  1.10634565e-02  1.29427790e-04 
 2.69153480e+04 -9.88936543e-01  1.32442551e-04  1.10634568e-02  1.32442551e-04 
 2.75422870e+04 -9.88936543e-01  1.35527534e-04  1.10634572e-02  1.35527534e-04 
 2.81838293e+04 -9.88936542e-01  1.38684376e-04  1.10634576e-02  1.38684376e-04 
 2.88403150e+04 -9.88936542e-01  1.41914750e-04  1.10634580e-02  1.41914750e-04 
 2.95120923e+04 -9.88936542e-01  1.45220369e-04  1.10634585e-02  1.45220369e-04 
 3.01995172e+04 -9.88936541e-01  1.48602986e-04  1.10634589e-02  1.48602986e-04 
 3.09029543e+04 -9.88936541e-01  1.52064394e-04  1.10634594e-02  1.52064394e-04 
 3.16227766e+04 -9.88936540e-01  1.55606429e-04  1.10634599e-02  1.55606429e-04 
 3.23593657e+04 -9.88936540e-01  1.59230968e-04  1.10634604e-02  1.59230968e-04 
 3.31131121e+04 -9.88936539e-01  1.62939934e-04  1.10634609e-02  1.62939934e-04 
 3.38844156e+04 -9.88936538e-01  1.66735293e-04  1.10634615e-02  1.66735293e-04 
 3.46736850e+04 -9.88936538e-01  1.70619057e-04  1.10634621e-02  1.70619057e-04 
 3.54813389e+04 -9.88936537e-01  1.74593285e-04  1.10634627e-02  1.74593285e-04 
 3.63078055e+04 -9.88936537e-01  1.78660085e-04  1.10634634e-02  1.78660085e-04 
 3.71535229e+04 -9.88936536e-01  1.82821613e-04  1.10634641e-02  1.82821613e-04 
 3.80189396e+04 -9.88936535e-01  1.87080076e-04  1.10634648e-02  1.87080076e-04 
 3.89045145e+04 -9.88936534e-01  1.91437731e-04  1.10634655e-02  1.91437731e-04 
 3.98107171e+04 -9.88936534e-01  1.95896888e-04  1.10634663e-02  1.95896888e-04 
 4.07380278e+04 -9.88936533e-01  2.00459913e-04  1.10634672e-02  2.00459913e-04 
 4.16869383e+04 -9.88936532e-01  2.05129224e-04  1.10634680e-02  2.05129224e-04 
 4.26579519e+04 -9.88936531e-01  2.09907298e-04  1.10634689e-02  2.09907298e-04 
 4.36515832e+04 -9.88936530e-01  2.14796667e-04  1.10634699e-02  2.14796667e-04 
 4.46683592e+04 -9.88936529e-01  2.19799924e-04  1.10634709e-02  2.19799924e-04 
 4.57088190e+04 -9.88936528e-01  2.24919722e-04  1.10634719e-02  2.24919722e-04 
 4.67735141e+04 -9.88936527e-01  2.30158775e-04  1.10634730e-02  2.30158775e-04 
 4.78630092e+04 -9.88936526e-01  2.35519862e-04  1.10634741e-02  2.35519862e-04 
 4.89778819e+04 -9.88936525e-01  2.41005824e-04  1.10634753e-02  2.41005824e-04 
 5.01187234e+04 -9.88936523e-01  2.46619571e-04  1.10634766e-02  2.46619571e-04 
 5.12861384e+04 -9.88936522e-01  2.52364079e-04  1.10634779e-02  2.52364079e-04 
 5.24807460e+04 -9.88936521e-01  2.58242394e-04  1.10634792e-02  2.58242394e-04 
 5.37031796e+04 -9.88936519e-01  2.64257632e-04  1.10634807e-02  2.64257632e-04 
 5.49540874e+04 -9.88936518e-01  2.70412983e-04  1.10634822e-02  2.70412983e-04 
 5.62341325e+04 -9.88936516e-01  2.76711711e-04  1.10634837e-02  2.76711711e-04 
 5.75439937e+04 -9.88936515e-01  2.83157155e-04  1.10634854e-02  2.83157155e-04 
 5.88843655e+04 -9.88936513e-01  2.89752732e-04  1.10634871e-02  2.89752732e-04 
 6.02559586e+04 -9.88936511e-01  2.96501940e-04  1.10634889e-02  2.96501940e-04 
 6.16595002e+04 -9.88936509e-01  3.03408358e-04  1.10634908e-02  3.03408358e-04 
 6.30957344e+04 -9.88936507e-01  3.10475647e-04  1.10634928e-02  3.10475647e-04 
 6.45654229e+04 -9.88936505e-01  3.17707554e-04  1.10634948e-02  3.17707554e-04 
 6.60693448e+04 -9.88936503e-01  3.25107914e-04  1.10634970e-02  3.25107914e-04 
 6.76082975e+04 -9.88936501e-01  3.32680650e-04  1.10634993e-02  3.32680650e-04 
 6.91830971e+04 -9.88936498e-01  3.40429778e-04  1.10635016e-02  3.40429778e-04 
 7.07945784e+04 -9.88936496e-01  3.48359406e-04  1.10635041e-02  3.48359406e-04 
 7.24435960e+04 -9.88936493e-01  3.56473740e-04  1.10635067e-02  3.56473740e-04 
 7.41310241e+04 -9.88936491e-01  3.64777080e-04  1.10635095e-02  3.64777080e-04 
 7.58577575e+04 -9.88936488e-01  3.73273830e-04  1.10635123e-02  3.73273830e-04 
 7.76247117e+04 -9.88936485e-01  3.81968495e-04  1.10635153e-02  3.81968495e-04 
 7.94328235e+04 -9.88936482e-01  3.90865684e-04  1.10635184e-02  3.90865684e-04 
 8.12830516e+04 -9.88936478e-01  3.99970116e-04  1.10635217e-02  3.99970116e-04 
 8.31763771e+04 -9.88936475e-01  4.09286617e-04  1.10635252e-02  4.09286617e-04 
 8.51138038e+04 -9.88936471e-01  4.18820128e-04  1.10635288e-02  4.18820128e-04 
 8.70963590e+04 -9.88936467e-01  4.28575702e-04  1.10635325e-02  4.28575702e-04 
 8.91250938e+04 -9.88936464e-01  4.38558513e-04  1.10635365e-02  4.38558513e-04 
 9.12010839e+04 -9.88936459e-01  4.48773853e-04  1.10635406e-02  4.48773853e-04 
 9.33254301e+04 -9.88936455e-01  4.59227140e-04  1.10635449e-02  4.59227140e-04 
 9.54992586e+04 -9.88936451e-01  4.69923915e-04  1.10635494e-02  4.69923915e-04 
 9.77237221e+04 -9.88936446e-01  4.80869849e-04  1.10635542e-02  4.80869849e-04 
 1.00000000e+05 -9.88936441e-01  4.92070748e-04  1.10635591e-02  4.92070748e-04 
 1.02329299e+05 -9.88936436e-01  5.03532549e-04  1.10635643e-02  5.03532549e-04 
 1.04712855e+05 -9.88936430e-01  5.15261329e-04  1.10635698e-02  5.15261329e-04 
 1.07151931e+05 -9.88936425e-01  5.27263308e-04  1.10635755e-02  5.27263308e-04 
 1.09647820e+05 -9.88936419e-01  5.39544849e-04  1.10635815e-02  5.39544849e-04 
 1.12201845e+05 -9.88936412e-01  5.52112464e-04  1.10635877e-02  5.52112464e-04 
 1.14815362e+05 -9.88936406e-01  5.64972817e-04  1.10635943e-02  5.64972817e-04 
 1.17489755e+05 -9.88936399e-01  5.78132725e-04  1.10636011e-02  5.78132725e-04 
 1.20226443e+05 -9.88936392e-01  5.91599167e-04  1.10636083e-02  5.91599167e-04 
 1.23026877e+05 -9.88936384e-01  6.05379283e-04  1.10636158e-02  6.05379283e-04 
 1.25892541e+05 -9.88936376e-01  6.19480380e-04  1.10636237e-02  6.19480380e-04 
 1.28824955e+05 -9.88936368e-01  6.33909933e-04  1.10636319e-02  6.33909933e-04 
 1.31825674e+05 -9.88936359e-01  6.48675594e-04  1.10636405e-02  6.48675594e-04 
 1.34896288e+05 -9.88936350e-01  6.63785191e-04  1.10636496e-02  6.63785191e-04 
 1.38038426e+05 -9.88936341e-01  6.79246736e-04  1.10636590e-02  6.79246736e-04 
 1.41253754e+05 -9.88936331e-01  6.95068427e-04  1.10636689e-02  6.95068427e-04 
 1.44543977e+05 -9.88936321e-01  7.11258652e-04  1.10636793e-02  7.11258652e-04 
 1.47910839e+05 -9.88936310e-01  7.27825997e-04  1.10636902e-02  7.27825997e-04 
 1.51356125e+05 -9.88936298e-01  7.44779244e-04  1.10637015e-02  7.44779244e-04 
 1.54881662e+05 -9.88936287e-01  7.62127384e-04  1.10637134e-02  7.62127384e-04 
 1.58489319e+05 -9.88936274e-01  7.79879614e-04  1.10637259e-02  7.79879614e-04 
 1.62181010e+05 -9.88936261e-01  7.98045346e-04  1.10637390e-02  7.98045346e-04 
 1.65958691e+05 -9.88936247e-01  8.16634214e-04  1.10637526e-02  8.16634214e-04 
 1.69824365e+05 -9.88936233e-01  8.35656071e-04  1.10637670e-02  8.35656071e-04 
 1.73780083e+05 -9.88936218e-01  8.55121005e-04  1.10637819e-02  8.55121005e-04 
 1.77827941e+05 -9.88936202e-01  8.75039336e-04  1.10637976e-02  8.75039336e-04 
 1.81970086e+05 -9.88936186e-01  8.95421624e-04  1.10638141e-02  8.95421624e-04 
 1.86208714e+05 -9.88936169e-01  9.16278678e-04  1.10638313e-02  9.16278678e-04 
 1.90546072e+05 -9.88936151e-01  9.37621554e-04  1.10638493e-02  9.37621554e-04 
 1.94984460e+05 -9.88936132e-01  9.59461571e-04  1.10638682e-02  9.59461571e-04 
 1.99526231e+05 -9.88936112e-01  9.81810307e-04  1.10638880e-02  9.81810307e-04 
 2.04173794e+05 -9.88936091e-01  1.00467961e-03  1.10639086e-02  1.00467961e-03 
 2.08929613e+05 -9.88936070e-01  1.02808161e-03  1.10639303e-02  1.02808161e-03 
 2.13796209e+05 -9.88936047e-01  1.05202872e-03  1.10639530e-02  1.05202872e-03 
 2.18776162e+05 -9.88936023e-01  1.07653362e-03  1.10639768e-02  1.07653362e-03 
 2.23872114e+05 -9.88935998e-01  1.10160932e-03  1.10640016e-02  1.10160932e-03 
 2.29086765e+05 -9.88935972e-01  1.12726910e-03  1.10640277e-02  1.12726910e-03 
 2.34422882e+05 -9.88935945e-01  1.15352658e-03  1.10640550e-02  1.15352658e-03 
 2.39883292e+05 -9.88935916e-01  1.18039568e-03  1.10640835e-02  1.18039568e-03 
 2.45470892e+05 -9.88935887e-01  1.20789063e-03  1.10641135e-02  1.20789063e-03 
 2.51188643e+05 -9.88935855e-01  1.23602603e-03  1.10641448e-02  1.23602603e-03 
 2.57039578e+05 -9.88935822e-01  1.26481679e-03  1.10641776e-02  1.26481679e-03 
 2.63026799e+05 -9.88935788e-01  1.29427817e-03  1.10642119e-02  1.29427817e-03 
 2.69153480e+05 -9.88935752e-01  1.32442579e-03  1.10642479e-02  1.32442579e-03 
 2.75422870e+05 -9.88935714e-01  1.35527564e-03  1.10642855e-02  1.35527564e-03 
 2.81838293e+05 -9.88935675e-01  1.38684408e-03  1.10643250e-02  1.38684408e-03 
 2.88403150e+05 -9.88935634e-01  1.41914785e-03  1.10643663e-02  1.41914785e-03 
 2.95120923e+05 -9.88935590e-01  1.45220407e-03  1.10644095e-02  1.45220407e-03 
 3.01995172e+05 -9.88935545e-01  1.48603026e-03  1.10644548e-02  1.48603026e-03 
 3.09029543e+05 -9.88935498e-01  1.52064437e-03  1.10645022e-02  1.52064437e-03 
 3.16227766e+05 -9.88935448e-01  1.55606475e-03  1.10645518e-02  1.55606475e-03 
 3.23593657e+05 -9.88935396e-01  1.59231018e-03  1.10646038e-02  1.59231018e-03 
 3.31131121e+05 -9.88935342e-01  1.62939987e-03  1.10646582e-02  1.62939987e-03 
 3.38844156e+05 -9.88935285e-01  1.66735350e-03  1.10647152e-02  1.66735350e-03 
 3.46736850e+05 -9.88935225e-01  1.70619118e-03  1.10647749e-02  1.70619118e-03 
 3.54813389e+05 -9.88935163e-01  1.74593350e-03  1.10648374e-02  1.74593350e-03 
 3.63078055e+05 -9.88935097e-01  1.78660155e-03  1.10649029e-02  1.78660155e-03 
 3.71535229e+05 -9.88935029e-01  1.82821688e-03  1.10649714e-02  1.82821688e-03 
 3.80189396e+05 -9.88934957e-01  1.87080156e-03  1.10650431e-02  1.87080156e-03 
 3.89045145e+05 -9.88934882e-01  1.91437816e-03  1.10651183e-02  1.91437816e-03 
 3.98107171e+05 -9.88934803e-01  1.95896980e-03  1.10651970e-02  1.95896980e-03 
 4.07380278e+05 -9.88934721e-01  2.00460012e-03  1.10652793e-02  2.00460012e-03 
 4.16869383e+05 -9.88934634e-01  2.05129330e-03  1.10653656e-02  2.05129330e-03 
 4.26579519e+05 -9.88934544e-01  2.09907411e-03  1.10654559e-02  2.09907411e-03 
 4.36515832e+05 -9.88934449e-01  2.14796788e-03  1.10655505e-02  2.14796788e-03 
 4.46683592e+05 -9.88934350e-01  2.19800054e-03  1.10656496e-02  2.19800054e-03 
 4.57088190e+05 -9.88934247e-01  2.24919861e-03  1.10657533e-02  2.24919861e-03 
 4.67735141e+05 -9.88934138e-01  2.30158925e-03  1.10658619e-02  2.30158925e-03 
 4.78630092e+05 -9.88934024e-01  2.35520022e-03  1.10659756e-02  2.35520022e-03 
 4.89778819e+05 -9.88933905e-01  2.41005996e-03  1.10660947e-02  2.41005996e-03 
 5.01187234e+05 -9.88933781e-01  2.46619755e-03  1.10662194e-02  2.46619755e-03 
 5.12861384e+05 -9.88933650e-01  2.52364276e-03  1.10663500e-02  2.52364276e-03 
 5.24807460e+05 -9.88933513e-01  2.58242605e-03  1.10664867e-02  2.58242605e-03 
 5.37031796e+05 -9.88933370e-01  2.64257858e-03  1.10666299e-02  2.64257858e-03 
 5.49540874e+05 -9.88933220e-01  2.70413225e-03  1.10667798e-02  2.70413225e-03 
 5.62341325e+05 -9.88933063e-01  2.76711970e-03  1.10669368e-02  2.76711970e-03 
 5.75439937e+05 -9.88932899e-01  2.83157433e-03  1.10671012e-02  2.83157433e-03 
 5.88843655e+05 -9.88932727e-01  2.89753030e-03  1.10672733e-02  2.89753030e-03 
 6.02559586e+05 -9.88932546e-01  2.96502260e-03  1.10674535e-02  2.96502260e-03 
 6.16595002e+05 -9.88932358e-01  3.03408700e-03  1.10676423e-02  3.03408700e-03 
 6.30957344e+05 -9.88932160e-01  3.10476013e-03  1.10678399e-02  3.10476013e-03 
 6.45654229e+05 -9.88931953e-01  3.17707946e-03  1.10680469e-02  3.17707946e-03 
 6.60693448e+05 -9.88931736e-01  3.25108334e-03  1.10682636e-02  3.25108334e-03 
 6.76082975e+05 -9.88931510e-01  3.32681101e-03  1.10684905e-02  3.32681101e-03 
 6.91830971e+05 -9.88931272e-01  3.40430261e-03  1.10687281e-02  3.40430261e-03 
 7.07945784e+05 -9.88931023e-01  3.48359924e-03  1.10689769e-02  3.48359924e-03 
 7.24435960e+05 -9.88930763e-01  3.56474294e-03  1.10692374e-02  3.56474294e-03 
 7.41310241e+05 -9.88930490e-01  3.64777674e-03  1.10695102e-02  3.64777674e-03 
 7.58577575e+05 -9.88930204e-01  3.73274466e-03  1.10697959e-02  3.73274466e-03 
 7.76247117e+05 -9.88929905e-01  3.81969177e-03  1.10700950e-02  3.81969177e-03 
 7.94328235e+05 -9.88929592e-01  3.90866415e-03  1.10704083e-02  3.90866415e-03 
 8.12830516e+05 -9.88929264e-01  3.99970899e-03  1.10707362e-02  3.99970899e-03 
 8.31763771e+05 -9.88928920e-01  4.09287456e-03  1.10710797e-02  4.09287456e-03 
 8.51138038e+05 -9.88928561e-01  4.18821027e-03  1.10714393e-02  4.18821027e-03 
 8.70963590e+05 -9.88928184e-01  4.28576665e-03  1.10718159e-02  4.28576665e-03 
 8.91250938e+05 -9.88927790e-01  4.38559545e-03  1.10722103e-02  4.38559545e-03 
 9.12010839e+05 -9.88927377e-01  4.48774960e-03  1.10726232e-02  4.48774960e-03 
 9.33254301e+05 -9.88926944e-01  4.59228325e-03  1.10730556e-02  4.59228325e-03 
 9.54992586e+05 -9.88926492e-01  4.69925185e-03  1.10735083e-02  4.69925185e-03 
 9.77237221e+05 -9.88926018e-01  4.80871210e-03  1.10739824e-02  4.80871210e-03 
 1.00000000e+06 -9.88925521e-01  4.92072206e-03  1.10744788e-02  4.92072206e-03 
 1.02329299e+06 -9.88925001e-01  5.03534111e-03  1.10749987e-02  5.03534111e-03 
 1.04712855e+06 -9.88924457e-01  5.15263004e-03  1.10755430e-02  5.15263004e-03 
 1.07151931e+06 -9.88923887e-01  5.27265102e-03  1.10761130e-02  5.27265102e-03 
 1.09647820e+06 -9.88923290e-01  5.39546772e-03  1.10767099e-02  5.39546772e-03 
 1.12201845e+06 -9.88922665e-01  5.52114524e-03  1.10773349e-02  5.52114524e-03 
 1.14815362e+06 -9.88922011e-01  5.64975024e-03  1.10779893e-02  5.64975024e-03 
 1.17489755e+06 -9.88921325e-01  5.78135090e-03  1.10786746e-02  5.78135090e-03 
 1.20226443e+06 -9.88920608e-01  5.91601701e-03  1.10793922e-02  5.91601701e-03 
 1.23026877e+06 -9.88919856e-01  6.05381999e-03  1.10801436e-02  6.05381999e-03 
 1.25892541e+06 -9.88919070e-01  6.19483289e-03  1.10809304e-02  6.19483289e-03 
 1.28824955e+06 -9.88918246e-01  6.33913050e-03  1.10817543e-02  6.33913050e-03 
 1.31825674e+06 -9.88917383e-01  6.48678934e-03  1.10826171e-02  6.48678934e-03 
 1.34896288e+06 -9.88916480e-01  6.63788770e-03  1.10835205e-02  6.63788770e-03 
 1.38038426e+06 -9.88915534e-01  6.79250571e-03  1.10844664e-02  6.79250571e-03 
 1.41253754e+06 -9.88914543e-01  6.95072536e-03  1.10854570e-02  6.95072536e-03 
 1.44543977e+06 -9.88913506e-01  7.11263056e-03  1.10864943e-02  7.11263056e-03 
 1.47910839e+06 -9.88912420e-01  7.27830715e-03  1.10875804e-02  7.27830715e-03 
 1.51356125e+06 -9.88911282e-01  7.44784300e-03  1.10887178e-02  7.44784300e-03 
 1.54881662e+06 -9.88910091e-01  7.62132801e-03  1.10899087e-02  7.62132801e-03 
 1.58489319e+06 -9.88908844e-01  7.79885419e-03  1.10911558e-02  7.79885419e-03 
 1.62181010e+06 -9.88907538e-01  7.98051566e-03  1.10924616e-02  7.98051566e-03 
 1.65958691e+06 -9.88906171e-01  8.16640878e-03  1.10938290e-02  8.16640878e-03 
 1.69824365e+06 -9.88904739e-01  8.35663213e-03  1.10952609e-02  8.35663213e-03 
 1.73780083e+06 -9.88903240e-01  8.55128657e-03  1.10967602e-02  8.55128657e-03 
 1.77827941e+06 -9.88901670e-01  8.75047535e-03  1.10983302e-02  8.75047535e-03 
 1.81970086e+06 -9.88900026e-01  8.95430410e-03  1.10999743e-02  8.95430410e-03 
 1.86208714e+06 -9.88898304e-01  9.16288092e-03  1.11016958e-02  9.16288092e-03 
 1.90546072e+06 -9.88896502e-01  9.37631642e-03  1.11034984e-02  9.37631642e-03 
 1.94984460e+06 -9.88894614e-01  9.59472379e-03  1.11053860e-02  9.59472379e-03 
 1.99526231e+06 -9.88892637e-01  9.81821889e-03  1.11073626e-02  9.81821889e-03 
 2.04173794e+06 -9.88890568e-01  1.00469202e-02  1.11094324e-02  1.00469202e-02 
 2.08929613e+06 -9.88888400e-01  1.02809491e-02  1.11115997e-02  1.02809491e-02 
 2.13796209e+06 -9.88886131e-01  1.05204296e-02  1.11138692e-02  1.05204296e-02 
 2.18776162e+06 -9.88883754e-01  1.07654889e-02  1.11162456e-02  1.07654889e-02 
 2.23872114e+06 -9.88881266e-01  1.10162568e-02  1.11187341e-02  1.10162568e-02 
 2.29086765e+06 -9.88878660e-01  1.12728663e-02  1.11213399e-02  1.12728663e-02 
 2.34422882e+06 -9.88875931e-01  1.15354536e-02  1.11240685e-02  1.15354536e-02 
 2.39883292e+06 -9.88873074e-01  1.18041580e-02  1.11269258e-02  1.18041580e-02 
 2.45470892e+06 -9.88870082e-01  1.20791220e-02  1.11299177e-02  1.20791220e-02 
 2.51188643e+06 -9.88866949e-01  1.23604914e-02  1.11330507e-02  1.23604914e-02 
 2.57039578e+06 -9.88863669e-01  1.26484154e-02  1.11363313e-02  1.26484154e-02 
 2.63026799e+06 -9.88860233e-01  1.29430469e-02  1.11397666e-02  1.29430469e-02 
 2.69153480e+06 -9.88856636e-01  1.32445422e-02  1.11433639e-02  1.32445422e-02 
 2.75422870e+06 -9.88852869e-01  1.35530610e-02  1.11471307e-02  1.35530610e-02 
 2.81838293e+06 -9.88848925e-01  1.38687672e-02  1.11510751e-02  1.38687672e-02 
 2.88403150e+06 -9.88844794e-01  1.41918282e-02  1.11552055e-02  1.41918282e-02 
 2.95120923e+06 -9.88840469e-01  1.45224153e-02  1.11595306e-02  1.45224153e-02 
 3.01995172e+06 -9.88835940e-01  1.48607041e-02  1.11640596e-02  1.48607041e-02 
 3.09029543e+06 -9.88831198e-01  1.52068739e-02  1.11688021e-02  1.52068739e-02 
 3.16227766e+06 -9.88826232e-01  1.55611084e-02  1.11737683e-02  1.55611084e-02 
 3.23593657e+06 -9.88821031e-01  1.59235957e-02  1.11789685e-02  1.59235957e-02 
 3.31131121e+06 -9.88815586e-01  1.62945279e-02  1.11844140e-02  1.62945279e-02 
 3.38844156e+06 -9.88809884e-01  1.66741020e-02  1.11901161e-02  1.66741020e-02 
 3.46736850e+06 -9.88803913e-01  1.70625193e-02  1.11960872e-02  1.70625193e-02 
 3.54813389e+06 -9.88797660e-01  1.74599860e-02  1.12023398e-02  1.74599860e-02 
 3.63078055e+06 -9.88791113e-01  1.78667130e-02  1.12088872e-02  1.78667130e-02 
 3.71535229e+06 -9.88784257e-01  1.82829162e-02  1.12157433e-02  1.82829162e-02 
 3.80189396e+06 -9.88777077e-01  1.87088164e-02  1.12229228e-02  1.87088164e-02 
 3.89045145e+06 -9.88769559e-01  1.91446397e-02  1.12304408e-02  1.91446397e-02 
 3.98107171e+06 -9.88761687e-01  1.95906174e-02  1.12383133e-02  1.95906174e-02 
 4.07380278e+06 -9.88753443e-01  2.00469862e-02  1.12465571e-02  2.00469862e-02 
 4.16869383e+06 -9.88744810e-01  2.05139885e-02  1.12551897e-02  2.05139885e-02 
 4.26579519e+06 -9.88735771e-01  2.09918720e-02  1.12642294e-02  2.09918720e-02 
 4.36515832e+06 -9.88726305e-01  2.14808905e-02  1.12736954e-02  2.14808905e-02 
 4.46683592e+06 -9.88716392e-01  2.19813037e-02  1.12836079e-02  2.19813037e-02 
 4.57088190e+06 -9.88706012e-01  2.24933772e-02  1.12939879e-02  2.24933772e-02 
 4.67735141e+06 -9.88695143e-01  2.30173830e-02  1.13048575e-02  2.30173830e-02 
 4.78630092e+06 -9.88683760e-01  2.35535992e-02  1.13162398e-02  2.35535992e-02 
 4.89778819e+06 -9.88671841e-01  2.41023107e-02  1.13281591e-02  2.41023107e-02 
 5.01187234e+06 -9.88659359e-01  2.46638089e-02  1.13406406e-02  2.46638089e-02 
 5.12861384e+06 -9.88646289e-01  2.52383920e-02  1.13537110e-02  2.52383920e-02 
 5.24807460e+06 -9.88632602e-01  2.58263652e-02  1.13673980e-02  2.58263652e-02 
 5.37031796e+06 -9.88618269e-01  2.64280409e-02  1.13817308e-02  2.64280409e-02 
 5.49540874e+06 -9.88603260e-01  2.70437387e-02  1.13967398e-02  2.70437387e-02 
 5.62341325e+06 -9.88587543e-01  2.76737858e-02  1.14124570e-02  2.76737858e-02 
 5.75439937e+06 -9.88571084e-01  2.83185170e-02  1.14289159e-02  2.83185170e-02 
 5.88843655e+06 -9.88553848e-01  2.89782749e-02  1.14461515e-02  2.89782749e-02 
 6.02559586e+06 -9.88535799e-01  2.96534101e-02  1.14642005e-02  2.96534101e-02 
 6.16595002e+06 -9.88516899e-01  3.03442815e-02  1.14831014e-02  3.03442815e-02 
 6.30957344e+06 -9.88497106e-01  3.10512565e-02  1.15028944e-02  3.10512565e-02 
 6.45654229e+06 -9.88476378e-01  3.17747108e-02  1.15236218e-02  3.17747108e-02 
 6.60693448e+06 -9.88454672e-01  3.25150292e-02  1.15453275e-02  3.25150292e-02 
 6.76082975e+06 -9.88431942e-01  3.32726055e-02  1.15680581e-02  3.32726055e-02 
 6.91830971e+06 -9.88408138e-01  3.40478424e-02  1.15918618e-02  3.40478424e-02 
 7.07945784e+06 -9.88383210e-01  3.48411525e-02  1.16167896e-02  3.48411525e-02 
 7.24435960e+06 -9.88357106e-01  3.56529579e-02  1.16428945e-02  3.56529579e-02 
 7.41310241e+06 -9.88329768e-01  3.64836905e-02  1.16702322e-02  3.64836905e-02 
 7.58577575e+06 -9.88301139e-01  3.73337924e-02  1.16988612e-02  3.73337924e-02 
 7.76247117e+06 -9.88271157e-01  3.82037163e-02  1.17288425e-02  3.82037163e-02 
 7.94328235e+06 -9.88239760e-01  3.90939252e-02  1.17602402e-02  3.90939252e-02 
 8.12830516e+06 -9.88206879e-01  4.00048933e-02  1.17931214e-02  4.00048933e-02 
 8.31763771e+06 -9.88172444e-01  4.09371056e-02  1.18275563e-02  4.09371056e-02 
 8.51138038e+06 -9.88136382e-01  4.18910590e-02  1.18636185e-02  4.18910590e-02 
 8.70963590e+06 -9.88098615e-01  4.28672616e-02  1.19013852e-02  4.28672616e-02 
 8.91250938e+06 -9.88059063e-01  4.38662338e-02  1.19409372e-02  4.38662338e-02 
 9.12010839e+06 -9.88017641e-01  4.48885081e-02  1.19823591e-02  4.48885081e-02 
 9.33254301e+06 -9.87974260e-01  4.59346297e-02  1.20257397e-02  4.59346297e-02 
 9.54992586e+06 -9.87928828e-01  4.70051565e-02  1.20711718e-02  4.70051565e-02 
 9.77237221e+06 -9.87881247e-01  4.81006597e-02  1.21187529e-02  4.81006597e-02 
 1.00000000e+07 -9.87831415e-01  4.92217240e-02  1.21685849e-02  4.92217240e-02 
 1.02329299e+07 -9.87779225e-01  5.03689477e-02  1.22207748e-02  5.03689477e-02 
 1.04712855e+07 -9.87724565e-01  5.15429436e-02  1.22754346e-02  5.15429436e-02 
 1.07151931e+07 -9.87667318e-01  5.27443387e-02  1.23326817e-02  5.27443387e-02 
 1.09647820e+07 -9.87607361e-01  5.39737749e-02  1.23926391e-02  5.39737749e-02 
 1.12201845e+07 -9.87544564e-01  5.52319096e-02  1.24554358e-02  5.52319096e-02 
 1.14815362e+07 -9.87478793e-01  5.65194155e-02  1.25212068e-02  5.65194155e-02 
 1.17489755e+07 -9.87409906e-01  5.78369813e-02  1.25900938e-02  5.78369813e-02 
 1.20226443e+07 -9.87337755e-01  5.91853121e-02  1.26622451e-02  5.91853121e-02 
 1.23026877e+07 -9.87262184e-01  6.05651298e-02  1.27378164e-02  6.05651298e-02 
 1.25892541e+07 -9.87183029e-01  6.19771734e-02  1.28169706e-02  6.19771734e-02 
 1.28824955e+07 -9.87100121e-01  6.34221997e-02  1.28998789e-02  6.34221997e-02 
 1.31825674e+07 -9.87013280e-01  6.49009832e-02  1.29867202e-02  6.49009832e-02 
 1.34896288e+07 -9.86922318e-01  6.64143173e-02  1.30776824e-02  6.64143173e-02 
 1.38038426e+07 -9.86827037e-01  6.79630139e-02  1.31729626e-02  6.79630139e-02 
 1.41253754e+07 -9.86727233e-01  6.95479048e-02  1.32727672e-02  6.95479048e-02 
 1.44543977e+07 -9.86622687e-01  7.11698413e-02  1.33773126e-02  7.11698413e-02 
 1.47910839e+07 -9.86513174e-01  7.28296953e-02  1.34868259e-02  7.28296953e-02 
 1.51356125e+07 -9.86398455e-01  7.45283596e-02  1.36015452e-02  7.45283596e-02 
 1.54881662e+07 -9.86278280e-01  7.62667484e-02  1.37217201e-02  7.62667484e-02 
 1.58489319e+07 -9.86152388e-01  7.80457980e-02  1.38476124e-02  7.80457980e-02 
 1.62181010e+07 -9.86020503e-01  7.98664672e-02  1.39794969e-02  7.98664672e-02 
 1.65958691e+07 -9.85882338e-01  8.17297377e-02  1.41176615e-02  8.17297377e-02 
 1.69824365e+07 -9.85737591e-01  8.36366153e-02  1.42624085e-02  8.36366153e-02 
 1.73780083e+07 -9.85585945e-01  8.55881298e-02  1.44140550e-02  8.55881298e-02 
 1.77827941e+07 -9.85427067e-01  8.75853361e-02  1.45729335e-02  8.75853361e-02 
 1.81970086e+07 -9.85260607e-01  8.96293146e-02  1.47393931e-02  8.96293146e-02 
 1.86208714e+07 -9.85086200e-01  9.17211719e-02  1.49138001e-02  9.17211719e-02 
 1.90546072e+07 -9.84903461e-01  9.38620417e-02  1.50965389e-02  9.38620417e-02 
 1.94984460e+07 -9.84711987e-01  9.60530850e-02  1.52880129e-02  9.60530850e-02 
 1.99526231e+07 -9.84511354e-01  9.82954914e-02  1.54886458e-02  9.82954914e-02 
 2.04173794e+07 -9.84301118e-01  1.00590480e-01  1.56988820e-02  1.00590480e-01 
 2.08929613e+07 -9.84080811e-01  1.02939298e-01  1.59191885e-02  1.02939298e-01 
 2.13796209e+07 -9.83849945e-01  1.05343225e-01  1.61500555e-02  1.05343225e-01 
 2.18776162e+07 -9.83608002e-01  1.07803571e-01  1.63919976e-02  1.07803571e-01 
 2.23872114e+07 -9.83354444e-01  1.10321680e-01  1.66455557e-02  1.10321680e-01 
 2.29086765e+07 -9.83088702e-01  1.12898926e-01  1.69112976e-02  1.12898926e-01 
 2.34422882e+07 -9.82810180e-01  1.15536719e-01  1.71898202e-02  1.15536719e-01 
 2.39883292e+07 -9.82518250e-01  1.18236503e-01  1.74817504e-02  1.18236503e-01 
 2.45470892e+07 -9.82212253e-01  1.20999760e-01  1.77877471e-02  1.20999760e-01 
 2.51188643e+07 -9.81891497e-01  1.23828005e-01  1.81085029e-02  1.23828005e-01 
 2.57039578e+07 -9.81555254e-01  1.26722792e-01  1.84447459e-02  1.26722792e-01 
 2.63026799e+07 -9.81202759e-01  1.29685716e-01  1.87972414e-02  1.29685716e-01 
 2.69153480e+07 -9.80833205e-01  1.32718409e-01  1.91667945e-02  1.32718409e-01 
 2.75422870e+07 -9.80445748e-01  1.35822544e-01  1.95542518e-02  1.35822544e-01 
 2.81838293e+07 -9.80039496e-01  1.38999836e-01  1.99605038e-02  1.38999836e-01 
 2.88403150e+07 -9.79613512e-01  1.42252043e-01  2.03864877e-02  1.42252043e-01 
 2.95120923e+07 -9.79166811e-01  1.45580968e-01  2.08331895e-02  1.45580968e-01 
 3.01995172e+07 -9.78698353e-01  1.48988456e-01  2.13016473e-02  1.48988456e-01 
 3.09029543e+07 -9.78207046e-01  1.52476402e-01  2.17929538e-02  1.52476402e-01 
 3.16227766e+07 -9.77691740e-01  1.56046746e-01  2.23082597e-02  1.56046746e-01 
 3.23593657e+07 -9.77151223e-01  1.59701477e-01  2.28487771e-02  1.59701477e-01 
 3.31131121e+07 -9.76584217e-01  1.63442634e-01  2.34157827e-02  1.63442634e-01 
 3.38844156e+07 -9.75989378e-01  1.67272307e-01  2.40106221e-02  1.67272307e-01 
 3.46736850e+07 -9.75365287e-01  1.71192638e-01  2.46347134e-02  1.71192638e-01 
 3.54813389e+07 -9.74710448e-01  1.75205822e-01  2.52895516e-02  1.75205822e-01 
 3.63078055e+07 -9.74023287e-01  1.79314109e-01  2.59767135e-02  1.79314109e-01 
 3.71535229e+07 -9.73302138e-01  1.83519806e-01  2.66978619e-02  1.83519806e-01 
 3.80189396e+07 -9.72545248e-01  1.87825274e-01  2.74547516e-02  1.87825274e-01 
 3.89045145e+07 -9.71750765e-01  1.92232937e-01  2.82492345e-02  1.92232937e-01 
 3.98107171e+07 -9.70916734e-01  1.96745273e-01  2.90832656e-02  1.96745273e-01 
 4.07380278e+07 -9.70041091e-01  2.01364824e-01  2.99589092e-02  2.01364824e-01 
 4.16869383e+07 -9.69121654e-01  2.06094193e-01  3.08783462e-02  2.06094193e-01 
 4.26579519e+07 -9.68156119e-01  2.10936044e-01  3.18438807e-02  2.10936044e-01 
 4.36515832e+07 -9.67142052e-01  2.15893105e-01  3.28579483e-02  2.15893105e-01 
 4.46683592e+07 -9.66076876e-01  2.20968168e-01  3.39231237e-02  2.20968168e-01 
 4.57088190e+07 -9.64957870e-01  2.26164091e-01  3.50421303e-02  2.26164091e-01 
 4.67735141e+07 -9.63782151e-01  2.31483795e-01  3.62178492e-02  2.31483795e-01 
 4.78630092e+07 -9.62546670e-01  2.36930268e-01  3.74533296e-02  2.36930268e-01 
 4.89778819e+07 -9.61248201e-01  2.42506562e-01  3.87517993e-02  2.42506562e-01 
 5.01187234e+07 -9.59883323e-01  2.48215795e-01  4.01166766e-02  2.48215795e-01 
 5.12861384e+07 -9.58448417e-01  2.54061151e-01  4.15515827e-02  2.54061151e-01 
 5.24807460e+07 -9.56939645e-01  2.60045874e-01  4.30603550e-02  2.60045874e-01 
 5.37031796e+07 -9.55352939e-01  2.66173275e-01  4.46470613e-02  2.66173275e-01 
 5.49540874e+07 -9.53683985e-01  2.72446721e-01  4.63160151e-02  2.72446721e-01 
 5.62341325e+07 -9.51928208e-01  2.78869641e-01  4.80717919e-02  2.78869641e-01 
 5.75439937e+07 -9.50080753e-01  2.85445515e-01  4.99192466e-02  2.85445515e-01 
 5.88843655e+07 -9.48136468e-01  2.92177879e-01  5.18635325e-02  2.92177879e-01 
 6.02559586e+07 -9.46089879e-01  2.99070309e-01  5.39101210e-02  2.99070309e-01 
 6.16595002e+07 -9.43935177e-01  3.06126428e-01  5.60648233e-02  3.06126428e-01 
 6.30957344e+07 -9.41666187e-01  3.13349887e-01  5.83338129e-02  3.13349887e-01 
 6.45654229e+07 -9.39276350e-01  3.20744366e-01  6.07236505e-02  3.20744366e-01 
 6.60693448e+07 -9.36758690e-01  3.28313559e-01  6.32413095e-02  3.28313559e-01 
 6.76082975e+07 -9.34105795e-01  3.36061162e-01  6.58942046e-02  3.36061162e-01 
 6.91830971e+07 -9.31309779e-01  3.43990865e-01  6.86902206e-02  3.43990865e-01 
 7.07945784e+07 -9.28362256e-01  3.52106329e-01  7.16377444e-02  3.52106329e-01 
 7.24435960e+07 -9.25254301e-01  3.60411173e-01  7.47456986e-02  3.60411173e-01 
 7.41310241e+07 -9.21976424e-01  3.68908948e-01  7.80235765e-02  3.68908948e-01 
 7.58577575e+07 -9.18518520e-01  3.77603118e-01  8.14814803e-02  3.77603118e-01 
 7.76247117e+07 -9.14869840e-01  3.86497024e-01  8.51301604e-02  3.86497024e-01 
 7.94328235e+07 -9.11018943e-01  3.95593861e-01  8.89810573e-02  3.95593861e-01 
 8.12830516e+07 -9.06953654e-01  4.04896629e-01  9.30463459e-02  4.04896629e-01 
 8.31763771e+07 -9.02661019e-01  4.14408101e-01  9.73389807e-02  4.14408101e-01 
 8.51138038e+07 -8.98127256e-01  4.24130764e-01  1.01872744e-01  4.24130764e-01 
 8.70963590e+07 -8.93337703e-01  4.34066771e-01  1.06662297e-01  4.34066771e-01 
 8.91250938e+07 -8.88276774e-01  4.44217874e-01  1.11723226e-01  4.44217874e-01 
 9.12010839e+07 -8.82927898e-01  4.54585348e-01  1.17072102e-01  4.54585348e-01 
 9.33254301e+07 -8.77273474e-01  4.65169916e-01  1.22726526e-01  4.65169916e-01 
 9.54992586e+07 -8.71294813e-01  4.75971651e-01  1.28705187e-01  4.75971651e-01 
 9.77237221e+07 -8.64972087e-01  4.86989874e-01  1.35027913e-01  4.86989874e-01 
 1.00000000e+08 -8.58284281e-01  4.98223034e-01  1.41715719e-01  4.98223034e-01 
 1.02329299e+08 -8.51209141e-01  5.09668578e-01  1.48790859e-01  5.09668578e-01 
 1.04712855e+08 -8.43723137e-01  5.21322800e-01  1.56276863e-01  5.21322800e-01 
 1.07151931e+08 -8.35801419e-01  5.33180679e-01  1.64198581e-01  5.33180679e-01 
 1.09647820e+08 -8.27417791e-01  5.45235691e-01  1.72582209e-01  5.45235691e-01 
 1.12201845e+08 -8.18544698e-01  5.57479608e-01  1.81455302e-01  5.57479608e-01 
 1.14815362e+08 -8.09153211e-01  5.69902268e-01  1.90846789e-01  5.69902268e-01 
 1.17489755e+08 -7.99213054e-01  5.82491330e-01  2.00786946e-01  5.82491330e-01 
 1.20226443e+08 -7.88692629e-01  5.95231999e-01  2.11307371e-01  5.95231999e-01 
 1.23026877e+08 -7.77559082e-01  6.08106729e-01  2.22440918e-01  6.08106729e-01 
 1.25892541e+08 -7.65778401e-01  6.21094905e-01  2.34221599e-01  6.21094905e-01 
 1.28824955e+08 -7.53315543e-01  6.34172495e-01  2.46684457e-01  6.34172495e-01 
 1.31825674e+08 -7.40134620e-01  6.47311684e-01  2.59865380e-01  6.47311684e-01 
 1.34896288e+08 -7.26199130e-01  6.60480485e-01  2.73800870e-01  6.60480485e-01 
 1.38038426e+08 -7.11472250e-01  6.73642343e-01  2.88527750e-01  6.73642343e-01 
 1.41253754e+08 -6.95917212e-01  6.86755714e-01  3.04082788e-01  6.86755714e-01 
 1.44543977e+08 -6.79497747e-01  6.99773657e-01  3.20502253e-01  6.99773657e-01 
 1.47910839e+08 -6.62178630e-01  7.12643429e-01  3.37821370e-01  7.12643429e-01 
 1.51356125e+08 -6.43926321e-01  7.25306097e-01  3.56073679e-01  7.25306097e-01 
 1.54881662e+08 -6.24709720e-01  7.37696196e-01  3.75290280e-01  7.37696196e-01 
 1.58489319e+08 -6.04501036e-01  7.49741446e-01  3.95498964e-01  7.49741446e-01 
 1.62181010e+08 -5.83276779e-01  7.61362545e-01  4.16723221e-01  7.61362545e-01 
 1.65958691e+08 -5.61018873e-01  7.72473079e-01  4.38981127e-01  7.72473079e-01 
 1.69824365e+08 -5.37715889e-01  7.82979579e-01  4.62284111e-01  7.82979579e-01 
 1.73780083e+08 -5.13364383e-01  7.92781744e-01  4.86635617e-01  7.92781744e-01 
 1.77827941e+08 -4.87970325e-01  8.01772891e-01  5.12029675e-01  8.01772891e-01 
 1.81970086e+08 -4.61550589e-01  8.09840651e-01  5.38449411e-01  8.09840651e-01 
 1.86208714e+08 -4.34134461e-01  8.16867960e-01  5.65865539e-01  8.16867960e-01 
 1.90546072e+08 -4.05765117e-01  8.22734365e-01  5.94234883e-01  8.22734365e-01 
 1.94984460e+08 -3.76501015e-01  8.27317680e-01  6.23498985e-01  8.27317680e-01 
 1.99526231e+08 -3.46417101e-01  8.30496000e-01  6.53582899e-01  8.30496000e-01 
 2.04173794e+08 -3.15605777e-01  8.32150072e-01  6.84394223e-01  8.32150072e-01 
 2.08929613e+08 -2.84177504e-01  8.32165990e-01  7.15822496e-01  8.32165990e-01 
 2.13796209e+08 -2.52260970e-01  8.30438183e-01  7.47739030e-01  8.30438183e-01 
 2.18776162e+08 -2.20002718e-01  8.26872600e-01  7.79997282e-01  8.26872600e-01 
 2.23872114e+08 -1.87566158e-01  8.21390008e-01  8.12433842e-01  8.21390008e-01 
 2.29086765e+08 -1.55129911e-01  8.13929255e-01  8.44870089e-01  8.13929255e-01 
 2.34422882e+08 -1.22885441e-01  8.04450361e-01  8.77114559e-01  8.04450361e-01 
 2.39883292e+08 -9.10340117e-02  7.92937256e-01  9.08965988e-01  7.92937256e-01 
 2.45470892e+08 -5.97829924e-02  7.79400004e-01  9.40217008e-01  7.79400004e-01 
 2.51188643e+08 -2.93416435e-02  7.63876343e-01  9.70658357e-01  7.63876343e-01 
 2.57039578e+08  8.34889776e-05  7.46432404e-01  1.00008349e+00  7.46432404e-01 
 2.63026799e+08  2.82933720e-02  7.27162513e-01  1.02829337e+00  7.27162513e-01 
 2.69153480e+08  5.51012641e-02  7.06188019e-01  1.05510126e+00  7.06188019e-01 
 2.75422870e+08  8.03372441e-02  6.83655155e-01  1.08033724e+00  6.83655155e-01 
 2.81838293e+08  1.03852265e-01  6.59732012e-01  1.10385227e+00  6.59732012e-01 
 2.88403150e+08  1.25521534e-01  6.34604738e-01  1.12552153e+00  6.34604738e-01 
 2.95120923e+08  1.45247054e-01  6.08473159e-01  1.14524705e+00  6.08473159e-01 
 3.01995172e+08  1.62959222e-01  5.81546012e-01  1.16295922e+00  5.81546012e-01 
 3.09029543e+08  1.78617445e-01  5.54036046e-01  1.17861744e+00  5.54036046e-01 
 3.16227766e+08  1.92209766e-01  5.26155207e-01  1.19220977e+00  5.26155207e-01 
 3.23593657e+08  2.03751609e-01  4.98110113e-01  1.20375161e+00  4.98110113e-01 
 3.31131121e+08  2.13283725e-01  4.70098018e-01  1.21328373e+00  4.70098018e-01 
 3.38844156e+08  2.20869529e-01  4.42303382e-01  1.22086953e+00  4.42303382e-01 
 3.46736850e+08  2.26591975e-01  4.14895135e-01  1.22659197e+00  4.14895135e-01 
 3.54813389e+08  2.30550169e-01  3.88024691e-01  1.23055017e+00  3.88024691e-01 
 3.63078055e+08  2.32855882e-01  3.61824670e-01  1.23285588e+00  3.61824670e-01 
 3.71535229e+08  2.33630105e-01  3.36408322e-01  1.23363011e+00  3.36408322e-01 
 3.80189396e+08  2.32999797e-01  3.11869550e-01  1.23299980e+00  3.11869550e-01 
 3.89045145e+08  2.31094892e-01  2.88283454e-01  1.23109489e+00  2.88283454e-01 
 3.98107171e+08  2.28045660e-01  2.65707292e-01  1.22804566e+00  2.65707292e-01 
 4.07380278e+08  2.23980437e-01  2.44181756e-01  1.22398044e+00  2.44181756e-01 
 4.16869383e+08  2.19023748e-01  2.23732460e-01  1.21902375e+00  2.23732460e-01 
 4.26579519e+08  2.13294822e-01  2.04371558e-01  1.21329482e+00  2.04371558e-01 
 4.36515832e+08  2.06906465e-01  1.86099417e-01  1.20690646e+00  1.86099417e-01 
 4.46683592e+08  1.99964260e-01  1.68906276e-01  1.19996426e+00  1.68906276e-01 
 4.57088190e+08  1.92566070e-01  1.52773844e-01  1.19256607e+00  1.52773844e-01 
 4.67735141e+08  1.84801779e-01  1.37676809e-01  1.18480178e+00  1.37676809e-01 
 4.78630092e+08  1.76753247e-01  1.23584225e-01  1.17675325e+00  1.23584225e-01 
 4.89778819e+08  1.68494432e-01  1.10460764e-01  1.16849443e+00  1.10460764e-01 
 5.01187234e+08  1.60091633e-01  9.82678336e-02  1.16009163e+00  9.82678336e-02 
 5.12861384e+08  1.51603845e-01  8.69645480e-02  1.15160385e+00  8.69645480e-02 
 5.24807460e+08  1.43083167e-01  7.65085700e-02  1.14308317e+00  7.65085700e-02 
 5.37031796e+08  1.34575265e-01  6.68568218e-02  1.13457526e+00  6.68568218e-02 
 5.49540874e+08  1.26119849e-01  5.79660804e-02  1.12611985e+00  5.79660804e-02 
 5.62341325e+08  1.17751169e-01  4.97934651e-02  1.11775117e+00  4.97934651e-02 
 5.75439937e+08  1.09498499e-01  4.22968323e-02  1.10949850e+00  4.22968323e-02 
 5.88843655e+08  1.01386610e-01  3.54350854e-02  1.10138661e+00  3.54350854e-02 
 6.02559586e+08  9.34362207e-02  2.91684136e-02  1.09343622e+00  2.91684136e-02 
 6.16595002e+08  8.56644260e-02  2.34584692e-02  1.08566443e+00  2.34584692e-02 
 6.30957344e+08  7.80850967e-02  1.82684919e-02  1.07808510e+00  1.82684919e-02 
 6.45654229e+08  7.07092479e-02  1.35633903e-02  1.07070925e+00  1.35633903e-02 
 6.60693448e+08  6.35453786e-02  9.30978673e-03  1.06354538e+00  9.30978673e-03 
 6.76082975e+08  5.65997821e-02  5.47603318e-03  1.05659978e+00  5.47603318e-03 
 6.91830971e+08  4.98768261e-02  2.03220317e-03  1.04987683e+00  2.03220317e-03 
 7.07945784e+08  4.33792068e-02 -1.04993471e-03  1.04337921e+00 -1.04993471e-03 
 7.24435960e+08  3.71081757e-02 -3.79695790e-03  1.03710818e+00 -3.79695790e-03 
 7.41310241e+08  3.10637435e-02 -6.23384181e-03  1.03106374e+00 -6.23384181e-03 
 7.58577575e+08  2.52448603e-02 -8.38401973e-03  1.02524486e+00 -8.38401973e-03 
 7.76247117e+08  1.96495768e-02 -1.02694482e-02  1.01964958e+00 -1.02694482e-02 
 7.94328235e+08  1.42751855e-02 -1.19106761e-02  1.01427519e+00 -1.19106761e-02 
 8.12830516e+08  9.11834531e-03 -1.33269151e-02  1.00911835e+00 -1.33269151e-02 
 8.31763771e+08  4.17519155e-03 -1.45361115e-02  1.00417519e+00 -1.45361115e-02 
 8.51138038e+08 -5.58568865e-04 -1.55550164e-02  9.99441431e-01 -1.55550164e-02 
 8.70963590e+08 -5.08757387e-03 -1.63992563e-02  9.94912426e-01 -1.63992563e-02 
 8.91250938e+08 -9.41673386e-03 -1.70833999e-02  9.90583266e-01 -1.70833999e-02 
 9.12010839e+08 -1.35511691e-02 -1.76210241e-02  9.86448831e-01 -1.76210241e-02 
 9.33254301e+08 -1.74961559e-02 -1.80247766e-02  9.82503844e-01 -1.80247766e-02 
 9.54992586e+08 -2.12570800e-02 -1.83064355e-02  9.78742920e-01 -1.83064355e-02 
 9.77237221e+08 -2.48393974e-02 -1.84769666e-02  9.75160603e-01 -1.84769666e-02 
 1.00000000e+09 -2.82486004e-02 -1.85465767e-02  9.71751400e-01 -1.85465767e-02 
 1.02329299e+09 -3.14901895e-02 -1.85247648e-02  9.68509811e-01 -1.85247648e-02 
 1.04712855e+09 -3.45696490e-02 -1.84203688e-02  9.65430351e-01 -1.84203688e-02 
 1.07151931e+09 -3.74924279e-02 -1.82416109e-02  9.62507572e-01 -1.82416109e-02 
 1.09647820e+09 -4.02639226e-02 -1.79961386e-02  9.59736077e-01 -1.79961386e-02 
 1.12201845e+09 -4.28894636e-02 -1.76910641e-02  9.57110536e-01 -1.76910641e-02 
 1.14815362e+09 -4.53743049e-02 -1.73329995e-02  9.54625695e-01 -1.73329995e-02 
 1.17489755e+09 -4.77236147e-02 -1.69280912e-02  9.52276385e-01 -1.69280912e-02 
 1.20226443e+09 -4.99424686e-02 -1.64820505e-02  9.50057531e-01 -1.64820505e-02 
 1.23026877e+09 -5.20358446e-02 -1.60001822e-02  9.47964155e-01 -1.60001822e-02 
 1.25892541e+09 -5.40086187e-02 -1.54874115e-02  9.45991381e-01 -1.54874115e-02 
 1.28824955e+09 -5.58655619e-02 -1.49483087e-02  9.44134438e-01 -1.49483087e-02 
 1.31825674e+09 -5.76113387e-02 -1.43871111e-02  9.42388661e-01 -1.43871111e-02 
 1.34896288e+09 -5.92505054e-02 -1.38077449e-02  9.40749495e-01 -1.38077449e-02 
 1.38038426e+09 -6.07875096e-02 -1.32138437e-02  9.39212490e-01 -1.32138437e-02 
 1.41253754e+09 -6.22266898e-02 -1.26087669e-02  9.37773310e-01 -1.26087669e-02 
 1.44543977e+09 -6.35722761e-02 -1.19956155e-02  9.36427724e-01 -1.19956155e-02 
 1.47910839e+09 -6.48283900e-02 -1.13772480e-02  9.35171610e-01 -1.13772480e-02 
 1.51356125e+09 -6.59990455e-02 -1.07562938e-02  9.34000955e-01 -1.07562938e-02 
 1.54881662e+09 -6.70881494e-02 -1.01351664e-02  9.32911851e-01 -1.01351664e-02 
 1.58489319e+09 -6.80995029e-02 -9.51607568e-03  9.31900497e-01 -9.51607568e-03 
 1.62181010e+09 -6.90368015e-02 -8.90103883e-03  9.30963199e-01 -8.90103883e-03 
 1.65958691e+09 -6.99036367e-02 -8.29189099e-03  9.30096363e-01 -8.29189099e-03 
 1.69824365e+09 -7.07034965e-02 -7.69029500e-03  9.29296504e-01 -7.69029500e-03 
 1.73780083e+09 -7.14397661e-02 -7.09775062e-03  9.28560234e-01 -7.09775062e-03 
 1.77827941e+09 -7.21157292e-02 -6.51560322e-03  9.27884271e-01 -6.51560322e-03 
 1.81970086e+09 -7.27345682e-02 -5.94505205e-03  9.27265432e-01 -5.94505205e-03 
 1.86208714e+09 -7.32993652e-02 -5.38715802e-03  9.26700635e-01 -5.38715802e-03 
 1.90546072e+09 -7.38131025e-02 -4.84285119e-03  9.26186897e-01 -4.84285119e-03 
 1.94984460e+09 -7.42786637e-02 -4.31293798e-03  9.25721336e-01 -4.31293798e-03 
 1.99526231e+09 -7.46988338e-02 -3.79810802e-03  9.25301166e-01 -3.79810802e-03 
 2.04173794e+09 -7.50763000e-02 -3.29894083e-03  9.24923700e-01 -3.29894083e-03 
 2.08929613e+09 -7.54136527e-02 -2.81591229e-03  9.24586347e-01 -2.81591229e-03 
 2.13796209e+09 -7.57133855e-02 -2.34940085e-03  9.24286614e-01 -2.34940085e-03 
 2.18776162e+09 -7.59778969e-02 -1.89969369e-03  9.24022103e-01 -1.89969369e-03 
 2.23872114e+09 -7.62094901e-02 -1.46699260e-03  9.23790510e-01 -1.46699260e-03 
 2.29086765e+09 -7.64103745e-02 -1.05141975e-03  9.23589625e-01 -1.05141975e-03 
 2.34422882e+09 -7.65826667e-02 -6.53023361e-04  9.23417333e-01 -6.53023361e-04 
 2.39883292e+09 -7.67283911e-02 -2.71783177e-04  9.23271609e-01 -2.71783177e-04 
 2.45470892e+09 -7.68494814e-02  9.23842075e-05  9.23150519e-01  9.23842075e-05 
 2.51188643e+09 -7.69477819e-02  4.39620133e-04  9.23052218e-01  4.39620133e-04 
 2.57039578e+09 -7.70250488e-02  7.70118838e-04  9.22974951e-01  7.70118838e-04 
 2.63026799e+09 -7.70829518e-02  1.08412257e-03  9.22917048e-01  1.08412257e-03 
 2.69153480e+09 -7.71230757e-02  1.38191685e-03  9.22876924e-01  1.38191685e-03 
 2.75422870e+09 -7.71469219e-02  1.66382596e-03  9.22853078e-01  1.66382596e-03 
 2.81838293e+09 -7.71559111e-02  1.93020849e-03  9.22844089e-01  1.93020849e-03 
 2.88403150e+09 -7.71513843e-02  2.18145323e-03  9.22848616e-01  2.18145323e-03 
 2.95120923e+09 -7.71346056e-02  2.41797510e-03  9.22865394e-01  2.41797510e-03 
 3.01995172e+09 -7.71067640e-02  2.64021139e-03  9.22893236e-01  2.64021139e-03 
 3.09029543e+09 -7.70689762e-02  2.84861812e-03  9.22931024e-01  2.84861812e-03 
 3.16227766e+09 -7.70222882e-02  3.04366664e-03  9.22977712e-01  3.04366664e-03 
 3.23593657e+09 -7.69676786e-02  3.22584046e-03  9.23032321e-01  3.22584046e-03 
 3.31131121e+09 -7.69060603e-02  3.39563222e-03  9.23093940e-01  3.39563222e-03 
 3.38844156e+09 -7.68382837e-02  3.55354093e-03  9.23161716e-01  3.55354093e-03 
 3.46736850e+09 -7.67651386e-02  3.70006941e-03  9.23234861e-01  3.70006941e-03 
 3.54813389e+09 -7.66873576e-02  3.83572187e-03  9.23312642e-01  3.83572187e-03 
 3.63078055e+09 -7.66056178e-02  3.96100179e-03  9.23394382e-01  3.96100179e-03 
 3.71535229e+09 -7.65205441e-02  4.07640990e-03  9.23479456e-01  4.07640990e-03 
 3.80189396e+09 -7.64327113e-02  4.18244242e-03  9.23567289e-01  4.18244242e-03 
 3.89045145e+09 -7.63426471e-02  4.27958947e-03  9.23657353e-01  4.27958947e-03 
 3.98107171e+09 -7.62508339e-02  4.36833361e-03  9.23749166e-01  4.36833361e-03 
 4.07380278e+09 -7.61577122e-02  4.44914863e-03  9.23842288e-01  4.44914863e-03 
 4.16869383e+09 -7.60636821e-02  4.52249841e-03  9.23936318e-01  4.52249841e-03 
 4.26579519e+09 -7.59691064e-02  4.58883604e-03  9.24030894e-01  4.58883604e-03 
 4.36515832e+09 -7.58743121e-02  4.64860295e-03  9.24125688e-01  4.64860295e-03 
 4.46683592e+09 -7.57795936e-02  4.70222832e-03  9.24220406e-01  4.70222832e-03 
 4.57088190e+09 -7.56852140e-02  4.75012850e-03  9.24314786e-01  4.75012850e-03 
 4.67735141e+09 -7.55914074e-02  4.79270662e-03  9.24408593e-01  4.79270662e-03 
 4.78630092e+09 -7.54983811e-02  4.83035224e-03  9.24501619e-01  4.83035224e-03 
 4.89778819e+09 -7.54063172e-02  4.86344116e-03  9.24593683e-01  4.86344116e-03 
 5.01187234e+09 -7.53153749e-02  4.89233532e-03  9.24684625e-01  4.89233532e-03 
 5.12861384e+09 -7.52256913e-02  4.91738271e-03  9.24774309e-01  4.91738271e-03 
 5.24807460e+09 -7.51373841e-02  4.93891741e-03  9.24862616e-01  4.93891741e-03 
 5.37031796e+09 -7.50505524e-02  4.95725971e-03  9.24949448e-01  4.95725971e-03 
 5.49540874e+09 -7.49652785e-02  4.97271625e-03  9.25034722e-01  4.97271625e-03 
 5.62341325e+09 -7.48816291e-02  4.98558019e-03  9.25118371e-01  4.98558019e-03 
 5.75439937e+09 -7.47996568e-02  4.99613150e-03  9.25200343e-01  4.99613150e-03 
 5.88843655e+09 -7.47194013e-02  5.00463723e-03  9.25280599e-01  5.00463723e-03 
 6.02559586e+09 -7.46408903e-02  5.01135181e-03  9.25359110e-01  5.01135181e-03 
 6.16595002e+09 -7.45641407e-02  5.01651740e-03  9.25435859e-01  5.01651740e-03 
 6.30957344e+09 -7.44891598e-02  5.02036425e-03  9.25510840e-01  5.02036425e-03 
 6.45654229e+09 -7.44159458e-02  5.02311110e-03  9.25584054e-01  5.02311110e-03 
 6.60693448e+09 -7.43444892e-02  5.02496556e-03  9.25655511e-01  5.02496556e-03 
 6.76082975e+09 -7.42747730e-02  5.02612450e-03  9.25725227e-01  5.02612450e-03 
 6.91830971e+09 -7.42067737e-02  5.02677446e-03  9.25793226e-01  5.02677446e-03 
 7.07945784e+09 -7.41404624e-02  5.02709209e-03  9.25859538e-01  5.02709209e-03 
 7.24435960e+09 -7.40758045e-02  5.02724454e-03  9.25924196e-01  5.02724454e-03 
 7.41310241e+09 -7.40127610e-02  5.02738987e-03  9.25987239e-01  5.02738987e-03 
 7.58577575e+09 -7.39512889e-02  5.02767745e-03  9.26048711e-01  5.02767745e-03 
 7.76247117e+09 -7.38913413e-02  5.02824839e-03  9.26108659e-01  5.02824839e-03 
 7.94328235e+09 -7.38328684e-02  5.02923588e-03  9.26167132e-01  5.02923588e-03 
 8.12830516e+09 -7.37758172e-02  5.03076563e-03  9.26224183e-01  5.03076563e-03 
 8.31763771e+09 -7.37201326e-02  5.03295620e-03  9.26279867e-01  5.03295620e-03 
 8.51138038e+09 -7.36657572e-02  5.03591937e-03  9.26334243e-01  5.03591937e-03 
 8.70963590e+09 -7.36126315e-02  5.03976052e-03  9.26387368e-01  5.03976052e-03 
 8.91250938e+09 -7.35606948e-02  5.04457892e-03  9.26439305e-01  5.04457892e-03 
 9.12010839e+09 -7.35098846e-02  5.05046809e-03  9.26490115e-01  5.05046809e-03 
 9.33254301e+09 -7.34601375e-02  5.05751610e-03  9.26539863e-01  5.05751610e-03 
 9.54992586e+09 -7.34113888e-02  5.06580585e-03  9.26588611e-01  5.06580585e-03 
 9.77237221e+09 -7.33635732e-02  5.07541539e-03  9.26636427e-01  5.07541539e-03 
 1.00000000e+10 -7.33166245e-02  5.08641815e-03  9.26683376e-01  5.08641815e-03 
 1.02329299e+10 -7.32704757e-02  5.09888321e-03  9.26729524e-01  5.09888321e-03 
 1.04712855e+10 -7.32250595e-02  5.11287555e-03  9.26774940e-01  5.11287555e-03 
 1.07151931e+10 -7.31803081e-02  5.12845627e-03  9.26819692e-01  5.12845627e-03 
 1.09647820e+10 -7.31361531e-02  5.14568280e-03  9.26863847e-01  5.14568280e-03 
 1.12201845e+10 -7.30925261e-02  5.16460908e-03  9.26907474e-01  5.16460908e-03 
 1.14815362e+10 -7.30493579e-02  5.18528580e-03  9.26950642e-01  5.18528580e-03 
 1.17489755e+10 -7.30065794e-02  5.20776050e-03  9.26993421e-01  5.20776050e-03 
 1.20226443e+10 -7.29641211e-02  5.23207780e-03  9.27035879e-01  5.23207780e-03 
 1.23026877e+10 -7.29219132e-02  5.25827949e-03  9.27078087e-01  5.25827949e-03 
 1.25892541e+10 -7.28798858e-02  5.28640468e-03  9.27120114e-01  5.28640468e-03 
 1.28824955e+10 -7.28379684e-02  5.31648995e-03  9.27162032e-01  5.31648995e-03 
 1.31825674e+10 -7.27960907e-02  5.34856942e-03  9.27203909e-01  5.34856942e-03 
 1.34896288e+10 -7.27541817e-02  5.38267486e-03  9.27245818e-01  5.38267486e-03 
 1.38038426e+10 -7.27121703e-02  5.41883579e-03  9.27287830e-01  5.41883579e-03 
 1.41253754e+10 -7.26699851e-02  5.45707955e-03  9.27330015e-01  5.45707955e-03 
 1.44543977e+10 -7.26275542e-02  5.49743132e-03  9.27372446e-01  5.49743132e-03 
 1.47910839e+10 -7.25848055e-02  5.53991426e-03  9.27415194e-01  5.53991426e-03 
 1.51356125e+10 -7.25416664e-02  5.58454947e-03  9.27458334e-01  5.58454947e-03 
 1.54881662e+10 -7.24980638e-02  5.63135607e-03  9.27501936e-01  5.63135607e-03 
 1.58489319e+10 -7.24539244e-02  5.68035122e-03  9.27546076e-01  5.68035122e-03 
 1.62181010e+10 -7.24091740e-02  5.73155011e-03  9.27590826e-01  5.73155011e-03 
 1.65958691e+10 -7.23637384e-02  5.78496599e-03  9.27636262e-01  5.78496599e-03 
 1.69824365e+10 -7.23175425e-02  5.84061016e-03  9.27682458e-01  5.84061016e-03 
 1.73780083e+10 -7.22705107e-02  5.89849196e-03  9.27729489e-01  5.89849196e-03 
 1.77827941e+10 -7.22225669e-02  5.95861873e-03  9.27777433e-01  5.95861873e-03 
 1.81970086e+10 -7.21736344e-02  6.02099582e-03  9.27826366e-01  6.02099582e-03 
 1.86208714e+10 -7.21236359e-02  6.08562654e-03  9.27876364e-01  6.08562654e-03 
 1.90546072e+10 -7.20724934e-02  6.15251212e-03  9.27927507e-01  6.15251212e-03 
 1.94984460e+10 -7.20201284e-02  6.22165163e-03  9.27979872e-01  6.22165163e-03 
 1.99526231e+10 -7.19664618e-02  6.29304201e-03  9.28033538e-01  6.29304201e-03 
 2.04173794e+10 -7.19114137e-02  6.36667791e-03  9.28088586e-01  6.36667791e-03 
 2.08929613e+10 -7.18549039e-02  6.44255172e-03  9.28145096e-01  6.44255172e-03 
 2.13796209e+10 -7.17968513e-02  6.52065344e-03  9.28203149e-01  6.52065344e-03 
 2.18776162e+10 -7.17371746e-02  6.60097064e-03  9.28262825e-01  6.60097064e-03 
 2.23872114e+10 -7.16757918e-02  6.68348837e-03  9.28324208e-01  6.68348837e-03 
 2.29086765e+10 -7.16126204e-02  6.76818911e-03  9.28387380e-01  6.76818911e-03 
 2.34422882e+10 -7.15475776e-02  6.85505265e-03  9.28452422e-01  6.85505265e-03 
 2.39883292e+10 -7.14805800e-02  6.94405606e-03  9.28519420e-01  6.94405606e-03 
 2.45470892e+10 -7.14115443e-02  7.03517356e-03  9.28588456e-01  7.03517356e-03 
 2.51188643e+10 -7.13403865e-02  7.12837648e-03  9.28659613e-01  7.12837648e-03 
 2.57039578e+10 -7.12670229e-02  7.22363316e-03  9.28732977e-01  7.22363316e-03 
 2.63026799e+10 -7.11913695e-02  7.32090890e-03  9.28808631e-01  7.32090890e-03 
 2.69153480e+10 -7.11133422e-02  7.42016582e-03  9.28886658e-01  7.42016582e-03 
 2.75422870e+10 -7.10328574e-02  7.52136286e-03  9.28967143e-01  7.52136286e-03 
 2.81838293e+10 -7.09498314e-02  7.62445568e-03  9.29050169e-01  7.62445568e-03 
 2.88403150e+10 -7.08641812e-02  7.72939660e-03  9.29135819e-01  7.72939660e-03 
 2.95120923e+10 -7.07758240e-02  7.83613452e-03  9.29224176e-01  7.83613452e-03 
 3.01995172e+10 -7.06846779e-02  7.94461490e-03  9.29315322e-01  7.94461490e-03 
 3.09029543e+10 -7.05906615e-02  8.05477970e-03  9.29409339e-01  8.05477970e-03 
 3.16227766e+10 -7.04936945e-02  8.16656732e-03  9.29506306e-01  8.16656732e-03 
 3.23593657e+10 -7.03936976e-02  8.27991261e-03  9.29606302e-01  8.27991261e-03 
 3.31131121e+10 -7.02905929e-02  8.39474681e-03  9.29709407e-01  8.39474681e-03 
 3.38844156e+10 -7.01843035e-02  8.51099753e-03  9.29815696e-01  8.51099753e-03 
 3.46736850e+10 -7.00747545e-02  8.62858876e-03  9.29925246e-01  8.62858876e-03 
 3.54813389e+10 -6.99618723e-02  8.74744089e-03  9.30038128e-01  8.74744089e-03 
 3.63078055e+10 -6.98455855e-02  8.86747068e-03  9.30154415e-01  8.86747068e-03 
 3.71535229e+10 -6.97258245e-02  8.98859127e-03  9.30274176e-01  8.98859127e-03 
 3.80189396e+10 -6.96025221e-02  9.11071228e-03  9.30397478e-01  9.11071228e-03 
 3.89045145e+10 -6.94756133e-02  9.23373976e-03  9.30524387e-01  9.23373976e-03 
 3.98107171e+10 -6.93450358e-02  9.35757628e-03  9.30654964e-01  9.35757628e-03 
 4.07380278e+10 -6.92107299e-02  9.48212100e-03  9.30789270e-01  9.48212100e-03 
 4.16869383e+10 -6.90726388e-02  9.60726967e-03  9.30927361e-01  9.60726967e-03 
 4.26579519e+10 -6.89307087e-02  9.73291475e-03  9.31069291e-01  9.73291475e-03 
 4.36515832e+10 -6.87848890e-02  9.85894546e-03  9.31215111e-01  9.85894546e-03 
 4.46683592e+10 -6.86351325e-02  9.98524786e-03  9.31364867e-01  9.98524786e-03 
 4.57088190e+10 -6.84813953e-02  1.01117049e-02  9.31518605e-01  1.01117049e-02 
 4.67735141e+10 -6.83236372e-02  1.02381967e-02  9.31676363e-01  1.02381967e-02 
 4.78630092e+10 -6.81618218e-02  1.03646002e-02  9.31838178e-01  1.03646002e-02 
 4.89778819e+10 -6.79959166e-02  1.04907898e-02  9.32004083e-01  1.04907898e-02 
 5.01187234e+10 -6.78258929e-02  1.06166371e-02  9.32174107e-01  1.06166371e-02 
 5.12861384e+10 -6.76517264e-02  1.07420110e-02  9.32348274e-01  1.07420110e-02 
 5.24807460e+10 -6.74733971e-02  1.08667780e-02  9.32526603e-01  1.08667780e-02 
 5.37031796e+10 -6.72908892e-02  1.09908022e-02  9.32709111e-01  1.09908022e-02 
 5.49540874e+10 -6.71041917e-02  1.11139453e-02  9.32895808e-01  1.11139453e-02 
 5.62341325e+10 -6.69132980e-02  1.12360668e-02  9.33086702e-01  1.12360668e-02 
 5.75439937e+10 -6.67182064e-02  1.13570241e-02  9.33281794e-01  1.13570241e-02 
 5.88843655e+10 -6.65189204e-02  1.14766728e-02  9.33481080e-01  1.14766728e-02 
 6.02559586e+10 -6.63154483e-02  1.15948661e-02  9.33684552e-01  1.15948661e-02 
 6.16595002e+10 -6.61078038e-02  1.17114561e-02  9.33892196e-01  1.17114561e-02 
 6.30957344e+10 -6.58960059e-02  1.18262925e-02  9.34103994e-01  1.18262925e-02 
 6.45654229e+10 -6.56800792e-02  1.19392242e-02  9.34319921e-01  1.19392242e-02 
 6.60693448e+10 -6.54600542e-02  1.20500981e-02  9.34539946e-01  1.20500981e-02 
 6.76082975e+10 -6.52359671e-02  1.21587601e-02  9.34764033e-01  1.21587601e-02 
 6.91830971e+10 -6.50078602e-02  1.22650551e-02  9.34992140e-01  1.22650551e-02 
 7.07945784e+10 -6.47757825e-02  1.23688268e-02  9.35224217e-01  1.23688268e-02 
 7.24435960e+10 -6.45397891e-02  1.24699186e-02  9.35460211e-01  1.24699186e-02 
 7.41310241e+10 -6.42999420e-02  1.25681731e-02  9.35700058e-01  1.25681731e-02 
 7.58577575e+10 -6.40563101e-02  1.26634326e-02  9.35943690e-01  1.26634326e-02 
 7.76247117e+10 -6.38089695e-02  1.27555397e-02  9.36191031e-01  1.27555397e-02 
 7.94328235e+10 -6.35580036e-02  1.28443372e-02  9.36441996e-01  1.28443372e-02 
 8.12830516e+10 -6.33035036e-02  1.29296684e-02  9.36696496e-01  1.29296684e-02 
 8.31763771e+10 -6.30455681e-02  1.30113778e-02  9.36954432e-01  1.30113778e-02 
 8.51138038e+10 -6.27843040e-02  1.30893113e-02  9.37215696e-01  1.30893113e-02 
 8.70963590e+10 -6.25198260e-02  1.31633167e-02  9.37480174e-01  1.31633167e-02 
 8.91250938e+10 -6.22522574e-02  1.32332440e-02  9.37747743e-01  1.32332440e-02 
 9.12010839e+10 -6.19817296e-02  1.32989461e-02  9.38018270e-01  1.32989461e-02 
 9.33254301e+10 -6.17083827e-02  1.33602792e-02  9.38291617e-01  1.33602792e-02 
 9.54992586e+10 -6.14323650e-02  1.34171035e-02  9.38567635e-01  1.34171035e-02 
 9.77237221e+10 -6.11538337e-02  1.34692836e-02  9.38846166e-01  1.34692836e-02 
 1.00000000e+11 -6.08729542e-02  1.35166893e-02  9.39127046e-01  1.35166893e-02 
