 frequency       v(finalp,finaln) v(finalp,finaln)
 1.00000000e+06  1.56058979e-05 -9.82779704e-04 
 1.02329299e+06  1.59983216e-05 -1.00568611e-03 
 1.04712855e+06  1.64092040e-05 -1.02912695e-03 
 1.07151931e+06  1.68394117e-05 -1.05311471e-03 
 1.09647820e+06  1.72898519e-05 -1.07766222e-03 
 1.12201845e+06  1.77614740e-05 -1.10278259e-03 
 1.14815362e+06  1.82552721e-05 -1.12848924e-03 
 1.17489755e+06  1.87722862e-05 -1.15479591e-03 
 1.20226443e+06  1.93136054e-05 -1.18171667e-03 
 1.23026877e+06  1.98803693e-05 -1.20926592e-03 
 1.25892541e+06  2.04737707e-05 -1.23745842e-03 
 1.28824955e+06  2.10950581e-05 -1.26630925e-03 
 1.31825674e+06  2.17455379e-05 -1.29583387e-03 
 1.34896288e+06  2.24265777e-05 -1.32604810e-03 
 1.38038426e+06  2.31396084e-05 -1.35696814e-03 
 1.41253754e+06  2.38861277e-05 -1.38861059e-03 
 1.44543977e+06  2.46677028e-05 -1.42099243e-03 
 1.47910839e+06  2.54859736e-05 -1.45413105e-03 
 1.51356125e+06  2.63426565e-05 -1.48804426e-03 
 1.54881662e+06  2.72395469e-05 -1.52275030e-03 
 1.58489319e+06  2.81785240e-05 -1.55826784e-03 
 1.62181010e+06  2.91615537e-05 -1.59461601e-03 
 1.65958691e+06  3.01906929e-05 -1.63181440e-03 
 1.69824365e+06  3.12680937e-05 -1.66988306e-03 
 1.73780083e+06  3.23960075e-05 -1.70884255e-03 
 1.77827941e+06  3.35767896e-05 -1.74871389e-03 
 1.81970086e+06  3.48129040e-05 -1.78951866e-03 
 1.86208714e+06  3.61069281e-05 -1.83127892e-03 
 1.90546072e+06  3.74615577e-05 -1.87401729e-03 
 1.94984460e+06  3.88796126e-05 -1.91775694e-03 
 1.99526231e+06  4.03640421e-05 -1.96252161e-03 
 2.04173794e+06  4.19179305e-05 -2.00833561e-03 
 2.08929613e+06  4.35445033e-05 -2.05522386e-03 
 2.13796209e+06  4.52471334e-05 -2.10321188e-03 
 2.18776162e+06  4.70293477e-05 -2.15232584e-03 
 2.23872114e+06  4.88948338e-05 -2.20259255e-03 
 2.29086765e+06  5.08474470e-05 -2.25403946e-03 
 2.34422882e+06  5.28912176e-05 -2.30669475e-03 
 2.39883292e+06  5.50303589e-05 -2.36058726e-03 
 2.45470892e+06  5.72692745e-05 -2.41574657e-03 
 2.51188643e+06  5.96125671e-05 -2.47220301e-03 
 2.57039578e+06  6.20650466e-05 -2.52998767e-03 
 2.63026799e+06  6.46317394e-05 -2.58913241e-03 
 2.69153480e+06  6.73178972e-05 -2.64966991e-03 
 2.75422870e+06  7.01290070e-05 -2.71163369e-03 
 2.81838293e+06  7.30708004e-05 -2.77505810e-03 
 2.88403150e+06  7.61492645e-05 -2.83997840e-03 
 2.95120923e+06  7.93706520e-05 -2.90643073e-03 
 3.01995172e+06  8.27414926e-05 -2.97445218e-03 
 3.09029543e+06  8.62686040e-05 -3.04408079e-03 
 3.16227766e+06  8.99591040e-05 -3.11535561e-03 
 3.23593657e+06  9.38204221e-05 -3.18831668e-03 
 3.31131121e+06  9.78603128e-05 -3.26300512e-03 
 3.38844156e+06  1.02086868e-04 -3.33946311e-03 
 3.46736850e+06  1.06508529e-04 -3.41773397e-03 
 3.54813389e+06  1.11134104e-04 -3.49786217e-03 
 3.63078055e+06  1.15972778e-04 -3.57989335e-03 
 3.71535229e+06  1.21034129e-04 -3.66387439e-03 
 3.80189396e+06  1.26328143e-04 -3.74985345e-03 
 3.89045145e+06  1.31865229e-04 -3.83787999e-03 
 3.98107171e+06  1.37656234e-04 -3.92800480e-03 
 4.07380278e+06  1.43712459e-04 -4.02028010e-03 
 4.16869383e+06  1.50045676e-04 -4.11475954e-03 
 4.26579519e+06  1.56668144e-04 -4.21149826e-03 
 4.36515832e+06  1.63592624e-04 -4.31055293e-03 
 4.46683592e+06  1.70832400e-04 -4.41198183e-03 
 4.57088190e+06  1.78401291e-04 -4.51584488e-03 
 4.67735141e+06  1.86313673e-04 -4.62220373e-03 
 4.78630092e+06  1.94584493e-04 -4.73112175e-03 
 4.89778819e+06  2.03229288e-04 -4.84266420e-03 
 5.01187234e+06  2.12264202e-04 -4.95689817e-03 
 5.12861384e+06  2.21706005e-04 -5.07389275e-03 
 5.24807460e+06  2.31572107e-04 -5.19371906e-03 
 5.37031796e+06  2.41880578e-04 -5.31645030e-03 
 5.49540874e+06  2.52650163e-04 -5.44216189e-03 
 5.62341325e+06  2.63900298e-04 -5.57093147e-03 
 5.75439937e+06  2.75651128e-04 -5.70283906e-03 
 5.88843655e+06  2.87923519e-04 -5.83796710e-03 
 6.02559586e+06  3.00739074e-04 -5.97640054e-03 
 6.16595002e+06  3.14120145e-04 -6.11822696e-03 
 6.30957344e+06  3.28089846e-04 -6.26353666e-03 
 6.45654229e+06  3.42672065e-04 -6.41242276e-03 
 6.60693448e+06  3.57891469e-04 -6.56498127e-03 
 6.76082975e+06  3.73773516e-04 -6.72131129e-03 
 6.91830971e+06  3.90344459e-04 -6.88151502e-03 
 7.07945784e+06  4.07631346e-04 -7.04569798e-03 
 7.24435960e+06  4.25662028e-04 -7.21396904e-03 
 7.41310241e+06  4.44465148e-04 -7.38644062e-03 
 7.58577575e+06  4.64070144e-04 -7.56322880e-03 
 7.76247117e+06  4.84507237e-04 -7.74445345e-03 
 7.94328235e+06  5.05807417e-04 -7.93023839e-03 
 8.12830516e+06  5.28002429e-04 -8.12071152e-03 
 8.31763771e+06  5.51124751e-04 -8.31600501e-03 
 8.51138038e+06  5.75207570e-04 -8.51625541e-03 
 8.70963590e+06  6.00284747e-04 -8.72160386e-03 
 8.91250938e+06  6.26390782e-04 -8.93219623e-03 
 9.12010839e+06  6.53560772e-04 -9.14818332e-03 
 9.33254301e+06  6.81830357e-04 -9.36972099e-03 
 9.54992586e+06  7.11235662e-04 -9.59697042e-03 
 9.77237221e+06  7.41813235e-04 -9.83009823e-03 
 1.00000000e+07  7.73599971e-04 -1.00692767e-02 
 1.02329299e+07  8.06633027e-04 -1.03146840e-02 
 1.04712855e+07  8.40949729e-04 -1.05665043e-02 
 1.07151931e+07  8.76587473e-04 -1.08249281e-02 
 1.09647820e+07  9.13583603e-04 -1.10901523e-02 
 1.12201845e+07  9.51975296e-04 -1.13623806e-02 
 1.14815362e+07  9.91799415e-04 -1.16418233e-02 
 1.17489755e+07  1.03309236e-03 -1.19286982e-02 
 1.20226443e+07  1.07588993e-03 -1.22232300e-02 
 1.23026877e+07  1.12022708e-03 -1.25256513e-02 
 1.25892541e+07  1.16613783e-03 -1.28362022e-02 
 1.28824955e+07  1.21365496e-03 -1.31551307e-02 
 1.31825674e+07  1.26280985e-03 -1.34826931e-02 
 1.34896288e+07  1.31363226e-03 -1.38191540e-02 
 1.38038426e+07  1.36615000e-03 -1.41647864e-02 
 1.41253754e+07  1.42038875e-03 -1.45198722e-02 
 1.44543977e+07  1.47637174e-03 -1.48847022e-02 
 1.47910839e+07  1.53411945e-03 -1.52595760e-02 
 1.51356125e+07  1.59364931e-03 -1.56448026e-02 
 1.54881662e+07  1.65497538e-03 -1.60407006e-02 
 1.58489319e+07  1.71810798e-03 -1.64475976e-02 
 1.62181010e+07  1.78305338e-03 -1.68658312e-02 
 1.65958691e+07  1.84981341e-03 -1.72957486e-02 
 1.69824365e+07  1.91838506e-03 -1.77377066e-02 
 1.73780083e+07  1.98876014e-03 -1.81920721e-02 
 1.77827941e+07  2.06092485e-03 -1.86592217e-02 
 1.81970086e+07  2.13485939e-03 -1.91395418e-02 
 1.86208714e+07  2.21053754e-03 -1.96334290e-02 
 1.90546072e+07  2.28792626e-03 -2.01412893e-02 
 1.94984460e+07  2.36698528e-03 -2.06635387e-02 
 1.99526231e+07  2.44766665e-03 -2.12006028e-02 
 2.04173794e+07  2.52991440e-03 -2.17529166e-02 
 2.08929613e+07  2.61366409e-03 -2.23209248e-02 
 2.13796209e+07  2.69884244e-03 -2.29050809e-02 
 2.18776162e+07  2.78536694e-03 -2.35058475e-02 
 2.23872114e+07  2.87314551e-03 -2.41236962e-02 
 2.29086765e+07  2.96207615e-03 -2.47591066e-02 
 2.34422882e+07  3.05204664e-03 -2.54125670e-02 
 2.39883292e+07  3.14293422e-03 -2.60845731e-02 
 2.45470892e+07  3.23460534e-03 -2.67756285e-02 
 2.51188643e+07  3.32691546e-03 -2.74862438e-02 
 2.57039578e+07  3.41970880e-03 -2.82169364e-02 
 2.63026799e+07  3.51281825e-03 -2.89682303e-02 
 2.69153480e+07  3.60606520e-03 -2.97406554e-02 
 2.75422870e+07  3.69925947e-03 -3.05347474e-02 
 2.81838293e+07  3.79219929e-03 -3.13510470e-02 
 2.88403150e+07  3.88467130e-03 -3.21901002e-02 
 2.95120923e+07  3.97645060e-03 -3.30524572e-02 
 3.01995172e+07  4.06730084e-03 -3.39386726e-02 
 3.09029543e+07  4.15697434e-03 -3.48493047e-02 
 3.16227766e+07  4.24521227e-03 -3.57849155e-02 
 3.23593657e+07  4.33174486e-03 -3.67460700e-02 
 3.31131121e+07  4.41629161e-03 -3.77333366e-02 
 3.38844156e+07  4.49856159e-03 -3.87472862e-02 
 3.46736850e+07  4.57825374e-03 -3.97884928e-02 
 3.54813389e+07  4.65505712e-03 -4.08575325e-02 
 3.63078055e+07  4.72865131e-03 -4.19549845e-02 
 3.71535229e+07  4.79870668e-03 -4.30814302e-02 
 3.80189396e+07  4.86488479e-03 -4.42374537e-02 
 3.89045145e+07  4.92683864e-03 -4.54236421e-02 
 3.98107171e+07  4.98421308e-03 -4.66405853e-02 
 4.07380278e+07  5.03664502e-03 -4.78888763e-02 
 4.16869383e+07  5.08376377e-03 -4.91691118e-02 
 4.26579519e+07  5.12519127e-03 -5.04818923e-02 
 4.36515832e+07  5.16054226e-03 -5.18278227e-02 
 4.46683592e+07  5.18942448e-03 -5.32075124e-02 
 4.57088190e+07  5.21143876e-03 -5.46215762e-02 
 4.67735141e+07  5.22617908e-03 -5.60706349e-02 
 4.78630092e+07  5.23323255e-03 -5.75553153e-02 
 4.89778819e+07  5.23217933e-03 -5.90762515e-02 
 5.01187234e+07  5.22259252e-03 -6.06340853e-02 
 5.12861384e+07  5.20403792e-03 -6.22294666e-02 
 5.24807460e+07  5.17607372e-03 -6.38630543e-02 
 5.37031796e+07  5.13825018e-03 -6.55355173e-02 
 5.49540874e+07  5.09010914e-03 -6.72475346e-02 
 5.62341325e+07  5.03118352e-03 -6.89997961e-02 
 5.75439937e+07  4.96099671e-03 -7.07930036e-02 
 5.88843655e+07  4.87906190e-03 -7.26278713e-02 
 6.02559586e+07  4.78488130e-03 -7.45051260e-02 
 6.16595002e+07  4.67794533e-03 -7.64255083e-02 
 6.30957344e+07  4.55773168e-03 -7.83897727e-02 
 6.45654229e+07  4.42370438e-03 -8.03986884e-02 
 6.60693448e+07  4.27531271e-03 -8.24530394e-02 
 6.76082975e+07  4.11199010e-03 -8.45536253e-02 
 6.91830971e+07  3.93315295e-03 -8.67012612e-02 
 7.07945784e+07  3.73819938e-03 -8.88967785e-02 
 7.24435960e+07  3.52650796e-03 -9.11410246e-02 
 7.41310241e+07  3.29743632e-03 -9.34348633e-02 
 7.58577575e+07  3.05031979e-03 -9.57791751e-02 
 7.76247117e+07  2.78446989e-03 -9.81748565e-02 
 7.94328235e+07  2.49917289e-03 -1.00622821e-01 
 8.12830516e+07  2.19368821e-03 -1.03123997e-01 
 8.31763771e+07  1.86724689e-03 -1.05679331e-01 
 8.51138038e+07  1.51904993e-03 -1.08289783e-01 
 8.70963590e+07  1.14826665e-03 -1.10956330e-01 
 8.91250938e+07  7.54032993e-04 -1.13679962e-01 
 9.12010839e+07  3.35449825e-04 -1.16461685e-01 
 9.33254301e+07 -1.08418830e-04 -1.19302516e-01 
 9.54992586e+07 -5.78547553e-04 -1.22203487e-01 
 9.77237221e+07 -1.07595133e-03 -1.25165640e-01 
 1.00000000e+08 -1.60168734e-03 -1.28190029e-01 
 1.02329299e+08 -2.15685683e-03 -1.31277716e-01 
 1.04712855e+08 -2.74260690e-03 -1.34429773e-01 
 1.07151931e+08 -3.36013243e-03 -1.37647277e-01 
 1.09647820e+08 -4.01067785e-03 -1.40931313e-01 
 1.12201845e+08 -4.69553909e-03 -1.44282967e-01 
 1.14815362e+08 -5.41606540e-03 -1.47703330e-01 
 1.17489755e+08 -6.17366121e-03 -1.51193490e-01 
 1.20226443e+08 -6.96978797e-03 -1.54754536e-01 
 1.23026877e+08 -7.80596604e-03 -1.58387552e-01 
 1.25892541e+08 -8.68377641e-03 -1.62093614e-01 
 1.28824955e+08 -9.60486256e-03 -1.65873792e-01 
 1.31825674e+08 -1.05709322e-02 -1.69729142e-01 
 1.34896288e+08 -1.15837588e-02 -1.73660707e-01 
 1.38038426e+08 -1.26451835e-02 -1.77669513e-01 
 1.41253754e+08 -1.37571167e-02 -1.81756564e-01 
 1.44543977e+08 -1.49215390e-02 -1.85922841e-01 
 1.47910839e+08 -1.61405036e-02 -1.90169296e-01 
 1.51356125e+08 -1.74161366e-02 -1.94496850e-01 
 1.54881662e+08 -1.87506389e-02 -1.98906390e-01 
 1.58489319e+08 -2.01462869e-02 -2.03398761e-01 
 1.62181010e+08 -2.16054337e-02 -2.07974766e-01 
 1.65958691e+08 -2.31305094e-02 -2.12635157e-01 
 1.69824365e+08 -2.47240221e-02 -2.17380633e-01 
 1.73780083e+08 -2.63885582e-02 -2.22211834e-01 
 1.77827941e+08 -2.81267823e-02 -2.27129336e-01 
 1.81970086e+08 -2.99414370e-02 -2.32133643e-01 
 1.86208714e+08 -3.18353429e-02 -2.37225187e-01 
 1.90546072e+08 -3.38113974e-02 -2.42404315e-01 
 1.94984460e+08 -3.58725741e-02 -2.47671285e-01 
 1.99526231e+08 -3.80219208e-02 -2.53026265e-01 
 2.04173794e+08 -4.02625583e-02 -2.58469317e-01 
 2.08929613e+08 -4.25976775e-02 -2.64000396e-01 
 2.13796209e+08 -4.50305373e-02 -2.69619344e-01 
 2.18776162e+08 -4.75644608e-02 -2.75325879e-01 
 2.23872114e+08 -5.02028320e-02 -2.81119589e-01 
 2.29086765e+08 -5.29490914e-02 -2.86999926e-01 
 2.34422882e+08 -5.58067308e-02 -2.92966198e-01 
 2.39883292e+08 -5.87792881e-02 -2.99017559e-01 
 2.45470892e+08 -6.18703411e-02 -3.05153007e-01 
 2.51188643e+08 -6.50835002e-02 -3.11371370e-01 
 2.57039578e+08 -6.84224013e-02 -3.17671306e-01 
 2.63026799e+08 -7.18906971e-02 -3.24051289e-01 
 2.69153480e+08 -7.54920478e-02 -3.30509606e-01 
 2.75422870e+08 -7.92301118e-02 -3.37044350e-01 
 2.81838293e+08 -8.31085341e-02 -3.43653415e-01 
 2.88403150e+08 -8.71309352e-02 -3.50334487e-01 
 2.95120923e+08 -9.13008987e-02 -3.57085040e-01 
 3.01995172e+08 -9.56219578e-02 -3.63902335e-01 
 3.09029543e+08 -1.00097581e-01 -3.70783412e-01 
 3.16227766e+08 -1.04731159e-01 -3.77725088e-01 
 3.23593657e+08 -1.09525984e-01 -3.84723954e-01 
 3.31131121e+08 -1.14485242e-01 -3.91776378e-01 
 3.38844156e+08 -1.19611985e-01 -3.98878501e-01 
 3.46736850e+08 -1.24909124e-01 -4.06026238e-01 
 3.54813389e+08 -1.30379401e-01 -4.13215284e-01 
 3.63078055e+08 -1.36025378e-01 -4.20441116e-01 
 3.71535229e+08 -1.41849413e-01 -4.27698997e-01 
 3.80189396e+08 -1.47853642e-01 -4.34983987e-01 
 3.89045145e+08 -1.54039960e-01 -4.42290948e-01 
 3.98107171e+08 -1.60410002e-01 -4.49614557e-01 
 4.07380278e+08 -1.66965120e-01 -4.56949321e-01 
 4.16869383e+08 -1.73706371e-01 -4.64289584e-01 
 4.26579519e+08 -1.80634489e-01 -4.71629551e-01 
 4.36515832e+08 -1.87749877e-01 -4.78963304e-01 
 4.46683592e+08 -1.95052583e-01 -4.86284822e-01 
 4.57088190e+08 -2.02542289e-01 -4.93588002e-01 
 4.67735141e+08 -2.10218291e-01 -5.00866687e-01 
 4.78630092e+08 -2.18079494e-01 -5.08114691e-01 
 4.89778819e+08 -2.26124393e-01 -5.15325826e-01 
 5.01187234e+08 -2.34351072e-01 -5.22493932e-01 
 5.12861384e+08 -2.42757189e-01 -5.29612909e-01 
 5.24807460e+08 -2.51339980e-01 -5.36676751e-01 
 5.37031796e+08 -2.60096250e-01 -5.43679577e-01 
 5.49540874e+08 -2.69022380e-01 -5.50615670e-01 
 5.62341325e+08 -2.78114329e-01 -5.57479507e-01 
 5.75439937e+08 -2.87367640e-01 -5.64265801e-01 
 5.88843655e+08 -2.96777453e-01 -5.70969532e-01 
 6.02559586e+08 -3.06338520e-01 -5.77585987e-01 
 6.16595002e+08 -3.16045217e-01 -5.84110794e-01 
 6.30957344e+08 -3.25891570e-01 -5.90539956e-01 
 6.45654229e+08 -3.35871277e-01 -5.96869884e-01 
 6.60693448e+08 -3.45977737e-01 -6.03097433e-01 
 6.76082975e+08 -3.56204076e-01 -6.09219926e-01 
 6.91830971e+08 -3.66543186e-01 -6.15235186e-01 
 7.07945784e+08 -3.76987757e-01 -6.21141563e-01 
 7.24435960e+08 -3.87530320e-01 -6.26937950e-01 
 7.41310241e+08 -3.98163284e-01 -6.32623811e-01 
 7.58577575e+08 -4.08878982e-01 -6.38199189e-01 
 7.76247117e+08 -4.19669715e-01 -6.43664727e-01 
 7.94328235e+08 -4.30527801e-01 -6.49021668e-01 
 8.12830516e+08 -4.41445616e-01 -6.54271869e-01 
 8.31763771e+08 -4.52415651e-01 -6.59417798e-01 
 8.51138038e+08 -4.63430552e-01 -6.64462529e-01 
 8.70963590e+08 -4.74483175e-01 -6.69409740e-01 
 8.91250938e+08 -4.85566628e-01 -6.74263702e-01 
 9.12010839e+08 -4.96674322e-01 -6.79029262e-01 
 9.33254301e+08 -5.07800017e-01 -6.83711827e-01 
 9.54992586e+08 -5.18937861e-01 -6.88317343e-01 
 9.77237221e+08 -5.30082440e-01 -6.92852268e-01 
 1.00000000e+09 -5.41228812e-01 -6.97323549e-01 
 1.02329299e+09 -5.52372547e-01 -7.01738586e-01 
 1.04712855e+09 -5.63509765e-01 -7.06105200e-01 
 1.07151931e+09 -5.74637163e-01 -7.10431602e-01 
 1.09647820e+09 -5.85752052e-01 -7.14726353e-01 
 1.12201845e+09 -5.96852376e-01 -7.18998321e-01 
 1.14815362e+09 -6.07936745e-01 -7.23256649e-01 
 1.17489755e+09 -6.19004448e-01 -7.27510708e-01 
 1.20226443e+09 -6.30055477e-01 -7.31770057e-01 
 1.23026877e+09 -6.41090537e-01 -7.36044404e-01 
 1.25892541e+09 -6.52111064e-01 -7.40343555e-01 
 1.28824955e+09 -6.63119233e-01 -7.44677383e-01 
 1.31825674e+09 -6.74117962e-01 -7.49055778e-01 
 1.34896288e+09 -6.85110923e-01 -7.53488609e-01 
 1.38038426e+09 -6.96102541e-01 -7.57985681e-01 
 1.41253754e+09 -7.07097996e-01 -7.62556699e-01 
 1.44543977e+09 -7.18103224e-01 -7.67211226e-01 
 1.47910839e+09 -7.29124911e-01 -7.71958645e-01 
 1.51356125e+09 -7.40170495e-01 -7.76808123e-01 
 1.54881662e+09 -7.51248157e-01 -7.81768575e-01 
 1.58489319e+09 -7.62366817e-01 -7.86848629e-01 
 1.62181010e+09 -7.73536130e-01 -7.92056590e-01 
 1.65958691e+09 -7.84766475e-01 -7.97400412e-01 
 1.69824365e+09 -7.96068953e-01 -8.02887658e-01 
 1.73780083e+09 -8.07455376e-01 -8.08525477e-01 
 1.77827941e+09 -8.18938264e-01 -8.14320567e-01 
 1.81970086e+09 -8.30530833e-01 -8.20279147e-01 
 1.86208714e+09 -8.42246992e-01 -8.26406924e-01 
 1.90546072e+09 -8.54101335e-01 -8.32709069e-01 
 1.94984460e+09 -8.66109137e-01 -8.39190178e-01 
 1.99526231e+09 -8.78286345e-01 -8.45854249e-01 
 2.04173794e+09 -8.90649573e-01 -8.52704649e-01 
 2.08929613e+09 -9.03216102e-01 -8.59744078e-01 
 2.13796209e+09 -9.16003868e-01 -8.66974544e-01 
 2.18776162e+09 -9.29031464e-01 -8.74397322e-01 
 2.23872114e+09 -9.42318134e-01 -8.82012924e-01 
 2.29086765e+09 -9.55883766e-01 -8.89821061e-01 
 2.34422882e+09 -9.69748895e-01 -8.97820602e-01 
 2.39883292e+09 -9.83934694e-01 -9.06009540e-01 
 2.45470892e+09 -9.98462973e-01 -9.14384944e-01 
 2.51188643e+09 -1.01335617e+00 -9.22942916e-01 
 2.57039578e+09 -1.02863736e+00 -9.31678545e-01 
 2.63026799e+09 -1.04433022e+00 -9.40585854e-01 
 2.69153480e+09 -1.06045907e+00 -9.49657752e-01 
 2.75422870e+09 -1.07704880e+00 -9.58885974e-01 
 2.81838293e+09 -1.09412492e+00 -9.68261020e-01 
 2.88403150e+09 -1.11171354e+00 -9.77772100e-01 
 2.95120923e+09 -1.12984130e+00 -9.87407057e-01 
 3.01995172e+09 -1.14853542e+00 -9.97152307e-01 
 3.09029543e+09 -1.16782366e+00 -1.00699276e+00 
 3.16227766e+09 -1.18773427e+00 -1.01691174e+00 
 3.23593657e+09 -1.20829601e+00 -1.02689091e+00 
 3.31131121e+09 -1.22953807e+00 -1.03691018e+00 
 3.38844156e+09 -1.25149007e+00 -1.04694763e+00 
 3.46736850e+09 -1.27418200e+00 -1.05697939e+00 
 3.54813389e+09 -1.29764416e+00 -1.06697957e+00 
 3.63078055e+09 -1.32190715e+00 -1.07692014e+00 
 3.71535229e+09 -1.34700176e+00 -1.08677085e+00 
 3.80189396e+09 -1.37295892e+00 -1.09649907e+00 
 3.89045145e+09 -1.39980961e+00 -1.10606974e+00 
 3.98107171e+09 -1.42758480e+00 -1.11544522e+00 
 4.07380278e+09 -1.45631530e+00 -1.12458516e+00 
 4.16869383e+09 -1.48603169e+00 -1.13344642e+00 
 4.26579519e+09 -1.51676421e+00 -1.14198290e+00 
 4.36515832e+09 -1.54854257e+00 -1.15014546e+00 
 4.46683592e+09 -1.58139584e+00 -1.15788177e+00 
 4.57088190e+09 -1.61535228e+00 -1.16513618e+00 
 4.67735141e+09 -1.65043916e+00 -1.17184962e+00 
 4.78630092e+09 -1.68668255e+00 -1.17795947e+00 
 4.89778819e+09 -1.72410714e+00 -1.18339943e+00 
 5.01187234e+09 -1.76273595e+00 -1.18809943e+00 
 5.12861384e+09 -1.80259016e+00 -1.19198549e+00 
 5.24807460e+09 -1.84368876e+00 -1.19497964e+00 
 5.37031796e+09 -1.88604831e+00 -1.19699985e+00 
 5.49540874e+09 -1.92968260e+00 -1.19795989e+00 
 5.62341325e+09 -1.97460234e+00 -1.19776932e+00 
 5.75439937e+09 -2.02081478e+00 -1.19633341e+00 
 5.88843655e+09 -2.06832332e+00 -1.19355309e+00 
 6.02559586e+09 -2.11712715e+00 -1.18932499e+00 
 6.16595002e+09 -2.16722079e+00 -1.18354138e+00 
 6.30957344e+09 -2.21859363e+00 -1.17609025e+00 
 6.45654229e+09 -2.27122949e+00 -1.16685534e+00 
 6.60693448e+09 -2.32510612e+00 -1.15571626e+00 
 6.76082975e+09 -2.38019464e+00 -1.14254860e+00 
 6.91830971e+09 -2.43645908e+00 -1.12722412e+00 
 7.07945784e+09 -2.49385577e+00 -1.10961092e+00 
 7.24435960e+09 -2.55233276e+00 -1.08957375e+00 
 7.41310241e+09 -2.61182930e+00 -1.06697424e+00 
 7.58577575e+09 -2.67227518e+00 -1.04167136e+00 
 7.76247117e+09 -2.73359017e+00 -1.01352174e+00 
 7.94328235e+09 -2.79568339e+00 -9.82380201e-01 
 8.12830516e+09 -2.85845272e+00 -9.48100288e-01 
 8.31763771e+09 -2.92178416e+00 -9.10534876e-01 
 8.51138038e+09 -2.98555129e+00 -8.69536851e-01 
 8.70963590e+09 -3.04961468e+00 -8.24959868e-01 
 8.91250938e+09 -3.11382131e+00 -7.76659188e-01 
 9.12010839e+09 -3.17800407e+00 -7.24492582e-01 
 9.33254301e+09 -3.24198127e+00 -6.68321333e-01 
 9.54992586e+09 -3.30555620e+00 -6.08011306e-01 
 9.77237221e+09 -3.36851676e+00 -5.43434111e-01 
 1.00000000e+10 -3.43063509e+00 -4.74468344e-01 
 1.02329299e+10 -3.49166738e+00 -4.01000908e-01 
 1.04712855e+10 -3.55135365e+00 -3.22928423e-01 
 1.07151931e+10 -3.60941768e+00 -2.40158707e-01 
 1.09647820e+10 -3.66556708e+00 -1.52612332e-01 
 1.12201845e+10 -3.71949336e+00 -6.02242571e-02 
 1.14815362e+10 -3.77087225e+00  3.70544777e-02 
 1.17489755e+10 -3.81936407e+00  1.39255000e-01 
 1.20226443e+10 -3.86461427e+00  2.46388798e-01 
 1.23026877e+10 -3.90625415e+00  3.58445871e-01 
 1.25892541e+10 -3.94390168e+00  4.75392850e-01 
 1.28824955e+10 -3.97716261e+00  5.97171090e-01 
 1.31825674e+10 -4.00563164e+00  7.23694755e-01 
 1.34896288e+10 -4.02889388e+00  8.54848907e-01 
 1.38038426e+10 -4.04652648e+00  9.90487612e-01 
 1.41253754e+10 -4.05810046e+00  1.13043207e+00 
 1.44543977e+10 -4.06318280e+00  1.27446883e+00 
 1.47910839e+10 -4.06133874e+00  1.42234802e+00 
 1.51356125e+10 -4.05213434e+00  1.57378170e+00 
 1.54881662e+10 -4.03513923e+00  1.72844237e+00 
 1.58489319e+10 -4.00992967e+00  1.88596151e+00 
 1.62181010e+10 -3.97609186e+00  2.04592840e+00 
 1.65958691e+10 -3.93322544e+00  2.20788907e+00 
 1.69824365e+10 -3.88094733e+00  2.37134546e+00 
 1.73780083e+10 -3.81889577e+00  2.53575489e+00 
 1.77827941e+10 -3.74673461e+00  2.70052982e+00 
 1.81970086e+10 -3.66415789e+00  2.86503786e+00 
 1.86208714e+10 -3.57089458e+00  3.02860228e+00 
 1.90546072e+10 -3.46671356e+00  3.19050285e+00 
 1.94984460e+10 -3.35142880e+00  3.34997719e+00 
 1.99526231e+10 -3.22490472e+00  3.50622258e+00 
 2.04173794e+10 -3.08706158e+00  3.65839841e+00 
 2.08929613e+10 -2.93788103e+00  3.80562918e+00 
 2.13796209e+10 -2.77741170e+00  3.94700819e+00 
 2.18776162e+10 -2.60577464e+00  4.08160193e+00 
 2.23872114e+10 -2.42316876e+00  4.20845520e+00 
 2.29086765e+10 -2.22987601e+00  4.32659710e+00 
 2.34422882e+10 -2.02626622e+00  4.43504772e+00 
 2.39883292e+10 -1.81280165e+00  4.53282578e+00 
 2.45470892e+10 -1.59004084e+00  4.61895707e+00 
 2.51188643e+10 -1.35864192e+00  4.69248374e+00 
 2.57039578e+10 -1.11936505e+00  4.75247443e+00 
 2.63026799e+10 -8.73073944e-01  4.79803513e+00 
 2.69153480e+10 -6.20736207e-01  4.82832080e+00 
 2.75422870e+10 -3.63422488e-01  4.84254754e+00 
 2.81838293e+10 -1.02304164e-01  4.84000532e+00 
 2.88403150e+10  1.61350517e-01  4.82007093e+00 
 2.95120923e+10  4.26181987e-01  4.78222118e+00 
 3.01995172e+10  6.90746704e-01  4.72604595e+00 
 3.09029543e+10  9.53526386e-01  4.65126096e+00 
 3.16227766e+10  1.21293917e+00  4.55771990e+00 
 3.23593657e+10  1.46735269e+00  4.44542572e+00 
 3.31131121e+10  1.71509914e+00  4.31454067e+00 
 3.38844156e+10  1.95449202e+00  4.16539487e+00 
 3.46736850e+10  2.18384468e+00  3.99849292e+00 
 3.54813389e+10  2.40149025e+00  3.81451847e+00 
 3.63078055e+10  2.60580284e+00  3.61433624e+00 
 3.71535229e+10  2.79521954e+00  3.39899133e+00 
 3.80189396e+10  2.96826304e+00  3.16970562e+00 
 3.89045145e+10  3.12356416e+00  2.92787100e+00 
 3.98107171e+10  3.25988421e+00  2.67503940e+00 
 4.07380278e+10  3.37613621e+00  2.41290967e+00 
 4.16869383e+10  3.47140490e+00  2.14331118e+00 
 4.26579519e+10  3.54496473e+00  1.86818448e+00 
 4.36515832e+10  3.59629544e+00  1.58955922e+00 
 4.46683592e+10  3.62509479e+00  1.30952956e+00 
 4.57088190e+10  3.63128794e+00  1.03022764e+00 
 4.67735141e+10  3.61503323e+00  7.53795542e-01 
 4.78630092e+10  3.57672403e+00  4.82356267e-01 
 4.89778819e+10  3.51698660e+00  2.17984391e-01 
 5.01187234e+10  3.43667369e+00 -3.73229814e-02 
 5.12861384e+10  3.33685423e+00 -2.81674341e-01 
 5.24807460e+10  3.21879903e+00 -5.13310316e-01 
 5.37031796e+10  3.08396281e+00 -7.30628056e-01 
 5.49540874e+10  2.93396308e+00 -9.32202902e-01 
 5.62341325e+10  2.77055614e+00 -1.11680687e+00 
 5.75439937e+10  2.59561077e+00 -1.28342358e+00 
 5.88843655e+10  2.41108034e+00 -1.43125927e+00 
 6.02559586e+10  2.21897379e+00 -1.55974985e+00 
 6.16595002e+10  2.02132616e+00 -1.66856377e+00 
 6.30957344e+10  1.82016938e+00 -1.75760078e+00 
 6.45654229e+10  1.61750385e+00 -1.82698683e+00 
 6.60693448e+10  1.41527135e+00 -1.87706513e+00 
 6.76082975e+10  1.21532996e+00 -1.90838387e+00 
 6.91830971e+10  1.01943115e+00 -1.92168088e+00 
 7.07945784e+10  8.29199671e-01 -1.91786569e+00 
 7.24435960e+10  6.46116406e-01 -1.89799950e+00 
 7.41310241e+10  4.71504339e-01 -1.86327347e+00 
 7.58577575e+10  3.06517844e-01 -1.81498599e+00 
 7.76247117e+10  1.52135264e-01 -1.75451925e+00 
 7.94328235e+10  9.15474882e-03 -1.68331568e+00 
 8.12830516e+10 -1.21806759e-01 -1.60285478e+00 
 8.31763771e+10 -2.40311569e-01 -1.51463065e+00 
 8.51138038e+10 -3.46096544e-01 -1.42013051e+00 
 8.70963590e+10 -4.39065915e-01 -1.32081484e+00 
 8.91250938e+10 -5.19281910e-01 -1.21809898e+00 
 9.12010839e+10 -5.86953509e-01 -1.11333678e+00 
 9.33254301e+10 -6.42423645e-01 -1.00780618e+00 
 9.54992586e+10 -6.86155198e-01 -9.02697014e-01 
 9.77237221e+10 -7.18716082e-01 -7.99100956e-01 
 1.00000000e+11 -7.40763769e-01 -6.98003734e-01 
