 frequency       v(vout)         v(vout)         v(vinn)         v(vinn)        
 1.00000000e+03 -9.89054601e-01  5.21901740e-06  1.09453989e-02  5.21901740e-06 
 1.02329299e+03 -9.89054601e-01  5.34058393e-06  1.09453989e-02  5.34058393e-06 
 1.04712855e+03 -9.89054601e-01  5.46498211e-06  1.09453989e-02  5.46498211e-06 
 1.07151931e+03 -9.89054601e-01  5.59227790e-06  1.09453989e-02  5.59227790e-06 
 1.09647820e+03 -9.89054601e-01  5.72253879e-06  1.09453989e-02  5.72253879e-06 
 1.12201845e+03 -9.89054601e-01  5.85583384e-06  1.09453989e-02  5.85583384e-06 
 1.14815362e+03 -9.89054601e-01  5.99223373e-06  1.09453989e-02  5.99223373e-06 
 1.17489755e+03 -9.89054601e-01  6.13181078e-06  1.09453989e-02  6.13181078e-06 
 1.20226443e+03 -9.89054601e-01  6.27463901e-06  1.09453989e-02  6.27463901e-06 
 1.23026877e+03 -9.89054601e-01  6.42079412e-06  1.09453989e-02  6.42079412e-06 
 1.25892541e+03 -9.89054601e-01  6.57035363e-06  1.09453989e-02  6.57035363e-06 
 1.28824955e+03 -9.89054601e-01  6.72339683e-06  1.09453989e-02  6.72339683e-06 
 1.31825674e+03 -9.89054601e-01  6.88000486e-06  1.09453989e-02  6.88000486e-06 
 1.34896288e+03 -9.89054601e-01  7.04026076e-06  1.09453989e-02  7.04026076e-06 
 1.38038426e+03 -9.89054601e-01  7.20424950e-06  1.09453989e-02  7.20424950e-06 
 1.41253754e+03 -9.89054601e-01  7.37205803e-06  1.09453989e-02  7.37205803e-06 
 1.44543977e+03 -9.89054601e-01  7.54377532e-06  1.09453989e-02  7.54377532e-06 
 1.47910839e+03 -9.89054601e-01  7.71949242e-06  1.09453989e-02  7.71949242e-06 
 1.51356125e+03 -9.89054601e-01  7.89930249e-06  1.09453989e-02  7.89930249e-06 
 1.54881662e+03 -9.89054601e-01  8.08330089e-06  1.09453989e-02  8.08330089e-06 
 1.58489319e+03 -9.89054601e-01  8.27158515e-06  1.09453989e-02  8.27158515e-06 
 1.62181010e+03 -9.89054601e-01  8.46425512e-06  1.09453989e-02  8.46425512e-06 
 1.65958691e+03 -9.89054601e-01  8.66141295e-06  1.09453989e-02  8.66141295e-06 
 1.69824365e+03 -9.89054601e-01  8.86316317e-06  1.09453989e-02  8.86316317e-06 
 1.73780083e+03 -9.89054601e-01  9.06961277e-06  1.09453989e-02  9.06961277e-06 
 1.77827941e+03 -9.89054601e-01  9.28087119e-06  1.09453989e-02  9.28087119e-06 
 1.81970086e+03 -9.89054601e-01  9.49705045e-06  1.09453990e-02  9.49705045e-06 
 1.86208714e+03 -9.89054601e-01  9.71826517e-06  1.09453990e-02  9.71826517e-06 
 1.90546072e+03 -9.89054601e-01  9.94463265e-06  1.09453990e-02  9.94463265e-06 
 1.94984460e+03 -9.89054601e-01  1.01762729e-05  1.09453990e-02  1.01762729e-05 
 1.99526231e+03 -9.89054601e-01  1.04133087e-05  1.09453990e-02  1.04133087e-05 
 2.04173794e+03 -9.89054601e-01  1.06558659e-05  1.09453990e-02  1.06558659e-05 
 2.08929613e+03 -9.89054601e-01  1.09040729e-05  1.09453990e-02  1.09040729e-05 
 2.13796209e+03 -9.89054601e-01  1.11580613e-05  1.09453990e-02  1.11580613e-05 
 2.18776162e+03 -9.89054601e-01  1.14179660e-05  1.09453990e-02  1.14179660e-05 
 2.23872114e+03 -9.89054601e-01  1.16839246e-05  1.09453990e-02  1.16839246e-05 
 2.29086765e+03 -9.89054601e-01  1.19560781e-05  1.09453990e-02  1.19560781e-05 
 2.34422882e+03 -9.89054601e-01  1.22345710e-05  1.09453990e-02  1.22345710e-05 
 2.39883292e+03 -9.89054601e-01  1.25195507e-05  1.09453990e-02  1.25195507e-05 
 2.45470892e+03 -9.89054601e-01  1.28111685e-05  1.09453990e-02  1.28111685e-05 
 2.51188643e+03 -9.89054601e-01  1.31095790e-05  1.09453990e-02  1.31095790e-05 
 2.57039578e+03 -9.89054601e-01  1.34149403e-05  1.09453990e-02  1.34149403e-05 
 2.63026799e+03 -9.89054601e-01  1.37274144e-05  1.09453990e-02  1.37274144e-05 
 2.69153480e+03 -9.89054601e-01  1.40471670e-05  1.09453990e-02  1.40471670e-05 
 2.75422870e+03 -9.89054601e-01  1.43743675e-05  1.09453990e-02  1.43743675e-05 
 2.81838293e+03 -9.89054601e-01  1.47091896e-05  1.09453990e-02  1.47091896e-05 
 2.88403150e+03 -9.89054601e-01  1.50518106e-05  1.09453990e-02  1.50518106e-05 
 2.95120923e+03 -9.89054601e-01  1.54024123e-05  1.09453990e-02  1.54024123e-05 
 3.01995172e+03 -9.89054601e-01  1.57611806e-05  1.09453990e-02  1.57611806e-05 
 3.09029543e+03 -9.89054601e-01  1.61283056e-05  1.09453990e-02  1.61283056e-05 
 3.16227766e+03 -9.89054601e-01  1.65039821e-05  1.09453990e-02  1.65039821e-05 
 3.23593657e+03 -9.89054601e-01  1.68884093e-05  1.09453990e-02  1.68884093e-05 
 3.31131121e+03 -9.89054601e-01  1.72817909e-05  1.09453990e-02  1.72817909e-05 
 3.38844156e+03 -9.89054601e-01  1.76843355e-05  1.09453991e-02  1.76843355e-05 
 3.46736850e+03 -9.89054601e-01  1.80962566e-05  1.09453991e-02  1.80962566e-05 
 3.54813389e+03 -9.89054601e-01  1.85177725e-05  1.09453991e-02  1.85177725e-05 
 3.63078055e+03 -9.89054601e-01  1.89491069e-05  1.09453991e-02  1.89491069e-05 
 3.71535229e+03 -9.89054601e-01  1.93904883e-05  1.09453991e-02  1.93904883e-05 
 3.80189396e+03 -9.89054601e-01  1.98421508e-05  1.09453991e-02  1.98421508e-05 
 3.89045145e+03 -9.89054601e-01  2.03043338e-05  1.09453991e-02  2.03043338e-05 
 3.98107171e+03 -9.89054601e-01  2.07772825e-05  1.09453991e-02  2.07772825e-05 
 4.07380278e+03 -9.89054601e-01  2.12612476e-05  1.09453991e-02  2.12612476e-05 
 4.16869383e+03 -9.89054601e-01  2.17564857e-05  1.09453991e-02  2.17564857e-05 
 4.26579519e+03 -9.89054601e-01  2.22632593e-05  1.09453991e-02  2.22632593e-05 
 4.36515832e+03 -9.89054601e-01  2.27818372e-05  1.09453992e-02  2.27818372e-05 
 4.46683592e+03 -9.89054601e-01  2.33124944e-05  1.09453992e-02  2.33124944e-05 
 4.57088190e+03 -9.89054601e-01  2.38555122e-05  1.09453992e-02  2.38555122e-05 
 4.67735141e+03 -9.89054601e-01  2.44111784e-05  1.09453992e-02  2.44111784e-05 
 4.78630092e+03 -9.89054601e-01  2.49797878e-05  1.09453992e-02  2.49797878e-05 
 4.89778819e+03 -9.89054601e-01  2.55616418e-05  1.09453992e-02  2.55616418e-05 
 5.01187234e+03 -9.89054601e-01  2.61570489e-05  1.09453992e-02  2.61570489e-05 
 5.12861384e+03 -9.89054601e-01  2.67663249e-05  1.09453992e-02  2.67663249e-05 
 5.24807460e+03 -9.89054601e-01  2.73897927e-05  1.09453993e-02  2.73897927e-05 
 5.37031796e+03 -9.89054601e-01  2.80277829e-05  1.09453993e-02  2.80277829e-05 
 5.49540874e+03 -9.89054601e-01  2.86806338e-05  1.09453993e-02  2.86806338e-05 
 5.62341325e+03 -9.89054601e-01  2.93486916e-05  1.09453993e-02  2.93486916e-05 
 5.75439937e+03 -9.89054601e-01  3.00323105e-05  1.09453993e-02  3.00323105e-05 
 5.88843655e+03 -9.89054601e-01  3.07318528e-05  1.09453994e-02  3.07318528e-05 
 6.02559586e+03 -9.89054601e-01  3.14476897e-05  1.09453994e-02  3.14476897e-05 
 6.16595002e+03 -9.89054601e-01  3.21802004e-05  1.09453994e-02  3.21802004e-05 
 6.30957344e+03 -9.89054601e-01  3.29297736e-05  1.09453994e-02  3.29297736e-05 
 6.45654229e+03 -9.89054601e-01  3.36968066e-05  1.09453994e-02  3.36968066e-05 
 6.60693448e+03 -9.89054601e-01  3.44817060e-05  1.09453995e-02  3.44817060e-05 
 6.76082975e+03 -9.89054601e-01  3.52848881e-05  1.09453995e-02  3.52848881e-05 
 6.91830971e+03 -9.89054600e-01  3.61067788e-05  1.09453995e-02  3.61067788e-05 
 7.07945784e+03 -9.89054600e-01  3.69478137e-05  1.09453996e-02  3.69478137e-05 
 7.24435960e+03 -9.89054600e-01  3.78084388e-05  1.09453996e-02  3.78084388e-05 
 7.41310241e+03 -9.89054600e-01  3.86891105e-05  1.09453996e-02  3.86891105e-05 
 7.58577575e+03 -9.89054600e-01  3.95902957e-05  1.09453996e-02  3.95902957e-05 
 7.76247117e+03 -9.89054600e-01  4.05124721e-05  1.09453997e-02  4.05124721e-05 
 7.94328235e+03 -9.89054600e-01  4.14561288e-05  1.09453997e-02  4.14561288e-05 
 8.12830516e+03 -9.89054600e-01  4.24217661e-05  1.09453998e-02  4.24217661e-05 
 8.31763771e+03 -9.89054600e-01  4.34098960e-05  1.09453998e-02  4.34098960e-05 
 8.51138038e+03 -9.89054600e-01  4.44210423e-05  1.09453998e-02  4.44210423e-05 
 8.70963590e+03 -9.89054600e-01  4.54557413e-05  1.09453999e-02  4.54557413e-05 
 8.91250938e+03 -9.89054600e-01  4.65145416e-05  1.09453999e-02  4.65145416e-05 
 9.12010839e+03 -9.89054600e-01  4.75980044e-05  1.09454000e-02  4.75980044e-05 
 9.33254301e+03 -9.89054600e-01  4.87067044e-05  1.09454000e-02  4.87067044e-05 
 9.54992586e+03 -9.89054600e-01  4.98412293e-05  1.09454001e-02  4.98412293e-05 
 9.77237221e+03 -9.89054600e-01  5.10021806e-05  1.09454001e-02  5.10021806e-05 
 1.00000000e+04 -9.89054600e-01  5.21901740e-05  1.09454002e-02  5.21901740e-05 
 1.02329299e+04 -9.89054600e-01  5.34058394e-05  1.09454002e-02  5.34058394e-05 
 1.04712855e+04 -9.89054600e-01  5.46498212e-05  1.09454003e-02  5.46498212e-05 
 1.07151931e+04 -9.89054600e-01  5.59227790e-05  1.09454004e-02  5.59227790e-05 
 1.09647820e+04 -9.89054600e-01  5.72253879e-05  1.09454004e-02  5.72253879e-05 
 1.12201845e+04 -9.89054599e-01  5.85583384e-05  1.09454005e-02  5.85583384e-05 
 1.14815362e+04 -9.89054599e-01  5.99223373e-05  1.09454006e-02  5.99223373e-05 
 1.17489755e+04 -9.89054599e-01  6.13181079e-05  1.09454007e-02  6.13181079e-05 
 1.20226443e+04 -9.89054599e-01  6.27463901e-05  1.09454008e-02  6.27463901e-05 
 1.23026877e+04 -9.89054599e-01  6.42079413e-05  1.09454008e-02  6.42079413e-05 
 1.25892541e+04 -9.89054599e-01  6.57035363e-05  1.09454009e-02  6.57035363e-05 
 1.28824955e+04 -9.89054599e-01  6.72339683e-05  1.09454010e-02  6.72339683e-05 
 1.31825674e+04 -9.89054599e-01  6.88000486e-05  1.09454011e-02  6.88000486e-05 
 1.34896288e+04 -9.89054599e-01  7.04026076e-05  1.09454012e-02  7.04026076e-05 
 1.38038426e+04 -9.89054599e-01  7.20424950e-05  1.09454013e-02  7.20424950e-05 
 1.41253754e+04 -9.89054599e-01  7.37205803e-05  1.09454015e-02  7.37205803e-05 
 1.44543977e+04 -9.89054598e-01  7.54377532e-05  1.09454016e-02  7.54377532e-05 
 1.47910839e+04 -9.89054598e-01  7.71949242e-05  1.09454017e-02  7.71949242e-05 
 1.51356125e+04 -9.89054598e-01  7.89930250e-05  1.09454018e-02  7.89930250e-05 
 1.54881662e+04 -9.89054598e-01  8.08330089e-05  1.09454020e-02  8.08330089e-05 
 1.58489319e+04 -9.89054598e-01  8.27158516e-05  1.09454021e-02  8.27158516e-05 
 1.62181010e+04 -9.89054598e-01  8.46425513e-05  1.09454023e-02  8.46425513e-05 
 1.65958691e+04 -9.89054598e-01  8.66141296e-05  1.09454024e-02  8.66141296e-05 
 1.69824365e+04 -9.89054597e-01  8.86316318e-05  1.09454026e-02  8.86316318e-05 
 1.73780083e+04 -9.89054597e-01  9.06961277e-05  1.09454028e-02  9.06961277e-05 
 1.77827941e+04 -9.89054597e-01  9.28087119e-05  1.09454030e-02  9.28087119e-05 
 1.81970086e+04 -9.89054597e-01  9.49705046e-05  1.09454031e-02  9.49705046e-05 
 1.86208714e+04 -9.89054597e-01  9.71826518e-05  1.09454033e-02  9.71826518e-05 
 1.90546072e+04 -9.89054596e-01  9.94463266e-05  1.09454036e-02  9.94463266e-05 
 1.94984460e+04 -9.89054596e-01  1.01762729e-04  1.09454038e-02  1.01762729e-04 
 1.99526231e+04 -9.89054596e-01  1.04133088e-04  1.09454040e-02  1.04133088e-04 
 2.04173794e+04 -9.89054596e-01  1.06558659e-04  1.09454042e-02  1.06558659e-04 
 2.08929613e+04 -9.89054596e-01  1.09040729e-04  1.09454045e-02  1.09040729e-04 
 2.13796209e+04 -9.89054595e-01  1.11580614e-04  1.09454048e-02  1.11580614e-04 
 2.18776162e+04 -9.89054595e-01  1.14179660e-04  1.09454050e-02  1.14179660e-04 
 2.23872114e+04 -9.89054595e-01  1.16839246e-04  1.09454053e-02  1.16839246e-04 
 2.29086765e+04 -9.89054594e-01  1.19560782e-04  1.09454056e-02  1.19560782e-04 
 2.34422882e+04 -9.89054594e-01  1.22345710e-04  1.09454059e-02  1.22345710e-04 
 2.39883292e+04 -9.89054594e-01  1.25195508e-04  1.09454063e-02  1.25195508e-04 
 2.45470892e+04 -9.89054593e-01  1.28111686e-04  1.09454066e-02  1.28111686e-04 
 2.51188643e+04 -9.89054593e-01  1.31095790e-04  1.09454070e-02  1.31095790e-04 
 2.57039578e+04 -9.89054593e-01  1.34149403e-04  1.09454074e-02  1.34149403e-04 
 2.63026799e+04 -9.89054592e-01  1.37274144e-04  1.09454078e-02  1.37274144e-04 
 2.69153480e+04 -9.89054592e-01  1.40471670e-04  1.09454082e-02  1.40471670e-04 
 2.75422870e+04 -9.89054591e-01  1.43743676e-04  1.09454086e-02  1.43743676e-04 
 2.81838293e+04 -9.89054591e-01  1.47091896e-04  1.09454091e-02  1.47091896e-04 
 2.88403150e+04 -9.89054590e-01  1.50518106e-04  1.09454096e-02  1.50518106e-04 
 2.95120923e+04 -9.89054590e-01  1.54024123e-04  1.09454101e-02  1.54024123e-04 
 3.01995172e+04 -9.89054589e-01  1.57611806e-04  1.09454106e-02  1.57611806e-04 
 3.09029543e+04 -9.89054589e-01  1.61283057e-04  1.09454111e-02  1.61283057e-04 
 3.16227766e+04 -9.89054588e-01  1.65039822e-04  1.09454117e-02  1.65039822e-04 
 3.23593657e+04 -9.89054588e-01  1.68884093e-04  1.09454123e-02  1.68884093e-04 
 3.31131121e+04 -9.89054587e-01  1.72817909e-04  1.09454129e-02  1.72817909e-04 
 3.38844156e+04 -9.89054586e-01  1.76843355e-04  1.09454136e-02  1.76843355e-04 
 3.46736850e+04 -9.89054586e-01  1.80962566e-04  1.09454143e-02  1.80962566e-04 
 3.54813389e+04 -9.89054585e-01  1.85177726e-04  1.09454150e-02  1.85177726e-04 
 3.63078055e+04 -9.89054584e-01  1.89491069e-04  1.09454158e-02  1.89491069e-04 
 3.71535229e+04 -9.89054583e-01  1.93904883e-04  1.09454166e-02  1.93904883e-04 
 3.80189396e+04 -9.89054583e-01  1.98421508e-04  1.09454174e-02  1.98421508e-04 
 3.89045145e+04 -9.89054582e-01  2.03043339e-04  1.09454183e-02  2.03043339e-04 
 3.98107171e+04 -9.89054581e-01  2.07772826e-04  1.09454192e-02  2.07772826e-04 
 4.07380278e+04 -9.89054580e-01  2.12612477e-04  1.09454201e-02  2.12612477e-04 
 4.16869383e+04 -9.89054579e-01  2.17564858e-04  1.09454211e-02  2.17564858e-04 
 4.26579519e+04 -9.89054578e-01  2.22632594e-04  1.09454222e-02  2.22632594e-04 
 4.36515832e+04 -9.89054577e-01  2.27818374e-04  1.09454233e-02  2.27818374e-04 
 4.46683592e+04 -9.89054576e-01  2.33124945e-04  1.09454244e-02  2.33124945e-04 
 4.57088190e+04 -9.89054574e-01  2.38555123e-04  1.09454256e-02  2.38555123e-04 
 4.67735141e+04 -9.89054573e-01  2.44111786e-04  1.09454269e-02  2.44111786e-04 
 4.78630092e+04 -9.89054572e-01  2.49797880e-04  1.09454282e-02  2.49797880e-04 
 4.89778819e+04 -9.89054570e-01  2.55616420e-04  1.09454296e-02  2.55616420e-04 
 5.01187234e+04 -9.89054569e-01  2.61570491e-04  1.09454310e-02  2.61570491e-04 
 5.12861384e+04 -9.89054567e-01  2.67663251e-04  1.09454326e-02  2.67663251e-04 
 5.24807460e+04 -9.89054566e-01  2.73897929e-04  1.09454341e-02  2.73897929e-04 
 5.37031796e+04 -9.89054564e-01  2.80277831e-04  1.09454358e-02  2.80277831e-04 
 5.49540874e+04 -9.89054562e-01  2.86806341e-04  1.09454375e-02  2.86806341e-04 
 5.62341325e+04 -9.89054561e-01  2.93486919e-04  1.09454394e-02  2.93486919e-04 
 5.75439937e+04 -9.89054559e-01  3.00323107e-04  1.09454413e-02  3.00323107e-04 
 5.88843655e+04 -9.89054557e-01  3.07318531e-04  1.09454433e-02  3.07318531e-04 
 6.02559586e+04 -9.89054555e-01  3.14476900e-04  1.09454454e-02  3.14476900e-04 
 6.16595002e+04 -9.89054552e-01  3.21802008e-04  1.09454475e-02  3.21802008e-04 
 6.30957344e+04 -9.89054550e-01  3.29297740e-04  1.09454498e-02  3.29297740e-04 
 6.45654229e+04 -9.89054548e-01  3.36968069e-04  1.09454522e-02  3.36968069e-04 
 6.60693448e+04 -9.89054545e-01  3.44817064e-04  1.09454548e-02  3.44817064e-04 
 6.76082975e+04 -9.89054543e-01  3.52848886e-04  1.09454574e-02  3.52848886e-04 
 6.91830971e+04 -9.89054540e-01  3.61067792e-04  1.09454601e-02  3.61067792e-04 
 7.07945784e+04 -9.89054537e-01  3.69478142e-04  1.09454630e-02  3.69478142e-04 
 7.24435960e+04 -9.89054534e-01  3.78084394e-04  1.09454661e-02  3.78084394e-04 
 7.41310241e+04 -9.89054531e-01  3.86891111e-04  1.09454692e-02  3.86891111e-04 
 7.58577575e+04 -9.89054527e-01  3.95902963e-04  1.09454725e-02  3.95902963e-04 
 7.76247117e+04 -9.89054524e-01  4.05124728e-04  1.09454760e-02  4.05124728e-04 
 7.94328235e+04 -9.89054520e-01  4.14561295e-04  1.09454796e-02  4.14561295e-04 
 8.12830516e+04 -9.89054517e-01  4.24217668e-04  1.09454834e-02  4.24217668e-04 
 8.31763771e+04 -9.89054513e-01  4.34098968e-04  1.09454874e-02  4.34098968e-04 
 8.51138038e+04 -9.89054508e-01  4.44210432e-04  1.09454916e-02  4.44210432e-04 
 8.70963590e+04 -9.89054504e-01  4.54557423e-04  1.09454960e-02  4.54557423e-04 
 8.91250938e+04 -9.89054499e-01  4.65145425e-04  1.09455005e-02  4.65145425e-04 
 9.12010839e+04 -9.89054495e-01  4.75980055e-04  1.09455053e-02  4.75980055e-04 
 9.33254301e+04 -9.89054490e-01  4.87067055e-04  1.09455103e-02  4.87067055e-04 
 9.54992586e+04 -9.89054484e-01  4.98412305e-04  1.09455156e-02  4.98412305e-04 
 9.77237221e+04 -9.89054479e-01  5.10021819e-04  1.09455211e-02  5.10021819e-04 
 1.00000000e+05 -9.89054473e-01  5.21901754e-04  1.09455268e-02  5.21901754e-04 
 1.02329299e+05 -9.89054467e-01  5.34058408e-04  1.09455329e-02  5.34058408e-04 
 1.04712855e+05 -9.89054461e-01  5.46498228e-04  1.09455392e-02  5.46498228e-04 
 1.07151931e+05 -9.89054454e-01  5.59227807e-04  1.09455458e-02  5.59227807e-04 
 1.09647820e+05 -9.89054447e-01  5.72253897e-04  1.09455527e-02  5.72253897e-04 
 1.12201845e+05 -9.89054440e-01  5.85583404e-04  1.09455600e-02  5.85583404e-04 
 1.14815362e+05 -9.89054432e-01  5.99223394e-04  1.09455676e-02  5.99223394e-04 
 1.17489755e+05 -9.89054424e-01  6.13181101e-04  1.09455755e-02  6.13181101e-04 
 1.20226443e+05 -9.89054416e-01  6.27463925e-04  1.09455838e-02  6.27463925e-04 
 1.23026877e+05 -9.89054407e-01  6.42079439e-04  1.09455925e-02  6.42079439e-04 
 1.25892541e+05 -9.89054398e-01  6.57035391e-04  1.09456017e-02  6.57035391e-04 
 1.28824955e+05 -9.89054389e-01  6.72339713e-04  1.09456112e-02  6.72339713e-04 
 1.31825674e+05 -9.89054379e-01  6.88000518e-04  1.09456212e-02  6.88000518e-04 
 1.34896288e+05 -9.89054368e-01  7.04026110e-04  1.09456317e-02  7.04026110e-04 
 1.38038426e+05 -9.89054357e-01  7.20424987e-04  1.09456427e-02  7.20424987e-04 
 1.41253754e+05 -9.89054346e-01  7.37205842e-04  1.09456542e-02  7.37205842e-04 
 1.44543977e+05 -9.89054334e-01  7.54377574e-04  1.09456662e-02  7.54377574e-04 
 1.47910839e+05 -9.89054321e-01  7.71949287e-04  1.09456788e-02  7.71949287e-04 
 1.51356125e+05 -9.89054308e-01  7.89930298e-04  1.09456920e-02  7.89930298e-04 
 1.54881662e+05 -9.89054294e-01  8.08330141e-04  1.09457058e-02  8.08330141e-04 
 1.58489319e+05 -9.89054280e-01  8.27158571e-04  1.09457203e-02  8.27158571e-04 
 1.62181010e+05 -9.89054265e-01  8.46425572e-04  1.09457354e-02  8.46425572e-04 
 1.65958691e+05 -9.89054249e-01  8.66141359e-04  1.09457513e-02  8.66141359e-04 
 1.69824365e+05 -9.89054232e-01  8.86316386e-04  1.09457679e-02  8.86316386e-04 
 1.73780083e+05 -9.89054215e-01  9.06961350e-04  1.09457853e-02  9.06961350e-04 
 1.77827941e+05 -9.89054197e-01  9.28087198e-04  1.09458035e-02  9.28087198e-04 
 1.81970086e+05 -9.89054177e-01  9.49705129e-04  1.09458225e-02  9.49705129e-04 
 1.86208714e+05 -9.89054157e-01  9.71826608e-04  1.09458425e-02  9.71826608e-04 
 1.90546072e+05 -9.89054137e-01  9.94463362e-04  1.09458634e-02  9.94463362e-04 
 1.94984460e+05 -9.89054115e-01  1.01762739e-03  1.09458853e-02  1.01762739e-03 
 1.99526231e+05 -9.89054092e-01  1.04133099e-03  1.09459082e-02  1.04133099e-03 
 2.04173794e+05 -9.89054068e-01  1.06558671e-03  1.09459322e-02  1.06558671e-03 
 2.08929613e+05 -9.89054043e-01  1.09040741e-03  1.09459574e-02  1.09040741e-03 
 2.13796209e+05 -9.89054016e-01  1.11580627e-03  1.09459837e-02  1.11580627e-03 
 2.18776162e+05 -9.89053989e-01  1.14179675e-03  1.09460113e-02  1.14179675e-03 
 2.23872114e+05 -9.89053960e-01  1.16839262e-03  1.09460401e-02  1.16839262e-03 
 2.29086765e+05 -9.89053930e-01  1.19560798e-03  1.09460703e-02  1.19560798e-03 
 2.34422882e+05 -9.89053898e-01  1.22345728e-03  1.09461020e-02  1.22345728e-03 
 2.39883292e+05 -9.89053865e-01  1.25195527e-03  1.09461351e-02  1.25195527e-03 
 2.45470892e+05 -9.89053830e-01  1.28111706e-03  1.09461698e-02  1.28111706e-03 
 2.51188643e+05 -9.89053794e-01  1.31095812e-03  1.09462061e-02  1.31095812e-03 
 2.57039578e+05 -9.89053756e-01  1.34149427e-03  1.09462442e-02  1.34149427e-03 
 2.63026799e+05 -9.89053716e-01  1.37274170e-03  1.09462840e-02  1.37274170e-03 
 2.69153480e+05 -9.89053674e-01  1.40471697e-03  1.09463257e-02  1.40471697e-03 
 2.75422870e+05 -9.89053631e-01  1.43743705e-03  1.09463694e-02  1.43743705e-03 
 2.81838293e+05 -9.89053585e-01  1.47091927e-03  1.09464152e-02  1.47091927e-03 
 2.88403150e+05 -9.89053537e-01  1.50518140e-03  1.09464630e-02  1.50518140e-03 
 2.95120923e+05 -9.89053487e-01  1.54024159e-03  1.09465132e-02  1.54024159e-03 
 3.01995172e+05 -9.89053434e-01  1.57611844e-03  1.09465657e-02  1.57611844e-03 
 3.09029543e+05 -9.89053379e-01  1.61283098e-03  1.09466207e-02  1.61283098e-03 
 3.16227766e+05 -9.89053322e-01  1.65039866e-03  1.09466783e-02  1.65039866e-03 
 3.23593657e+05 -9.89053261e-01  1.68884140e-03  1.09467386e-02  1.68884140e-03 
 3.31131121e+05 -9.89053198e-01  1.72817960e-03  1.09468017e-02  1.72817960e-03 
 3.38844156e+05 -9.89053132e-01  1.76843409e-03  1.09468678e-02  1.76843409e-03 
 3.46736850e+05 -9.89053063e-01  1.80962624e-03  1.09469371e-02  1.80962624e-03 
 3.54813389e+05 -9.89052990e-01  1.85177788e-03  1.09470095e-02  1.85177788e-03 
 3.63078055e+05 -9.89052915e-01  1.89491136e-03  1.09470855e-02  1.89491136e-03 
 3.71535229e+05 -9.89052835e-01  1.93904955e-03  1.09471649e-02  1.93904955e-03 
 3.80189396e+05 -9.89052752e-01  1.98421585e-03  1.09472482e-02  1.98421585e-03 
 3.89045145e+05 -9.89052665e-01  2.03043421e-03  1.09473353e-02  2.03043421e-03 
 3.98107171e+05 -9.89052573e-01  2.07772914e-03  1.09474266e-02  2.07772914e-03 
 4.07380278e+05 -9.89052478e-01  2.12612571e-03  1.09475221e-02  2.12612571e-03 
 4.16869383e+05 -9.89052378e-01  2.17564958e-03  1.09476222e-02  2.17564958e-03 
 4.26579519e+05 -9.89052273e-01  2.22632702e-03  1.09477270e-02  2.22632702e-03 
 4.36515832e+05 -9.89052163e-01  2.27818489e-03  1.09478367e-02  2.27818489e-03 
 4.46683592e+05 -9.89052048e-01  2.33125069e-03  1.09479516e-02  2.33125069e-03 
 4.57088190e+05 -9.89051928e-01  2.38555256e-03  1.09480719e-02  2.38555256e-03 
 4.67735141e+05 -9.89051802e-01  2.44111928e-03  1.09481979e-02  2.44111928e-03 
 4.78630092e+05 -9.89051670e-01  2.49798032e-03  1.09483298e-02  2.49798032e-03 
 4.89778819e+05 -9.89051532e-01  2.55616583e-03  1.09484679e-02  2.55616583e-03 
 5.01187234e+05 -9.89051387e-01  2.61570666e-03  1.09486126e-02  2.61570666e-03 
 5.12861384e+05 -9.89051236e-01  2.67663438e-03  1.09487640e-02  2.67663438e-03 
 5.24807460e+05 -9.89051077e-01  2.73898130e-03  1.09489226e-02  2.73898130e-03 
 5.37031796e+05 -9.89050911e-01  2.80278046e-03  1.09490887e-02  2.80278046e-03 
 5.49540874e+05 -9.89050737e-01  2.86806571e-03  1.09492626e-02  2.86806571e-03 
 5.62341325e+05 -9.89050555e-01  2.93487166e-03  1.09494447e-02  2.93487166e-03 
 5.75439937e+05 -9.89050365e-01  3.00323372e-03  1.09496353e-02  3.00323372e-03 
 5.88843655e+05 -9.89050165e-01  3.07318815e-03  1.09498350e-02  3.07318815e-03 
 6.02559586e+05 -9.89049956e-01  3.14477204e-03  1.09500441e-02  3.14477204e-03 
 6.16595002e+05 -9.89049737e-01  3.21802334e-03  1.09502630e-02  3.21802334e-03 
 6.30957344e+05 -9.89049508e-01  3.29298089e-03  1.09504922e-02  3.29298089e-03 
 6.45654229e+05 -9.89049268e-01  3.36968444e-03  1.09507323e-02  3.36968444e-03 
 6.60693448e+05 -9.89049016e-01  3.44817465e-03  1.09509836e-02  3.44817465e-03 
 6.76082975e+05 -9.89048753e-01  3.52849315e-03  1.09512468e-02  3.52849315e-03 
 6.91830971e+05 -9.89048478e-01  3.61068252e-03  1.09515224e-02  3.61068252e-03 
 7.07945784e+05 -9.89048189e-01  3.69478635e-03  1.09518110e-02  3.69478635e-03 
 7.24435960e+05 -9.89047887e-01  3.78084922e-03  1.09521132e-02  3.78084922e-03 
 7.41310241e+05 -9.89047570e-01  3.86891677e-03  1.09524296e-02  3.86891677e-03 
 7.58577575e+05 -9.89047239e-01  3.95903569e-03  1.09527610e-02  3.95903569e-03 
 7.76247117e+05 -9.89046892e-01  4.05125378e-03  1.09531080e-02  4.05125378e-03 
 7.94328235e+05 -9.89046529e-01  4.14561992e-03  1.09534713e-02  4.14561992e-03 
 8.12830516e+05 -9.89046148e-01  4.24218415e-03  1.09538517e-02  4.24218415e-03 
 8.31763771e+05 -9.89045750e-01  4.34099767e-03  1.09542501e-02  4.34099767e-03 
 8.51138038e+05 -9.89045333e-01  4.44211289e-03  1.09546673e-02  4.44211289e-03 
 8.70963590e+05 -9.89044896e-01  4.54558341e-03  1.09551041e-02  4.54558341e-03 
 8.91250938e+05 -9.89044439e-01  4.65146409e-03  1.09555615e-02  4.65146409e-03 
 9.12010839e+05 -9.89043960e-01  4.75981109e-03  1.09560404e-02  4.75981109e-03 
 9.33254301e+05 -9.89043458e-01  4.87068185e-03  1.09565420e-02  4.87068185e-03 
 9.54992586e+05 -9.89042933e-01  4.98413515e-03  1.09570671e-02  4.98413515e-03 
 9.77237221e+05 -9.89042383e-01  5.10023116e-03  1.09576170e-02  5.10023116e-03 
 1.00000000e+06 -9.89041807e-01  5.21903144e-03  1.09581929e-02  5.21903144e-03 
 1.02329299e+06 -9.89041204e-01  5.34059898e-03  1.09587958e-02  5.34059898e-03 
 1.04712855e+06 -9.89040573e-01  5.46499823e-03  1.09594272e-02  5.46499823e-03 
 1.07151931e+06 -9.89039912e-01  5.59229517e-03  1.09600884e-02  5.59229517e-03 
 1.09647820e+06 -9.89039219e-01  5.72255729e-03  1.09607807e-02  5.72255729e-03 
 1.12201845e+06 -9.89038494e-01  5.85585367e-03  1.09615056e-02  5.85585367e-03 
 1.14815362e+06 -9.89037735e-01  5.99225498e-03  1.09622647e-02  5.99225498e-03 
 1.17489755e+06 -9.89036940e-01  6.13183355e-03  1.09630596e-02  6.13183355e-03 
 1.20226443e+06 -9.89036108e-01  6.27466340e-03  1.09638920e-02  6.27466340e-03 
 1.23026877e+06 -9.89035236e-01  6.42082026e-03  1.09647636e-02  6.42082026e-03 
 1.25892541e+06 -9.89034324e-01  6.57038164e-03  1.09656762e-02  6.57038164e-03 
 1.28824955e+06 -9.89033368e-01  6.72342684e-03  1.09666319e-02  6.72342684e-03 
 1.31825674e+06 -9.89032367e-01  6.88003701e-03  1.09676326e-02  6.88003701e-03 
 1.34896288e+06 -9.89031320e-01  7.04029521e-03  1.09686805e-02  7.04029521e-03 
 1.38038426e+06 -9.89030222e-01  7.20428642e-03  1.09697777e-02  7.20428642e-03 
 1.41253754e+06 -9.89029073e-01  7.37209759e-03  1.09709267e-02  7.37209759e-03 
 1.44543977e+06 -9.89027870e-01  7.54381771e-03  1.09721299e-02  7.54381771e-03 
 1.47910839e+06 -9.89026610e-01  7.71953784e-03  1.09733897e-02  7.71953784e-03 
 1.51356125e+06 -9.89025291e-01  7.89935116e-03  1.09747089e-02  7.89935116e-03 
 1.54881662e+06 -9.89023910e-01  8.08335303e-03  1.09760904e-02  8.08335303e-03 
 1.58489319e+06 -9.89022463e-01  8.27164103e-03  1.09775369e-02  8.27164103e-03 
 1.62181010e+06 -9.89020948e-01  8.46431499e-03  1.09790516e-02  8.46431499e-03 
 1.65958691e+06 -9.89019362e-01  8.66147710e-03  1.09806377e-02  8.66147710e-03 
 1.69824365e+06 -9.89017701e-01  8.86323192e-03  1.09822985e-02  8.86323192e-03 
 1.73780083e+06 -9.89015962e-01  9.06968642e-03  1.09840376e-02  9.06968642e-03 
 1.77827941e+06 -9.89014141e-01  9.28095011e-03  1.09858587e-02  9.28095011e-03 
 1.81970086e+06 -9.89012234e-01  9.49713502e-03  1.09877657e-02  9.49713502e-03 
 1.86208714e+06 -9.89010237e-01  9.71835578e-03  1.09897625e-02  9.71835578e-03 
 1.90546072e+06 -9.89008147e-01  9.94472974e-03  1.09918535e-02  9.94472974e-03 
 1.94984460e+06 -9.89005957e-01  1.01763769e-02  1.09940430e-02  1.01763769e-02 
 1.99526231e+06 -9.89003664e-01  1.04134202e-02  1.09963357e-02  1.04134202e-02 
 2.04173794e+06 -9.89001264e-01  1.06559853e-02  1.09987365e-02  1.06559853e-02 
 2.08929613e+06 -9.88998750e-01  1.09042009e-02  1.10012504e-02  1.09042009e-02 
 2.13796209e+06 -9.88996117e-01  1.11581985e-02  1.10038828e-02  1.11581985e-02 
 2.18776162e+06 -9.88993361e-01  1.14181129e-02  1.10066394e-02  1.14181129e-02 
 2.23872114e+06 -9.88990474e-01  1.16840820e-02  1.10095259e-02  1.16840820e-02 
 2.29086765e+06 -9.88987452e-01  1.19562469e-02  1.10125484e-02  1.19562469e-02 
 2.34422882e+06 -9.88984287e-01  1.22347518e-02  1.10157134e-02  1.22347518e-02 
 2.39883292e+06 -9.88980972e-01  1.25197444e-02  1.10190276e-02  1.25197444e-02 
 2.45470892e+06 -9.88977502e-01  1.28113761e-02  1.10224981e-02  1.28113761e-02 
 2.51188643e+06 -9.88973868e-01  1.31098014e-02  1.10261321e-02  1.31098014e-02 
 2.57039578e+06 -9.88970063e-01  1.34151786e-02  1.10299374e-02  1.34151786e-02 
 2.63026799e+06 -9.88966078e-01  1.37276697e-02  1.10339222e-02  1.37276697e-02 
 2.69153480e+06 -9.88961905e-01  1.40474406e-02  1.10380948e-02  1.40474406e-02 
 2.75422870e+06 -9.88957536e-01  1.43746607e-02  1.10424641e-02  1.43746607e-02 
 2.81838293e+06 -9.88952961e-01  1.47095036e-02  1.10470394e-02  1.47095036e-02 
 2.88403150e+06 -9.88948170e-01  1.50521471e-02  1.10518303e-02  1.50521471e-02 
 2.95120923e+06 -9.88943153e-01  1.54027729e-02  1.10568472e-02  1.54027729e-02 
 3.01995172e+06 -9.88937899e-01  1.57615670e-02  1.10621006e-02  1.57615670e-02 
 3.09029543e+06 -9.88932398e-01  1.61287196e-02  1.10676016e-02  1.61287196e-02 
 3.16227766e+06 -9.88926638e-01  1.65044257e-02  1.10733620e-02  1.65044257e-02 
 3.23593657e+06 -9.88920606e-01  1.68888846e-02  1.10793940e-02  1.68888846e-02 
 3.31131121e+06 -9.88914290e-01  1.72823001e-02  1.10857105e-02  1.72823001e-02 
 3.38844156e+06 -9.88907675e-01  1.76848811e-02  1.10923247e-02  1.76848811e-02 
 3.46736850e+06 -9.88900749e-01  1.80968412e-02  1.10992508e-02  1.80968412e-02 
 3.54813389e+06 -9.88893497e-01  1.85183990e-02  1.11065035e-02  1.85183990e-02 
 3.63078055e+06 -9.88885902e-01  1.89497781e-02  1.11140981e-02  1.89497781e-02 
 3.71535229e+06 -9.88877949e-01  1.93912075e-02  1.11220509e-02  1.93912075e-02 
 3.80189396e+06 -9.88869621e-01  1.98429213e-02  1.11303787e-02  1.98429213e-02 
 3.89045145e+06 -9.88860901e-01  2.03051595e-02  1.11390993e-02  2.03051595e-02 
 3.98107171e+06 -9.88851769e-01  2.07781672e-02  1.11482310e-02  2.07781672e-02 
 4.07380278e+06 -9.88842207e-01  2.12621955e-02  1.11577935e-02  2.12621955e-02 
 4.16869383e+06 -9.88832193e-01  2.17575013e-02  1.11678069e-02  2.17575013e-02 
 4.26579519e+06 -9.88821707e-01  2.22643475e-02  1.11782925e-02  2.22643475e-02 
 4.36515832e+06 -9.88810727e-01  2.27830032e-02  1.11892728e-02  2.27830032e-02 
 4.46683592e+06 -9.88799229e-01  2.33137436e-02  1.12007709e-02  2.33137436e-02 
 4.57088190e+06 -9.88787189e-01  2.38568506e-02  1.12128113e-02  2.38568506e-02 
 4.67735141e+06 -9.88774580e-01  2.44126125e-02  1.12254197e-02  2.44126125e-02 
 4.78630092e+06 -9.88761377e-01  2.49813243e-02  1.12386229e-02  2.49813243e-02 
 4.89778819e+06 -9.88747551e-01  2.55632881e-02  1.12524488e-02  2.55632881e-02 
 5.01187234e+06 -9.88733073e-01  2.61588128e-02  1.12669271e-02  2.61588128e-02 
 5.12861384e+06 -9.88717912e-01  2.67682147e-02  1.12820884e-02  2.67682147e-02 
 5.24807460e+06 -9.88702035e-01  2.73918175e-02  1.12979650e-02  2.73918175e-02 
 5.37031796e+06 -9.88685409e-01  2.80299523e-02  1.13145907e-02  2.80299523e-02 
 5.49540874e+06 -9.88667999e-01  2.86829581e-02  1.13320009e-02  2.86829581e-02 
 5.62341325e+06 -9.88649767e-01  2.93511818e-02  1.13502327e-02  2.93511818e-02 
 5.75439937e+06 -9.88630675e-01  3.00349785e-02  1.13693248e-02  3.00349785e-02 
 5.88843655e+06 -9.88610682e-01  3.07347113e-02  1.13893180e-02  3.07347113e-02 
 6.02559586e+06 -9.88589745e-01  3.14507522e-02  1.14102548e-02  3.14507522e-02 
 6.16595002e+06 -9.88567820e-01  3.21834815e-02  1.14321798e-02  3.21834815e-02 
 6.30957344e+06 -9.88544860e-01  3.29332889e-02  1.14551397e-02  3.29332889e-02 
 6.45654229e+06 -9.88520816e-01  3.37005727e-02  1.14791835e-02  3.37005727e-02 
 6.60693448e+06 -9.88495638e-01  3.44857409e-02  1.15043624e-02  3.44857409e-02 
 6.76082975e+06 -9.88469270e-01  3.52892109e-02  1.15307302e-02  3.52892109e-02 
 6.91830971e+06 -9.88441657e-01  3.61114098e-02  1.15583430e-02  3.61114098e-02 
 7.07945784e+06 -9.88412740e-01  3.69527751e-02  1.15872597e-02  3.69527751e-02 
 7.24435960e+06 -9.88382458e-01  3.78137541e-02  1.16175421e-02  3.78137541e-02 
 7.41310241e+06 -9.88350745e-01  3.86948048e-02  1.16492547e-02  3.86948048e-02 
 7.58577575e+06 -9.88317535e-01  3.95963959e-02  1.16824654e-02  3.95963959e-02 
 7.76247117e+06 -9.88282755e-01  4.05190073e-02  1.17172450e-02  4.05190073e-02 
 7.94328235e+06 -9.88246332e-01  4.14631298e-02  1.17536678e-02  4.14631298e-02 
 8.12830516e+06 -9.88208188e-01  4.24292660e-02  1.17918117e-02  4.24292660e-02 
 8.31763771e+06 -9.88168242e-01  4.34179303e-02  1.18317583e-02  4.34179303e-02 
 8.51138038e+06 -9.88126407e-01  4.44296491e-02  1.18735928e-02  4.44296491e-02 
 8.70963590e+06 -9.88082595e-01  4.54649612e-02  1.19174050e-02  4.54649612e-02 
 8.91250938e+06 -9.88036712e-01  4.65244180e-02  1.19632885e-02  4.65244180e-02 
 9.12010839e+06 -9.87988658e-01  4.76085841e-02  1.20113415e-02  4.76085841e-02 
 9.33254301e+06 -9.87938333e-01  4.87180372e-02  1.20616671e-02  4.87180372e-02 
 9.54992586e+06 -9.87885627e-01  4.98533686e-02  1.21143730e-02  4.98533686e-02 
 9.77237221e+06 -9.87830428e-01  5.10151838e-02  1.21695723e-02  5.10151838e-02 
 1.00000000e+07 -9.87772617e-01  5.22041022e-02  1.22273835e-02  5.22041022e-02 
 1.02329299e+07 -9.87712069e-01  5.34207580e-02  1.22879305e-02  5.34207580e-02 
 1.04712855e+07 -9.87648657e-01  5.46658006e-02  1.23513435e-02  5.46658006e-02 
 1.07151931e+07 -9.87582241e-01  5.59398942e-02  1.24177586e-02  5.59398942e-02 
 1.09647820e+07 -9.87512681e-01  5.72437193e-02  1.24873188e-02  5.72437193e-02 
 1.12201845e+07 -9.87439826e-01  5.85779720e-02  1.25601736e-02  5.85779720e-02 
 1.14815362e+07 -9.87363520e-01  5.99433652e-02  1.26364799e-02  5.99433652e-02 
 1.17489755e+07 -9.87283598e-01  6.13406285e-02  1.27164021e-02  6.13406285e-02 
 1.20226443e+07 -9.87199887e-01  6.27705089e-02  1.28001125e-02  6.27705089e-02 
 1.23026877e+07 -9.87112208e-01  6.42337711e-02  1.28877918e-02  6.42337711e-02 
 1.25892541e+07 -9.87020371e-01  6.57311978e-02  1.29796292e-02  6.57311978e-02 
 1.28824955e+07 -9.86924177e-01  6.72635904e-02  1.30758232e-02  6.72635904e-02 
 1.31825674e+07 -9.86823418e-01  6.88317695e-02  1.31765819e-02  6.88317695e-02 
 1.34896288e+07 -9.86717877e-01  7.04365749e-02  1.32821234e-02  7.04365749e-02 
 1.38038426e+07 -9.86607324e-01  7.20788667e-02  1.33926764e-02  7.20788667e-02 
 1.41253754e+07 -9.86491519e-01  7.37595253e-02  1.35084807e-02  7.37595253e-02 
 1.44543977e+07 -9.86370212e-01  7.54794522e-02  1.36297878e-02  7.54794522e-02 
 1.47910839e+07 -9.86243139e-01  7.72395702e-02  1.37568613e-02  7.72395702e-02 
 1.51356125e+07 -9.86110022e-01  7.90408245e-02  1.38899777e-02  7.90408245e-02 
 1.54881662e+07 -9.85970573e-01  8.08841827e-02  1.40294271e-02  8.08841827e-02 
 1.58489319e+07 -9.85824486e-01  8.27706355e-02  1.41755137e-02  8.27706355e-02 
 1.62181010e+07 -9.85671444e-01  8.47011975e-02  1.43285564e-02  8.47011975e-02 
 1.65958691e+07 -9.85511110e-01  8.66769074e-02  1.44888900e-02  8.66769074e-02 
 1.69824365e+07 -9.85343134e-01  8.86988291e-02  1.46568656e-02  8.86988291e-02 
 1.73780083e+07 -9.85167148e-01  9.07680520e-02  1.48328517e-02  9.07680520e-02 
 1.77827941e+07 -9.84982765e-01  9.28856916e-02  1.50172347e-02  9.28856916e-02 
 1.81970086e+07 -9.84789580e-01  9.50528903e-02  1.52104204e-02  9.50528903e-02 
 1.86208714e+07 -9.84587166e-01  9.72708182e-02  1.54128345e-02  9.72708182e-02 
 1.90546072e+07 -9.84375076e-01  9.95406733e-02  1.56249237e-02  9.95406733e-02 
 1.94984460e+07 -9.84152843e-01  1.01863683e-01  1.58471571e-02  1.01863683e-01 
 1.99526231e+07 -9.83919973e-01  1.04241104e-01  1.60800271e-02  1.04241104e-01 
 2.04173794e+07 -9.83675949e-01  1.06674223e-01  1.63240506e-02  1.06674223e-01 
 2.08929613e+07 -9.83420230e-01  1.09164360e-01  1.65797704e-02  1.09164360e-01 
 2.13796209e+07 -9.83152243e-01  1.11712864e-01  1.68477566e-02  1.11712864e-01 
 2.18776162e+07 -9.82871392e-01  1.14321118e-01  1.71286078e-02  1.14321118e-01 
 2.23872114e+07 -9.82577047e-01  1.16990540e-01  1.74229531e-02  1.16990540e-01 
 2.29086765e+07 -9.82268547e-01  1.19722581e-01  1.77314530e-02  1.19722581e-01 
 2.34422882e+07 -9.81945198e-01  1.22518727e-01  1.80548019e-02  1.22518727e-01 
 2.39883292e+07 -9.81606271e-01  1.25380502e-01  1.83937291e-02  1.25380502e-01 
 2.45470892e+07 -9.81250999e-01  1.28309465e-01  1.87490015e-02  1.28309465e-01 
 2.51188643e+07 -9.80878575e-01  1.31307214e-01  1.91214250e-02  1.31307214e-01 
 2.57039578e+07 -9.80488153e-01  1.34375386e-01  1.95118470e-02  1.34375386e-01 
 2.63026799e+07 -9.80078841e-01  1.37515659e-01  1.99211586e-02  1.37515659e-01 
 2.69153480e+07 -9.79649703e-01  1.40729750e-01  2.03502968e-02  1.40729750e-01 
 2.75422870e+07 -9.79199753e-01  1.44019419e-01  2.08002474e-02  1.44019419e-01 
 2.81838293e+07 -9.78727952e-01  1.47386468e-01  2.12720475e-02  1.47386468e-01 
 2.88403150e+07 -9.78233212e-01  1.50832745e-01  2.17667885e-02  1.50832745e-01 
 2.95120923e+07 -9.77714381e-01  1.54360141e-01  2.22856189e-02  1.54360141e-01 
 3.01995172e+07 -9.77170252e-01  1.57970594e-01  2.28297479e-02  1.57970594e-01 
 3.09029543e+07 -9.76599551e-01  1.61666089e-01  2.34004487e-02  1.61666089e-01 
 3.16227766e+07 -9.76000938e-01  1.65448658e-01  2.39990621e-02  1.65448658e-01 
 3.23593657e+07 -9.75372999e-01  1.69320383e-01  2.46270006e-02  1.69320383e-01 
 3.31131121e+07 -9.74714248e-01  1.73283398e-01  2.52857523e-02  1.73283398e-01 
 3.38844156e+07 -9.74023114e-01  1.77339885e-01  2.59768856e-02  1.77339885e-01 
 3.46736850e+07 -9.73297946e-01  1.81492080e-01  2.67020537e-02  1.81492080e-01 
 3.54813389e+07 -9.72537000e-01  1.85742273e-01  2.74629998e-02  1.85742273e-01 
 3.63078055e+07 -9.71738438e-01  1.90092806e-01  2.82615623e-02  1.90092806e-01 
 3.71535229e+07 -9.70900319e-01  1.94546078e-01  2.90996807e-02  1.94546078e-01 
 3.80189396e+07 -9.70020599e-01  1.99104544e-01  2.99794013e-02  1.99104544e-01 
 3.89045145e+07 -9.69097116e-01  2.03770713e-01  3.09028843e-02  2.03770713e-01 
 3.98107171e+07 -9.68127590e-01  2.08547155e-01  3.18724101e-02  2.08547155e-01 
 4.07380278e+07 -9.67109613e-01  2.13436495e-01  3.28903870e-02  2.13436495e-01 
 4.16869383e+07 -9.66040641e-01  2.18441418e-01  3.39593592e-02  2.18441418e-01 
 4.26579519e+07 -9.64917985e-01  2.23564668e-01  3.50820149e-02  2.23564668e-01 
 4.36515832e+07 -9.63738804e-01  2.28809047e-01  3.62611957e-02  2.28809047e-01 
 4.46683592e+07 -9.62500094e-01  2.34177415e-01  3.74999057e-02  2.34177415e-01 
 4.57088190e+07 -9.61198678e-01  2.39672693e-01  3.88013222e-02  2.39672693e-01 
 4.67735141e+07 -9.59831193e-01  2.45297857e-01  4.01688065e-02  2.45297857e-01 
 4.78630092e+07 -9.58394084e-01  2.51055942e-01  4.16059157e-02  2.51055942e-01 
 4.89778819e+07 -9.56883585e-01  2.56950038e-01  4.31164149e-02  2.56950038e-01 
 5.01187234e+07 -9.55295709e-01  2.62983289e-01  4.47042911e-02  2.62983289e-01 
 5.12861384e+07 -9.53626233e-01  2.69158890e-01  4.63737670e-02  2.69158890e-01 
 5.24807460e+07 -9.51870683e-01  2.75480084e-01  4.81293167e-02  2.75480084e-01 
 5.37031796e+07 -9.50024318e-01  2.81950163e-01  4.99756815e-02  2.81950163e-01 
 5.49540874e+07 -9.48082112e-01  2.88572457e-01  5.19178879e-02  2.88572457e-01 
 5.62341325e+07 -9.46038735e-01  2.95350333e-01  5.39612655e-02  2.95350333e-01 
 5.75439937e+07 -9.43888533e-01  3.02287187e-01  5.61114673e-02  3.02287187e-01 
 5.88843655e+07 -9.41625509e-01  3.09386439e-01  5.83744910e-02  3.09386439e-01 
 6.02559586e+07 -9.39243299e-01  3.16651523e-01  6.07567006e-02  3.16651523e-01 
 6.16595002e+07 -9.36735149e-01  3.24085877e-01  6.32648515e-02  3.24085877e-01 
 6.30957344e+07 -9.34093885e-01  3.31692931e-01  6.59061150e-02  3.31692931e-01 
 6.45654229e+07 -9.31311894e-01  3.39476095e-01  6.86881059e-02  3.39476095e-01 
 6.60693448e+07 -9.28381089e-01  3.47438743e-01  7.16189113e-02  3.47438743e-01 
 6.76082975e+07 -9.25292880e-01  3.55584193e-01  7.47071203e-02  3.55584193e-01 
 6.91830971e+07 -9.22038143e-01  3.63915688e-01  7.79618571e-02  3.63915688e-01 
 7.07945784e+07 -9.18607186e-01  3.72436371e-01  8.13928140e-02  3.72436371e-01 
 7.24435960e+07 -9.14989712e-01  3.81149260e-01  8.50102878e-02  3.81149260e-01 
 7.41310241e+07 -9.11174783e-01  3.90057213e-01  8.88252166e-02  3.90057213e-01 
 7.58577575e+07 -9.07150780e-01  3.99162895e-01  9.28492196e-02  3.99162895e-01 
 7.76247117e+07 -9.02905363e-01  4.08468737e-01  9.70946374e-02  4.08468737e-01 
 7.94328235e+07 -8.98425426e-01  4.17976888e-01  1.01574574e-01  4.17976888e-01 
 8.12830516e+07 -8.93697057e-01  4.27689166e-01  1.06302943e-01  4.27689166e-01 
 8.31763771e+07 -8.88705494e-01  4.37606995e-01  1.11294506e-01  4.37606995e-01 
 8.51138038e+07 -8.83435074e-01  4.47731338e-01  1.16564926e-01  4.47731338e-01 
 8.70963590e+07 -8.77869191e-01  4.58062625e-01  1.22130809e-01  4.58062625e-01 
 8.91250938e+07 -8.71990254e-01  4.68600664e-01  1.28009746e-01  4.68600664e-01 
 9.12010839e+07 -8.65779635e-01  4.79344548e-01  1.34220365e-01  4.79344548e-01 
 9.33254301e+07 -8.59217632e-01  4.90292546e-01  1.40782368e-01  4.90292546e-01 
 9.54992586e+07 -8.52283427e-01  5.01441984e-01  1.47716573e-01  5.01441984e-01 
 9.77237221e+07 -8.44955053e-01  5.12789109e-01  1.55044947e-01  5.12789109e-01 
 1.00000000e+08 -8.37209361e-01  5.24328945e-01  1.62790639e-01  5.24328945e-01 
 1.02329299e+08 -8.29022001e-01  5.36055123e-01  1.70977999e-01  5.36055123e-01 
 1.04712855e+08 -8.20367409e-01  5.47959703e-01  1.79632591e-01  5.47959703e-01 
 1.07151931e+08 -8.11218807e-01  5.60032969e-01  1.88781193e-01  5.60032969e-01 
 1.09647820e+08 -8.01548222e-01  5.72263216e-01  1.98451778e-01  5.72263216e-01 
 1.12201845e+08 -7.91326518e-01  5.84636501e-01  2.08673482e-01  5.84636501e-01 
 1.14815362e+08 -7.80523458e-01  5.97136392e-01  2.19476542e-01  5.97136392e-01 
 1.17489755e+08 -7.69107790e-01  6.09743681e-01  2.30892210e-01  6.09743681e-01 
 1.20226443e+08 -7.57047369e-01  6.22436086e-01  2.42952631e-01  6.22436086e-01 
 1.23026877e+08 -7.44309316e-01  6.35187935e-01  2.55690684e-01  6.35187935e-01 
 1.25892541e+08 -7.30860224e-01  6.47969828e-01  2.69139776e-01  6.47969828e-01 
 1.28824955e+08 -7.16666418e-01  6.60748291e-01  2.83333582e-01  6.60748291e-01 
 1.31825674e+08 -7.01694277e-01  6.73485422e-01  2.98305723e-01  6.73485422e-01 
 1.34896288e+08 -6.85910619e-01  6.86138533e-01  3.14089381e-01  6.86138533e-01 
 1.38038426e+08 -6.69283168e-01  6.98659802e-01  3.30716832e-01  6.98659802e-01 
 1.41253754e+08 -6.51781104e-01  7.10995946e-01  3.48218896e-01  7.10995946e-01 
 1.44543977e+08 -6.33375704e-01  7.23087914e-01  3.66624296e-01  7.23087914e-01 
 1.47910839e+08 -6.14041079e-01  7.34870644e-01  3.85958921e-01  7.34870644e-01 
 1.51356125e+08 -5.93755013e-01  7.46272875e-01  4.06244987e-01  7.46272875e-01 
 1.54881662e+08 -5.72499906e-01  7.57217054e-01  4.27500094e-01  7.57217054e-01 
 1.58489319e+08 -5.50263811e-01  7.67619356e-01  4.49736189e-01  7.67619356e-01 
 1.62181010e+08 -5.27041569e-01  7.77389847e-01  4.72958431e-01  7.77389847e-01 
 1.65958691e+08 -5.02836018e-01  7.86432823e-01  4.97163982e-01  7.86432823e-01 
 1.69824365e+08 -4.77659259e-01  7.94647344e-01  5.22340741e-01  7.94647344e-01 
 1.73780083e+08 -4.51533949e-01  8.01928009e-01  5.48466051e-01  8.01928009e-01 
 1.77827941e+08 -4.24494589e-01  8.08165988e-01  5.75505411e-01  8.08165988e-01 
 1.81970086e+08 -3.96588740e-01  8.13250334e-01  6.03411260e-01  8.13250334e-01 
 1.86208714e+08 -3.67878134e-01  8.17069592e-01  6.32121866e-01  8.17069592e-01 
 1.90546072e+08 -3.38439590e-01  8.19513709e-01  6.61560410e-01  8.19513709e-01 
 1.94984460e+08 -3.08365684e-01  8.20476222e-01  6.91634316e-01  8.20476222e-01 
 1.99526231e+08 -2.77765072e-01  8.19856713e-01  7.22234928e-01  8.19856713e-01 
 2.04173794e+08 -2.46762411e-01  8.17563456e-01  7.53237589e-01  8.17563456e-01 
 2.08929613e+08 -2.15497801e-01  8.13516206e-01  7.84502199e-01  8.13516206e-01 
 2.13796209e+08 -1.84125686e-01  8.07649023e-01  8.15874314e-01  8.07649023e-01 
 2.18776162e+08 -1.52813185e-01  7.99913020e-01  8.47186815e-01  7.99913020e-01 
 2.23872114e+08 -1.21737845e-01  7.90278907e-01  8.78262155e-01  7.90278907e-01 
 2.29086765e+08 -9.10848282e-02  7.78739194e-01  9.08915172e-01  7.78739194e-01 
 2.34422882e+08 -6.10436004e-02  7.65309915e-01  9.38956400e-01  7.65309915e-01 
 2.39883292e+08 -3.18042125e-02  7.50031753e-01  9.68195787e-01  7.50031753e-01 
 2.45470892e+08 -3.55330568e-03  7.32970446e-01  9.96446694e-01  7.32970446e-01 
 2.51188643e+08  2.35300017e-02  7.14216431e-01  1.02353000e+00  7.14216431e-01 
 2.57039578e+08  4.92781673e-02  6.93883668e-01  1.04927817e+00  6.93883668e-01 
 2.63026799e+08  7.35390343e-02  6.72107675e-01  1.07353903e+00  6.72107675e-01 
 2.69153480e+08  9.61792187e-02  6.49042848e-01  1.09617922e+00  6.49042848e-01 
 2.75422870e+08  1.17086918e-01  6.24859147e-01  1.11708692e+00  6.24859147e-01 
 2.81838293e+08  1.36174017e-01  5.99738329e-01  1.13617402e+00  5.99738329e-01 
 2.88403150e+08  1.53377409e-01  5.73869875e-01  1.15337741e+00  5.73869875e-01 
 2.95120923e+08  1.68659500e-01  5.47446809e-01  1.16865950e+00  5.47446809e-01 
 3.01995172e+08  1.82007903e-01  5.20661594e-01  1.18200790e+00  5.20661594e-01 
 3.09029543e+08  1.93434396e-01  4.93702263e-01  1.19343440e+00  4.93702263e-01 
 3.16227766e+08  2.02973221e-01  4.66748950e-01  1.20297322e+00  4.66748950e-01 
 3.23593657e+08  2.10678859e-01  4.39970903e-01  1.21067886e+00  4.39970903e-01 
 3.31131121e+08  2.16623425e-01  4.13524085e-01  1.21662342e+00  4.13524085e-01 
 3.38844156e+08  2.20893803e-01  3.87549362e-01  1.22089380e+00  3.87549362e-01 
 3.46736850e+08  2.23588692e-01  3.62171307e-01  1.22358869e+00  3.62171307e-01 
 3.54813389e+08  2.24815658e-01  3.37497574e-01  1.22481566e+00  3.37497574e-01 
 3.63078055e+08  2.24688316e-01  3.13618787e-01  1.22468832e+00  3.13618787e-01 
 3.71535229e+08  2.23323718e-01  2.90608884e-01  1.22332372e+00  2.90608884e-01 
 3.80189396e+08  2.20840006e-01  2.68525821e-01  1.22084001e+00  2.68525821e-01 
 3.89045145e+08  2.17354367e-01  2.47412572e-01  1.21735437e+00  2.47412572e-01 
 3.98107171e+08  2.12981313e-01  2.27298326e-01  1.21298131e+00  2.27298326e-01 
 4.07380278e+08  2.07831277e-01  2.08199826e-01  1.20783128e+00  2.08199826e-01 
 4.16869383e+08  2.02009522e-01  1.90122767e-01  1.20200952e+00  1.90122767e-01 
 4.26579519e+08  1.95615327e-01  1.73063218e-01  1.19561533e+00  1.73063218e-01 
 4.36515832e+08  1.88741439e-01  1.57009004e-01  1.18874144e+00  1.57009004e-01 
 4.46683592e+08  1.81473742e-01  1.41941033e-01  1.18147374e+00  1.41941033e-01 
 4.57088190e+08  1.73891113e-01  1.27834529e-01  1.17389111e+00  1.27834529e-01 
 4.67735141e+08  1.66065442e-01  1.14660167e-01  1.16606544e+00  1.14660167e-01 
 4.78630092e+08  1.58061773e-01  1.02385093e-01  1.15806177e+00  1.02385093e-01 
 4.89778819e+08  1.49938539e-01  9.09738273e-02  1.14993854e+00  9.09738273e-02 
 5.01187234e+08  1.41747877e-01  8.03890637e-02  1.14174788e+00  8.03890637e-02 
 5.12861384e+08  1.33535981e-01  7.05923462e-02  1.13353598e+00  7.05923462e-02 
 5.24807460e+08  1.25343499e-01  6.15446528e-02  1.12534350e+00  6.15446528e-02 
 5.37031796e+08  1.17205941e-01  5.32068814e-02  1.11720594e+00  5.32068814e-02 
 5.49540874e+08  1.09154088e-01  4.55402516e-02  1.10915409e+00  4.55402516e-02 
 5.62341325e+08  1.01214404e-01  3.85066299e-02  1.10121440e+00  3.85066299e-02 
 5.75439937e+08  9.34094326e-02  3.20687878e-02  1.09340943e+00  3.20687878e-02 
 5.88843655e+08  8.57581765e-02  2.61906026e-02  1.08575818e+00  2.61906026e-02 
 6.02559586e+08  7.82764558e-02  2.08372070e-02  1.07827646e+00  2.08372070e-02 
 6.16595002e+08  7.09772454e-02  1.59750973e-02  1.07097725e+00  1.59750973e-02 
 6.30957344e+08  6.38709876e-02  1.15722043e-02  1.06387099e+00  1.15722043e-02 
 6.45654229e+08  5.69658795e-02  7.59793621e-03  1.05696588e+00  7.59793621e-03 
 6.60693448e+08  5.02681375e-02  4.02319535e-03  1.05026814e+00  4.02319535e-03 
 6.76082975e+08  4.37822371e-02  8.20376083e-04  1.04378224e+00  8.20376083e-04 
 6.91830971e+08  3.75111306e-02 -2.03665354e-03  1.03751113e+00 -2.03665354e-03 
 7.07945784e+08  3.14564435e-02 -4.57258255e-03  1.03145644e+00 -4.57258255e-03 
 7.24435960e+08  2.56186511e-02 -6.81069736e-03  1.02561865e+00 -6.81069736e-03 
 7.41310241e+08  1.99972357e-02 -8.77292921e-03  1.01999724e+00 -8.77292921e-03 
 7.58577575e+08  1.45908278e-02 -1.04799067e-02  1.01459083e+00 -1.04799067e-02 
 7.76247117e+08  9.39733075e-03 -1.19510116e-02  1.00939733e+00 -1.19510116e-02 
 7.94328235e+08  4.41403166e-03 -1.32044371e-02  1.00441403e+00 -1.32044371e-02 
 8.12830516e+08 -3.62301051e-04 -1.42572463e-02  9.99637699e-01 -1.42572463e-02 
 8.31763771e+08 -4.93533155e-03 -1.51254313e-02  9.95064668e-01 -1.51254313e-02 
 8.51138038e+08 -9.30908113e-03 -1.58239712e-02  9.90690919e-01 -1.58239712e-02 
 8.70963590e+08 -1.34878622e-02 -1.63668892e-02  9.86512138e-01 -1.63668892e-02 
 8.91250938e+08 -1.74762207e-02 -1.67673075e-02  9.82523779e-01 -1.67673075e-02 
 9.12010839e+08 -2.12788860e-02 -1.70375008e-02  9.78721114e-01 -1.70375008e-02 
 9.33254301e+08 -2.49007279e-02 -1.71889472e-02  9.75099272e-01 -1.71889472e-02 
 9.54992586e+08 -2.83467186e-02 -1.72323764e-02  9.71653281e-01 -1.72323764e-02 
 9.77237221e+08 -3.16219011e-02 -1.71778166e-02  9.68378099e-01 -1.71778166e-02 
 1.00000000e+09 -3.47313615e-02 -1.70346372e-02  9.65268639e-01 -1.70346372e-02 
 1.02329299e+09 -3.76802052e-02 -1.68115908e-02  9.62319795e-01 -1.68115908e-02 
 1.04712855e+09 -4.04735375e-02 -1.65168512e-02  9.59526463e-01 -1.65168512e-02 
 1.07151931e+09 -4.31164462e-02 -1.61580498e-02  9.56883554e-01 -1.61580498e-02 
 1.09647820e+09 -4.56139879e-02 -1.57423094e-02  9.54386012e-01 -1.57423094e-02 
 1.12201845e+09 -4.79711759e-02 -1.52762760e-02  9.52028824e-01 -1.52762760e-02 
 1.14815362e+09 -5.01929704e-02 -1.47661477e-02  9.49807030e-01 -1.47661477e-02 
 1.17489755e+09 -5.22842705e-02 -1.42177024e-02  9.47715729e-01 -1.42177024e-02 
 1.20226443e+09 -5.42499074e-02 -1.36363232e-02  9.45750093e-01 -1.36363232e-02 
 1.23026877e+09 -5.60946390e-02 -1.30270214e-02  9.43905361e-01 -1.30270214e-02 
 1.25892541e+09 -5.78231455e-02 -1.23944591e-02  9.42176854e-01 -1.23944591e-02 
 1.28824955e+09 -5.94400261e-02 -1.17429685e-02  9.40559974e-01 -1.17429685e-02 
 1.31825674e+09 -6.09497956e-02 -1.10765713e-02  9.39050204e-01 -1.10765713e-02 
 1.34896288e+09 -6.23568827e-02 -1.03989955e-02  9.37643117e-01 -1.03989955e-02 
 1.38038426e+09 -6.36656277e-02 -9.71369190e-03  9.36334372e-01 -9.71369190e-03 
 1.41253754e+09 -6.48802814e-02 -9.02384838e-03  9.35119719e-01 -9.02384838e-03 
 1.44543977e+09 -6.60050035e-02 -8.33240424e-03  9.33994997e-01 -8.33240424e-03 
 1.47910839e+09 -6.70438620e-02 -7.64206283e-03  9.32956138e-01 -7.64206283e-03 
 1.51356125e+09 -6.80008321e-02 -6.95530357e-03  9.31999168e-01 -6.95530357e-03 
 1.54881662e+09 -6.88797954e-02 -6.27439323e-03  9.31120205e-01 -6.27439323e-03 
 1.58489319e+09 -6.96845394e-02 -5.60139646e-03  9.30315461e-01 -5.60139646e-03 
 1.62181010e+09 -7.04187566e-02 -4.93818574e-03  9.29581243e-01 -4.93818574e-03 
 1.65958691e+09 -7.10860441e-02 -4.28645085e-03  9.28913956e-01 -4.28645085e-03 
 1.69824365e+09 -7.16899029e-02 -3.64770778e-03  9.28310097e-01 -3.64770778e-03 
 1.73780083e+09 -7.22337374e-02 -3.02330733e-03  9.27766263e-01 -3.02330733e-03 
 1.77827941e+09 -7.27208546e-02 -2.41444335e-03  9.27279145e-01 -2.41444335e-03 
 1.81970086e+09 -7.31544637e-02 -1.82216062e-03  9.26845536e-01 -1.82216062e-03 
 1.86208714e+09 -7.35376756e-02 -1.24736253e-03  9.26462324e-01 -1.24736253e-03 
 1.90546072e+09 -7.38735026e-02 -6.90818566e-04  9.26126497e-01 -6.90818566e-04 
 1.94984460e+09 -7.41648576e-02 -1.53171505e-04  9.25835142e-01 -1.53171505e-04 
 1.99526231e+09 -7.44145541e-02  3.65055449e-04  9.25585446e-01  3.65055449e-04 
 2.04173794e+09 -7.46253058e-02  8.63451748e-04  9.25374694e-01  8.63451748e-04 
 2.08929613e+09 -7.47997267e-02  1.34171270e-03  9.25200273e-01  1.34171270e-03 
 2.13796209e+09 -7.49403309e-02  1.79963278e-03  9.25059669e-01  1.79963278e-03 
 2.18776162e+09 -7.50495329e-02  2.23709910e-03  9.24950467e-01  2.23709910e-03 
 2.23872114e+09 -7.51296480e-02  2.65408499e-03  9.24870352e-01  2.65408499e-03 
 2.29086765e+09 -7.51828926e-02  3.05064367e-03  9.24817107e-01  3.05064367e-03 
 2.34422882e+09 -7.52113848e-02  3.42690213e-03  9.24788615e-01  3.42690213e-03 
 2.39883292e+09 -7.52171458e-02  3.78305508e-03  9.24782854e-01  3.78305508e-03 
 2.45470892e+09 -7.52021002e-02  4.11935907e-03  9.24797900e-01  4.11935907e-03 
 2.51188643e+09 -7.51680778e-02  4.43612680e-03  9.24831922e-01  4.43612680e-03 
 2.57039578e+09 -7.51168149e-02  4.73372158e-03  9.24883185e-01  4.73372158e-03 
 2.63026799e+09 -7.50499555e-02  5.01255194e-03  9.24950044e-01  5.01255194e-03 
 2.69153480e+09 -7.49690539e-02  5.27306650e-03  9.25030946e-01  5.27306650e-03 
 2.75422870e+09 -7.48755756e-02  5.51574899e-03  9.25124424e-01  5.51574899e-03 
 2.81838293e+09 -7.47709005e-02  5.74111351e-03  9.25229100e-01  5.74111351e-03 
 2.88403150e+09 -7.46563243e-02  5.94970001e-03  9.25343676e-01  5.94970001e-03 
 2.95120923e+09 -7.45330613e-02  6.14206999e-03  9.25466939e-01  6.14206999e-03 
 3.01995172e+09 -7.44022470e-02  6.31880245e-03  9.25597753e-01  6.31880245e-03 
 3.09029543e+09 -7.42649403e-02  6.48049008e-03  9.25735060e-01  6.48049008e-03 
 3.16227766e+09 -7.41221267e-02  6.62773567e-03  9.25877873e-01  6.62773567e-03 
 3.23593657e+09 -7.39747207e-02  6.76114879e-03  9.26025279e-01  6.76114879e-03 
 3.31131121e+09 -7.38235689e-02  6.88134275e-03  9.26176431e-01  6.88134275e-03 
 3.38844156e+09 -7.36694528e-02  6.98893170e-03  9.26330547e-01  6.98893170e-03 
 3.46736850e+09 -7.35130915e-02  7.08452804e-03  9.26486908e-01  7.08452804e-03 
 3.54813389e+09 -7.33551450e-02  7.16874012e-03  9.26644855e-01  7.16874012e-03 
 3.63078055e+09 -7.31962168e-02  7.24217003e-03  9.26803783e-01  7.24217003e-03 
 3.71535229e+09 -7.30368568e-02  7.30541173e-03  9.26963143e-01  7.30541173e-03 
 3.80189396e+09 -7.28775646e-02  7.35904931e-03  9.27122435e-01  7.35904931e-03 
 3.89045145e+09 -7.27187917e-02  7.40365556e-03  9.27281208e-01  7.40365556e-03 
 3.98107171e+09 -7.25609446e-02  7.43979060e-03  9.27439055e-01  7.43979060e-03 
 4.07380278e+09 -7.24043876e-02  7.46800080e-03  9.27595612e-01  7.46800080e-03 
 4.16869383e+09 -7.22494452e-02  7.48881786e-03  9.27750555e-01  7.48881786e-03 
 4.26579519e+09 -7.20964048e-02  7.50275796e-03  9.27903595e-01  7.50275796e-03 
 4.36515832e+09 -7.19455192e-02  7.51032123e-03  9.28054481e-01  7.51032123e-03 
 4.46683592e+09 -7.17970089e-02  7.51199117e-03  9.28202991e-01  7.51199117e-03 
 4.57088190e+09 -7.16510644e-02  7.50823436e-03  9.28348936e-01  7.50823436e-03 
 4.67735141e+09 -7.15078486e-02  7.49950021e-03  9.28492151e-01  7.49950021e-03 
 4.78630092e+09 -7.13674984e-02  7.48622082e-03  9.28632502e-01  7.48622082e-03 
 4.89778819e+09 -7.12301275e-02  7.46881095e-03  9.28769873e-01  7.46881095e-03 
 5.01187234e+09 -7.10958275e-02  7.44766810e-03  9.28904173e-01  7.44766810e-03 
 5.12861384e+09 -7.09646702e-02  7.42317263e-03  9.29035330e-01  7.42317263e-03 
 5.24807460e+09 -7.08367091e-02  7.39568799e-03  9.29163291e-01  7.39568799e-03 
 5.37031796e+09 -7.07119811e-02  7.36556096e-03  9.29288019e-01  7.36556096e-03 
 5.49540874e+09 -7.05905080e-02  7.33312199e-03  9.29409492e-01  7.33312199e-03 
 5.62341325e+09 -7.04722979e-02  7.29868559e-03  9.29527702e-01  7.29868559e-03 
 5.75439937e+09 -7.03573464e-02  7.26255069e-03  9.29642654e-01  7.26255069e-03 
 5.88843655e+09 -7.02456380e-02  7.22500112e-03  9.29754362e-01  7.22500112e-03 
 6.02559586e+09 -7.01371474e-02  7.18630608e-03  9.29862853e-01  7.18630608e-03 
 6.16595002e+09 -7.00318401e-02  7.14672060e-03  9.29968160e-01  7.14672060e-03 
 6.30957344e+09 -6.99296738e-02  7.10648604e-03  9.30070326e-01  7.10648604e-03 
 6.45654229e+09 -6.98305992e-02  7.06583066e-03  9.30169401e-01  7.06583066e-03 
 6.60693448e+09 -6.97345608e-02  7.02497006e-03  9.30265439e-01  7.02497006e-03 
 6.76082975e+09 -6.96414976e-02  6.98410781e-03  9.30358502e-01  6.98410781e-03 
 6.91830971e+09 -6.95513441e-02  6.94343586e-03  9.30448656e-01  6.94343586e-03 
 7.07945784e+09 -6.94640307e-02  6.90313515e-03  9.30535969e-01  6.90313515e-03 
 7.24435960e+09 -6.93794841e-02  6.86337612e-03  9.30620516e-01  6.86337612e-03 
 7.41310241e+09 -6.92976286e-02  6.82431917e-03  9.30702371e-01  6.82431917e-03 
 7.58577575e+09 -6.92183856e-02  6.78611522e-03  9.30781614e-01  6.78611522e-03 
 7.76247117e+09 -6.91416747e-02  6.74890619e-03  9.30858325e-01  6.74890619e-03 
 7.94328235e+09 -6.90674140e-02  6.71282547e-03  9.30932586e-01  6.71282547e-03 
 8.12830516e+09 -6.89955203e-02  6.67799837e-03  9.31004480e-01  6.67799837e-03 
 8.31763771e+09 -6.89259094e-02  6.64454263e-03  9.31074091e-01  6.64454263e-03 
 8.51138038e+09 -6.88584966e-02  6.61256881e-03  9.31141503e-01  6.61256881e-03 
 8.70963590e+09 -6.87931966e-02  6.58218074e-03  9.31206803e-01  6.58218074e-03 
 8.91250938e+09 -6.87299243e-02  6.55347591e-03  9.31270076e-01  6.55347591e-03 
 9.12010839e+09 -6.86685941e-02  6.52654589e-03  9.31331406e-01  6.52654589e-03 
 9.33254301e+09 -6.86091211e-02  6.50147669e-03  9.31390879e-01  6.50147669e-03 
 9.54992586e+09 -6.85514202e-02  6.47834910e-03  9.31448580e-01  6.47834910e-03 
 9.77237221e+09 -6.84954071e-02  6.45723908e-03  9.31504593e-01  6.45723908e-03 
 1.00000000e+10 -6.84409979e-02  6.43821807e-03  9.31559002e-01  6.43821807e-03 
 1.02329299e+10 -6.83881092e-02  6.42135329e-03  9.31611891e-01  6.42135329e-03 
 1.04712855e+10 -6.83366583e-02  6.40670804e-03  9.31663342e-01  6.40670804e-03 
 1.07151931e+10 -6.82865632e-02  6.39434201e-03  9.31713437e-01  6.39434201e-03 
 1.09647820e+10 -6.82377426e-02  6.38431152e-03  9.31762257e-01  6.38431152e-03 
 1.12201845e+10 -6.81901158e-02  6.37666977e-03  9.31809884e-01  6.37666977e-03 
 1.14815362e+10 -6.81436031e-02  6.37146709e-03  9.31856397e-01  6.37146709e-03 
 1.17489755e+10 -6.80981253e-02  6.36875119e-03  9.31901875e-01  6.36875119e-03 
 1.20226443e+10 -6.80536039e-02  6.36856730e-03  9.31946396e-01  6.36856730e-03 
 1.23026877e+10 -6.80099612e-02  6.37095845e-03  9.31990039e-01  6.37095845e-03 
 1.25892541e+10 -6.79671198e-02  6.37596559e-03  9.32032880e-01  6.37596559e-03 
 1.28824955e+10 -6.79250034e-02  6.38362779e-03  9.32074997e-01  6.38362779e-03 
 1.31825674e+10 -6.78835357e-02  6.39398241e-03  9.32116464e-01  6.39398241e-03 
 1.34896288e+10 -6.78426412e-02  6.40706522e-03  9.32157359e-01  6.40706522e-03 
 1.38038426e+10 -6.78022448e-02  6.42291057e-03  9.32197755e-01  6.42291057e-03 
 1.41253754e+10 -6.77622715e-02  6.44155146e-03  9.32237728e-01  6.44155146e-03 
 1.44543977e+10 -6.77226469e-02  6.46301975e-03  9.32277353e-01  6.46301975e-03 
 1.47910839e+10 -6.76832964e-02  6.48734614e-03  9.32316704e-01  6.48734614e-03 
 1.51356125e+10 -6.76441458e-02  6.51456038e-03  9.32355854e-01  6.51456038e-03 
 1.54881662e+10 -6.76051209e-02  6.54469128e-03  9.32394879e-01  6.54469128e-03 
 1.58489319e+10 -6.75661472e-02  6.57776680e-03  9.32433853e-01  6.57776680e-03 
 1.62181010e+10 -6.75271503e-02  6.61381413e-03  9.32472850e-01  6.61381413e-03 
 1.65958691e+10 -6.74880555e-02  6.65285975e-03  9.32511944e-01  6.65285975e-03 
 1.69824365e+10 -6.74487877e-02  6.69492942e-03  9.32551212e-01  6.69492942e-03 
 1.73780083e+10 -6.74092713e-02  6.74004829e-03  9.32590729e-01  6.74004829e-03 
 1.77827941e+10 -6.73694302e-02  6.78824087e-03  9.32630570e-01  6.78824087e-03 
 1.81970086e+10 -6.73291878e-02  6.83953109e-03  9.32670812e-01  6.83953109e-03 
 1.86208714e+10 -6.72884666e-02  6.89394228e-03  9.32711533e-01  6.89394228e-03 
 1.90546072e+10 -6.72471882e-02  6.95149718e-03  9.32752812e-01  6.95149718e-03 
 1.94984460e+10 -6.72052736e-02  7.01221791e-03  9.32794726e-01  7.01221791e-03 
 1.99526231e+10 -6.71626423e-02  7.07612599e-03  9.32837358e-01  7.07612599e-03 
 2.04173794e+10 -6.71192130e-02  7.14324231e-03  9.32880787e-01  7.14324231e-03 
 2.08929613e+10 -6.70749030e-02  7.21358704e-03  9.32925097e-01  7.21358704e-03 
 2.13796209e+10 -6.70296283e-02  7.28717964e-03  9.32970372e-01  7.28717964e-03 
 2.18776162e+10 -6.69833033e-02  7.36403879e-03  9.33016697e-01  7.36403879e-03 
 2.23872114e+10 -6.69358410e-02  7.44418232e-03  9.33064159e-01  7.44418232e-03 
 2.29086765e+10 -6.68871528e-02  7.52762714e-03  9.33112847e-01  7.52762714e-03 
 2.34422882e+10 -6.68371482e-02  7.61438915e-03  9.33162852e-01  7.61438915e-03 
 2.39883292e+10 -6.67857349e-02  7.70448317e-03  9.33214265e-01  7.70448317e-03 
 2.45470892e+10 -6.67328187e-02  7.79792278e-03  9.33267181e-01  7.79792278e-03 
 2.51188643e+10 -6.66783034e-02  7.89472030e-03  9.33321697e-01  7.89472030e-03 
 2.57039578e+10 -6.66220907e-02  7.99488658e-03  9.33377909e-01  7.99488658e-03 
 2.63026799e+10 -6.65640799e-02  8.09843090e-03  9.33435920e-01  8.09843090e-03 
 2.69153480e+10 -6.65041683e-02  8.20536084e-03  9.33495832e-01  8.20536084e-03 
 2.75422870e+10 -6.64422507e-02  8.31568210e-03  9.33557749e-01  8.31568210e-03 
 2.81838293e+10 -6.63782196e-02  8.42939834e-03  9.33621780e-01  8.42939834e-03 
 2.88403150e+10 -6.63119649e-02  8.54651101e-03  9.33688035e-01  8.54651101e-03 
 2.95120923e+10 -6.62433742e-02  8.66701916e-03  9.33756626e-01  8.66701916e-03 
 3.01995172e+10 -6.61723323e-02  8.79091925e-03  9.33827668e-01  8.79091925e-03 
 3.09029543e+10 -6.60987216e-02  8.91820491e-03  9.33901278e-01  8.91820491e-03 
 3.16227766e+10 -6.60224217e-02  9.04886673e-03  9.33977578e-01  9.04886673e-03 
 3.23593657e+10 -6.59433097e-02  9.18289207e-03  9.34056690e-01  9.18289207e-03 
 3.31131121e+10 -6.58612600e-02  9.32026473e-03  9.34138740e-01  9.32026473e-03 
 3.38844156e+10 -6.57761445e-02  9.46096477e-03  9.34223856e-01  9.46096477e-03 
 3.46736850e+10 -6.56878323e-02  9.60496823e-03  9.34312168e-01  9.60496823e-03 
 3.54813389e+10 -6.55961903e-02  9.75224681e-03  9.34403810e-01  9.75224681e-03 
 3.63078055e+10 -6.55010824e-02  9.90276765e-03  9.34498918e-01  9.90276765e-03 
 3.71535229e+10 -6.54023707e-02  1.00564930e-02  9.34597629e-01  1.00564930e-02 
 3.80189396e+10 -6.52999144e-02  1.02133798e-02  9.34700086e-01  1.02133798e-02 
 3.89045145e+10 -6.51935709e-02  1.03733797e-02  9.34806429e-01  1.03733797e-02 
 3.98107171e+10 -6.50831954e-02  1.05364385e-02  9.34916805e-01  1.05364385e-02 
 4.07380278e+10 -6.49686413e-02  1.07024955e-02  9.35031359e-01  1.07024955e-02 
 4.16869383e+10 -6.48497603e-02  1.08714841e-02  9.35150240e-01  1.08714841e-02 
 4.26579519e+10 -6.47264025e-02  1.10433304e-02  9.35273598e-01  1.10433304e-02 
 4.36515832e+10 -6.45984169e-02  1.12179537e-02  9.35401583e-01  1.12179537e-02 
 4.46683592e+10 -6.44656516e-02  1.13952655e-02  9.35534348e-01  1.13952655e-02 
 4.57088190e+10 -6.43279540e-02  1.15751699e-02  9.35672046e-01  1.15751699e-02 
 4.67735141e+10 -6.41851712e-02  1.17575626e-02  9.35814829e-01  1.17575626e-02 
 4.78630092e+10 -6.40371503e-02  1.19423310e-02  9.35962850e-01  1.19423310e-02 
 4.89778819e+10 -6.38837392e-02  1.21293536e-02  9.36116261e-01  1.21293536e-02 
 5.01187234e+10 -6.37247865e-02  1.23185000e-02  9.36275214e-01  1.23185000e-02 
 5.12861384e+10 -6.35601423e-02  1.25096304e-02  9.36439858e-01  1.25096304e-02 
 5.24807460e+10 -6.33896586e-02  1.27025956e-02  9.36610341e-01  1.27025956e-02 
 5.37031796e+10 -6.32131900e-02  1.28972364e-02  9.36786810e-01  1.28972364e-02 
 5.49540874e+10 -6.30305943e-02  1.30933836e-02  9.36969406e-01  1.30933836e-02 
 5.62341325e+10 -6.28417328e-02  1.32908580e-02  9.37158267e-01  1.32908580e-02 
 5.75439937e+10 -6.26464714e-02  1.34894699e-02  9.37353529e-01  1.34894699e-02 
 5.88843655e+10 -6.24446812e-02  1.36890191e-02  9.37555319e-01  1.36890191e-02 
 6.02559586e+10 -6.22362389e-02  1.38892952e-02  9.37763761e-01  1.38892952e-02 
 6.16595002e+10 -6.20210280e-02  1.40900771e-02  9.37978972e-01  1.40900771e-02 
 6.30957344e+10 -6.17989395e-02  1.42911334e-02  9.38201061e-01  1.42911334e-02 
 6.45654229e+10 -6.15698724e-02  1.44922221e-02  9.38430128e-01  1.44922221e-02 
 6.60693448e+10 -6.13337351e-02  1.46930914e-02  9.38666265e-01  1.46930914e-02 
 6.76082975e+10 -6.10904458e-02  1.48934793e-02  9.38909554e-01  1.48934793e-02 
 6.91830971e+10 -6.08399335e-02  1.50931144e-02  9.39160067e-01  1.50931144e-02 
 7.07945784e+10 -6.05821390e-02  1.52917158e-02  9.39417861e-01  1.52917158e-02 
 7.24435960e+10 -6.03170156e-02  1.54889940e-02  9.39682984e-01  1.54889940e-02 
 7.41310241e+10 -6.00445303e-02  1.56846514e-02  9.39955470e-01  1.56846514e-02 
 7.58577575e+10 -5.97646641e-02  1.58783825e-02  9.40235336e-01  1.58783825e-02 
 7.76247117e+10 -5.94774134e-02  1.60698750e-02  9.40522587e-01  1.60698750e-02 
 7.94328235e+10 -5.91827906e-02  1.62588106e-02  9.40817209e-01  1.62588106e-02 
 8.12830516e+10 -5.88808246e-02  1.64448658e-02  9.41119175e-01  1.64448658e-02 
 8.31763771e+10 -5.85715619e-02  1.66277127e-02  9.41428438e-01  1.66277127e-02 
 8.51138038e+10 -5.82550674e-02  1.68070203e-02  9.41744933e-01  1.68070203e-02 
 8.70963590e+10 -5.79314243e-02  1.69824555e-02  9.42068576e-01  1.69824555e-02 
 8.91250938e+10 -5.76007352e-02  1.71536845e-02  9.42399265e-01  1.71536845e-02 
 9.12010839e+10 -5.72631224e-02  1.73203738e-02  9.42736878e-01  1.73203738e-02 
 9.33254301e+10 -5.69187282e-02  1.74821918e-02  9.43081272e-01  1.74821918e-02 
 9.54992586e+10 -5.65677152e-02  1.76388100e-02  9.43432285e-01  1.76388100e-02 
 9.77237221e+10 -5.62102662e-02  1.77899045e-02  9.43789734e-01  1.77899045e-02 
 1.00000000e+11 -5.58465845e-02  1.79351579e-02  9.44153416e-01  1.79351579e-02 
