 time            v(bufinp)       v(bufinn)       v(outp)         v(outn)        
 0.00000000e+00  2.23500000e+00  2.23500000e+00  2.85831609e+00  2.85831609e+00 
 2.00000000e-14  2.23501398e+00  2.23498602e+00  2.85831895e+00  2.85831322e+00 
 4.00000000e-14  2.23502796e+00  2.23497204e+00  2.85832199e+00  2.85831018e+00 
 8.00000000e-14  2.23505592e+00  2.23494408e+00  2.85832834e+00  2.85830383e+00 
 1.60000000e-13  2.23511184e+00  2.23488816e+00  2.85834142e+00  2.85829075e+00 
 3.20000000e-13  2.23522368e+00  2.23477632e+00  2.85836372e+00  2.85826845e+00 
 6.40000000e-13  2.23544736e+00  2.23455264e+00  2.85837484e+00  2.85825732e+00 
 1.28000000e-12  2.23589472e+00  2.23410528e+00  2.85824290e+00  2.85838912e+00 
 2.56000000e-12  2.23678937e+00  2.23321063e+00  2.85753667e+00  2.85909403e+00 
 4.56000000e-12  2.23818702e+00  2.23181298e+00  2.85588885e+00  2.86073643e+00 
 6.56000000e-12  2.23958417e+00  2.23041583e+00  2.85401687e+00  2.86259929e+00 
 8.56000000e-12  2.24098059e+00  2.22901941e+00  2.85211258e+00  2.86449163e+00 
 1.05600000e-11  2.24237607e+00  2.22762393e+00  2.85022351e+00  2.86636680e+00 
 1.25600000e-11  2.24377038e+00  2.22622962e+00  2.84834915e+00  2.86822606e+00 
 1.45600000e-11  2.24516331e+00  2.22483669e+00  2.84648217e+00  2.87007723e+00 
 1.65600000e-11  2.24655464e+00  2.22344536e+00  2.84461845e+00  2.87192471e+00 
 1.85600000e-11  2.24794414e+00  2.22205586e+00  2.84275681e+00  2.87376983e+00 
 2.05600000e-11  2.24933159e+00  2.22066841e+00  2.84089739e+00  2.87561254e+00 
 2.25600000e-11  2.25071678e+00  2.21928322e+00  2.83904063e+00  2.87745243e+00 
 2.45600000e-11  2.25209949e+00  2.21790051e+00  2.83718700e+00  2.87928904e+00 
 2.65600000e-11  2.25347950e+00  2.21652050e+00  2.83533691e+00  2.88112198e+00 
 2.85600000e-11  2.25485659e+00  2.21514341e+00  2.83349073e+00  2.88295090e+00 
 3.05600000e-11  2.25623055e+00  2.21376945e+00  2.83164882e+00  2.88477543e+00 
 3.25600000e-11  2.25760115e+00  2.21239885e+00  2.82981153e+00  2.88659525e+00 
 3.45600000e-11  2.25896819e+00  2.21103181e+00  2.82797920e+00  2.88841000e+00 
 3.65600000e-11  2.26033144e+00  2.20966856e+00  2.82615253e+00  2.89021908e+00 
 3.85600000e-11  2.26169069e+00  2.20830931e+00  2.82433155e+00  2.89202239e+00 
 4.05600000e-11  2.26304572e+00  2.20695428e+00  2.82251640e+00  2.89381977e+00 
 4.25600000e-11  2.26439633e+00  2.20560367e+00  2.82070745e+00  2.89561085e+00 
 4.45600000e-11  2.26574229e+00  2.20425771e+00  2.81890511e+00  2.89739524e+00 
 4.65600000e-11  2.26708340e+00  2.20291660e+00  2.81710977e+00  2.89917258e+00 
 4.85600000e-11  2.26841945e+00  2.20158055e+00  2.81532177e+00  2.90094253e+00 
 5.05600000e-11  2.26975021e+00  2.20024979e+00  2.81354143e+00  2.90270479e+00 
 5.25600000e-11  2.27107549e+00  2.19892451e+00  2.81176908e+00  2.90445903e+00 
 5.45600000e-11  2.27239507e+00  2.19760493e+00  2.81000503e+00  2.90620495e+00 
 5.65600000e-11  2.27370875e+00  2.19629125e+00  2.80824961e+00  2.90794223e+00 
 5.85600000e-11  2.27501631e+00  2.19498369e+00  2.80650312e+00  2.90967056e+00 
 6.05600000e-11  2.27631756e+00  2.19368244e+00  2.80476590e+00  2.91138965e+00 
 6.25600000e-11  2.27761228e+00  2.19238772e+00  2.80303824e+00  2.91309918e+00 
 6.45600000e-11  2.27890027e+00  2.19109973e+00  2.80132045e+00  2.91479886e+00 
 6.65600000e-11  2.28018133e+00  2.18981867e+00  2.79961284e+00  2.91648840e+00 
 6.85600000e-11  2.28145525e+00  2.18854475e+00  2.79791571e+00  2.91816750e+00 
 7.05600000e-11  2.28272184e+00  2.18727816e+00  2.79622936e+00  2.91983588e+00 
 7.25600000e-11  2.28398089e+00  2.18601911e+00  2.79455409e+00  2.92149324e+00 
 7.45600000e-11  2.28523221e+00  2.18476779e+00  2.79289018e+00  2.92313931e+00 
 7.65600000e-11  2.28647560e+00  2.18352440e+00  2.79123793e+00  2.92477380e+00 
 7.85600000e-11  2.28771085e+00  2.18228915e+00  2.78959762e+00  2.92639645e+00 
 8.05600000e-11  2.28893779e+00  2.18106221e+00  2.78796953e+00  2.92800698e+00 
 8.25600000e-11  2.29015620e+00  2.17984380e+00  2.78635394e+00  2.92960513e+00 
 8.45600000e-11  2.29136591e+00  2.17863409e+00  2.78475113e+00  2.93119062e+00 
 8.65600000e-11  2.29256672e+00  2.17743328e+00  2.78316136e+00  2.93276320e+00 
 8.85600000e-11  2.29375843e+00  2.17624157e+00  2.78158491e+00  2.93432262e+00 
 9.05600000e-11  2.29494087e+00  2.17505913e+00  2.78002204e+00  2.93586861e+00 
 9.25600000e-11  2.29611384e+00  2.17388616e+00  2.77847300e+00  2.93740094e+00 
 9.45600000e-11  2.29727716e+00  2.17272284e+00  2.77693806e+00  2.93891936e+00 
 9.65600000e-11  2.29843064e+00  2.17156936e+00  2.77541747e+00  2.94042363e+00 
 9.85600000e-11  2.29957411e+00  2.17042589e+00  2.77391147e+00  2.94191351e+00 
 1.00560000e-10  2.30070739e+00  2.16929261e+00  2.77242030e+00  2.94338877e+00 
 1.02560000e-10  2.30183028e+00  2.16816972e+00  2.77094421e+00  2.94484919e+00 
 1.04560000e-10  2.30294263e+00  2.16705737e+00  2.76948343e+00  2.94629454e+00 
 1.06560000e-10  2.30404424e+00  2.16595576e+00  2.76803820e+00  2.94772461e+00 
 1.08560000e-10  2.30513495e+00  2.16486505e+00  2.76660872e+00  2.94913917e+00 
 1.10560000e-10  2.30621459e+00  2.16378541e+00  2.76519524e+00  2.95053803e+00 
 1.12560000e-10  2.30728298e+00  2.16271702e+00  2.76379796e+00  2.95192097e+00 
 1.14560000e-10  2.30833996e+00  2.16166004e+00  2.76241711e+00  2.95328781e+00 
 1.16560000e-10  2.30938535e+00  2.16061465e+00  2.76105287e+00  2.95463833e+00 
 1.18560000e-10  2.31041900e+00  2.15958100e+00  2.75970547e+00  2.95597236e+00 
 1.20560000e-10  2.31144074e+00  2.15855926e+00  2.75837509e+00  2.95728970e+00 
 1.22560000e-10  2.31245041e+00  2.15754959e+00  2.75706194e+00  2.95859018e+00 
 1.24560000e-10  2.31344785e+00  2.15655215e+00  2.75576619e+00  2.95987362e+00 
 1.26560000e-10  2.31443290e+00  2.15556710e+00  2.75448804e+00  2.96113985e+00 
 1.28560000e-10  2.31540541e+00  2.15459459e+00  2.75322765e+00  2.96238871e+00 
 1.30560000e-10  2.31636522e+00  2.15363478e+00  2.75198522e+00  2.96362002e+00 
 1.32560000e-10  2.31731218e+00  2.15268782e+00  2.75076090e+00  2.96483365e+00 
 1.34560000e-10  2.31824614e+00  2.15175386e+00  2.74955486e+00  2.96602942e+00 
 1.36560000e-10  2.31916696e+00  2.15083304e+00  2.74836725e+00  2.96720721e+00 
 1.38560000e-10  2.32007449e+00  2.14992551e+00  2.74719824e+00  2.96836686e+00 
 1.40560000e-10  2.32096858e+00  2.14903142e+00  2.74604797e+00  2.96950824e+00 
 1.42560000e-10  2.32184910e+00  2.14815090e+00  2.74491658e+00  2.97063122e+00 
 1.44560000e-10  2.32271590e+00  2.14728410e+00  2.74380421e+00  2.97173567e+00 
 1.46560000e-10  2.32356885e+00  2.14643115e+00  2.74271101e+00  2.97282148e+00 
 1.48560000e-10  2.32440782e+00  2.14559218e+00  2.74163708e+00  2.97388851e+00 
 1.50560000e-10  2.32523267e+00  2.14476733e+00  2.74058257e+00  2.97493666e+00 
 1.52560000e-10  2.32604327e+00  2.14395673e+00  2.73954758e+00  2.97596583e+00 
 1.54560000e-10  2.32683949e+00  2.14316051e+00  2.73853224e+00  2.97697591e+00 
 1.56560000e-10  2.32762121e+00  2.14237879e+00  2.73753665e+00  2.97796680e+00 
 1.58560000e-10  2.32838830e+00  2.14161170e+00  2.73656091e+00  2.97893840e+00 
 1.60560000e-10  2.32914065e+00  2.14085935e+00  2.73560512e+00  2.97989064e+00 
 1.62560000e-10  2.32987813e+00  2.14012187e+00  2.73466938e+00  2.98082341e+00 
 1.64560000e-10  2.33060062e+00  2.13939938e+00  2.73375378e+00  2.98173665e+00 
 1.66560000e-10  2.33130802e+00  2.13869198e+00  2.73285840e+00  2.98263028e+00 
 1.68560000e-10  2.33200022e+00  2.13799978e+00  2.73198332e+00  2.98350422e+00 
 1.70560000e-10  2.33267709e+00  2.13732291e+00  2.73112861e+00  2.98435841e+00 
 1.72560000e-10  2.33333854e+00  2.13666146e+00  2.73029435e+00  2.98519278e+00 
 1.74560000e-10  2.33398447e+00  2.13601553e+00  2.72948061e+00  2.98600727e+00 
 1.76560000e-10  2.33461476e+00  2.13538524e+00  2.72868745e+00  2.98680182e+00 
 1.78560000e-10  2.33522932e+00  2.13477068e+00  2.72791491e+00  2.98757639e+00 
 1.80560000e-10  2.33582805e+00  2.13417195e+00  2.72716307e+00  2.98833093e+00 
 1.82560000e-10  2.33641087e+00  2.13358913e+00  2.72643196e+00  2.98906538e+00 
 1.84560000e-10  2.33697766e+00  2.13302234e+00  2.72572164e+00  2.98977970e+00 
 1.86560000e-10  2.33752836e+00  2.13247164e+00  2.72503214e+00  2.99047386e+00 
 1.88560000e-10  2.33806286e+00  2.13193714e+00  2.72436350e+00  2.99114782e+00 
 1.90560000e-10  2.33858109e+00  2.13141891e+00  2.72371576e+00  2.99180155e+00 
 1.92560000e-10  2.33908297e+00  2.13091703e+00  2.72308895e+00  2.99243500e+00 
 1.94560000e-10  2.33956840e+00  2.13043160e+00  2.72248309e+00  2.99304817e+00 
 1.96560000e-10  2.34003733e+00  2.12996267e+00  2.72189822e+00  2.99364101e+00 
 1.98560000e-10  2.34048966e+00  2.12951034e+00  2.72133435e+00  2.99421351e+00 
 2.00560000e-10  2.34092534e+00  2.12907466e+00  2.72079150e+00  2.99476564e+00 
 2.02560000e-10  2.34134430e+00  2.12865570e+00  2.72026968e+00  2.99529739e+00 
 2.04560000e-10  2.34174646e+00  2.12825354e+00  2.71976892e+00  2.99580873e+00 
 2.06560000e-10  2.34213176e+00  2.12786824e+00  2.71928921e+00  2.99629966e+00 
 2.08560000e-10  2.34250015e+00  2.12749985e+00  2.71883057e+00  2.99677015e+00 
 2.10560000e-10  2.34285156e+00  2.12714844e+00  2.71839300e+00  2.99722019e+00 
 2.12560000e-10  2.34318594e+00  2.12681406e+00  2.71797651e+00  2.99764977e+00 
 2.14560000e-10  2.34350323e+00  2.12649677e+00  2.71758110e+00  2.99805888e+00 
 2.16560000e-10  2.34380339e+00  2.12619661e+00  2.71720677e+00  2.99844751e+00 
 2.18560000e-10  2.34408637e+00  2.12591363e+00  2.71685351e+00  2.99881565e+00 
 2.20560000e-10  2.34435213e+00  2.12564787e+00  2.71652133e+00  2.99916329e+00 
 2.22560000e-10  2.34460062e+00  2.12539938e+00  2.71621021e+00  2.99949042e+00 
 2.24560000e-10  2.34483179e+00  2.12516821e+00  2.71592015e+00  2.99979704e+00 
 2.26560000e-10  2.34504563e+00  2.12495437e+00  2.71565115e+00  3.00008314e+00 
 2.28560000e-10  2.34524209e+00  2.12475791e+00  2.71540320e+00  3.00034871e+00 
 2.30560000e-10  2.34542114e+00  2.12457886e+00  2.71517628e+00  3.00059374e+00 
 2.32560000e-10  2.34558275e+00  2.12441725e+00  2.71497038e+00  3.00081823e+00 
 2.34560000e-10  2.34572690e+00  2.12427310e+00  2.71478551e+00  3.00102217e+00 
 2.36560000e-10  2.34585357e+00  2.12414643e+00  2.71462164e+00  3.00120555e+00 
 2.38560000e-10  2.34596273e+00  2.12403727e+00  2.71447876e+00  3.00136837e+00 
 2.40560000e-10  2.34605437e+00  2.12394563e+00  2.71435686e+00  3.00151062e+00 
 2.42560000e-10  2.34612847e+00  2.12387153e+00  2.71425593e+00  3.00163229e+00 
 2.44560000e-10  2.34618502e+00  2.12381498e+00  2.71417595e+00  3.00173337e+00 
 2.46560000e-10  2.34622401e+00  2.12377599e+00  2.71411692e+00  3.00181386e+00 
 2.48560000e-10  2.34624545e+00  2.12375455e+00  2.71407881e+00  3.00187374e+00 
 2.50560000e-10  2.34624931e+00  2.12375069e+00  2.71406163e+00  3.00191300e+00 
 2.52560000e-10  2.34623561e+00  2.12376439e+00  2.71406535e+00  3.00193164e+00 
 2.54560000e-10  2.34620434e+00  2.12379566e+00  2.71408996e+00  3.00192965e+00 
 2.56560000e-10  2.34615551e+00  2.12384449e+00  2.71413544e+00  3.00190700e+00 
 2.58560000e-10  2.34608913e+00  2.12391087e+00  2.71420180e+00  3.00186371e+00 
 2.60560000e-10  2.34600521e+00  2.12399479e+00  2.71428901e+00  3.00179974e+00 
 2.62560000e-10  2.34590375e+00  2.12409625e+00  2.71439706e+00  3.00171509e+00 
 2.64560000e-10  2.34578479e+00  2.12421521e+00  2.71452594e+00  3.00160976e+00 
 2.66560000e-10  2.34564833e+00  2.12435167e+00  2.71467563e+00  3.00148371e+00 
 2.68560000e-10  2.34549440e+00  2.12450560e+00  2.71484614e+00  3.00133695e+00 
 2.70560000e-10  2.34532302e+00  2.12467698e+00  2.71503743e+00  3.00116946e+00 
 2.72560000e-10  2.34513421e+00  2.12486579e+00  2.71524951e+00  3.00098123e+00 
 2.74560000e-10  2.34492802e+00  2.12507198e+00  2.71548236e+00  3.00077224e+00 
 2.76560000e-10  2.34470447e+00  2.12529553e+00  2.71573597e+00  3.00054249e+00 
 2.78560000e-10  2.34446359e+00  2.12553641e+00  2.71601033e+00  3.00029195e+00 
 2.80560000e-10  2.34420543e+00  2.12579457e+00  2.71630542e+00  3.00002063e+00 
 2.82560000e-10  2.34393002e+00  2.12606998e+00  2.71662124e+00  2.99972851e+00 
 2.84560000e-10  2.34363742e+00  2.12636258e+00  2.71695776e+00  2.99941557e+00 
 2.86560000e-10  2.34332765e+00  2.12667235e+00  2.71731499e+00  2.99908182e+00 
 2.88560000e-10  2.34300079e+00  2.12699921e+00  2.71769289e+00  2.99872724e+00 
 2.90560000e-10  2.34265686e+00  2.12734314e+00  2.71809147e+00  2.99835183e+00 
 2.92560000e-10  2.34229594e+00  2.12770406e+00  2.71851070e+00  2.99795557e+00 
 2.94560000e-10  2.34191807e+00  2.12808193e+00  2.71895056e+00  2.99753847e+00 
 2.96560000e-10  2.34152332e+00  2.12847668e+00  2.71941105e+00  2.99710052e+00 
 2.98560000e-10  2.34111175e+00  2.12888825e+00  2.71989214e+00  2.99664172e+00 
 3.00560000e-10  2.34068342e+00  2.12931658e+00  2.72039382e+00  2.99616208e+00 
 3.02560000e-10  2.34023840e+00  2.12976160e+00  2.72091606e+00  2.99566159e+00 
 3.04560000e-10  2.33977677e+00  2.13022323e+00  2.72145884e+00  2.99514026e+00 
 3.06560000e-10  2.33929859e+00  2.13070141e+00  2.72202213e+00  2.99459810e+00 
 3.08560000e-10  2.33880394e+00  2.13119606e+00  2.72260592e+00  2.99403511e+00 
 3.10560000e-10  2.33829289e+00  2.13170711e+00  2.72321017e+00  2.99345132e+00 
 3.12560000e-10  2.33776554e+00  2.13223446e+00  2.72383485e+00  2.99284673e+00 
 3.14560000e-10  2.33722196e+00  2.13277804e+00  2.72447993e+00  2.99222136e+00 
 3.16560000e-10  2.33666224e+00  2.13333776e+00  2.72514538e+00  2.99157525e+00 
 3.18560000e-10  2.33608646e+00  2.13391354e+00  2.72583117e+00  2.99090840e+00 
 3.20560000e-10  2.33549472e+00  2.13450528e+00  2.72653724e+00  2.99022085e+00 
 3.22560000e-10  2.33488711e+00  2.13511289e+00  2.72726356e+00  2.98951263e+00 
 3.24560000e-10  2.33426373e+00  2.13573627e+00  2.72801008e+00  2.98878378e+00 
 3.26560000e-10  2.33362467e+00  2.13637533e+00  2.72877676e+00  2.98803433e+00 
 3.28560000e-10  2.33297004e+00  2.13702996e+00  2.72956354e+00  2.98726433e+00 
 3.30560000e-10  2.33229994e+00  2.13770006e+00  2.73037036e+00  2.98647383e+00 
 3.32560000e-10  2.33161447e+00  2.13838553e+00  2.73119718e+00  2.98566288e+00 
 3.34560000e-10  2.33091375e+00  2.13908625e+00  2.73204392e+00  2.98483153e+00 
 3.36560000e-10  2.33019788e+00  2.13980212e+00  2.73291053e+00  2.98397984e+00 
 3.38560000e-10  2.32946697e+00  2.14053303e+00  2.73379693e+00  2.98310789e+00 
 3.40560000e-10  2.32872116e+00  2.14127884e+00  2.73470304e+00  2.98221573e+00 
 3.42560000e-10  2.32796054e+00  2.14203946e+00  2.73562880e+00  2.98130344e+00 
 3.44560000e-10  2.32718524e+00  2.14281476e+00  2.73657412e+00  2.98037110e+00 
 3.46560000e-10  2.32639538e+00  2.14360462e+00  2.73753891e+00  2.97941879e+00 
 3.48560000e-10  2.32559109e+00  2.14440891e+00  2.73852309e+00  2.97844661e+00 
 3.50560000e-10  2.32477250e+00  2.14522750e+00  2.73952656e+00  2.97745464e+00 
 3.52560000e-10  2.32393973e+00  2.14606027e+00  2.74054921e+00  2.97644298e+00 
 3.54560000e-10  2.32309292e+00  2.14690708e+00  2.74159096e+00  2.97541174e+00 
 3.56560000e-10  2.32223219e+00  2.14776781e+00  2.74265168e+00  2.97436102e+00 
 3.58560000e-10  2.32135769e+00  2.14864231e+00  2.74373127e+00  2.97329095e+00 
 3.60560000e-10  2.32046955e+00  2.14953045e+00  2.74482961e+00  2.97220162e+00 
 3.62560000e-10  2.31956792e+00  2.15043208e+00  2.74594658e+00  2.97109318e+00 
 3.64560000e-10  2.31865293e+00  2.15134707e+00  2.74708205e+00  2.96996575e+00 
 3.66560000e-10  2.31772473e+00  2.15227527e+00  2.74823589e+00  2.96881945e+00 
 3.68560000e-10  2.31678347e+00  2.15321653e+00  2.74940796e+00  2.96765444e+00 
 3.70560000e-10  2.31582930e+00  2.15417070e+00  2.75059812e+00  2.96647086e+00 
 3.72560000e-10  2.31486236e+00  2.15513764e+00  2.75180623e+00  2.96526885e+00 
 3.74560000e-10  2.31388281e+00  2.15611719e+00  2.75303213e+00  2.96404857e+00 
 3.76560000e-10  2.31289080e+00  2.15710920e+00  2.75427567e+00  2.96281018e+00 
 3.78560000e-10  2.31188649e+00  2.15811351e+00  2.75553669e+00  2.96155384e+00 
 3.80560000e-10  2.31087005e+00  2.15912995e+00  2.75681501e+00  2.96027973e+00 
 3.82560000e-10  2.30984162e+00  2.16015838e+00  2.75811048e+00  2.95898802e+00 
 3.84560000e-10  2.30880137e+00  2.16119863e+00  2.75942291e+00  2.95767888e+00 
 3.86560000e-10  2.30774947e+00  2.16225053e+00  2.76075213e+00  2.95635251e+00 
 3.88560000e-10  2.30668608e+00  2.16331392e+00  2.76209795e+00  2.95500910e+00 
 3.90560000e-10  2.30561137e+00  2.16438863e+00  2.76346018e+00  2.95364883e+00 
 3.92560000e-10  2.30452551e+00  2.16547449e+00  2.76483862e+00  2.95227192e+00 
 3.94560000e-10  2.30342867e+00  2.16657133e+00  2.76623307e+00  2.95087855e+00 
 3.96560000e-10  2.30232103e+00  2.16767897e+00  2.76764334e+00  2.94946895e+00 
 3.98560000e-10  2.30120275e+00  2.16879725e+00  2.76906921e+00  2.94804332e+00 
 4.00560000e-10  2.30007402e+00  2.16992598e+00  2.77051047e+00  2.94660189e+00 
 4.02560000e-10  2.29893502e+00  2.17106498e+00  2.77196690e+00  2.94514488e+00 
 4.04560000e-10  2.29778591e+00  2.17221409e+00  2.77343827e+00  2.94367251e+00 
 4.06560000e-10  2.29662690e+00  2.17337310e+00  2.77492437e+00  2.94218502e+00 
 4.08560000e-10  2.29545815e+00  2.17454185e+00  2.77642496e+00  2.94068265e+00 
 4.10560000e-10  2.29427986e+00  2.17572014e+00  2.77793980e+00  2.93916563e+00 
 4.12560000e-10  2.29309220e+00  2.17690780e+00  2.77946866e+00  2.93763420e+00 
 4.14560000e-10  2.29189537e+00  2.17810463e+00  2.78101128e+00  2.93608863e+00 
 4.16560000e-10  2.29068956e+00  2.17931044e+00  2.78256743e+00  2.93452916e+00 
 4.18560000e-10  2.28947495e+00  2.18052505e+00  2.78413685e+00  2.93295605e+00 
 4.20560000e-10  2.28825174e+00  2.18174826e+00  2.78571929e+00  2.93136955e+00 
 4.22560000e-10  2.28702012e+00  2.18297988e+00  2.78731448e+00  2.92976994e+00 
 4.24560000e-10  2.28578029e+00  2.18421971e+00  2.78892216e+00  2.92815749e+00 
 4.26560000e-10  2.28453244e+00  2.18546756e+00  2.79054206e+00  2.92653246e+00 
 4.28560000e-10  2.28327676e+00  2.18672324e+00  2.79217392e+00  2.92489513e+00 
 4.30560000e-10  2.28201347e+00  2.18798653e+00  2.79381745e+00  2.92324578e+00 
 4.32560000e-10  2.28074274e+00  2.18925726e+00  2.79547239e+00  2.92158469e+00 
 4.34560000e-10  2.27946480e+00  2.19053520e+00  2.79713844e+00  2.91991215e+00 
 4.36560000e-10  2.27817983e+00  2.19182017e+00  2.79881532e+00  2.91822845e+00 
 4.38560000e-10  2.27688805e+00  2.19311195e+00  2.80050276e+00  2.91653388e+00 
 4.40560000e-10  2.27558965e+00  2.19441035e+00  2.80220044e+00  2.91482873e+00 
 4.42560000e-10  2.27428484e+00  2.19571516e+00  2.80390809e+00  2.91311331e+00 
 4.44560000e-10  2.27297383e+00  2.19702617e+00  2.80562540e+00  2.91138791e+00 
 4.46560000e-10  2.27165682e+00  2.19834318e+00  2.80735208e+00  2.90965284e+00 
 4.48560000e-10  2.27033402e+00  2.19966598e+00  2.80908782e+00  2.90790841e+00 
 4.50560000e-10  2.26900564e+00  2.20099436e+00  2.81083231e+00  2.90615492e+00 
 4.52560000e-10  2.26767190e+00  2.20232810e+00  2.81258526e+00  2.90439269e+00 
 4.54560000e-10  2.26633299e+00  2.20366701e+00  2.81434634e+00  2.90262202e+00 
 4.56560000e-10  2.26498914e+00  2.20501086e+00  2.81611525e+00  2.90084325e+00 
 4.58560000e-10  2.26364055e+00  2.20635945e+00  2.81789128e+00  2.89905695e+00 
 4.60560000e-10  2.26228743e+00  2.20771257e+00  2.81967449e+00  2.89726319e+00 
 4.62560000e-10  2.26093001e+00  2.20906999e+00  2.82146480e+00  2.89546212e+00 
 4.64560000e-10  2.25956850e+00  2.21043150e+00  2.82326184e+00  2.89365411e+00 
 4.66560000e-10  2.25820310e+00  2.21179690e+00  2.82506517e+00  2.89183957e+00 
 4.68560000e-10  2.25683404e+00  2.21316596e+00  2.82687441e+00  2.89001885e+00 
 4.70560000e-10  2.25546153e+00  2.21453847e+00  2.82868923e+00  2.88819230e+00 
 4.72560000e-10  2.25408580e+00  2.21591420e+00  2.83050930e+00  2.88636024e+00 
 4.74560000e-10  2.25270704e+00  2.21729296e+00  2.83233429e+00  2.88452301e+00 
 4.76560000e-10  2.25132549e+00  2.21867451e+00  2.83416387e+00  2.88268093e+00 
 4.78560000e-10  2.24994137e+00  2.22005863e+00  2.83599771e+00  2.88083436e+00 
 4.80560000e-10  2.24855488e+00  2.22144512e+00  2.83783548e+00  2.87898361e+00 
 4.82560000e-10  2.24716625e+00  2.22283375e+00  2.83967684e+00  2.87712903e+00 
 4.84560000e-10  2.24577571e+00  2.22422429e+00  2.84152146e+00  2.87527097e+00 
 4.86560000e-10  2.24438346e+00  2.22561654e+00  2.84336900e+00  2.87340976e+00 
 4.88560000e-10  2.24298973e+00  2.22701027e+00  2.84521913e+00  2.87154574e+00 
 4.90560000e-10  2.24159473e+00  2.22840527e+00  2.84707150e+00  2.86967925e+00 
 4.92560000e-10  2.24019870e+00  2.22980130e+00  2.84892579e+00  2.86781064e+00 
 4.94560000e-10  2.23880184e+00  2.23119816e+00  2.85078164e+00  2.86594025e+00 
 4.96560000e-10  2.23740439e+00  2.23259561e+00  2.85263872e+00  2.86406843e+00 
 4.98560000e-10  2.23600655e+00  2.23399345e+00  2.85449669e+00  2.86219552e+00 
 5.00560000e-10  2.23460856e+00  2.23539144e+00  2.85635519e+00  2.86032192e+00 
 5.02560000e-10  2.23321063e+00  2.23678937e+00  2.85821388e+00  2.85844795e+00 
 5.04560000e-10  2.23181298e+00  2.23818702e+00  2.86007244e+00  2.85657390e+00 
 5.06560000e-10  2.23041583e+00  2.23958417e+00  2.86193064e+00  2.85469998e+00 
 5.08560000e-10  2.22901941e+00  2.24098059e+00  2.86378805e+00  2.85282666e+00 
 5.10560000e-10  2.22762393e+00  2.24237607e+00  2.86564427e+00  2.85095437e+00 
 5.12560000e-10  2.22622962e+00  2.24377038e+00  2.86749898e+00  2.84908345e+00 
 5.14560000e-10  2.22483669e+00  2.24516331e+00  2.86935185e+00  2.84721422e+00 
 5.16560000e-10  2.22344536e+00  2.24655464e+00  2.87120255e+00  2.84534699e+00 
 5.18560000e-10  2.22205586e+00  2.24794414e+00  2.87305076e+00  2.84348212e+00 
 5.20560000e-10  2.22066841e+00  2.24933159e+00  2.87489613e+00  2.84161994e+00 
 5.22560000e-10  2.21928322e+00  2.25071678e+00  2.87673833e+00  2.83976080e+00 
 5.24560000e-10  2.21790051e+00  2.25209949e+00  2.87857702e+00  2.83790503e+00 
 5.26560000e-10  2.21652050e+00  2.25347950e+00  2.88041187e+00  2.83605299e+00 
 5.28560000e-10  2.21514341e+00  2.25485659e+00  2.88224255e+00  2.83420499e+00 
 5.30560000e-10  2.21376945e+00  2.25623055e+00  2.88406872e+00  2.83236140e+00 
 5.32560000e-10  2.21239885e+00  2.25760115e+00  2.88589005e+00  2.83052253e+00 
 5.34560000e-10  2.21103181e+00  2.25896819e+00  2.88770622e+00  2.82868873e+00 
 5.36560000e-10  2.20966856e+00  2.26033144e+00  2.88951690e+00  2.82686033e+00 
 5.38560000e-10  2.20830931e+00  2.26169069e+00  2.89132176e+00  2.82503766e+00 
 5.40560000e-10  2.20695428e+00  2.26304572e+00  2.89312048e+00  2.82322106e+00 
 5.42560000e-10  2.20560367e+00  2.26439633e+00  2.89491239e+00  2.82141138e+00 
 5.44560000e-10  2.20425771e+00  2.26574229e+00  2.89669749e+00  2.81960847e+00 
 5.46560000e-10  2.20291660e+00  2.26708340e+00  2.89847567e+00  2.81781235e+00 
 5.48560000e-10  2.20158055e+00  2.26841945e+00  2.90024658e+00  2.81602339e+00 
 5.50560000e-10  2.20024979e+00  2.26975021e+00  2.90200980e+00  2.81424205e+00 
 5.52560000e-10  2.19892451e+00  2.27107549e+00  2.90376498e+00  2.81246871e+00 
 5.54560000e-10  2.19760493e+00  2.27239507e+00  2.90551181e+00  2.81070372e+00 
 5.56560000e-10  2.19629125e+00  2.27370875e+00  2.90724997e+00  2.80894737e+00 
 5.58560000e-10  2.19498369e+00  2.27501631e+00  2.90897918e+00  2.80719999e+00 
 5.60560000e-10  2.19368244e+00  2.27631756e+00  2.91069912e+00  2.80546188e+00 
 5.62560000e-10  2.19238772e+00  2.27761228e+00  2.91240949e+00  2.80373335e+00 
 5.64560000e-10  2.19109973e+00  2.27890027e+00  2.91411001e+00  2.80201470e+00 
 5.66560000e-10  2.18981867e+00  2.28018133e+00  2.91580038e+00  2.80030624e+00 
 5.68560000e-10  2.18854475e+00  2.28145525e+00  2.91748031e+00  2.79860826e+00 
 5.70560000e-10  2.18727816e+00  2.28272184e+00  2.91914950e+00  2.79692107e+00 
 5.72560000e-10  2.18601911e+00  2.28398089e+00  2.92080769e+00  2.79524496e+00 
 5.74560000e-10  2.18476779e+00  2.28523221e+00  2.92245457e+00  2.79358021e+00 
 5.76560000e-10  2.18352440e+00  2.28647560e+00  2.92408989e+00  2.79192712e+00 
 5.78560000e-10  2.18228915e+00  2.28771085e+00  2.92571336e+00  2.79028597e+00 
 5.80560000e-10  2.18106221e+00  2.28893779e+00  2.92732472e+00  2.78865704e+00 
 5.82560000e-10  2.17984380e+00  2.29015620e+00  2.92892369e+00  2.78704060e+00 
 5.84560000e-10  2.17863409e+00  2.29136591e+00  2.93051002e+00  2.78543694e+00 
 5.86560000e-10  2.17743328e+00  2.29256672e+00  2.93208345e+00  2.78384633e+00 
 5.88560000e-10  2.17624157e+00  2.29375843e+00  2.93364371e+00  2.78226902e+00 
 5.90560000e-10  2.17505913e+00  2.29494087e+00  2.93519056e+00  2.78070529e+00 
 5.92560000e-10  2.17388616e+00  2.29611384e+00  2.93672375e+00  2.77915539e+00 
 5.94560000e-10  2.17272284e+00  2.29727716e+00  2.93824303e+00  2.77761957e+00 
 5.96560000e-10  2.17156936e+00  2.29843064e+00  2.93974818e+00  2.77609810e+00 
 5.98560000e-10  2.17042589e+00  2.29957411e+00  2.94123894e+00  2.77459121e+00 
 6.00560000e-10  2.16929261e+00  2.30070739e+00  2.94271509e+00  2.77309915e+00 
 6.02560000e-10  2.16816972e+00  2.30183028e+00  2.94417641e+00  2.77162216e+00 
 6.04560000e-10  2.16705737e+00  2.30294263e+00  2.94562266e+00  2.77016047e+00 
 6.06560000e-10  2.16595576e+00  2.30404424e+00  2.94705364e+00  2.76871432e+00 
 6.08560000e-10  2.16486505e+00  2.30513495e+00  2.94846912e+00  2.76728393e+00 
 6.10560000e-10  2.16378541e+00  2.30621459e+00  2.94986891e+00  2.76586952e+00 
 6.12560000e-10  2.16271702e+00  2.30728298e+00  2.95125279e+00  2.76447130e+00 
 6.14560000e-10  2.16166004e+00  2.30833996e+00  2.95262057e+00  2.76308950e+00 
 6.16560000e-10  2.16061465e+00  2.30938535e+00  2.95397204e+00  2.76172431e+00 
 6.18560000e-10  2.15958100e+00  2.31041900e+00  2.95530703e+00  2.76037595e+00 
 6.20560000e-10  2.15855926e+00  2.31144074e+00  2.95662534e+00  2.75904461e+00 
 6.22560000e-10  2.15754959e+00  2.31245041e+00  2.95792679e+00  2.75773048e+00 
 6.24560000e-10  2.15655215e+00  2.31344785e+00  2.95921121e+00  2.75643376e+00 
 6.26560000e-10  2.15556710e+00  2.31443290e+00  2.96047843e+00  2.75515462e+00 
 6.28560000e-10  2.15459459e+00  2.31540541e+00  2.96172827e+00  2.75389324e+00 
 6.30560000e-10  2.15363478e+00  2.31636522e+00  2.96296058e+00  2.75264981e+00 
 6.32560000e-10  2.15268782e+00  2.31731218e+00  2.96417521e+00  2.75142449e+00 
 6.34560000e-10  2.15175386e+00  2.31824614e+00  2.96537199e+00  2.75021744e+00 
 6.36560000e-10  2.15083304e+00  2.31916696e+00  2.96655079e+00  2.74902882e+00 
 6.38560000e-10  2.14992551e+00  2.32007449e+00  2.96771146e+00  2.74785879e+00 
 6.40560000e-10  2.14903142e+00  2.32096858e+00  2.96885386e+00  2.74670749e+00 
 6.42560000e-10  2.14815090e+00  2.32184910e+00  2.96997786e+00  2.74557508e+00 
 6.44560000e-10  2.14728410e+00  2.32271590e+00  2.97108334e+00  2.74446168e+00 
 6.46560000e-10  2.14643115e+00  2.32356885e+00  2.97217017e+00  2.74336744e+00 
 6.48560000e-10  2.14559218e+00  2.32440782e+00  2.97323823e+00  2.74229248e+00 
 6.50560000e-10  2.14476733e+00  2.32523267e+00  2.97428742e+00  2.74123693e+00 
 6.52560000e-10  2.14395673e+00  2.32604327e+00  2.97531762e+00  2.74020091e+00 
 6.54560000e-10  2.14316051e+00  2.32683949e+00  2.97632872e+00  2.73918452e+00 
 6.56560000e-10  2.14237879e+00  2.32762121e+00  2.97732064e+00  2.73818789e+00 
 6.58560000e-10  2.14161170e+00  2.32838830e+00  2.97829327e+00  2.73721111e+00 
 6.60560000e-10  2.14085935e+00  2.32914065e+00  2.97924653e+00  2.73625428e+00 
 6.62560000e-10  2.14012187e+00  2.32987813e+00  2.98018033e+00  2.73531750e+00 
 6.64560000e-10  2.13939938e+00  2.33060062e+00  2.98109459e+00  2.73440086e+00 
 6.66560000e-10  2.13869198e+00  2.33130802e+00  2.98198923e+00  2.73350444e+00 
 6.68560000e-10  2.13799978e+00  2.33200022e+00  2.98286418e+00  2.73262832e+00 
 6.70560000e-10  2.13732291e+00  2.33267709e+00  2.98371937e+00  2.73177259e+00 
 6.72560000e-10  2.13666146e+00  2.33333854e+00  2.98455473e+00  2.73093731e+00 
 6.74560000e-10  2.13601553e+00  2.33398447e+00  2.98537021e+00  2.73012254e+00 
 6.76560000e-10  2.13538524e+00  2.33461476e+00  2.98616575e+00  2.72932836e+00 
 6.78560000e-10  2.13477068e+00  2.33522932e+00  2.98694129e+00  2.72855482e+00 
 6.80560000e-10  2.13417195e+00  2.33582805e+00  2.98769679e+00  2.72780197e+00 
 6.82560000e-10  2.13358913e+00  2.33641087e+00  2.98843219e+00  2.72706987e+00 
 6.84560000e-10  2.13302234e+00  2.33697766e+00  2.98914745e+00  2.72635856e+00 
 6.86560000e-10  2.13247164e+00  2.33752836e+00  2.98984254e+00  2.72566808e+00 
 6.88560000e-10  2.13193714e+00  2.33806286e+00  2.99051741e+00  2.72499848e+00 
 6.90560000e-10  2.13141891e+00  2.33858109e+00  2.99117204e+00  2.72434979e+00 
 6.92560000e-10  2.13091703e+00  2.33908297e+00  2.99180638e+00  2.72372203e+00 
 6.94560000e-10  2.13043160e+00  2.33956840e+00  2.99242042e+00  2.72311524e+00 
 6.96560000e-10  2.12996267e+00  2.34003733e+00  2.99301412e+00  2.72252945e+00 
 6.98560000e-10  2.12951034e+00  2.34048966e+00  2.99358745e+00  2.72196467e+00 
 7.00560000e-10  2.12907466e+00  2.34092534e+00  2.99414041e+00  2.72142093e+00 
 7.02560000e-10  2.12865570e+00  2.34134430e+00  2.99467295e+00  2.72089824e+00 
 7.04560000e-10  2.12825354e+00  2.34174646e+00  2.99518508e+00  2.72039662e+00 
 7.06560000e-10  2.12786824e+00  2.34213176e+00  2.99567677e+00  2.71991607e+00 
 7.08560000e-10  2.12749985e+00  2.34250015e+00  2.99614800e+00  2.71945660e+00 
 7.10560000e-10  2.12714844e+00  2.34285156e+00  2.99659876e+00  2.71901823e+00 
 7.12560000e-10  2.12681406e+00  2.34318594e+00  2.99702904e+00  2.71860095e+00 
 7.14560000e-10  2.12649677e+00  2.34350323e+00  2.99743882e+00  2.71820477e+00 
 7.16560000e-10  2.12619661e+00  2.34380339e+00  2.99782810e+00  2.71782969e+00 
 7.18560000e-10  2.12591363e+00  2.34408637e+00  2.99819687e+00  2.71747570e+00 
 7.20560000e-10  2.12564787e+00  2.34435213e+00  2.99854511e+00  2.71714281e+00 
 7.22560000e-10  2.12539938e+00  2.34460062e+00  2.99887282e+00  2.71683101e+00 
 7.24560000e-10  2.12516821e+00  2.34483179e+00  2.99917999e+00  2.71654030e+00 
 7.26560000e-10  2.12495437e+00  2.34504563e+00  2.99946661e+00  2.71627066e+00 
 7.28560000e-10  2.12475791e+00  2.34524209e+00  2.99973268e+00  2.71602209e+00 
 7.30560000e-10  2.12457886e+00  2.34542114e+00  2.99997818e+00  2.71579459e+00 
 7.32560000e-10  2.12441725e+00  2.34558275e+00  3.00020312e+00  2.71558813e+00 
 7.34560000e-10  2.12427310e+00  2.34572690e+00  3.00040747e+00  2.71540272e+00 
 7.36560000e-10  2.12414643e+00  2.34585357e+00  3.00059125e+00  2.71523833e+00 
 7.38560000e-10  2.12403727e+00  2.34596273e+00  3.00075443e+00  2.71509497e+00 
 7.40560000e-10  2.12394563e+00  2.34605437e+00  3.00089701e+00  2.71497261e+00 
 7.42560000e-10  2.12387153e+00  2.34612847e+00  3.00101898e+00  2.71487125e+00 
 7.44560000e-10  2.12381498e+00  2.34618502e+00  3.00112033e+00  2.71479087e+00 
 7.46560000e-10  2.12377599e+00  2.34622401e+00  3.00120106e+00  2.71473146e+00 
 7.48560000e-10  2.12375455e+00  2.34624545e+00  3.00126116e+00  2.71469301e+00 
 7.50560000e-10  2.12375069e+00  2.34624931e+00  3.00130061e+00  2.71467550e+00 
 7.52560000e-10  2.12376439e+00  2.34623561e+00  3.00131941e+00  2.71467893e+00 
 7.54560000e-10  2.12379566e+00  2.34620434e+00  3.00131754e+00  2.71470327e+00 
 7.56560000e-10  2.12384449e+00  2.34615551e+00  3.00129500e+00  2.71474853e+00 
 7.58560000e-10  2.12391087e+00  2.34608913e+00  3.00125178e+00  2.71481467e+00 
 7.60560000e-10  2.12399479e+00  2.34600521e+00  3.00118786e+00  2.71490170e+00 
 7.62560000e-10  2.12409625e+00  2.34590375e+00  3.00110323e+00  2.71500960e+00 
 7.64560000e-10  2.12421521e+00  2.34578479e+00  3.00099787e+00  2.71513836e+00 
 7.66560000e-10  2.12435167e+00  2.34564833e+00  3.00087179e+00  2.71528796e+00 
 7.68560000e-10  2.12450560e+00  2.34549440e+00  3.00072497e+00  2.71545840e+00 
 7.70560000e-10  2.12467698e+00  2.34532302e+00  3.00055738e+00  2.71564966e+00 
 7.72560000e-10  2.12486579e+00  2.34513421e+00  3.00036903e+00  2.71586173e+00 
 7.74560000e-10  2.12507198e+00  2.34492802e+00  3.00015990e+00  2.71609459e+00 
 7.76560000e-10  2.12529553e+00  2.34470447e+00  2.99992998e+00  2.71634825e+00 
 7.78560000e-10  2.12553641e+00  2.34446359e+00  2.99967925e+00  2.71662267e+00 
 7.80560000e-10  2.12579457e+00  2.34420543e+00  2.99940771e+00  2.71691786e+00 
 7.82560000e-10  2.12606998e+00  2.34393002e+00  2.99911535e+00  2.71723380e+00 
 7.84560000e-10  2.12636258e+00  2.34363742e+00  2.99880215e+00  2.71757047e+00 
 7.86560000e-10  2.12667235e+00  2.34332765e+00  2.99846811e+00  2.71792786e+00 
 7.88560000e-10  2.12699921e+00  2.34300079e+00  2.99811322e+00  2.71830596e+00 
 7.90560000e-10  2.12734314e+00  2.34265686e+00  2.99773748e+00  2.71870476e+00 
 7.92560000e-10  2.12770406e+00  2.34229594e+00  2.99734088e+00  2.71912423e+00 
 7.94560000e-10  2.12808193e+00  2.34191807e+00  2.99692341e+00  2.71956436e+00 
 7.96560000e-10  2.12847668e+00  2.34152332e+00  2.99648508e+00  2.72002513e+00 
 7.98560000e-10  2.12888825e+00  2.34111175e+00  2.99602588e+00  2.72050653e+00 
 8.00560000e-10  2.12931658e+00  2.34068342e+00  2.99554581e+00  2.72100853e+00 
 8.02560000e-10  2.12976160e+00  2.34023840e+00  2.99504489e+00  2.72153112e+00 
 8.04560000e-10  2.13022323e+00  2.33977677e+00  2.99452311e+00  2.72207426e+00 
 8.06560000e-10  2.13070141e+00  2.33929859e+00  2.99398048e+00  2.72263794e+00 
 8.08560000e-10  2.13119606e+00  2.33880394e+00  2.99341702e+00  2.72322213e+00 
 8.10560000e-10  2.13170711e+00  2.33829289e+00  2.99283273e+00  2.72382680e+00 
 8.12560000e-10  2.13223446e+00  2.33776554e+00  2.99222764e+00  2.72445192e+00 
 8.14560000e-10  2.13277804e+00  2.33722196e+00  2.99160177e+00  2.72509745e+00 
 8.16560000e-10  2.13333776e+00  2.33666224e+00  2.99095513e+00  2.72576337e+00 
 8.18560000e-10  2.13391354e+00  2.33608646e+00  2.99028775e+00  2.72644963e+00 
 8.20560000e-10  2.13450528e+00  2.33549472e+00  2.98959966e+00  2.72715619e+00 
 8.22560000e-10  2.13511289e+00  2.33488711e+00  2.98889089e+00  2.72788301e+00 
 8.24560000e-10  2.13573627e+00  2.33426373e+00  2.98816148e+00  2.72863005e+00 
 8.26560000e-10  2.13637533e+00  2.33362467e+00  2.98741148e+00  2.72939725e+00 
 8.28560000e-10  2.13702996e+00  2.33297004e+00  2.98664091e+00  2.73018456e+00 
 8.30560000e-10  2.13770006e+00  2.33229994e+00  2.98584984e+00  2.73099193e+00 
 8.32560000e-10  2.13838553e+00  2.33161447e+00  2.98503831e+00  2.73181930e+00 
 8.34560000e-10  2.13908625e+00  2.33091375e+00  2.98420639e+00  2.73266660e+00 
 8.36560000e-10  2.13980212e+00  2.33019788e+00  2.98335412e+00  2.73353377e+00 
 8.38560000e-10  2.14053303e+00  2.32946697e+00  2.98248158e+00  2.73442074e+00 
 8.40560000e-10  2.14127884e+00  2.32872116e+00  2.98158884e+00  2.73532744e+00 
 8.42560000e-10  2.14203946e+00  2.32796054e+00  2.98067597e+00  2.73625377e+00 
 8.44560000e-10  2.14281476e+00  2.32718524e+00  2.97974305e+00  2.73719968e+00 
 8.46560000e-10  2.14360462e+00  2.32639538e+00  2.97879017e+00  2.73816505e+00 
 8.48560000e-10  2.14440891e+00  2.32559109e+00  2.97781741e+00  2.73914982e+00 
 8.50560000e-10  2.14522750e+00  2.32477250e+00  2.97682486e+00  2.74015388e+00 
 8.52560000e-10  2.14606027e+00  2.32393973e+00  2.97581263e+00  2.74117712e+00 
 8.54560000e-10  2.14690708e+00  2.32309292e+00  2.97478082e+00  2.74221946e+00 
 8.56560000e-10  2.14776781e+00  2.32223219e+00  2.97372954e+00  2.74328077e+00 
 8.58560000e-10  2.14864231e+00  2.32135769e+00  2.97265890e+00  2.74436096e+00 
 8.60560000e-10  2.14953045e+00  2.32046955e+00  2.97156903e+00  2.74545988e+00 
 8.62560000e-10  2.15043208e+00  2.31956792e+00  2.97046003e+00  2.74657744e+00 
 8.64560000e-10  2.15134707e+00  2.31865293e+00  2.96933206e+00  2.74771349e+00 
 8.66560000e-10  2.15227527e+00  2.31772473e+00  2.96818523e+00  2.74886791e+00 
 8.68560000e-10  2.15321653e+00  2.31678347e+00  2.96701969e+00  2.75004056e+00 
 8.70560000e-10  2.15417070e+00  2.31582930e+00  2.96583558e+00  2.75123129e+00 
 8.72560000e-10  2.15513764e+00  2.31486236e+00  2.96463305e+00  2.75243997e+00 
 8.74560000e-10  2.15611719e+00  2.31388281e+00  2.96341227e+00  2.75366643e+00 
 8.76560000e-10  2.15710920e+00  2.31289080e+00  2.96217338e+00  2.75491053e+00 
 8.78560000e-10  2.15811351e+00  2.31188649e+00  2.96091655e+00  2.75617209e+00 
 8.80560000e-10  2.15912995e+00  2.31087005e+00  2.95964196e+00  2.75745096e+00 
 8.82560000e-10  2.16015838e+00  2.30984162e+00  2.95834977e+00  2.75874697e+00 
 8.84560000e-10  2.16119863e+00  2.30880137e+00  2.95704017e+00  2.76005993e+00 
 8.86560000e-10  2.16225053e+00  2.30774947e+00  2.95571335e+00  2.76138967e+00 
 8.88560000e-10  2.16331392e+00  2.30668608e+00  2.95436949e+00  2.76273601e+00 
 8.90560000e-10  2.16438863e+00  2.30561137e+00  2.95300879e+00  2.76409874e+00 
 8.92560000e-10  2.16547449e+00  2.30452551e+00  2.95163145e+00  2.76547768e+00 
 8.94560000e-10  2.16657133e+00  2.30342867e+00  2.95023767e+00  2.76687262e+00 
 8.96560000e-10  2.16767897e+00  2.30232103e+00  2.94882766e+00  2.76828337e+00 
 8.98560000e-10  2.16879725e+00  2.30120275e+00  2.94740165e+00  2.76970971e+00 
 9.00560000e-10  2.16992598e+00  2.30007402e+00  2.94595983e+00  2.77115143e+00 
 9.02560000e-10  2.17106498e+00  2.29893502e+00  2.94450245e+00  2.77260831e+00 
 9.04560000e-10  2.17221409e+00  2.29778591e+00  2.94302972e+00  2.77408013e+00 
 9.06560000e-10  2.17337310e+00  2.29662690e+00  2.94154188e+00  2.77556666e+00 
 9.08560000e-10  2.17454185e+00  2.29545815e+00  2.94003917e+00  2.77706767e+00 
 9.10560000e-10  2.17572014e+00  2.29427986e+00  2.93852182e+00  2.77858293e+00 
 9.12560000e-10  2.17690780e+00  2.29309220e+00  2.93699008e+00  2.78011218e+00 
 9.14560000e-10  2.17810463e+00  2.29189537e+00  2.93544420e+00  2.78165520e+00 
 9.16560000e-10  2.17931044e+00  2.29068956e+00  2.93388443e+00  2.78321173e+00 
 9.18560000e-10  2.18052505e+00  2.28947495e+00  2.93231104e+00  2.78478152e+00 
 9.20560000e-10  2.18174826e+00  2.28825174e+00  2.93072427e+00  2.78636432e+00 
 9.22560000e-10  2.18297988e+00  2.28702012e+00  2.92912440e+00  2.78795985e+00 
 9.24560000e-10  2.18421971e+00  2.28578029e+00  2.92751170e+00  2.78956787e+00 
 9.26560000e-10  2.18546756e+00  2.28453244e+00  2.92588643e+00  2.79118810e+00 
 9.28560000e-10  2.18672324e+00  2.28327676e+00  2.92424887e+00  2.79282027e+00 
 9.30560000e-10  2.18798653e+00  2.28201347e+00  2.92259931e+00  2.79446411e+00 
 9.32560000e-10  2.18925726e+00  2.28074274e+00  2.92093802e+00  2.79611933e+00 
 9.34560000e-10  2.19053520e+00  2.27946480e+00  2.91926528e+00  2.79778567e+00 
 9.36560000e-10  2.19182017e+00  2.27817983e+00  2.91758140e+00  2.79946282e+00 
 9.38560000e-10  2.19311195e+00  2.27688805e+00  2.91588666e+00  2.80115051e+00 
 9.40560000e-10  2.19441035e+00  2.27558965e+00  2.91418135e+00  2.80284845e+00 
 9.42560000e-10  2.19571516e+00  2.27428484e+00  2.91246578e+00  2.80455633e+00 
 9.44560000e-10  2.19702617e+00  2.27297383e+00  2.91074025e+00  2.80627386e+00 
 9.46560000e-10  2.19834318e+00  2.27165682e+00  2.90900505e+00  2.80800075e+00 
 9.48560000e-10  2.19966598e+00  2.27033402e+00  2.90726050e+00  2.80973669e+00 
 9.50560000e-10  2.20099436e+00  2.26900564e+00  2.90550691e+00  2.81148138e+00 
 9.52560000e-10  2.20232810e+00  2.26767190e+00  2.90374458e+00  2.81323450e+00 
 9.54560000e-10  2.20366701e+00  2.26633299e+00  2.90197417e+00  2.81499520e+00 
 9.56560000e-10  2.20501086e+00  2.26498914e+00  2.90019567e+00  2.81676371e+00 
 9.58560000e-10  2.20635945e+00  2.26364055e+00  2.89840919e+00  2.81854002e+00 
 9.60560000e-10  2.20771257e+00  2.26228743e+00  2.89661512e+00  2.82032373e+00 
 9.62560000e-10  2.20906999e+00  2.26093001e+00  2.89481386e+00  2.82211440e+00 
 9.64560000e-10  2.21043150e+00  2.25956850e+00  2.89300579e+00  2.82391163e+00 
 9.66560000e-10  2.21179690e+00  2.25820310e+00  2.89119123e+00  2.82571507e+00 
 9.68560000e-10  2.21316596e+00  2.25683404e+00  2.88937051e+00  2.82752439e+00 
 9.70560000e-10  2.21453847e+00  2.25546153e+00  2.88754397e+00  2.82933928e+00 
 9.72560000e-10  2.21591420e+00  2.25408580e+00  2.88571192e+00  2.83115941e+00 
 9.74560000e-10  2.21729296e+00  2.25270704e+00  2.88387471e+00  2.83298446e+00 
 9.76560000e-10  2.21867451e+00  2.25132549e+00  2.88203248e+00  2.83481438e+00 
 9.78560000e-10  2.22005863e+00  2.24994137e+00  2.88018576e+00  2.83664856e+00 
 9.80560000e-10  2.22144512e+00  2.24855488e+00  2.87833499e+00  2.83848648e+00 
 9.82560000e-10  2.22283375e+00  2.24716625e+00  2.87648048e+00  2.84032785e+00 
 9.84560000e-10  2.22422429e+00  2.24577571e+00  2.87462252e+00  2.84217242e+00 
 9.86560000e-10  2.22561654e+00  2.24438346e+00  2.87276143e+00  2.84401990e+00 
 9.88560000e-10  2.22701027e+00  2.24298973e+00  2.87089753e+00  2.84586996e+00 
 9.90560000e-10  2.22840527e+00  2.24159473e+00  2.86903118e+00  2.84772226e+00 
 9.92560000e-10  2.22980130e+00  2.24019870e+00  2.86716271e+00  2.84957646e+00 
 9.94560000e-10  2.23119816e+00  2.23880184e+00  2.86529248e+00  2.85143221e+00 
 9.96560000e-10  2.23259561e+00  2.23740439e+00  2.86342082e+00  2.85328919e+00 
 9.98560000e-10  2.23399345e+00  2.23600655e+00  2.86154808e+00  2.85514705e+00 
 1.00056000e-09  2.23539144e+00  2.23460856e+00  2.85967461e+00  2.85700545e+00 
 1.00256000e-09  2.23678937e+00  2.23321063e+00  2.85780074e+00  2.85886406e+00 
 1.00456000e-09  2.23818702e+00  2.23181298e+00  2.85592683e+00  2.86072252e+00 
 1.00656000e-09  2.23958417e+00  2.23041583e+00  2.85405321e+00  2.86258051e+00 
 1.00856000e-09  2.24098059e+00  2.22901941e+00  2.85218024e+00  2.86443767e+00 
 1.01056000e-09  2.24237607e+00  2.22762393e+00  2.85030825e+00  2.86629368e+00 
 1.01256000e-09  2.24377038e+00  2.22622962e+00  2.84843760e+00  2.86814819e+00 
 1.01456000e-09  2.24516331e+00  2.22483669e+00  2.84656862e+00  2.87000087e+00 
 1.01656000e-09  2.24655464e+00  2.22344536e+00  2.84470167e+00  2.87185137e+00 
 1.01856000e-09  2.24794414e+00  2.22205586e+00  2.84283707e+00  2.87369937e+00 
 1.02056000e-09  2.24933159e+00  2.22066841e+00  2.84097518e+00  2.87554451e+00 
 1.02256000e-09  2.25071678e+00  2.21928322e+00  2.83911634e+00  2.87738647e+00 
 1.02456000e-09  2.25209949e+00  2.21790051e+00  2.83726088e+00  2.87922492e+00 
 1.02656000e-09  2.25347950e+00  2.21652050e+00  2.83540915e+00  2.88105951e+00 
 1.02856000e-09  2.25485659e+00  2.21514341e+00  2.83356149e+00  2.88288992e+00 
 1.03056000e-09  2.25623055e+00  2.21376945e+00  2.83171791e+00  2.88471601e+00 
 1.03256000e-09  2.25760115e+00  2.21239885e+00  2.82987904e+00  2.88653728e+00 
 1.03456000e-09  2.25896819e+00  2.21103181e+00  2.82804539e+00  2.88835327e+00 
 1.03656000e-09  2.26033144e+00  2.20966856e+00  2.82621729e+00  2.89016368e+00 
 1.03856000e-09  2.26169069e+00  2.20830931e+00  2.82439497e+00  2.89196824e+00 
 1.04056000e-09  2.26304572e+00  2.20695428e+00  2.82257873e+00  2.89376664e+00 
 1.04256000e-09  2.26439633e+00  2.20560367e+00  2.82076890e+00  2.89555857e+00 
 1.04456000e-09  2.26574229e+00  2.20425771e+00  2.81896579e+00  2.89734371e+00 
 1.04656000e-09  2.26708340e+00  2.20291660e+00  2.81716974e+00  2.89912174e+00 
 1.04856000e-09  2.26841945e+00  2.20158055e+00  2.81538107e+00  2.90089233e+00 
 1.05056000e-09  2.26975021e+00  2.20024979e+00  2.81360011e+00  2.90265519e+00 
 1.05256000e-09  2.27107549e+00  2.19892451e+00  2.81182774e+00  2.90440965e+00 
 1.05456000e-09  2.27239507e+00  2.19760493e+00  2.81006376e+00  2.90615572e+00 
 1.05656000e-09  2.27370875e+00  2.19629125e+00  2.80830815e+00  2.90789331e+00 
 1.05856000e-09  2.27501631e+00  2.19498369e+00  2.80656129e+00  2.90962205e+00 
 1.06056000e-09  2.27631756e+00  2.19368244e+00  2.80482363e+00  2.91134156e+00 
 1.06256000e-09  2.27761228e+00  2.19238772e+00  2.80309554e+00  2.91305151e+00 
 1.06456000e-09  2.27890027e+00  2.19109973e+00  2.80137736e+00  2.91475157e+00 
 1.06656000e-09  2.28018133e+00  2.18981867e+00  2.79966937e+00  2.91644147e+00 
 1.06856000e-09  2.28145525e+00  2.18854475e+00  2.79797189e+00  2.91812092e+00 
 1.07056000e-09  2.28272184e+00  2.18727816e+00  2.79628520e+00  2.91978963e+00 
 1.07256000e-09  2.28398089e+00  2.18601911e+00  2.79460961e+00  2.92144731e+00 
 1.07456000e-09  2.28523221e+00  2.18476779e+00  2.79294539e+00  2.92309369e+00 
 1.07656000e-09  2.28647560e+00  2.18352440e+00  2.79129283e+00  2.92472848e+00 
 1.07856000e-09  2.28771085e+00  2.18228915e+00  2.78965223e+00  2.92635142e+00 
 1.08056000e-09  2.28893779e+00  2.18106221e+00  2.78802386e+00  2.92796223e+00 
 1.08256000e-09  2.29015620e+00  2.17984380e+00  2.78640799e+00  2.92956065e+00 
 1.08456000e-09  2.29136591e+00  2.17863409e+00  2.78480491e+00  2.93114641e+00 
 1.08656000e-09  2.29256672e+00  2.17743328e+00  2.78321488e+00  2.93271925e+00 
 1.08856000e-09  2.29375843e+00  2.17624157e+00  2.78163818e+00  2.93427892e+00 
 1.09056000e-09  2.29494087e+00  2.17505913e+00  2.78007505e+00  2.93582517e+00 
 1.09256000e-09  2.29611384e+00  2.17388616e+00  2.77852577e+00  2.93735775e+00 
 1.09456000e-09  2.29727716e+00  2.17272284e+00  2.77699059e+00  2.93887641e+00 
 1.09656000e-09  2.29843064e+00  2.17156936e+00  2.77546975e+00  2.94038092e+00 
 1.09856000e-09  2.29957411e+00  2.17042589e+00  2.77396352e+00  2.94187103e+00 
 1.10056000e-09  2.30070739e+00  2.16929261e+00  2.77247212e+00  2.94334653e+00 
 1.10256000e-09  2.30183028e+00  2.16816972e+00  2.77099580e+00  2.94480717e+00 
 1.10456000e-09  2.30294263e+00  2.16705737e+00  2.76953479e+00  2.94625275e+00 
 1.10656000e-09  2.30404424e+00  2.16595576e+00  2.76808933e+00  2.94768304e+00 
 1.10856000e-09  2.30513495e+00  2.16486505e+00  2.76665963e+00  2.94909783e+00 
 1.11056000e-09  2.30621459e+00  2.16378541e+00  2.76524593e+00  2.95049690e+00 
 1.11256000e-09  2.30728298e+00  2.16271702e+00  2.76384843e+00  2.95188007e+00 
 1.11456000e-09  2.30833996e+00  2.16166004e+00  2.76246736e+00  2.95324711e+00 
 1.11656000e-09  2.30938535e+00  2.16061465e+00  2.76110291e+00  2.95459785e+00 
 1.11856000e-09  2.31041900e+00  2.15958100e+00  2.75975529e+00  2.95593209e+00 
 1.12056000e-09  2.31144074e+00  2.15855926e+00  2.75842470e+00  2.95724965e+00 
 1.12256000e-09  2.31245041e+00  2.15754959e+00  2.75711133e+00  2.95855033e+00 
 1.12456000e-09  2.31344785e+00  2.15655215e+00  2.75581538e+00  2.95983398e+00 
 1.12656000e-09  2.31443290e+00  2.15556710e+00  2.75453702e+00  2.96110042e+00 
 1.12856000e-09  2.31540541e+00  2.15459459e+00  2.75327643e+00  2.96234947e+00 
 1.13056000e-09  2.31636522e+00  2.15363478e+00  2.75203379e+00  2.96358099e+00 
 1.13256000e-09  2.31731218e+00  2.15268782e+00  2.75080927e+00  2.96479481e+00 
 1.13456000e-09  2.31824614e+00  2.15175386e+00  2.74960302e+00  2.96599079e+00 
 1.13656000e-09  2.31916696e+00  2.15083304e+00  2.74841522e+00  2.96716877e+00 
 1.13856000e-09  2.32007449e+00  2.14992551e+00  2.74724601e+00  2.96832862e+00 
 1.14056000e-09  2.32096858e+00  2.14903142e+00  2.74609554e+00  2.96947019e+00 
 1.14256000e-09  2.32184910e+00  2.14815090e+00  2.74496395e+00  2.97059336e+00 
 1.14456000e-09  2.32271590e+00  2.14728410e+00  2.74385140e+00  2.97169801e+00 
 1.14656000e-09  2.32356885e+00  2.14643115e+00  2.74275800e+00  2.97278400e+00 
 1.14856000e-09  2.32440782e+00  2.14559218e+00  2.74168388e+00  2.97385122e+00 
 1.15056000e-09  2.32523267e+00  2.14476733e+00  2.74062918e+00  2.97489955e+00 
 1.15256000e-09  2.32604327e+00  2.14395673e+00  2.73959401e+00  2.97592890e+00 
 1.15456000e-09  2.32683949e+00  2.14316051e+00  2.73857848e+00  2.97693916e+00 
 1.15656000e-09  2.32762121e+00  2.14237879e+00  2.73758270e+00  2.97793023e+00 
 1.15856000e-09  2.32838830e+00  2.14161170e+00  2.73660678e+00  2.97890201e+00 
 1.16056000e-09  2.32914065e+00  2.14085935e+00  2.73565082e+00  2.97985441e+00 
 1.16256000e-09  2.32987813e+00  2.14012187e+00  2.73471490e+00  2.98078736e+00 
 1.16456000e-09  2.33060062e+00  2.13939938e+00  2.73379912e+00  2.98170077e+00 
 1.16656000e-09  2.33130802e+00  2.13869198e+00  2.73290357e+00  2.98259456e+00 
 1.16856000e-09  2.33200022e+00  2.13799978e+00  2.73202832e+00  2.98346866e+00 
 1.17056000e-09  2.33267709e+00  2.13732291e+00  2.73117344e+00  2.98432301e+00 
 1.17256000e-09  2.33333854e+00  2.13666146e+00  2.73033902e+00  2.98515754e+00 
 1.17456000e-09  2.33398447e+00  2.13601553e+00  2.72952511e+00  2.98597218e+00 
 1.17656000e-09  2.33461476e+00  2.13538524e+00  2.72873179e+00  2.98676689e+00 
 1.17856000e-09  2.33522932e+00  2.13477068e+00  2.72795910e+00  2.98754161e+00 
 1.18056000e-09  2.33582805e+00  2.13417195e+00  2.72720709e+00  2.98829629e+00 
 1.18256000e-09  2.33641087e+00  2.13358913e+00  2.72647583e+00  2.98903088e+00 
 1.18456000e-09  2.33697766e+00  2.13302234e+00  2.72576536e+00  2.98974535e+00 
 1.18656000e-09  2.33752836e+00  2.13247164e+00  2.72507571e+00  2.99043965e+00 
 1.18856000e-09  2.33806286e+00  2.13193714e+00  2.72440693e+00  2.99111374e+00 
 1.19056000e-09  2.33858109e+00  2.13141891e+00  2.72375905e+00  2.99176759e+00 
 1.19256000e-09  2.33908297e+00  2.13091703e+00  2.72313210e+00  2.99240118e+00 
 1.19456000e-09  2.33956840e+00  2.13043160e+00  2.72252611e+00  2.99301447e+00 
 1.19656000e-09  2.34003733e+00  2.12996267e+00  2.72194110e+00  2.99360743e+00 
 1.19856000e-09  2.34048966e+00  2.12951034e+00  2.72137710e+00  2.99418005e+00 
 1.20056000e-09  2.34092534e+00  2.12907466e+00  2.72083413e+00  2.99473229e+00 
 1.20256000e-09  2.34134430e+00  2.12865570e+00  2.72031219e+00  2.99526415e+00 
 1.20456000e-09  2.34174646e+00  2.12825354e+00  2.71981130e+00  2.99577560e+00 
 1.20656000e-09  2.34213176e+00  2.12786824e+00  2.71933148e+00  2.99626662e+00 
 1.20856000e-09  2.34250015e+00  2.12749985e+00  2.71887273e+00  2.99673721e+00 
 1.21056000e-09  2.34285156e+00  2.12714844e+00  2.71843505e+00  2.99718735e+00 
 1.21256000e-09  2.34318594e+00  2.12681406e+00  2.71801846e+00  2.99761702e+00 
 1.21456000e-09  2.34350323e+00  2.12649677e+00  2.71762295e+00  2.99802622e+00 
 1.21656000e-09  2.34380339e+00  2.12619661e+00  2.71724852e+00  2.99841493e+00 
 1.21856000e-09  2.34408637e+00  2.12591363e+00  2.71689517e+00  2.99878315e+00 
 1.22056000e-09  2.34435213e+00  2.12564787e+00  2.71656289e+00  2.99913086e+00 
 1.22256000e-09  2.34460062e+00  2.12539938e+00  2.71625169e+00  2.99945806e+00 
 1.22456000e-09  2.34483179e+00  2.12516821e+00  2.71596155e+00  2.99976475e+00 
 1.22656000e-09  2.34504563e+00  2.12495437e+00  2.71569247e+00  3.00005090e+00 
 1.22856000e-09  2.34524209e+00  2.12475791e+00  2.71544444e+00  3.00031653e+00 
 1.23056000e-09  2.34542114e+00  2.12457886e+00  2.71521746e+00  3.00056161e+00 
 1.23256000e-09  2.34558275e+00  2.12441725e+00  2.71501150e+00  3.00078615e+00 
 1.23456000e-09  2.34572690e+00  2.12427310e+00  2.71482656e+00  3.00099014e+00 
 1.23656000e-09  2.34585357e+00  2.12414643e+00  2.71466263e+00  3.00117356e+00 
 1.23856000e-09  2.34596273e+00  2.12403727e+00  2.71451970e+00  3.00133641e+00 
 1.24056000e-09  2.34605437e+00  2.12394563e+00  2.71439775e+00  3.00147869e+00 
 1.24256000e-09  2.34612847e+00  2.12387153e+00  2.71429678e+00  3.00160039e+00 
 1.24456000e-09  2.34618502e+00  2.12381498e+00  2.71421676e+00  3.00170149e+00 
 1.24656000e-09  2.34622401e+00  2.12377599e+00  2.71415769e+00  3.00178199e+00 
 1.24856000e-09  2.34624545e+00  2.12375455e+00  2.71411956e+00  3.00184188e+00 
 1.25056000e-09  2.34624931e+00  2.12375069e+00  2.71410235e+00  3.00188116e+00 
 1.25256000e-09  2.34623561e+00  2.12376439e+00  2.71410604e+00  3.00189980e+00 
 1.25456000e-09  2.34620434e+00  2.12379566e+00  2.71413063e+00  3.00189781e+00 
 1.25656000e-09  2.34615551e+00  2.12384449e+00  2.71417611e+00  3.00187516e+00 
 1.25856000e-09  2.34608913e+00  2.12391087e+00  2.71424245e+00  3.00183185e+00 
 1.26056000e-09  2.34600521e+00  2.12399479e+00  2.71432966e+00  3.00176787e+00 
 1.26256000e-09  2.34590375e+00  2.12409625e+00  2.71443771e+00  3.00168321e+00 
 1.26456000e-09  2.34578479e+00  2.12421521e+00  2.71456659e+00  3.00157785e+00 
 1.26656000e-09  2.34564833e+00  2.12435167e+00  2.71471630e+00  3.00145178e+00 
 1.26856000e-09  2.34549440e+00  2.12450560e+00  2.71488681e+00  3.00130498e+00 
 1.27056000e-09  2.34532302e+00  2.12467698e+00  2.71507813e+00  3.00113746e+00 
 1.27256000e-09  2.34513421e+00  2.12486579e+00  2.71529023e+00  3.00094919e+00 
 1.27456000e-09  2.34492802e+00  2.12507198e+00  2.71552310e+00  3.00074015e+00 
 1.27656000e-09  2.34470447e+00  2.12529553e+00  2.71577674e+00  3.00051035e+00 
 1.27856000e-09  2.34446359e+00  2.12553641e+00  2.71605113e+00  3.00025977e+00 
 1.28056000e-09  2.34420543e+00  2.12579457e+00  2.71634626e+00  2.99998839e+00 
 1.28256000e-09  2.34393002e+00  2.12606998e+00  2.71666212e+00  2.99969621e+00 
 1.28456000e-09  2.34363742e+00  2.12636258e+00  2.71699869e+00  2.99938321e+00 
 1.28656000e-09  2.34332765e+00  2.12667235e+00  2.71735597e+00  2.99904939e+00 
 1.28856000e-09  2.34300079e+00  2.12699921e+00  2.71773393e+00  2.99869474e+00 
 1.29056000e-09  2.34265686e+00  2.12734314e+00  2.71813256e+00  2.99831925e+00 
 1.29256000e-09  2.34229594e+00  2.12770406e+00  2.71855185e+00  2.99792291e+00 
 1.29456000e-09  2.34191807e+00  2.12808193e+00  2.71899179e+00  2.99750573e+00 
 1.29656000e-09  2.34152332e+00  2.12847668e+00  2.71945234e+00  2.99706770e+00 
 1.29856000e-09  2.34111175e+00  2.12888825e+00  2.71993351e+00  2.99660881e+00 
 1.30056000e-09  2.34068342e+00  2.12931658e+00  2.72043526e+00  2.99612907e+00 
 1.30256000e-09  2.34023840e+00  2.12976160e+00  2.72095758e+00  2.99562849e+00 
 1.30456000e-09  2.33977677e+00  2.13022323e+00  2.72150044e+00  2.99510706e+00 
 1.30656000e-09  2.33929859e+00  2.13070141e+00  2.72206383e+00  2.99456479e+00 
 1.30856000e-09  2.33880394e+00  2.13119606e+00  2.72264771e+00  2.99400170e+00 
 1.31056000e-09  2.33829289e+00  2.13170711e+00  2.72325205e+00  2.99341780e+00 
 1.31256000e-09  2.33776554e+00  2.13223446e+00  2.72387683e+00  2.99281310e+00 
 1.31456000e-09  2.33722196e+00  2.13277804e+00  2.72452202e+00  2.99218762e+00 
 1.31656000e-09  2.33666224e+00  2.13333776e+00  2.72518758e+00  2.99154138e+00 
 1.31856000e-09  2.33608646e+00  2.13391354e+00  2.72587347e+00  2.99087441e+00 
 1.32056000e-09  2.33549472e+00  2.13450528e+00  2.72657965e+00  2.99018674e+00 
 1.32256000e-09  2.33488711e+00  2.13511289e+00  2.72730608e+00  2.98947840e+00 
 1.32456000e-09  2.33426373e+00  2.13573627e+00  2.72805272e+00  2.98874942e+00 
 1.32656000e-09  2.33362467e+00  2.13637533e+00  2.72881952e+00  2.98799984e+00 
 1.32856000e-09  2.33297004e+00  2.13702996e+00  2.72960642e+00  2.98722971e+00 
 1.33056000e-09  2.33229994e+00  2.13770006e+00  2.73041337e+00  2.98643907e+00 
 1.33256000e-09  2.33161447e+00  2.13838553e+00  2.73124032e+00  2.98562798e+00 
 1.33456000e-09  2.33091375e+00  2.13908625e+00  2.73208719e+00  2.98479649e+00 
 1.33656000e-09  2.33019788e+00  2.13980212e+00  2.73295393e+00  2.98394467e+00 
 1.33856000e-09  2.32946697e+00  2.14053303e+00  2.73384046e+00  2.98307257e+00 
 1.34056000e-09  2.32872116e+00  2.14127884e+00  2.73474672e+00  2.98218026e+00 
 1.34256000e-09  2.32796054e+00  2.14203946e+00  2.73567262e+00  2.98126782e+00 
 1.34456000e-09  2.32718524e+00  2.14281476e+00  2.73661807e+00  2.98033534e+00 
 1.34656000e-09  2.32639538e+00  2.14360462e+00  2.73758301e+00  2.97938288e+00 
 1.34856000e-09  2.32559109e+00  2.14440891e+00  2.73856733e+00  2.97841054e+00 
 1.35056000e-09  2.32477250e+00  2.14522750e+00  2.73957095e+00  2.97741842e+00 
 1.35256000e-09  2.32393973e+00  2.14606027e+00  2.74059375e+00  2.97640661e+00 
 1.35456000e-09  2.32309292e+00  2.14690708e+00  2.74163565e+00  2.97537521e+00 
 1.35656000e-09  2.32223219e+00  2.14776781e+00  2.74269653e+00  2.97432434e+00 
 1.35856000e-09  2.32135769e+00  2.14864231e+00  2.74377627e+00  2.97325410e+00 
 1.36056000e-09  2.32046955e+00  2.14953045e+00  2.74487477e+00  2.97216462e+00 
 1.36256000e-09  2.31956792e+00  2.15043208e+00  2.74599189e+00  2.97105602e+00 
 1.36456000e-09  2.31865293e+00  2.15134707e+00  2.74712752e+00  2.96992842e+00 
 1.36656000e-09  2.31772473e+00  2.15227527e+00  2.74828152e+00  2.96878197e+00 
 1.36856000e-09  2.31678347e+00  2.15321653e+00  2.74945375e+00  2.96761679e+00 
 1.37056000e-09  2.31582930e+00  2.15417070e+00  2.75064408e+00  2.96643304e+00 
 1.37256000e-09  2.31486236e+00  2.15513764e+00  2.75185235e+00  2.96523087e+00 
 1.37456000e-09  2.31388281e+00  2.15611719e+00  2.75307842e+00  2.96401042e+00 
 1.37656000e-09  2.31289080e+00  2.15710920e+00  2.75432212e+00  2.96277186e+00 
 1.37856000e-09  2.31188649e+00  2.15811351e+00  2.75558330e+00  2.96151536e+00 
 1.38056000e-09  2.31087005e+00  2.15912995e+00  2.75686180e+00  2.96024108e+00 
 1.38256000e-09  2.30984162e+00  2.16015838e+00  2.75815744e+00  2.95894920e+00 
 1.38456000e-09  2.30880137e+00  2.16119863e+00  2.75947004e+00  2.95763990e+00 
 1.38656000e-09  2.30774947e+00  2.16225053e+00  2.76079943e+00  2.95631336e+00 
 1.38856000e-09  2.30668608e+00  2.16331392e+00  2.76214541e+00  2.95496977e+00 
 1.39056000e-09  2.30561137e+00  2.16438863e+00  2.76350781e+00  2.95360934e+00 
 1.39256000e-09  2.30452551e+00  2.16547449e+00  2.76488642e+00  2.95223225e+00 
 1.39456000e-09  2.30342867e+00  2.16657133e+00  2.76628105e+00  2.95083872e+00 
 1.39656000e-09  2.30232103e+00  2.16767897e+00  2.76769149e+00  2.94942895e+00 
 1.39856000e-09  2.30120275e+00  2.16879725e+00  2.76911753e+00  2.94800315e+00 
 1.40056000e-09  2.30007402e+00  2.16992598e+00  2.77055897e+00  2.94656155e+00 
 1.40256000e-09  2.29893502e+00  2.17106498e+00  2.77201557e+00  2.94510437e+00 
 1.40456000e-09  2.29778591e+00  2.17221409e+00  2.77348712e+00  2.94363183e+00 
 1.40656000e-09  2.29662690e+00  2.17337310e+00  2.77497339e+00  2.94214417e+00 
 1.40856000e-09  2.29545815e+00  2.17454185e+00  2.77647415e+00  2.94064162e+00 
 1.41056000e-09  2.29427986e+00  2.17572014e+00  2.77798917e+00  2.93912443e+00 
 1.41256000e-09  2.29309220e+00  2.17690780e+00  2.77951820e+00  2.93759284e+00 
 1.41456000e-09  2.29189537e+00  2.17810463e+00  2.78106100e+00  2.93604710e+00 
 1.41656000e-09  2.29068956e+00  2.17931044e+00  2.78261732e+00  2.93448746e+00 
 1.41856000e-09  2.28947495e+00  2.18052505e+00  2.78418692e+00  2.93291418e+00 
 1.42056000e-09  2.28825174e+00  2.18174826e+00  2.78576952e+00  2.93132751e+00 
 1.42256000e-09  2.28702012e+00  2.18297988e+00  2.78736489e+00  2.92972774e+00 
 1.42456000e-09  2.28578029e+00  2.18421971e+00  2.78897274e+00  2.92811511e+00 
 1.42656000e-09  2.28453244e+00  2.18546756e+00  2.79059282e+00  2.92648991e+00 
 1.42856000e-09  2.28327676e+00  2.18672324e+00  2.79222485e+00  2.92485242e+00 
 1.43056000e-09  2.28201347e+00  2.18798653e+00  2.79386855e+00  2.92320290e+00 
 1.43256000e-09  2.28074274e+00  2.18925726e+00  2.79552366e+00  2.92154164e+00 
 1.43456000e-09  2.27946480e+00  2.19053520e+00  2.79718988e+00  2.91986894e+00 
 1.43656000e-09  2.27817983e+00  2.19182017e+00  2.79886694e+00  2.91818507e+00 
 1.43856000e-09  2.27688805e+00  2.19311195e+00  2.80055455e+00  2.91649034e+00 
 1.44056000e-09  2.27558965e+00  2.19441035e+00  2.80225240e+00  2.91478503e+00 
 1.44256000e-09  2.27428484e+00  2.19571516e+00  2.80396022e+00  2.91306944e+00 
 1.44456000e-09  2.27297383e+00  2.19702617e+00  2.80567711e+00  2.91134420e+00 
 1.44656000e-09  2.27165682e+00  2.19834318e+00  2.80740334e+00  2.90960932e+00 
 1.44856000e-09  2.27033402e+00  2.19966598e+00  2.80913896e+00  2.90786488e+00 
 1.45056000e-09  2.26900564e+00  2.20099436e+00  2.81088359e+00  2.90611125e+00 
 1.45256000e-09  2.26767190e+00  2.20232810e+00  2.81263676e+00  2.90434883e+00 
 1.45456000e-09  2.26633299e+00  2.20366701e+00  2.81439808e+00  2.90257799e+00 
 1.45656000e-09  2.26498914e+00  2.20501086e+00  2.81616721e+00  2.90079904e+00 
 1.45856000e-09  2.26364055e+00  2.20635945e+00  2.81794385e+00  2.89901229e+00 
 1.46056000e-09  2.26228743e+00  2.20771257e+00  2.81972810e+00  2.89721784e+00 
 1.46256000e-09  2.26093001e+00  2.20906999e+00  2.82151923e+00  2.89541622e+00 
 1.46456000e-09  2.25956850e+00  2.21043150e+00  2.82331668e+00  2.89360793e+00 
 1.46656000e-09  2.25820310e+00  2.21179690e+00  2.82512018e+00  2.89179323e+00 
 1.46856000e-09  2.25683404e+00  2.21316596e+00  2.82692952e+00  2.88997239e+00 
 1.47056000e-09  2.25546153e+00  2.21453847e+00  2.82874443e+00  2.88814571e+00 
 1.47256000e-09  2.25408580e+00  2.21591420e+00  2.83056460e+00  2.88631353e+00 
 1.47456000e-09  2.25270704e+00  2.21729296e+00  2.83238971e+00  2.88447616e+00 
 1.47656000e-09  2.25132549e+00  2.21867451e+00  2.83421940e+00  2.88263396e+00 
 1.47856000e-09  2.24994137e+00  2.22005863e+00  2.83605336e+00  2.88078726e+00 
 1.48056000e-09  2.24855488e+00  2.22144512e+00  2.83789125e+00  2.87893639e+00 
 1.48256000e-09  2.24716625e+00  2.22283375e+00  2.83973273e+00  2.87708169e+00 
 1.48456000e-09  2.24577571e+00  2.22422429e+00  2.84157747e+00  2.87522350e+00 
 1.48656000e-09  2.24438346e+00  2.22561654e+00  2.84342513e+00  2.87336217e+00 
 1.48856000e-09  2.24298973e+00  2.22701027e+00  2.84527537e+00  2.87149803e+00 
 1.49056000e-09  2.24159473e+00  2.22840527e+00  2.84712787e+00  2.86963143e+00 
 1.49256000e-09  2.24019870e+00  2.22980130e+00  2.84898227e+00  2.86776271e+00 
 1.49456000e-09  2.23880184e+00  2.23119816e+00  2.85083824e+00  2.86589220e+00 
 1.49656000e-09  2.23740439e+00  2.23259561e+00  2.85269544e+00  2.86402027e+00 
 1.49856000e-09  2.23600655e+00  2.23399345e+00  2.85455353e+00  2.86214724e+00 
 1.50056000e-09  2.23460856e+00  2.23539144e+00  2.85641217e+00  2.86027347e+00 
 1.50256000e-09  2.23321063e+00  2.23678937e+00  2.85827103e+00  2.85839930e+00 
 1.50456000e-09  2.23181298e+00  2.23818702e+00  2.86012975e+00  2.85652508e+00 
 1.50656000e-09  2.23041583e+00  2.23958417e+00  2.86198801e+00  2.85465114e+00 
 1.50856000e-09  2.22901941e+00  2.24098059e+00  2.86384546e+00  2.85277783e+00 
 1.51056000e-09  2.22762393e+00  2.24237607e+00  2.86570176e+00  2.85090551e+00 
 1.51256000e-09  2.22622962e+00  2.24377038e+00  2.86755657e+00  2.84903451e+00 
 1.51456000e-09  2.22483669e+00  2.24516331e+00  2.86940956e+00  2.84716517e+00 
 1.51656000e-09  2.22344536e+00  2.24655464e+00  2.87126038e+00  2.84529785e+00 
 1.51856000e-09  2.22205586e+00  2.24794414e+00  2.87310871e+00  2.84343288e+00 
 1.52056000e-09  2.22066841e+00  2.24933159e+00  2.87495420e+00  2.84157060e+00 
 1.52256000e-09  2.21928322e+00  2.25071678e+00  2.87679651e+00  2.83971137e+00 
 1.52456000e-09  2.21790051e+00  2.25209949e+00  2.87863531e+00  2.83785551e+00 
 1.52656000e-09  2.21652050e+00  2.25347950e+00  2.88047028e+00  2.83600337e+00 
 1.52856000e-09  2.21514341e+00  2.25485659e+00  2.88230107e+00  2.83415529e+00 
 1.53056000e-09  2.21376945e+00  2.25623055e+00  2.88412735e+00  2.83231161e+00 
 1.53256000e-09  2.21239885e+00  2.25760115e+00  2.88594879e+00  2.83047266e+00 
 1.53456000e-09  2.21103181e+00  2.25896819e+00  2.88776508e+00  2.82863878e+00 
 1.53656000e-09  2.20966856e+00  2.26033144e+00  2.88957615e+00  2.82680981e+00 
 1.53856000e-09  2.20830931e+00  2.26169069e+00  2.89138143e+00  2.82498654e+00 
 1.54056000e-09  2.20695428e+00  2.26304572e+00  2.89318042e+00  2.82316957e+00 
 1.54256000e-09  2.20560367e+00  2.26439633e+00  2.89497283e+00  2.82135918e+00 
 1.54456000e-09  2.20425771e+00  2.26574229e+00  2.89675842e+00  2.81955558e+00 
 1.54656000e-09  2.20291660e+00  2.26708340e+00  2.89853691e+00  2.81775905e+00 
 1.54856000e-09  2.20158055e+00  2.26841945e+00  2.90030798e+00  2.81596988e+00 
 1.55056000e-09  2.20024979e+00  2.26975021e+00  2.90207133e+00  2.81418840e+00 
 1.55256000e-09  2.19892451e+00  2.27107549e+00  2.90382663e+00  2.81241493e+00 
 1.55456000e-09  2.19760493e+00  2.27239507e+00  2.90557357e+00  2.81064980e+00 
 1.55656000e-09  2.19629125e+00  2.27370875e+00  2.90731147e+00  2.80889403e+00 
 1.55856000e-09  2.19498369e+00  2.27501631e+00  2.90904037e+00  2.80714728e+00 
 1.56056000e-09  2.19368244e+00  2.27631756e+00  2.91076022e+00  2.80540944e+00 
 1.56256000e-09  2.19238772e+00  2.27761228e+00  2.91247066e+00  2.80368090e+00 
 1.56456000e-09  2.19109973e+00  2.27890027e+00  2.91417129e+00  2.80196214e+00 
 1.56656000e-09  2.18981867e+00  2.28018133e+00  2.91586177e+00  2.80025355e+00 
 1.56856000e-09  2.18854475e+00  2.28145525e+00  2.91754180e+00  2.79855545e+00 
 1.57056000e-09  2.18727816e+00  2.28272184e+00  2.91921109e+00  2.79686815e+00 
 1.57256000e-09  2.18601911e+00  2.28398089e+00  2.92086937e+00  2.79519194e+00 
 1.57456000e-09  2.18476779e+00  2.28523221e+00  2.92251636e+00  2.79352709e+00 
 1.57656000e-09  2.18352440e+00  2.28647560e+00  2.92415177e+00  2.79187390e+00 
 1.57856000e-09  2.18228915e+00  2.28771085e+00  2.92577534e+00  2.79023266e+00 
 1.58056000e-09  2.18106221e+00  2.28893779e+00  2.92738679e+00  2.78860364e+00 
 1.58256000e-09  2.17984380e+00  2.29015620e+00  2.92898586e+00  2.78698712e+00 
 1.58456000e-09  2.17863409e+00  2.29136591e+00  2.93057227e+00  2.78538337e+00 
 1.58656000e-09  2.17743328e+00  2.29256672e+00  2.93214579e+00  2.78379267e+00 
 1.58856000e-09  2.17624157e+00  2.29375843e+00  2.93370613e+00  2.78221527e+00 
 1.59056000e-09  2.17505913e+00  2.29494087e+00  2.93525307e+00  2.78065146e+00 
 1.59256000e-09  2.17388616e+00  2.29611384e+00  2.93678634e+00  2.77910148e+00 
 1.59456000e-09  2.17272284e+00  2.29727716e+00  2.93830570e+00  2.77756558e+00 
 1.59656000e-09  2.17156936e+00  2.29843064e+00  2.93981092e+00  2.77604403e+00 
 1.59856000e-09  2.17042589e+00  2.29957411e+00  2.94130176e+00  2.77453707e+00 
 1.60056000e-09  2.16929261e+00  2.30070739e+00  2.94277799e+00  2.77304494e+00 
 1.60256000e-09  2.16816972e+00  2.30183028e+00  2.94423937e+00  2.77156788e+00 
 1.60456000e-09  2.16705737e+00  2.30294263e+00  2.94568570e+00  2.77010612e+00 
 1.60656000e-09  2.16595576e+00  2.30404424e+00  2.94711674e+00  2.76865990e+00 
 1.60856000e-09  2.16486505e+00  2.30513495e+00  2.94853229e+00  2.76722944e+00 
 1.61056000e-09  2.16378541e+00  2.30621459e+00  2.94993214e+00  2.76581496e+00 
 1.61256000e-09  2.16271702e+00  2.30728298e+00  2.95131608e+00  2.76441669e+00 
 1.61456000e-09  2.16166004e+00  2.30833996e+00  2.95268392e+00  2.76303482e+00 
 1.61656000e-09  2.16061465e+00  2.30938535e+00  2.95403545e+00  2.76166958e+00 
 1.61856000e-09  2.15958100e+00  2.31041900e+00  2.95537049e+00  2.76032116e+00 
 1.62056000e-09  2.15855926e+00  2.31144074e+00  2.95668885e+00  2.75898977e+00 
 1.62256000e-09  2.15754959e+00  2.31245041e+00  2.95799036e+00  2.75767559e+00 
 1.62456000e-09  2.15655215e+00  2.31344785e+00  2.95927482e+00  2.75637881e+00 
 1.62656000e-09  2.15556710e+00  2.31443290e+00  2.96054209e+00  2.75509962e+00 
 1.62856000e-09  2.15459459e+00  2.31540541e+00  2.96179198e+00  2.75383820e+00 
 1.63056000e-09  2.15363478e+00  2.31636522e+00  2.96302433e+00  2.75259473e+00 
 1.63256000e-09  2.15268782e+00  2.31731218e+00  2.96423899e+00  2.75136936e+00 
 1.63456000e-09  2.15175386e+00  2.31824614e+00  2.96543582e+00  2.75016227e+00 
 1.63656000e-09  2.15083304e+00  2.31916696e+00  2.96661465e+00  2.74897361e+00 
 1.63856000e-09  2.14992551e+00  2.32007449e+00  2.96777535e+00  2.74780355e+00 
 1.64056000e-09  2.14903142e+00  2.32096858e+00  2.96891778e+00  2.74665222e+00 
 1.64256000e-09  2.14815090e+00  2.32184910e+00  2.97004181e+00  2.74551977e+00 
 1.64456000e-09  2.14728410e+00  2.32271590e+00  2.97114732e+00  2.74440634e+00 
 1.64656000e-09  2.14643115e+00  2.32356885e+00  2.97223417e+00  2.74331207e+00 
 1.64856000e-09  2.14559218e+00  2.32440782e+00  2.97330226e+00  2.74223709e+00 
 1.65056000e-09  2.14476733e+00  2.32523267e+00  2.97435146e+00  2.74118151e+00 
 1.65256000e-09  2.14395673e+00  2.32604327e+00  2.97538168e+00  2.74014547e+00 
 1.65456000e-09  2.14316051e+00  2.32683949e+00  2.97639281e+00  2.73912906e+00 
 1.65656000e-09  2.14237879e+00  2.32762121e+00  2.97738474e+00  2.73813241e+00 
 1.65856000e-09  2.14161170e+00  2.32838830e+00  2.97835738e+00  2.73715561e+00 
 1.66056000e-09  2.14085935e+00  2.32914065e+00  2.97931065e+00  2.73619876e+00 
 1.66256000e-09  2.14012187e+00  2.32987813e+00  2.98024446e+00  2.73526197e+00 
 1.66456000e-09  2.13939938e+00  2.33060062e+00  2.98115873e+00  2.73434532e+00 
 1.66656000e-09  2.13869198e+00  2.33130802e+00  2.98205338e+00  2.73344889e+00 
 1.66856000e-09  2.13799978e+00  2.33200022e+00  2.98292833e+00  2.73257277e+00 
 1.67056000e-09  2.13732291e+00  2.33267709e+00  2.98378352e+00  2.73171703e+00 
 1.67256000e-09  2.13666146e+00  2.33333854e+00  2.98461889e+00  2.73088174e+00 
 1.67456000e-09  2.13601553e+00  2.33398447e+00  2.98543437e+00  2.73006697e+00 
 1.67656000e-09  2.13538524e+00  2.33461476e+00  2.98622990e+00  2.72927279e+00 
 1.67856000e-09  2.13477068e+00  2.33522932e+00  2.98700544e+00  2.72849925e+00 
 1.68056000e-09  2.13417195e+00  2.33582805e+00  2.98776093e+00  2.72774640e+00 
 1.68256000e-09  2.13358913e+00  2.33641087e+00  2.98849633e+00  2.72701430e+00 
 1.68456000e-09  2.13302234e+00  2.33697766e+00  2.98921159e+00  2.72630300e+00 
 1.68656000e-09  2.13247164e+00  2.33752836e+00  2.98990667e+00  2.72561253e+00 
 1.68856000e-09  2.13193714e+00  2.33806286e+00  2.99058153e+00  2.72494293e+00 
 1.69056000e-09  2.13141891e+00  2.33858109e+00  2.99123614e+00  2.72429424e+00 
 1.69256000e-09  2.13091703e+00  2.33908297e+00  2.99187048e+00  2.72366650e+00 
 1.69456000e-09  2.13043160e+00  2.33956840e+00  2.99248450e+00  2.72305972e+00 
 1.69656000e-09  2.12996267e+00  2.34003733e+00  2.99307818e+00  2.72247394e+00 
 1.69856000e-09  2.12951034e+00  2.34048966e+00  2.99365151e+00  2.72190918e+00 
 1.70056000e-09  2.12907466e+00  2.34092534e+00  2.99420444e+00  2.72136545e+00 
 1.70256000e-09  2.12865570e+00  2.34134430e+00  2.99473698e+00  2.72084277e+00 
 1.70456000e-09  2.12825354e+00  2.34174646e+00  2.99524908e+00  2.72034116e+00 
 1.70656000e-09  2.12786824e+00  2.34213176e+00  2.99574075e+00  2.71986063e+00 
 1.70856000e-09  2.12749985e+00  2.34250015e+00  2.99621197e+00  2.71940118e+00 
 1.71056000e-09  2.12714844e+00  2.34285156e+00  2.99666271e+00  2.71896283e+00 
 1.71256000e-09  2.12681406e+00  2.34318594e+00  2.99709297e+00  2.71854557e+00 
 1.71456000e-09  2.12649677e+00  2.34350323e+00  2.99750273e+00  2.71814941e+00 
 1.71656000e-09  2.12619661e+00  2.34380339e+00  2.99789199e+00  2.71777435e+00 
 1.71856000e-09  2.12591363e+00  2.34408637e+00  2.99826074e+00  2.71742038e+00 
 1.72056000e-09  2.12564787e+00  2.34435213e+00  2.99860896e+00  2.71708751e+00 
 1.72256000e-09  2.12539938e+00  2.34460062e+00  2.99893665e+00  2.71677573e+00 
 1.72456000e-09  2.12516821e+00  2.34483179e+00  2.99924380e+00  2.71648504e+00 
 1.72656000e-09  2.12495437e+00  2.34504563e+00  2.99953040e+00  2.71621542e+00 
 1.72856000e-09  2.12475791e+00  2.34524209e+00  2.99979645e+00  2.71596688e+00 
 1.73056000e-09  2.12457886e+00  2.34542114e+00  3.00004193e+00  2.71573939e+00 
 1.73256000e-09  2.12441725e+00  2.34558275e+00  3.00026684e+00  2.71553296e+00 
 1.73456000e-09  2.12427310e+00  2.34572690e+00  3.00047118e+00  2.71534757e+00 
 1.73656000e-09  2.12414643e+00  2.34585357e+00  3.00065493e+00  2.71518321e+00 
 1.73856000e-09  2.12403727e+00  2.34596273e+00  3.00081809e+00  2.71503987e+00 
 1.74056000e-09  2.12394563e+00  2.34605437e+00  3.00096064e+00  2.71491753e+00 
 1.74256000e-09  2.12387153e+00  2.34612847e+00  3.00108260e+00  2.71481619e+00 
 1.74456000e-09  2.12381498e+00  2.34618502e+00  3.00118393e+00  2.71473584e+00 
 1.74656000e-09  2.12377599e+00  2.34622401e+00  3.00126464e+00  2.71467645e+00 
 1.74856000e-09  2.12375455e+00  2.34624545e+00  3.00132471e+00  2.71463802e+00 
 1.75056000e-09  2.12375069e+00  2.34624931e+00  3.00136414e+00  2.71462054e+00 
 1.75256000e-09  2.12376439e+00  2.34623561e+00  3.00138292e+00  2.71462399e+00 
 1.75456000e-09  2.12379566e+00  2.34620434e+00  3.00138104e+00  2.71464836e+00 
 1.75656000e-09  2.12384449e+00  2.34615551e+00  3.00135848e+00  2.71469364e+00 
 1.75856000e-09  2.12391087e+00  2.34608913e+00  3.00131523e+00  2.71475981e+00 
 1.76056000e-09  2.12399479e+00  2.34600521e+00  3.00125129e+00  2.71484686e+00 
 1.76256000e-09  2.12409625e+00  2.34590375e+00  3.00116664e+00  2.71495478e+00 
 1.76456000e-09  2.12421521e+00  2.34578479e+00  3.00106127e+00  2.71508356e+00 
 1.76656000e-09  2.12435167e+00  2.34564833e+00  3.00093516e+00  2.71523319e+00 
 1.76856000e-09  2.12450560e+00  2.34549440e+00  3.00078832e+00  2.71540365e+00 
 1.77056000e-09  2.12467698e+00  2.34532302e+00  3.00062071e+00  2.71559493e+00 
 1.77256000e-09  2.12486579e+00  2.34513421e+00  3.00043234e+00  2.71580702e+00 
 1.77456000e-09  2.12507198e+00  2.34492802e+00  3.00022319e+00  2.71603991e+00 
 1.77656000e-09  2.12529553e+00  2.34470447e+00  2.99999324e+00  2.71629358e+00 
 1.77856000e-09  2.12553641e+00  2.34446359e+00  2.99974250e+00  2.71656803e+00 
 1.78056000e-09  2.12579457e+00  2.34420543e+00  2.99947093e+00  2.71686324e+00 
 1.78256000e-09  2.12606998e+00  2.34393002e+00  2.99917855e+00  2.71717920e+00 
 1.78456000e-09  2.12636258e+00  2.34363742e+00  2.99886533e+00  2.71751590e+00 
 1.78656000e-09  2.12667235e+00  2.34332765e+00  2.99853127e+00  2.71787332e+00 
 1.78856000e-09  2.12699921e+00  2.34300079e+00  2.99817636e+00  2.71825144e+00 
 1.79056000e-09  2.12734314e+00  2.34265686e+00  2.99780059e+00  2.71865026e+00 
 1.79256000e-09  2.12770406e+00  2.34229594e+00  2.99740396e+00  2.71906975e+00 
 1.79456000e-09  2.12808193e+00  2.34191807e+00  2.99698647e+00  2.71950991e+00 
 1.79656000e-09  2.12847668e+00  2.34152332e+00  2.99654811e+00  2.71997071e+00 
 1.79856000e-09  2.12888825e+00  2.34111175e+00  2.99608889e+00  2.72045213e+00 
 1.80056000e-09  2.12931658e+00  2.34068342e+00  2.99560880e+00  2.72095416e+00 
 1.80256000e-09  2.12976160e+00  2.34023840e+00  2.99510784e+00  2.72147677e+00 
 1.80456000e-09  2.13022323e+00  2.33977677e+00  2.99458603e+00  2.72201995e+00 
 1.80656000e-09  2.13070141e+00  2.33929859e+00  2.99404338e+00  2.72258365e+00 
 1.80856000e-09  2.13119606e+00  2.33880394e+00  2.99347989e+00  2.72316787e+00 
 1.81056000e-09  2.13170711e+00  2.33829289e+00  2.99289557e+00  2.72377257e+00 
 1.81256000e-09  2.13223446e+00  2.33776554e+00  2.99229045e+00  2.72439772e+00 
 1.81456000e-09  2.13277804e+00  2.33722196e+00  2.99166453e+00  2.72504328e+00 
 1.81656000e-09  2.13333776e+00  2.33666224e+00  2.99101786e+00  2.72570923e+00 
 1.81856000e-09  2.13391354e+00  2.33608646e+00  2.99035044e+00  2.72639552e+00 
 1.82056000e-09  2.13450528e+00  2.33549472e+00  2.98966231e+00  2.72710212e+00 
 1.82256000e-09  2.13511289e+00  2.33488711e+00  2.98895351e+00  2.72782898e+00 
 1.82456000e-09  2.13573627e+00  2.33426373e+00  2.98822406e+00  2.72857605e+00 
 1.82656000e-09  2.13637533e+00  2.33362467e+00  2.98747401e+00  2.72934329e+00 
 1.82856000e-09  2.13702996e+00  2.33297004e+00  2.98670340e+00  2.73013064e+00 
 1.83056000e-09  2.13770006e+00  2.33229994e+00  2.98591229e+00  2.73093805e+00 
 1.83256000e-09  2.13838553e+00  2.33161447e+00  2.98510071e+00  2.73176546e+00 
 1.83456000e-09  2.13908625e+00  2.33091375e+00  2.98426874e+00  2.73261280e+00 
 1.83656000e-09  2.13980212e+00  2.33019788e+00  2.98341642e+00  2.73348002e+00 
 1.83856000e-09  2.14053303e+00  2.32946697e+00  2.98254383e+00  2.73436703e+00 
 1.84056000e-09  2.14127884e+00  2.32872116e+00  2.98165104e+00  2.73527377e+00 
 1.84256000e-09  2.14203946e+00  2.32796054e+00  2.98073811e+00  2.73620016e+00 
 1.84456000e-09  2.14281476e+00  2.32718524e+00  2.97980514e+00  2.73714611e+00 
 1.84656000e-09  2.14360462e+00  2.32639538e+00  2.97885219e+00  2.73811154e+00 
 1.84856000e-09  2.14440891e+00  2.32559109e+00  2.97787937e+00  2.73909636e+00 
 1.85056000e-09  2.14522750e+00  2.32477250e+00  2.97688676e+00  2.74010047e+00 
 1.85256000e-09  2.14606027e+00  2.32393973e+00  2.97587447e+00  2.74112377e+00 
 1.85456000e-09  2.14690708e+00  2.32309292e+00  2.97484259e+00  2.74216617e+00 
 1.85656000e-09  2.14776781e+00  2.32223219e+00  2.97379124e+00  2.74322754e+00 
 1.85856000e-09  2.14864231e+00  2.32135769e+00  2.97272053e+00  2.74430778e+00 
 1.86056000e-09  2.14953045e+00  2.32046955e+00  2.97163059e+00  2.74540678e+00 
 1.86256000e-09  2.15043208e+00  2.31956792e+00  2.97052152e+00  2.74652440e+00 
 1.86456000e-09  2.15134707e+00  2.31865293e+00  2.96939347e+00  2.74766052e+00 
 1.86656000e-09  2.15227527e+00  2.31772473e+00  2.96824656e+00  2.74881500e+00 
 1.86856000e-09  2.15321653e+00  2.31678347e+00  2.96708094e+00  2.74998772e+00 
 1.87056000e-09  2.15417070e+00  2.31582930e+00  2.96589675e+00  2.75117853e+00 
 1.87256000e-09  2.15513764e+00  2.31486236e+00  2.96469414e+00  2.75238728e+00 
 1.87456000e-09  2.15611719e+00  2.31388281e+00  2.96347327e+00  2.75361382e+00 
 1.87656000e-09  2.15710920e+00  2.31289080e+00  2.96223429e+00  2.75485799e+00 
 1.87856000e-09  2.15811351e+00  2.31188649e+00  2.96097737e+00  2.75611964e+00 
 1.88056000e-09  2.15912995e+00  2.31087005e+00  2.95970269e+00  2.75739859e+00 
 1.88256000e-09  2.16015838e+00  2.30984162e+00  2.95841041e+00  2.75869468e+00 
 1.88456000e-09  2.16119863e+00  2.30880137e+00  2.95710072e+00  2.76000773e+00 
 1.88656000e-09  2.16225053e+00  2.30774947e+00  2.95577380e+00  2.76133756e+00 
 1.88856000e-09  2.16331392e+00  2.30668608e+00  2.95442984e+00  2.76268398e+00 
 1.89056000e-09  2.16438863e+00  2.30561137e+00  2.95306904e+00  2.76404680e+00 
 1.89256000e-09  2.16547449e+00  2.30452551e+00  2.95169159e+00  2.76542583e+00 
 1.89456000e-09  2.16657133e+00  2.30342867e+00  2.95029771e+00  2.76682087e+00 
 1.89656000e-09  2.16767897e+00  2.30232103e+00  2.94888760e+00  2.76823172e+00 
 1.89856000e-09  2.16879725e+00  2.30120275e+00  2.94746147e+00  2.76965815e+00 
 1.90056000e-09  2.16992598e+00  2.30007402e+00  2.94601955e+00  2.77109997e+00 
 1.90256000e-09  2.17106498e+00  2.29893502e+00  2.94456206e+00  2.77255696e+00 
 1.90456000e-09  2.17221409e+00  2.29778591e+00  2.94308922e+00  2.77402888e+00 
 1.90656000e-09  2.17337310e+00  2.29662690e+00  2.94160126e+00  2.77551551e+00 
 1.90856000e-09  2.17454185e+00  2.29545815e+00  2.94009843e+00  2.77701663e+00 
 1.91056000e-09  2.17572014e+00  2.29427986e+00  2.93858097e+00  2.77853199e+00 
 1.91256000e-09  2.17690780e+00  2.29309220e+00  2.93704911e+00  2.78006136e+00 
 1.91456000e-09  2.17810463e+00  2.29189537e+00  2.93550311e+00  2.78160449e+00 
 1.91656000e-09  2.17931044e+00  2.29068956e+00  2.93394322e+00  2.78316114e+00 
 1.91856000e-09  2.18052505e+00  2.28947495e+00  2.93236970e+00  2.78473104e+00 
 1.92056000e-09  2.18174826e+00  2.28825174e+00  2.93078281e+00  2.78631395e+00 
 1.92256000e-09  2.18297988e+00  2.28702012e+00  2.92918282e+00  2.78790961e+00 
 1.92456000e-09  2.18421971e+00  2.28578029e+00  2.92756998e+00  2.78951774e+00 
 1.92656000e-09  2.18546756e+00  2.28453244e+00  2.92594459e+00  2.79113809e+00 
 1.92856000e-09  2.18672324e+00  2.28327676e+00  2.92430690e+00  2.79277039e+00 
 1.93056000e-09  2.18798653e+00  2.28201347e+00  2.92265720e+00  2.79441435e+00 
 1.93256000e-09  2.18925726e+00  2.28074274e+00  2.92099577e+00  2.79606970e+00 
 1.93456000e-09  2.19053520e+00  2.27946480e+00  2.91932291e+00  2.79773616e+00 
 1.93656000e-09  2.19182017e+00  2.27817983e+00  2.91763889e+00  2.79941344e+00 
 1.93856000e-09  2.19311195e+00  2.27688805e+00  2.91594401e+00  2.80110126e+00 
 1.94056000e-09  2.19441035e+00  2.27558965e+00  2.91423857e+00  2.80279933e+00 
 1.94256000e-09  2.19571516e+00  2.27428484e+00  2.91252322e+00  2.80450663e+00 
 1.94456000e-09  2.19702617e+00  2.27297383e+00  2.91079793e+00  2.80622357e+00 
 1.94656000e-09  2.19834318e+00  2.27165682e+00  2.90906277e+00  2.80795024e+00 
 1.94856000e-09  2.19966598e+00  2.27033402e+00  2.90731810e+00  2.80968627e+00 
 1.95056000e-09  2.20099436e+00  2.26900564e+00  2.90556435e+00  2.81143115e+00 
 1.95256000e-09  2.20232810e+00  2.26767190e+00  2.90380186e+00  2.81318449e+00 
 1.95456000e-09  2.20366701e+00  2.26633299e+00  2.90203095e+00  2.81494595e+00 
 1.95656000e-09  2.20501086e+00  2.26498914e+00  2.90025164e+00  2.81671576e+00 
 1.95856000e-09  2.20635945e+00  2.26364055e+00  2.89846454e+00  2.81849308e+00 
 1.96056000e-09  2.20771257e+00  2.26228743e+00  2.89667015e+00  2.82027728e+00 
 1.96256000e-09  2.20906999e+00  2.26093001e+00  2.89486874e+00  2.82206812e+00 
 1.96456000e-09  2.21043150e+00  2.25956850e+00  2.89306054e+00  2.82386541e+00 
 1.96656000e-09  2.21179690e+00  2.25820310e+00  2.89124586e+00  2.82566891e+00 
 1.96856000e-09  2.21316596e+00  2.25683404e+00  2.88942501e+00  2.82747832e+00 
 1.97056000e-09  2.21453847e+00  2.25546153e+00  2.88759833e+00  2.82929330e+00 
 1.97256000e-09  2.21591420e+00  2.25408580e+00  2.88576615e+00  2.83111354e+00 
 1.97456000e-09  2.21729296e+00  2.25270704e+00  2.88392881e+00  2.83293868e+00 
 1.97656000e-09  2.21867451e+00  2.25132549e+00  2.88208664e+00  2.83476842e+00 
 1.97856000e-09  2.22005863e+00  2.24994137e+00  2.88023997e+00  2.83660240e+00 
 1.98056000e-09  2.22144512e+00  2.24855488e+00  2.87838914e+00  2.83844030e+00 
 1.98256000e-09  2.22283375e+00  2.24716625e+00  2.87653450e+00  2.84028179e+00 
 1.98456000e-09  2.22422429e+00  2.24577571e+00  2.87467638e+00  2.84212653e+00 
 1.98656000e-09  2.22561654e+00  2.24438346e+00  2.87281512e+00  2.84397417e+00 
 1.98856000e-09  2.22701027e+00  2.24298973e+00  2.87095106e+00  2.84582440e+00 
 1.99056000e-09  2.22840527e+00  2.24159473e+00  2.86908455e+00  2.84767686e+00 
 1.99256000e-09  2.22980130e+00  2.24019870e+00  2.86721592e+00  2.84953122e+00 
 1.99456000e-09  2.23119816e+00  2.23880184e+00  2.86534552e+00  2.85138714e+00 
 1.99656000e-09  2.23259561e+00  2.23740439e+00  2.86347370e+00  2.85324428e+00 
 1.99828000e-09  2.23379774e+00  2.23620226e+00  2.86186305e+00  2.85484214e+00 
 2.00000000e-09  2.23500000e+00  2.23500000e+00  2.86025181e+00  2.85644045e+00 
