 frequency       v(vout)         v(vout)         v(vinn)         v(vinn)        
 1.00000000e+03 -9.88385281e-01  4.93924659e-06  1.16147192e-02  4.93924659e-06 
 1.02329299e+03 -9.88385281e-01  5.05429642e-06  1.16147192e-02  5.05429642e-06 
 1.04712855e+03 -9.88385281e-01  5.17202611e-06  1.16147192e-02  5.17202611e-06 
 1.07151931e+03 -9.88385281e-01  5.29249807e-06  1.16147192e-02  5.29249807e-06 
 1.09647820e+03 -9.88385281e-01  5.41577619e-06  1.16147192e-02  5.41577619e-06 
 1.12201845e+03 -9.88385281e-01  5.54192582e-06  1.16147192e-02  5.54192582e-06 
 1.14815362e+03 -9.88385281e-01  5.67101386e-06  1.16147192e-02  5.67101386e-06 
 1.17489755e+03 -9.88385281e-01  5.80310874e-06  1.16147192e-02  5.80310874e-06 
 1.20226443e+03 -9.88385281e-01  5.93828051e-06  1.16147192e-02  5.93828051e-06 
 1.23026877e+03 -9.88385281e-01  6.07660083e-06  1.16147192e-02  6.07660083e-06 
 1.25892541e+03 -9.88385281e-01  6.21814305e-06  1.16147192e-02  6.21814305e-06 
 1.28824955e+03 -9.88385281e-01  6.36298221e-06  1.16147192e-02  6.36298221e-06 
 1.31825674e+03 -9.88385281e-01  6.51119510e-06  1.16147192e-02  6.51119510e-06 
 1.34896288e+03 -9.88385281e-01  6.66286032e-06  1.16147192e-02  6.66286032e-06 
 1.38038426e+03 -9.88385281e-01  6.81805827e-06  1.16147192e-02  6.81805827e-06 
 1.41253754e+03 -9.88385281e-01  6.97687125e-06  1.16147192e-02  6.97687125e-06 
 1.44543977e+03 -9.88385281e-01  7.13938346e-06  1.16147192e-02  7.13938346e-06 
 1.47910839e+03 -9.88385281e-01  7.30568106e-06  1.16147192e-02  7.30568106e-06 
 1.51356125e+03 -9.88385281e-01  7.47585224e-06  1.16147192e-02  7.47585224e-06 
 1.54881662e+03 -9.88385281e-01  7.64998720e-06  1.16147192e-02  7.64998720e-06 
 1.58489319e+03 -9.88385281e-01  7.82817830e-06  1.16147192e-02  7.82817830e-06 
 1.62181010e+03 -9.88385281e-01  8.01051999e-06  1.16147192e-02  8.01051999e-06 
 1.65958691e+03 -9.88385281e-01  8.19710897e-06  1.16147192e-02  8.19710897e-06 
 1.69824365e+03 -9.88385281e-01  8.38804417e-06  1.16147192e-02  8.38804417e-06 
 1.73780083e+03 -9.88385281e-01  8.58342682e-06  1.16147192e-02  8.58342682e-06 
 1.77827941e+03 -9.88385281e-01  8.78336051e-06  1.16147192e-02  8.78336051e-06 
 1.81970086e+03 -9.88385281e-01  8.98795126e-06  1.16147192e-02  8.98795126e-06 
 1.86208714e+03 -9.88385281e-01  9.19730754e-06  1.16147192e-02  9.19730754e-06 
 1.90546072e+03 -9.88385281e-01  9.41154035e-06  1.16147192e-02  9.41154035e-06 
 1.94984460e+03 -9.88385281e-01  9.63076329e-06  1.16147192e-02  9.63076329e-06 
 1.99526231e+03 -9.88385281e-01  9.85509259e-06  1.16147192e-02  9.85509259e-06 
 2.04173794e+03 -9.88385281e-01  1.00846472e-05  1.16147192e-02  1.00846472e-05 
 2.08929613e+03 -9.88385281e-01  1.03195488e-05  1.16147192e-02  1.03195488e-05 
 2.13796209e+03 -9.88385281e-01  1.05599220e-05  1.16147192e-02  1.05599220e-05 
 2.18776162e+03 -9.88385281e-01  1.08058941e-05  1.16147192e-02  1.08058941e-05 
 2.23872114e+03 -9.88385281e-01  1.10575957e-05  1.16147192e-02  1.10575957e-05 
 2.29086765e+03 -9.88385281e-01  1.13151602e-05  1.16147192e-02  1.13151602e-05 
 2.34422882e+03 -9.88385281e-01  1.15787242e-05  1.16147192e-02  1.15787242e-05 
 2.39883292e+03 -9.88385281e-01  1.18484273e-05  1.16147192e-02  1.18484273e-05 
 2.45470892e+03 -9.88385281e-01  1.21244126e-05  1.16147192e-02  1.21244126e-05 
 2.51188643e+03 -9.88385281e-01  1.24068265e-05  1.16147192e-02  1.24068265e-05 
 2.57039578e+03 -9.88385281e-01  1.26958186e-05  1.16147192e-02  1.26958186e-05 
 2.63026799e+03 -9.88385281e-01  1.29915422e-05  1.16147192e-02  1.29915422e-05 
 2.69153480e+03 -9.88385281e-01  1.32941541e-05  1.16147193e-02  1.32941541e-05 
 2.75422870e+03 -9.88385281e-01  1.36038147e-05  1.16147193e-02  1.36038147e-05 
 2.81838293e+03 -9.88385281e-01  1.39206883e-05  1.16147193e-02  1.39206883e-05 
 2.88403150e+03 -9.88385281e-01  1.42449428e-05  1.16147193e-02  1.42449428e-05 
 2.95120923e+03 -9.88385281e-01  1.45767501e-05  1.16147193e-02  1.45767501e-05 
 3.01995172e+03 -9.88385281e-01  1.49162862e-05  1.16147193e-02  1.49162862e-05 
 3.09029543e+03 -9.88385281e-01  1.52637312e-05  1.16147193e-02  1.52637312e-05 
 3.16227766e+03 -9.88385281e-01  1.56192691e-05  1.16147193e-02  1.56192691e-05 
 3.23593657e+03 -9.88385281e-01  1.59830887e-05  1.16147193e-02  1.59830887e-05 
 3.31131121e+03 -9.88385281e-01  1.63553826e-05  1.16147193e-02  1.63553826e-05 
 3.38844156e+03 -9.88385281e-01  1.67363484e-05  1.16147193e-02  1.67363484e-05 
 3.46736850e+03 -9.88385281e-01  1.71261881e-05  1.16147193e-02  1.71261881e-05 
 3.54813389e+03 -9.88385281e-01  1.75251082e-05  1.16147193e-02  1.75251082e-05 
 3.63078055e+03 -9.88385281e-01  1.79333204e-05  1.16147193e-02  1.79333204e-05 
 3.71535229e+03 -9.88385281e-01  1.83510411e-05  1.16147193e-02  1.83510411e-05 
 3.80189396e+03 -9.88385281e-01  1.87784918e-05  1.16147193e-02  1.87784918e-05 
 3.89045145e+03 -9.88385281e-01  1.92158991e-05  1.16147193e-02  1.92158991e-05 
 3.98107171e+03 -9.88385281e-01  1.96634948e-05  1.16147194e-02  1.96634948e-05 
 4.07380278e+03 -9.88385281e-01  2.01215165e-05  1.16147194e-02  2.01215165e-05 
 4.16869383e+03 -9.88385281e-01  2.05902068e-05  1.16147194e-02  2.05902068e-05 
 4.26579519e+03 -9.88385281e-01  2.10698143e-05  1.16147194e-02  2.10698143e-05 
 4.36515832e+03 -9.88385281e-01  2.15605934e-05  1.16147194e-02  2.15605934e-05 
 4.46683592e+03 -9.88385281e-01  2.20628041e-05  1.16147194e-02  2.20628041e-05 
 4.57088190e+03 -9.88385281e-01  2.25767128e-05  1.16147194e-02  2.25767128e-05 
 4.67735141e+03 -9.88385281e-01  2.31025920e-05  1.16147194e-02  2.31025920e-05 
 4.78630092e+03 -9.88385281e-01  2.36407205e-05  1.16147194e-02  2.36407205e-05 
 4.89778819e+03 -9.88385281e-01  2.41913836e-05  1.16147194e-02  2.41913836e-05 
 5.01187234e+03 -9.88385281e-01  2.47548733e-05  1.16147195e-02  2.47548733e-05 
 5.12861384e+03 -9.88385281e-01  2.53314884e-05  1.16147195e-02  2.53314884e-05 
 5.24807460e+03 -9.88385281e-01  2.59215346e-05  1.16147195e-02  2.59215346e-05 
 5.37031796e+03 -9.88385280e-01  2.65253247e-05  1.16147195e-02  2.65253247e-05 
 5.49540874e+03 -9.88385280e-01  2.71431789e-05  1.16147195e-02  2.71431789e-05 
 5.62341325e+03 -9.88385280e-01  2.77754247e-05  1.16147195e-02  2.77754247e-05 
 5.75439937e+03 -9.88385280e-01  2.84223975e-05  1.16147196e-02  2.84223975e-05 
 5.88843655e+03 -9.88385280e-01  2.90844402e-05  1.16147196e-02  2.90844402e-05 
 6.02559586e+03 -9.88385280e-01  2.97619038e-05  1.16147196e-02  2.97619038e-05 
 6.16595002e+03 -9.88385280e-01  3.04551476e-05  1.16147196e-02  3.04551476e-05 
 6.30957344e+03 -9.88385280e-01  3.11645391e-05  1.16147196e-02  3.11645391e-05 
 6.45654229e+03 -9.88385280e-01  3.18904545e-05  1.16147197e-02  3.18904545e-05 
 6.60693448e+03 -9.88385280e-01  3.26332786e-05  1.16147197e-02  3.26332786e-05 
 6.76082975e+03 -9.88385280e-01  3.33934053e-05  1.16147197e-02  3.33934053e-05 
 6.91830971e+03 -9.88385280e-01  3.41712376e-05  1.16147197e-02  3.41712376e-05 
 7.07945784e+03 -9.88385280e-01  3.49671880e-05  1.16147198e-02  3.49671880e-05 
 7.24435960e+03 -9.88385280e-01  3.57816785e-05  1.16147198e-02  3.57816785e-05 
 7.41310241e+03 -9.88385280e-01  3.66151408e-05  1.16147198e-02  3.66151408e-05 
 7.58577575e+03 -9.88385280e-01  3.74680170e-05  1.16147198e-02  3.74680170e-05 
 7.76247117e+03 -9.88385280e-01  3.83407592e-05  1.16147199e-02  3.83407592e-05 
 7.94328235e+03 -9.88385280e-01  3.92338303e-05  1.16147199e-02  3.92338303e-05 
 8.12830516e+03 -9.88385280e-01  4.01477036e-05  1.16147199e-02  4.01477036e-05 
 8.31763771e+03 -9.88385280e-01  4.10828637e-05  1.16147200e-02  4.10828637e-05 
 8.51138038e+03 -9.88385280e-01  4.20398065e-05  1.16147200e-02  4.20398065e-05 
 8.70963590e+03 -9.88385280e-01  4.30190394e-05  1.16147201e-02  4.30190394e-05 
 8.91250938e+03 -9.88385280e-01  4.40210816e-05  1.16147201e-02  4.40210816e-05 
 9.12010839e+03 -9.88385280e-01  4.50464643e-05  1.16147201e-02  4.50464643e-05 
 9.33254301e+03 -9.88385280e-01  4.60957312e-05  1.16147202e-02  4.60957312e-05 
 9.54992586e+03 -9.88385280e-01  4.71694387e-05  1.16147202e-02  4.71694387e-05 
 9.77237221e+03 -9.88385280e-01  4.82681561e-05  1.16147203e-02  4.82681561e-05 
 1.00000000e+04 -9.88385280e-01  4.93924659e-05  1.16147203e-02  4.93924659e-05 
 1.02329299e+04 -9.88385280e-01  5.05429642e-05  1.16147204e-02  5.05429642e-05 
 1.04712855e+04 -9.88385280e-01  5.17202611e-05  1.16147205e-02  5.17202611e-05 
 1.07151931e+04 -9.88385279e-01  5.29249808e-05  1.16147205e-02  5.29249808e-05 
 1.09647820e+04 -9.88385279e-01  5.41577619e-05  1.16147206e-02  5.41577619e-05 
 1.12201845e+04 -9.88385279e-01  5.54192583e-05  1.16147206e-02  5.54192583e-05 
 1.14815362e+04 -9.88385279e-01  5.67101386e-05  1.16147207e-02  5.67101386e-05 
 1.17489755e+04 -9.88385279e-01  5.80310874e-05  1.16147208e-02  5.80310874e-05 
 1.20226443e+04 -9.88385279e-01  5.93828051e-05  1.16147209e-02  5.93828051e-05 
 1.23026877e+04 -9.88385279e-01  6.07660083e-05  1.16147209e-02  6.07660083e-05 
 1.25892541e+04 -9.88385279e-01  6.21814305e-05  1.16147210e-02  6.21814305e-05 
 1.28824955e+04 -9.88385279e-01  6.36298221e-05  1.16147211e-02  6.36298221e-05 
 1.31825674e+04 -9.88385279e-01  6.51119510e-05  1.16147212e-02  6.51119510e-05 
 1.34896288e+04 -9.88385279e-01  6.66286032e-05  1.16147213e-02  6.66286032e-05 
 1.38038426e+04 -9.88385279e-01  6.81805827e-05  1.16147214e-02  6.81805827e-05 
 1.41253754e+04 -9.88385278e-01  6.97687125e-05  1.16147215e-02  6.97687125e-05 
 1.44543977e+04 -9.88385278e-01  7.13938346e-05  1.16147216e-02  7.13938346e-05 
 1.47910839e+04 -9.88385278e-01  7.30568107e-05  1.16147217e-02  7.30568107e-05 
 1.51356125e+04 -9.88385278e-01  7.47585224e-05  1.16147219e-02  7.47585224e-05 
 1.54881662e+04 -9.88385278e-01  7.64998721e-05  1.16147220e-02  7.64998721e-05 
 1.58489319e+04 -9.88385278e-01  7.82817830e-05  1.16147221e-02  7.82817830e-05 
 1.62181010e+04 -9.88385278e-01  8.01052000e-05  1.16147223e-02  8.01052000e-05 
 1.65958691e+04 -9.88385278e-01  8.19710898e-05  1.16147224e-02  8.19710898e-05 
 1.69824365e+04 -9.88385277e-01  8.38804417e-05  1.16147225e-02  8.38804417e-05 
 1.73780083e+04 -9.88385277e-01  8.58342682e-05  1.16147227e-02  8.58342682e-05 
 1.77827941e+04 -9.88385277e-01  8.78336052e-05  1.16147229e-02  8.78336052e-05 
 1.81970086e+04 -9.88385277e-01  8.98795127e-05  1.16147230e-02  8.98795127e-05 
 1.86208714e+04 -9.88385277e-01  9.19730755e-05  1.16147232e-02  9.19730755e-05 
 1.90546072e+04 -9.88385277e-01  9.41154036e-05  1.16147234e-02  9.41154036e-05 
 1.94984460e+04 -9.88385276e-01  9.63076330e-05  1.16147236e-02  9.63076330e-05 
 1.99526231e+04 -9.88385276e-01  9.85509259e-05  1.16147238e-02  9.85509259e-05 
 2.04173794e+04 -9.88385276e-01  1.00846472e-04  1.16147241e-02  1.00846472e-04 
 2.08929613e+04 -9.88385276e-01  1.03195488e-04  1.16147243e-02  1.03195488e-04 
 2.13796209e+04 -9.88385275e-01  1.05599220e-04  1.16147245e-02  1.05599220e-04 
 2.18776162e+04 -9.88385275e-01  1.08058942e-04  1.16147248e-02  1.08058942e-04 
 2.23872114e+04 -9.88385275e-01  1.10575958e-04  1.16147250e-02  1.10575958e-04 
 2.29086765e+04 -9.88385275e-01  1.13151603e-04  1.16147253e-02  1.13151603e-04 
 2.34422882e+04 -9.88385274e-01  1.15787242e-04  1.16147256e-02  1.15787242e-04 
 2.39883292e+04 -9.88385274e-01  1.18484273e-04  1.16147259e-02  1.18484273e-04 
 2.45470892e+04 -9.88385274e-01  1.21244127e-04  1.16147262e-02  1.21244127e-04 
 2.51188643e+04 -9.88385273e-01  1.24068265e-04  1.16147266e-02  1.24068265e-04 
 2.57039578e+04 -9.88385273e-01  1.26958186e-04  1.16147269e-02  1.26958186e-04 
 2.63026799e+04 -9.88385273e-01  1.29915422e-04  1.16147273e-02  1.29915422e-04 
 2.69153480e+04 -9.88385272e-01  1.32941541e-04  1.16147277e-02  1.32941541e-04 
 2.75422870e+04 -9.88385272e-01  1.36038147e-04  1.16147281e-02  1.36038147e-04 
 2.81838293e+04 -9.88385272e-01  1.39206883e-04  1.16147285e-02  1.39206883e-04 
 2.88403150e+04 -9.88385271e-01  1.42449428e-04  1.16147289e-02  1.42449428e-04 
 2.95120923e+04 -9.88385271e-01  1.45767501e-04  1.16147294e-02  1.45767501e-04 
 3.01995172e+04 -9.88385270e-01  1.49162863e-04  1.16147299e-02  1.49162863e-04 
 3.09029543e+04 -9.88385270e-01  1.52637312e-04  1.16147304e-02  1.52637312e-04 
 3.16227766e+04 -9.88385269e-01  1.56192692e-04  1.16147309e-02  1.56192692e-04 
 3.23593657e+04 -9.88385269e-01  1.59830887e-04  1.16147314e-02  1.59830887e-04 
 3.31131121e+04 -9.88385268e-01  1.63553827e-04  1.16147320e-02  1.63553827e-04 
 3.38844156e+04 -9.88385267e-01  1.67363485e-04  1.16147326e-02  1.67363485e-04 
 3.46736850e+04 -9.88385267e-01  1.71261881e-04  1.16147333e-02  1.71261881e-04 
 3.54813389e+04 -9.88385266e-01  1.75251083e-04  1.16147339e-02  1.75251083e-04 
 3.63078055e+04 -9.88385265e-01  1.79333205e-04  1.16147346e-02  1.79333205e-04 
 3.71535229e+04 -9.88385265e-01  1.83510412e-04  1.16147353e-02  1.83510412e-04 
 3.80189396e+04 -9.88385264e-01  1.87784918e-04  1.16147361e-02  1.87784918e-04 
 3.89045145e+04 -9.88385263e-01  1.92158991e-04  1.16147369e-02  1.92158991e-04 
 3.98107171e+04 -9.88385262e-01  1.96634949e-04  1.16147377e-02  1.96634949e-04 
 4.07380278e+04 -9.88385261e-01  2.01215165e-04  1.16147386e-02  2.01215165e-04 
 4.16869383e+04 -9.88385260e-01  2.05902069e-04  1.16147395e-02  2.05902069e-04 
 4.26579519e+04 -9.88385259e-01  2.10698144e-04  1.16147405e-02  2.10698144e-04 
 4.36515832e+04 -9.88385258e-01  2.15605934e-04  1.16147415e-02  2.15605934e-04 
 4.46683592e+04 -9.88385257e-01  2.20628042e-04  1.16147426e-02  2.20628042e-04 
 4.57088190e+04 -9.88385256e-01  2.25767129e-04  1.16147437e-02  2.25767129e-04 
 4.67735141e+04 -9.88385255e-01  2.31025921e-04  1.16147448e-02  2.31025921e-04 
 4.78630092e+04 -9.88385254e-01  2.36407206e-04  1.16147460e-02  2.36407206e-04 
 4.89778819e+04 -9.88385253e-01  2.41913837e-04  1.16147473e-02  2.41913837e-04 
 5.01187234e+04 -9.88385251e-01  2.47548735e-04  1.16147486e-02  2.47548735e-04 
 5.12861384e+04 -9.88385250e-01  2.53314885e-04  1.16147500e-02  2.53314885e-04 
 5.24807460e+04 -9.88385249e-01  2.59215347e-04  1.16147515e-02  2.59215347e-04 
 5.37031796e+04 -9.88385247e-01  2.65253248e-04  1.16147530e-02  2.65253248e-04 
 5.49540874e+04 -9.88385245e-01  2.71431790e-04  1.16147546e-02  2.71431790e-04 
 5.62341325e+04 -9.88385244e-01  2.77754249e-04  1.16147562e-02  2.77754249e-04 
 5.75439937e+04 -9.88385242e-01  2.84223977e-04  1.16147580e-02  2.84223977e-04 
 5.88843655e+04 -9.88385240e-01  2.90844404e-04  1.16147598e-02  2.90844404e-04 
 6.02559586e+04 -9.88385238e-01  2.97619040e-04  1.16147617e-02  2.97619040e-04 
 6.16595002e+04 -9.88385236e-01  3.04551478e-04  1.16147637e-02  3.04551478e-04 
 6.30957344e+04 -9.88385234e-01  3.11645393e-04  1.16147658e-02  3.11645393e-04 
 6.45654229e+04 -9.88385232e-01  3.18904547e-04  1.16147680e-02  3.18904547e-04 
 6.60693448e+04 -9.88385230e-01  3.26332789e-04  1.16147703e-02  3.26332789e-04 
 6.76082975e+04 -9.88385227e-01  3.33934056e-04  1.16147728e-02  3.33934056e-04 
 6.91830971e+04 -9.88385225e-01  3.41712379e-04  1.16147753e-02  3.41712379e-04 
 7.07945784e+04 -9.88385222e-01  3.49671883e-04  1.16147779e-02  3.49671883e-04 
 7.24435960e+04 -9.88385219e-01  3.57816788e-04  1.16147807e-02  3.57816788e-04 
 7.41310241e+04 -9.88385216e-01  3.66151412e-04  1.16147836e-02  3.66151412e-04 
 7.58577575e+04 -9.88385213e-01  3.74680174e-04  1.16147866e-02  3.74680174e-04 
 7.76247117e+04 -9.88385210e-01  3.83407597e-04  1.16147898e-02  3.83407597e-04 
 7.94328235e+04 -9.88385207e-01  3.92338307e-04  1.16147931e-02  3.92338307e-04 
 8.12830516e+04 -9.88385203e-01  4.01477040e-04  1.16147966e-02  4.01477040e-04 
 8.31763771e+04 -9.88385200e-01  4.10828642e-04  1.16148003e-02  4.10828642e-04 
 8.51138038e+04 -9.88385196e-01  4.20398071e-04  1.16148041e-02  4.20398071e-04 
 8.70963590e+04 -9.88385192e-01  4.30190400e-04  1.16148081e-02  4.30190400e-04 
 8.91250938e+04 -9.88385188e-01  4.40210822e-04  1.16148123e-02  4.40210822e-04 
 9.12010839e+04 -9.88385183e-01  4.50464650e-04  1.16148167e-02  4.50464650e-04 
 9.33254301e+04 -9.88385179e-01  4.60957320e-04  1.16148213e-02  4.60957320e-04 
 9.54992586e+04 -9.88385174e-01  4.71694395e-04  1.16148261e-02  4.71694395e-04 
 9.77237221e+04 -9.88385169e-01  4.82681570e-04  1.16148311e-02  4.82681570e-04 
 1.00000000e+05 -9.88385164e-01  4.93924668e-04  1.16148364e-02  4.93924668e-04 
 1.02329299e+05 -9.88385158e-01  5.05429652e-04  1.16148419e-02  5.05429652e-04 
 1.04712855e+05 -9.88385152e-01  5.17202621e-04  1.16148477e-02  5.17202621e-04 
 1.07151931e+05 -9.88385146e-01  5.29249819e-04  1.16148538e-02  5.29249819e-04 
 1.09647820e+05 -9.88385140e-01  5.41577631e-04  1.16148601e-02  5.41577631e-04 
 1.12201845e+05 -9.88385133e-01  5.54192595e-04  1.16148668e-02  5.54192595e-04 
 1.14815362e+05 -9.88385126e-01  5.67101400e-04  1.16148737e-02  5.67101400e-04 
 1.17489755e+05 -9.88385119e-01  5.80310889e-04  1.16148810e-02  5.80310889e-04 
 1.20226443e+05 -9.88385111e-01  5.93828067e-04  1.16148886e-02  5.93828067e-04 
 1.23026877e+05 -9.88385103e-01  6.07660100e-04  1.16148966e-02  6.07660100e-04 
 1.25892541e+05 -9.88385095e-01  6.21814323e-04  1.16149050e-02  6.21814323e-04 
 1.28824955e+05 -9.88385086e-01  6.36298240e-04  1.16149137e-02  6.36298240e-04 
 1.31825674e+05 -9.88385077e-01  6.51119531e-04  1.16149229e-02  6.51119531e-04 
 1.34896288e+05 -9.88385067e-01  6.66286054e-04  1.16149325e-02  6.66286054e-04 
 1.38038426e+05 -9.88385057e-01  6.81805851e-04  1.16149426e-02  6.81805851e-04 
 1.41253754e+05 -9.88385047e-01  6.97687151e-04  1.16149531e-02  6.97687151e-04 
 1.44543977e+05 -9.88385036e-01  7.13938373e-04  1.16149641e-02  7.13938373e-04 
 1.47910839e+05 -9.88385024e-01  7.30568136e-04  1.16149757e-02  7.30568136e-04 
 1.51356125e+05 -9.88385012e-01  7.47585255e-04  1.16149877e-02  7.47585255e-04 
 1.54881662e+05 -9.88385000e-01  7.64998754e-04  1.16150004e-02  7.64998754e-04 
 1.58489319e+05 -9.88384986e-01  7.82817866e-04  1.16150136e-02  7.82817866e-04 
 1.62181010e+05 -9.88384972e-01  8.01052038e-04  1.16150275e-02  8.01052038e-04 
 1.65958691e+05 -9.88384958e-01  8.19710939e-04  1.16150421e-02  8.19710939e-04 
 1.69824365e+05 -9.88384943e-01  8.38804461e-04  1.16150573e-02  8.38804461e-04 
 1.73780083e+05 -9.88384927e-01  8.58342729e-04  1.16150732e-02  8.58342729e-04 
 1.77827941e+05 -9.88384910e-01  8.78336102e-04  1.16150899e-02  8.78336102e-04 
 1.81970086e+05 -9.88384893e-01  8.98795181e-04  1.16151074e-02  8.98795181e-04 
 1.86208714e+05 -9.88384874e-01  9.19730812e-04  1.16151257e-02  9.19730812e-04 
 1.90546072e+05 -9.88384855e-01  9.41154098e-04  1.16151448e-02  9.41154098e-04 
 1.94984460e+05 -9.88384835e-01  9.63076396e-04  1.16151649e-02  9.63076396e-04 
 1.99526231e+05 -9.88384814e-01  9.85509330e-04  1.16151859e-02  9.85509330e-04 
 2.04173794e+05 -9.88384792e-01  1.00846480e-03  1.16152079e-02  1.00846480e-03 
 2.08929613e+05 -9.88384769e-01  1.03195496e-03  1.16152309e-02  1.03195496e-03 
 2.13796209e+05 -9.88384745e-01  1.05599228e-03  1.16152550e-02  1.05599228e-03 
 2.18776162e+05 -9.88384720e-01  1.08058951e-03  1.16152803e-02  1.08058951e-03 
 2.23872114e+05 -9.88384693e-01  1.10575968e-03  1.16153067e-02  1.10575968e-03 
 2.29086765e+05 -9.88384666e-01  1.13151613e-03  1.16153344e-02  1.13151613e-03 
 2.34422882e+05 -9.88384637e-01  1.15787253e-03  1.16153634e-02  1.15787253e-03 
 2.39883292e+05 -9.88384606e-01  1.18484286e-03  1.16153938e-02  1.18484286e-03 
 2.45470892e+05 -9.88384574e-01  1.21244140e-03  1.16154256e-02  1.21244140e-03 
 2.51188643e+05 -9.88384541e-01  1.24068279e-03  1.16154589e-02  1.24068279e-03 
 2.57039578e+05 -9.88384506e-01  1.26958201e-03  1.16154937e-02  1.26958201e-03 
 2.63026799e+05 -9.88384470e-01  1.29915439e-03  1.16155302e-02  1.29915439e-03 
 2.69153480e+05 -9.88384432e-01  1.32941559e-03  1.16155685e-02  1.32941559e-03 
 2.75422870e+05 -9.88384392e-01  1.36038166e-03  1.16156085e-02  1.36038166e-03 
 2.81838293e+05 -9.88384350e-01  1.39206903e-03  1.16156504e-02  1.39206903e-03 
 2.88403150e+05 -9.88384306e-01  1.42449449e-03  1.16156943e-02  1.42449449e-03 
 2.95120923e+05 -9.88384260e-01  1.45767524e-03  1.16157402e-02  1.45767524e-03 
 3.01995172e+05 -9.88384212e-01  1.49162887e-03  1.16157884e-02  1.49162887e-03 
 3.09029543e+05 -9.88384161e-01  1.52637338e-03  1.16158388e-02  1.52637338e-03 
 3.16227766e+05 -9.88384108e-01  1.56192720e-03  1.16158915e-02  1.56192720e-03 
 3.23593657e+05 -9.88384053e-01  1.59830917e-03  1.16159468e-02  1.59830917e-03 
 3.31131121e+05 -9.88383995e-01  1.63553859e-03  1.16160046e-02  1.63553859e-03 
 3.38844156e+05 -9.88383935e-01  1.67363519e-03  1.16160652e-02  1.67363519e-03 
 3.46736850e+05 -9.88383871e-01  1.71261918e-03  1.16161287e-02  1.71261918e-03 
 3.54813389e+05 -9.88383805e-01  1.75251123e-03  1.16161951e-02  1.75251123e-03 
 3.63078055e+05 -9.88383735e-01  1.79333248e-03  1.16162646e-02  1.79333248e-03 
 3.71535229e+05 -9.88383663e-01  1.83510458e-03  1.16163375e-02  1.83510458e-03 
 3.80189396e+05 -9.88383586e-01  1.87784968e-03  1.16164137e-02  1.87784968e-03 
 3.89045145e+05 -9.88383506e-01  1.92159044e-03  1.16164936e-02  1.92159044e-03 
 3.98107171e+05 -9.88383423e-01  1.96635006e-03  1.16165772e-02  1.96635006e-03 
 4.07380278e+05 -9.88383335e-01  2.01215226e-03  1.16166648e-02  2.01215226e-03 
 4.16869383e+05 -9.88383244e-01  2.05902134e-03  1.16167565e-02  2.05902134e-03 
 4.26579519e+05 -9.88383147e-01  2.10698214e-03  1.16168525e-02  2.10698214e-03 
 4.36515832e+05 -9.88383047e-01  2.15606009e-03  1.16169531e-02  2.15606009e-03 
 4.46683592e+05 -9.88382942e-01  2.20628122e-03  1.16170583e-02  2.20628122e-03 
 4.57088190e+05 -9.88382831e-01  2.25767215e-03  1.16171686e-02  2.25767215e-03 
 4.67735141e+05 -9.88382716e-01  2.31026013e-03  1.16172840e-02  2.31026013e-03 
 4.78630092e+05 -9.88382595e-01  2.36407304e-03  1.16174049e-02  2.36407304e-03 
 4.89778819e+05 -9.88382469e-01  2.41913943e-03  1.16175315e-02  2.41913943e-03 
 5.01187234e+05 -9.88382336e-01  2.47548847e-03  1.16176640e-02  2.47548847e-03 
 5.12861384e+05 -9.88382197e-01  2.53315006e-03  1.16178028e-02  2.53315006e-03 
 5.24807460e+05 -9.88382052e-01  2.59215477e-03  1.16179481e-02  2.59215477e-03 
 5.37031796e+05 -9.88381900e-01  2.65253387e-03  1.16181003e-02  2.65253387e-03 
 5.49540874e+05 -9.88381740e-01  2.71431939e-03  1.16182597e-02  2.71431939e-03 
 5.62341325e+05 -9.88381573e-01  2.77754408e-03  1.16184265e-02  2.77754408e-03 
 5.75439937e+05 -9.88381399e-01  2.84224147e-03  1.16186012e-02  2.84224147e-03 
 5.88843655e+05 -9.88381216e-01  2.90844587e-03  1.16187842e-02  2.90844587e-03 
 6.02559586e+05 -9.88381024e-01  2.97619236e-03  1.16189758e-02  2.97619236e-03 
 6.16595002e+05 -9.88380824e-01  3.04551688e-03  1.16191764e-02  3.04551688e-03 
 6.30957344e+05 -9.88380614e-01  3.11645619e-03  1.16193864e-02  3.11645619e-03 
 6.45654229e+05 -9.88380394e-01  3.18904789e-03  1.16196064e-02  3.18904789e-03 
 6.60693448e+05 -9.88380163e-01  3.26333047e-03  1.16198367e-02  3.26333047e-03 
 6.76082975e+05 -9.88379922e-01  3.33934333e-03  1.16200779e-02  3.33934333e-03 
 6.91830971e+05 -9.88379670e-01  3.41712676e-03  1.16203305e-02  3.41712676e-03 
 7.07945784e+05 -9.88379405e-01  3.49672201e-03  1.16205949e-02  3.49672201e-03 
 7.24435960e+05 -9.88379128e-01  3.57817129e-03  1.16208718e-02  3.57817129e-03 
 7.41310241e+05 -9.88378838e-01  3.66151777e-03  1.16211618e-02  3.66151777e-03 
 7.58577575e+05 -9.88378535e-01  3.74680565e-03  1.16214655e-02  3.74680565e-03 
 7.76247117e+05 -9.88378217e-01  3.83408016e-03  1.16217834e-02  3.83408016e-03 
 7.94328235e+05 -9.88377884e-01  3.92338756e-03  1.16221163e-02  3.92338756e-03 
 8.12830516e+05 -9.88377535e-01  4.01477522e-03  1.16224649e-02  4.01477522e-03 
 8.31763771e+05 -9.88377170e-01  4.10829158e-03  1.16228300e-02  4.10829158e-03 
 8.51138038e+05 -9.88376788e-01  4.20398623e-03  1.16232123e-02  4.20398623e-03 
 8.70963590e+05 -9.88376387e-01  4.30190992e-03  1.16236125e-02  4.30190992e-03 
 8.91250938e+05 -9.88375968e-01  4.40211457e-03  1.16240317e-02  4.40211457e-03 
 9.12010839e+05 -9.88375529e-01  4.50465330e-03  1.16244706e-02  4.50465330e-03 
 9.33254301e+05 -9.88375070e-01  4.60958048e-03  1.16249301e-02  4.60958048e-03 
 9.54992586e+05 -9.88374589e-01  4.71695176e-03  1.16254114e-02  4.71695176e-03 
 9.77237221e+05 -9.88374085e-01  4.82682406e-03  1.16259153e-02  4.82682406e-03 
 1.00000000e+06 -9.88373557e-01  4.93925564e-03  1.16264429e-02  4.93925564e-03 
 1.02329299e+06 -9.88373005e-01  5.05430612e-03  1.16269955e-02  5.05430612e-03 
 1.04712855e+06 -9.88372426e-01  5.17203650e-03  1.16275741e-02  5.17203650e-03 
 1.07151931e+06 -9.88371820e-01  5.29250921e-03  1.16281799e-02  5.29250921e-03 
 1.09647820e+06 -9.88371186e-01  5.41578812e-03  1.16288143e-02  5.41578812e-03 
 1.12201845e+06 -9.88370521e-01  5.54193861e-03  1.16294786e-02  5.54193861e-03 
 1.14815362e+06 -9.88369826e-01  5.67102756e-03  1.16301742e-02  5.67102756e-03 
 1.17489755e+06 -9.88369097e-01  5.80312342e-03  1.16309026e-02  5.80312342e-03 
 1.20226443e+06 -9.88368335e-01  5.93829624e-03  1.16316653e-02  5.93829624e-03 
 1.23026877e+06 -9.88367536e-01  6.07661769e-03  1.16324640e-02  6.07661769e-03 
 1.25892541e+06 -9.88366700e-01  6.21816111e-03  1.16333003e-02  6.21816111e-03 
 1.28824955e+06 -9.88365824e-01  6.36300156e-03  1.16341760e-02  6.36300156e-03 
 1.31825674e+06 -9.88364907e-01  6.51121584e-03  1.16350930e-02  6.51121584e-03 
 1.34896288e+06 -9.88363947e-01  6.66288254e-03  1.16360532e-02  6.66288254e-03 
 1.38038426e+06 -9.88362941e-01  6.81808208e-03  1.16370587e-02  6.81808208e-03 
 1.41253754e+06 -9.88361888e-01  6.97689676e-03  1.16381116e-02  6.97689676e-03 
 1.44543977e+06 -9.88360786e-01  7.13941079e-03  1.16392141e-02  7.13941079e-03 
 1.47910839e+06 -9.88359631e-01  7.30571035e-03  1.16403685e-02  7.30571035e-03 
 1.51356125e+06 -9.88358423e-01  7.47588362e-03  1.16415774e-02  7.47588362e-03 
 1.54881662e+06 -9.88357157e-01  7.65002083e-03  1.16428432e-02  7.65002083e-03 
 1.58489319e+06 -9.88355831e-01  7.82821433e-03  1.16441687e-02  7.82821433e-03 
 1.62181010e+06 -9.88354443e-01  8.01055860e-03  1.16455567e-02  8.01055860e-03 
 1.65958691e+06 -9.88352990e-01  8.19715034e-03  1.16470101e-02  8.19715034e-03 
 1.69824365e+06 -9.88351468e-01  8.38808850e-03  1.16485320e-02  8.38808850e-03 
 1.73780083e+06 -9.88349874e-01  8.58347432e-03  1.16501256e-02  8.58347432e-03 
 1.77827941e+06 -9.88348206e-01  8.78341141e-03  1.16517944e-02  8.78341141e-03 
 1.81970086e+06 -9.88346458e-01  8.98800579e-03  1.16535418e-02  8.98800579e-03 
 1.86208714e+06 -9.88344628e-01  9.19736597e-03  1.16553715e-02  9.19736597e-03 
 1.90546072e+06 -9.88342712e-01  9.41160296e-03  1.16572875e-02  9.41160296e-03 
 1.94984460e+06 -9.88340706e-01  9.63083038e-03  1.16592938e-02  9.63083038e-03 
 1.99526231e+06 -9.88338605e-01  9.85516447e-03  1.16613947e-02  9.85516447e-03 
 2.04173794e+06 -9.88336405e-01  1.00847242e-02  1.16635946e-02  1.00847242e-02 
 2.08929613e+06 -9.88334102e-01  1.03196313e-02  1.16658982e-02  1.03196313e-02 
 2.13796209e+06 -9.88331690e-01  1.05600104e-02  1.16683104e-02  1.05600104e-02 
 2.18776162e+06 -9.88329164e-01  1.08059889e-02  1.16708363e-02  1.08059889e-02 
 2.23872114e+06 -9.88326519e-01  1.10576973e-02  1.16734812e-02  1.10576973e-02 
 2.29086765e+06 -9.88323749e-01  1.13152690e-02  1.16762508e-02  1.13152690e-02 
 2.34422882e+06 -9.88320849e-01  1.15788407e-02  1.16791510e-02  1.15788407e-02 
 2.39883292e+06 -9.88317812e-01  1.18485522e-02  1.16821878e-02  1.18485522e-02 
 2.45470892e+06 -9.88314632e-01  1.21245465e-02  1.16853679e-02  1.21245465e-02 
 2.51188643e+06 -9.88311302e-01  1.24069699e-02  1.16886978e-02  1.24069699e-02 
 2.57039578e+06 -9.88307815e-01  1.26959723e-02  1.16921847e-02  1.26959723e-02 
 2.63026799e+06 -9.88304164e-01  1.29917068e-02  1.16958359e-02  1.29917068e-02 
 2.69153480e+06 -9.88300341e-01  1.32943305e-02  1.16996593e-02  1.32943305e-02 
 2.75422870e+06 -9.88296337e-01  1.36040037e-02  1.17036629e-02  1.36040037e-02 
 2.81838293e+06 -9.88292145e-01  1.39208908e-02  1.17078553e-02  1.39208908e-02 
 2.88403150e+06 -9.88287755e-01  1.42451598e-02  1.17122452e-02  1.42451598e-02 
 2.95120923e+06 -9.88283158e-01  1.45769826e-02  1.17168422e-02  1.45769826e-02 
 3.01995172e+06 -9.88278344e-01  1.49165354e-02  1.17216558e-02  1.49165354e-02 
 3.09029543e+06 -9.88273304e-01  1.52639981e-02  1.17266964e-02  1.52639981e-02 
 3.16227766e+06 -9.88268025e-01  1.56195552e-02  1.17319746e-02  1.56195552e-02 
 3.23593657e+06 -9.88262498e-01  1.59833951e-02  1.17375016e-02  1.59833951e-02 
 3.31131121e+06 -9.88256711e-01  1.63557110e-02  1.17432892e-02  1.63557110e-02 
 3.38844156e+06 -9.88250650e-01  1.67367003e-02  1.17493497e-02  1.67367003e-02 
 3.46736850e+06 -9.88244304e-01  1.71265650e-02  1.17556959e-02  1.71265650e-02 
 3.54813389e+06 -9.88237659e-01  1.75255122e-02  1.17623413e-02  1.75255122e-02 
 3.63078055e+06 -9.88230700e-01  1.79337532e-02  1.17693001e-02  1.79337532e-02 
 3.71535229e+06 -9.88223413e-01  1.83515049e-02  1.17765869e-02  1.83515049e-02 
 3.80189396e+06 -9.88215783e-01  1.87789887e-02  1.17842174e-02  1.87789887e-02 
 3.89045145e+06 -9.88207792e-01  1.92164314e-02  1.17922076e-02  1.92164314e-02 
 3.98107171e+06 -9.88199425e-01  1.96640652e-02  1.18005746e-02  1.96640652e-02 
 4.07380278e+06 -9.88190664e-01  2.01221276e-02  1.18093361e-02  2.01221276e-02 
 4.16869383e+06 -9.88181489e-01  2.05908616e-02  1.18185108e-02  2.05908616e-02 
 4.26579519e+06 -9.88171882e-01  2.10705159e-02  1.18281181e-02  2.10705159e-02 
 4.36515832e+06 -9.88161822e-01  2.15613451e-02  1.18381784e-02  2.15613451e-02 
 4.46683592e+06 -9.88151287e-01  2.20636095e-02  1.18487132e-02  2.20636095e-02 
 4.57088190e+06 -9.88140255e-01  2.25775758e-02  1.18597449e-02  2.25775758e-02 
 4.67735141e+06 -9.88128703e-01  2.31035166e-02  1.18712968e-02  2.31035166e-02 
 4.78630092e+06 -9.88116606e-01  2.36417111e-02  1.18833935e-02  2.36417111e-02 
 4.89778819e+06 -9.88103939e-01  2.41924450e-02  1.18960608e-02  2.41924450e-02 
 5.01187234e+06 -9.88090674e-01  2.47560105e-02  1.19093256e-02  2.47560105e-02 
 5.12861384e+06 -9.88076784e-01  2.53327068e-02  1.19232161e-02  2.53327068e-02 
 5.24807460e+06 -9.88062238e-01  2.59228399e-02  1.19377617e-02  2.59228399e-02 
 5.37031796e+06 -9.88047006e-01  2.65267232e-02  1.19529936e-02  2.65267232e-02 
 5.49540874e+06 -9.88031056e-01  2.71446773e-02  1.19689440e-02  2.71446773e-02 
 5.62341325e+06 -9.88014353e-01  2.77770301e-02  1.19856469e-02  2.77770301e-02 
 5.75439937e+06 -9.87996862e-01  2.84241174e-02  1.20031378e-02  2.84241174e-02 
 5.88843655e+06 -9.87978546e-01  2.90862829e-02  1.20214539e-02  2.90862829e-02 
 6.02559586e+06 -9.87959366e-01  2.97638780e-02  1.20406344e-02  2.97638780e-02 
 6.16595002e+06 -9.87939280e-01  3.04572627e-02  1.20607198e-02  3.04572627e-02 
 6.30957344e+06 -9.87918247e-01  3.11668051e-02  1.20817531e-02  3.11668051e-02 
 6.45654229e+06 -9.87896221e-01  3.18928821e-02  1.21037790e-02  3.18928821e-02 
 6.60693448e+06 -9.87873156e-01  3.26358794e-02  1.21268444e-02  3.26358794e-02 
 6.76082975e+06 -9.87849001e-01  3.33961916e-02  1.21509985e-02  3.33961916e-02 
 6.91830971e+06 -9.87823707e-01  3.41742226e-02  1.21762927e-02  3.41742226e-02 
 7.07945784e+06 -9.87797219e-01  3.49703858e-02  1.22027809e-02  3.49703858e-02 
 7.24435960e+06 -9.87769480e-01  3.57851042e-02  1.22305196e-02  3.57851042e-02 
 7.41310241e+06 -9.87740432e-01  3.66188108e-02  1.22595679e-02  3.66188108e-02 
 7.58577575e+06 -9.87710012e-01  3.74719486e-02  1.22899878e-02  3.74719486e-02 
 7.76247117e+06 -9.87678156e-01  3.83449710e-02  1.23218441e-02  3.83449710e-02 
 7.94328235e+06 -9.87644795e-01  3.92383420e-02  1.23552049e-02  3.92383420e-02 
 8.12830516e+06 -9.87609859e-01  4.01525367e-02  1.23901412e-02  4.01525367e-02 
 8.31763771e+06 -9.87573272e-01  4.10880411e-02  1.24267278e-02  4.10880411e-02 
 8.51138038e+06 -9.87534957e-01  4.20453526e-02  1.24650427e-02  4.20453526e-02 
 8.70963590e+06 -9.87494832e-01  4.30249803e-02  1.25051677e-02  4.30249803e-02 
 8.91250938e+06 -9.87452811e-01  4.40274454e-02  1.25471887e-02  4.40274454e-02 
 9.12010839e+06 -9.87408805e-01  4.50532809e-02  1.25911954e-02  4.50532809e-02 
 9.33254301e+06 -9.87362718e-01  4.61030328e-02  1.26372819e-02  4.61030328e-02 
 9.54992586e+06 -9.87314453e-01  4.71772597e-02  1.26855468e-02  4.71772597e-02 
 9.77237221e+06 -9.87263907e-01  4.82765331e-02  1.27360935e-02  4.82765331e-02 
 1.00000000e+07 -9.87210970e-01  4.94014384e-02  1.27890300e-02  4.94014384e-02 
 1.02329299e+07 -9.87155530e-01  5.05525744e-02  1.28444699e-02  5.05525744e-02 
 1.04712855e+07 -9.87097468e-01  5.17305540e-02  1.29025318e-02  5.17305540e-02 
 1.07151931e+07 -9.87036660e-01  5.29360047e-02  1.29633402e-02  5.29360047e-02 
 1.09647820e+07 -9.86972974e-01  5.41695686e-02  1.30270257e-02  5.41695686e-02 
 1.12201845e+07 -9.86906275e-01  5.54319029e-02  1.30937247e-02  5.54319029e-02 
 1.14815362e+07 -9.86836419e-01  5.67236803e-02  1.31635807e-02  5.67236803e-02 
 1.17489755e+07 -9.86763257e-01  5.80455895e-02  1.32367435e-02  5.80455895e-02 
 1.20226443e+07 -9.86686630e-01  5.93983353e-02  1.33133705e-02  5.93983353e-02 
 1.23026877e+07 -9.86606374e-01  6.07826390e-02  1.33936264e-02  6.07826390e-02 
 1.25892541e+07 -9.86522316e-01  6.21992391e-02  1.34776842e-02  6.21992391e-02 
 1.28824955e+07 -9.86434275e-01  6.36488915e-02  1.35657246e-02  6.36488915e-02 
 1.31825674e+07 -9.86342062e-01  6.51323698e-02  1.36579376e-02  6.51323698e-02 
 1.34896288e+07 -9.86245478e-01  6.66504662e-02  1.37545219e-02  6.66504662e-02 
 1.38038426e+07 -9.86144314e-01  6.82039912e-02  1.38556862e-02  6.82039912e-02 
 1.41253754e+07 -9.86038351e-01  6.97937747e-02  1.39616488e-02  6.97937747e-02 
 1.44543977e+07 -9.85927361e-01  7.14206664e-02  1.40726389e-02  7.14206664e-02 
 1.47910839e+07 -9.85811103e-01  7.30855357e-02  1.41888967e-02  7.30855357e-02 
 1.51356125e+07 -9.85689326e-01  7.47892730e-02  1.43106740e-02  7.47892730e-02 
 1.54881662e+07 -9.85561765e-01  7.65327897e-02  1.44382348e-02  7.65327897e-02 
 1.58489319e+07 -9.85428144e-01  7.83170186e-02  1.45718559e-02  7.83170186e-02 
 1.62181010e+07 -9.85288172e-01  8.01429148e-02  1.47118277e-02  8.01429148e-02 
 1.65958691e+07 -9.85141546e-01  8.20114563e-02  1.48584545e-02  8.20114563e-02 
 1.69824365e+07 -9.84987944e-01  8.39236440e-02  1.50120556e-02  8.39236440e-02 
 1.73780083e+07 -9.84827034e-01  8.58805028e-02  1.51729658e-02  8.58805028e-02 
 1.77827941e+07 -9.84658464e-01  8.78830818e-02  1.53415364e-02  8.78830818e-02 
 1.81970086e+07 -9.84481864e-01  8.99324554e-02  1.55181358e-02  8.99324554e-02 
 1.86208714e+07 -9.84296850e-01  9.20297234e-02  1.57031504e-02  9.20297234e-02 
 1.90546072e+07 -9.84103014e-01  9.41760117e-02  1.58969858e-02  9.41760117e-02 
 1.94984460e+07 -9.83899933e-01  9.63724734e-02  1.61000674e-02  9.63724734e-02 
 1.99526231e+07 -9.83687158e-01  9.86202888e-02  1.63128416e-02  9.86202888e-02 
 2.04173794e+07 -9.83464223e-01  1.00920667e-01  1.65357769e-02  1.00920667e-01 
 2.08929613e+07 -9.83230635e-01  1.03274844e-01  1.67693650e-02  1.03274844e-01 
 2.13796209e+07 -9.82985878e-01  1.05684089e-01  1.70141220e-02  1.05684089e-01 
 2.18776162e+07 -9.82729410e-01  1.08149699e-01  1.72705896e-02  1.08149699e-01 
 2.23872114e+07 -9.82460663e-01  1.10673001e-01  1.75393367e-02  1.10673001e-01 
 2.29086765e+07 -9.82179040e-01  1.13255357e-01  1.78209603e-02  1.13255357e-01 
 2.34422882e+07 -9.81883912e-01  1.15898159e-01  1.81160876e-02  1.15898159e-01 
 2.39883292e+07 -9.81574623e-01  1.18602834e-01  1.84253772e-02  1.18602834e-01 
 2.45470892e+07 -9.81250479e-01  1.21370842e-01  1.87495208e-02  1.21370842e-01 
 2.51188643e+07 -9.80910755e-01  1.24203679e-01  1.90892450e-02  1.24203679e-01 
 2.57039578e+07 -9.80554687e-01  1.27102877e-01  1.94453133e-02  1.27102877e-01 
 2.63026799e+07 -9.80181472e-01  1.30070002e-01  1.98185280e-02  1.30070002e-01 
 2.69153480e+07 -9.79790268e-01  1.33106662e-01  2.02097320e-02  1.33106662e-01 
 2.75422870e+07 -9.79380188e-01  1.36214499e-01  2.06198115e-02  1.36214499e-01 
 2.81838293e+07 -9.78950302e-01  1.39395199e-01  2.10496981e-02  1.39395199e-01 
 2.88403150e+07 -9.78499629e-01  1.42650484e-01  2.15003712e-02  1.42650484e-01 
 2.95120923e+07 -9.78027139e-01  1.45982119e-01  2.19728607e-02  1.45982119e-01 
 3.01995172e+07 -9.77531750e-01  1.49391913e-01  2.24682500e-02  1.49391913e-01 
 3.09029543e+07 -9.77012321e-01  1.52881714e-01  2.29876787e-02  1.52881714e-01 
 3.16227766e+07 -9.76467654e-01  1.56453417e-01  2.35323457e-02  1.56453417e-01 
 3.23593657e+07 -9.75896487e-01  1.60108962e-01  2.41035129e-02  1.60108962e-01 
 3.31131121e+07 -9.75297492e-01  1.63850333e-01  2.47025085e-02  1.63850333e-01 
 3.38844156e+07 -9.74669269e-01  1.67679561e-01  2.53307305e-02  1.67679561e-01 
 3.46736850e+07 -9.74010349e-01  1.71598728e-01  2.59896514e-02  1.71598728e-01 
 3.54813389e+07 -9.73319178e-01  1.75609960e-01  2.66808217e-02  1.75609960e-01 
 3.63078055e+07 -9.72594125e-01  1.79715435e-01  2.74058750e-02  1.79715435e-01 
 3.71535229e+07 -9.71833468e-01  1.83917382e-01  2.81665324e-02  1.83917382e-01 
 3.80189396e+07 -9.71035392e-01  1.88218079e-01  2.89646081e-02  1.88218079e-01 
 3.89045145e+07 -9.70197986e-01  1.92619857e-01  2.98020143e-02  1.92619857e-01 
 3.98107171e+07 -9.69319233e-01  1.97125100e-01  3.06807674e-02  1.97125100e-01 
 4.07380278e+07 -9.68397006e-01  2.01736245e-01  3.16029940e-02  2.01736245e-01 
 4.16869383e+07 -9.67429062e-01  2.06455781e-01  3.25709376e-02  2.06455781e-01 
 4.26579519e+07 -9.66413034e-01  2.11286255e-01  3.35869656e-02  2.11286255e-01 
 4.36515832e+07 -9.65346423e-01  2.16230263e-01  3.46535767e-02  2.16230263e-01 
 4.46683592e+07 -9.64226591e-01  2.21290461e-01  3.57734090e-02  2.21290461e-01 
 4.57088190e+07 -9.63050752e-01  2.26469557e-01  3.69492485e-02  2.26469557e-01 
 4.67735141e+07 -9.61815962e-01  2.31770312e-01  3.81840381e-02  2.31770312e-01 
 4.78630092e+07 -9.60519112e-01  2.37195544e-01  3.94808875e-02  2.37195544e-01 
 4.89778819e+07 -9.59156917e-01  2.42748121e-01  4.08430831e-02  2.42748121e-01 
 5.01187234e+07 -9.57725900e-01  2.48430966e-01  4.22740996e-02  2.48430966e-01 
 5.12861384e+07 -9.56222389e-01  2.54247050e-01  4.37776114e-02  2.54247050e-01 
 5.24807460e+07 -9.54642495e-01  2.60199396e-01  4.53575050e-02  2.60199396e-01 
 5.37031796e+07 -9.52982107e-01  2.66291070e-01  4.70178929e-02  2.66291070e-01 
 5.49540874e+07 -9.51236872e-01  2.72525184e-01  4.87631277e-02  2.72525184e-01 
 5.62341325e+07 -9.49402183e-01  2.78904890e-01  5.05978170e-02  2.78904890e-01 
 5.75439937e+07 -9.47473160e-01  2.85433376e-01  5.25268400e-02  2.85433376e-01 
 5.88843655e+07 -9.45444635e-01  2.92113860e-01  5.45553647e-02  2.92113860e-01 
 6.02559586e+07 -9.43311133e-01  2.98949587e-01  5.66888665e-02  2.98949587e-01 
 6.16595002e+07 -9.41066852e-01  3.05943820e-01  5.89331476e-02  3.05943820e-01 
 6.30957344e+07 -9.38705642e-01  3.13099830e-01  6.12943579e-02  3.13099830e-01 
 6.45654229e+07 -9.36220983e-01  3.20420891e-01  6.37790174e-02  3.20420891e-01 
 6.60693448e+07 -9.33605960e-01  3.27910265e-01  6.63940399e-02  3.27910265e-01 
 6.76082975e+07 -9.30853243e-01  3.35571193e-01  6.91467575e-02  3.35571193e-01 
 6.91830971e+07 -9.27955052e-01  3.43406876e-01  7.20449477e-02  3.43406876e-01 
 7.07945784e+07 -9.24903139e-01  3.51420461e-01  7.50968611e-02  3.51420461e-01 
 7.24435960e+07 -9.21688749e-01  3.59615020e-01  7.83112514e-02  3.59615020e-01 
 7.41310241e+07 -9.18302594e-01  3.67993531e-01  8.16974061e-02  3.67993531e-01 
 7.58577575e+07 -9.14734820e-01  3.76558846e-01  8.52651800e-02  3.76558846e-01 
 7.76247117e+07 -9.10974971e-01  3.85313671e-01  8.90250292e-02  3.85313671e-01 
 7.94328235e+07 -9.07011953e-01  3.94260525e-01  9.29880471e-02  3.94260525e-01 
 8.12830516e+07 -9.02833998e-01  4.03401707e-01  9.71660024e-02  4.03401707e-01 
 8.31763771e+07 -8.98428623e-01  4.12739251e-01  1.01571377e-01  4.12739251e-01 
 8.51138038e+07 -8.93782592e-01  4.22274882e-01  1.06217408e-01  4.22274882e-01 
 8.70963590e+07 -8.88881873e-01  4.32009956e-01  1.11118127e-01  4.32009956e-01 
 8.91250938e+07 -8.83711599e-01  4.41945406e-01  1.16288401e-01  4.41945406e-01 
 9.12010839e+07 -8.78256021e-01  4.52081664e-01  1.21743979e-01  4.52081664e-01 
 9.33254301e+07 -8.72498472e-01  4.62418593e-01  1.27501528e-01  4.62418593e-01 
 9.54992586e+07 -8.66421320e-01  4.72955393e-01  1.33578680e-01  4.72955393e-01 
 9.77237221e+07 -8.60005933e-01  4.83690509e-01  1.39994067e-01  4.83690509e-01 
 1.00000000e+08 -8.53232638e-01  4.94621517e-01  1.46767362e-01  4.94621517e-01 
 1.02329299e+08 -8.46080690e-01  5.05745008e-01  1.53919310e-01  5.05745008e-01 
 1.04712855e+08 -8.38528241e-01  5.17056453e-01  1.61471759e-01  5.17056453e-01 
 1.07151931e+08 -8.30552320e-01  5.28550051e-01  1.69447680e-01  5.28550051e-01 
 1.09647820e+08 -8.22128818e-01  5.40218567e-01  1.77871182e-01  5.40218567e-01 
 1.12201845e+08 -8.13232482e-01  5.52053151e-01  1.86767518e-01  5.52053151e-01 
 1.14815362e+08 -8.03836931e-01  5.64043139e-01  1.96163069e-01  5.64043139e-01 
 1.17489755e+08 -7.93914679e-01  5.76175837e-01  2.06085321e-01  5.76175837e-01 
 1.20226443e+08 -7.83437181e-01  5.88436285e-01  2.16562819e-01  5.88436285e-01 
 1.23026877e+08 -7.72374907e-01  6.00807004e-01  2.27625093e-01  6.00807004e-01 
 1.25892541e+08 -7.60697438e-01  6.13267723e-01  2.39302562e-01  6.13267723e-01 
 1.28824955e+08 -7.48373604e-01  6.25795091e-01  2.51626396e-01  6.25795091e-01 
 1.31825674e+08 -7.35371653e-01  6.38362367e-01  2.64628347e-01  6.38362367e-01 
 1.34896288e+08 -7.21659472e-01  6.50939105e-01  2.78340528e-01  6.50939105e-01 
 1.38038426e+08 -7.07204857e-01  6.63490826e-01  2.92795143e-01  6.63490826e-01 
 1.41253754e+08 -6.91975847e-01  6.75978680e-01  3.08024153e-01  6.75978680e-01 
 1.44543977e+08 -6.75941122e-01  6.88359121e-01  3.24058878e-01  6.88359121e-01 
 1.47910839e+08 -6.59070471e-01  7.00583586e-01  3.40929529e-01  7.00583586e-01 
 1.51356125e+08 -6.41335353e-01  7.12598198e-01  3.58664647e-01  7.12598198e-01 
 1.54881662e+08 -6.22709531e-01  7.24343505e-01  3.77290469e-01  7.24343505e-01 
 1.58489319e+08 -6.03169810e-01  7.35754270e-01  3.96830190e-01  7.35754270e-01 
 1.62181010e+08 -5.82696858e-01  7.46759333e-01  4.17303142e-01  7.46759333e-01 
 1.65958691e+08 -5.61276132e-01  7.57281564e-01  4.38723868e-01  7.57281564e-01 
 1.69824365e+08 -5.38898886e-01  7.67237931e-01  4.61101114e-01  7.67237931e-01 
 1.73780083e+08 -5.15563264e-01  7.76539714e-01  4.84436736e-01  7.76539714e-01 
 1.77827941e+08 -4.91275454e-01  7.85092885e-01  5.08724546e-01  7.85092885e-01 
 1.81970086e+08 -4.66050897e-01  7.92798692e-01  5.33949103e-01  7.92798692e-01 
 1.86208714e+08 -4.39915497e-01  7.99554458e-01  5.60084503e-01  7.99554458e-01 
 1.90546072e+08 -4.12906816e-01  8.05254643e-01  5.87093184e-01  8.05254643e-01 
 1.94984460e+08 -3.85075200e-01  8.09792160e-01  6.14924800e-01  8.09792160e-01 
 1.99526231e+08 -3.56484766e-01  8.13059973e-01  6.43515234e-01  8.13059973e-01 
 2.04173794e+08 -3.27214213e-01  8.14952975e-01  6.72785787e-01  8.14952975e-01 
 2.08929613e+08 -2.97357369e-01  8.15370121e-01  7.02642631e-01  8.15370121e-01 
 2.13796209e+08 -2.67023401e-01  8.14216785e-01  7.32976599e-01  8.14216785e-01 
 2.18776162e+08 -2.36336639e-01  8.11407309e-01  7.63663361e-01  8.11407309e-01 
 2.23872114e+08 -2.05435933e-01  8.06867639e-01  7.94564067e-01  8.06867639e-01 
 2.29086765e+08 -1.74473495e-01  8.00537989e-01  8.25526505e-01  8.00537989e-01 
 2.34422882e+08 -1.43613220e-01  7.92375404e-01  8.56386780e-01  7.92375404e-01 
 2.39883292e+08 -1.13028442e-01  7.82356109e-01  8.86971558e-01  7.82356109e-01 
 2.45470892e+08 -8.28991933e-02  7.70477521e-01  9.17100807e-01  7.70477521e-01 
 2.51188643e+08 -5.34089954e-02  7.56759785e-01  9.46591005e-01  7.56759785e-01 
 2.57039578e+08 -2.47412913e-02  7.41246733e-01  9.75258709e-01  7.41246733e-01 
 2.63026799e+08  2.92436257e-03  7.24006170e-01  1.00292436e+00  7.24006170e-01 
 2.69153480e+08  2.94161931e-02  7.05129424e-01  1.02941619e+00  7.05129424e-01 
 2.75422870e+08  5.45740306e-02  6.84730139e-01  1.05457403e+00  6.84730139e-01 
 2.81838293e+08  7.82528817e-02  6.62942327e-01  1.07825288e+00  6.62942327e-01 
 2.88403150e+08  1.00326090e-01  6.39917758e-01  1.10032609e+00  6.39917758e-01 
 2.95120923e+08  1.20687940e-01  6.15822771e-01  1.12068794e+00  6.15822771e-01 
 3.01995172e+08  1.39255601e-01  5.90834666e-01  1.13925560e+00  5.90834666e-01 
 3.09029543e+08  1.55970318e-01  5.65137821e-01  1.15597032e+00  5.65137821e-01 
 3.16227766e+08  1.70797845e-01  5.38919720e-01  1.17079785e+00  5.38919720e-01 
 3.23593657e+08  1.83728114e-01  5.12367061e-01  1.18372811e+00  5.12367061e-01 
 3.31131121e+08  1.94774215e-01  4.85662091e-01  1.19477421e+00  4.85662091e-01 
 3.38844156e+08  2.03970755e-01  4.58979315e-01  1.20397076e+00  4.58979315e-01 
 3.46736850e+08  2.11371737e-01  4.32482674e-01  1.21137174e+00  4.32482674e-01 
 3.54813389e+08  2.17048063e-01  4.06323256e-01  1.21704806e+00  4.06323256e-01 
 3.63078055e+08  2.21084813e-01  3.80637588e-01  1.22108481e+00  3.80637588e-01 
 3.71535229e+08  2.23578423e-01  3.55546482e-01  1.22357842e+00  3.55546482e-01 
 3.80189396e+08  2.24633875e-01  3.31154438e-01  1.22463387e+00  3.31154438e-01 
 3.89045145e+08  2.24362004e-01  3.07549528e-01  1.22436200e+00  3.07549528e-01 
 3.98107171e+08  2.22876995e-01  2.84803710e-01  1.22287700e+00  2.84803710e-01 
 4.07380278e+08  2.20294135e-01  2.62973495e-01  1.22029413e+00  2.62973495e-01 
 4.16869383e+08  2.16727841e-01  2.42100885e-01  1.21672784e+00  2.42100885e-01 
 4.26579519e+08  2.12290003e-01  2.22214513e-01  1.21229000e+00  2.22214513e-01 
 4.36515832e+08  2.07088618e-01  2.03330919e-01  1.20708862e+00  2.03330919e-01 
 4.46683592e+08  2.01226727e-01  1.85455881e-01  1.20122673e+00  1.85455881e-01 
 4.57088190e+08  1.94801622e-01  1.68585782e-01  1.19480162e+00  1.68585782e-01 
 4.67735141e+08  1.87904289e-01  1.52708935e-01  1.18790429e+00  1.52708935e-01 
 4.78630092e+08  1.80619084e-01  1.37806863e-01  1.18061908e+00  1.37806863e-01 
 4.89778819e+08  1.73023574e-01  1.23855491e-01  1.17302357e+00  1.23855491e-01 
 5.01187234e+08  1.65188543e-01  1.10826242e-01  1.16518854e+00  1.10826242e-01 
 5.12861384e+08  1.57178113e-01  9.86870360e-02  1.15717811e+00  9.86870360e-02 
 5.24807460e+08  1.49049963e-01  8.74031647e-02  1.14904996e+00  8.74031647e-02 
 5.37031796e+08  1.40855623e-01  7.69380727e-02  1.14085562e+00  7.69380727e-02 
 5.49540874e+08  1.32640808e-01  6.72540251e-02  1.13264081e+00  6.72540251e-02 
 5.62341325e+08  1.24445801e-01  5.83126794e-02  1.12444580e+00  5.83126794e-02 
 5.75439937e+08  1.16305834e-01  5.00755670e-02  1.11630583e+00  5.00755670e-02 
 5.88843655e+08  1.08251493e-01  4.25044904e-02  1.10825149e+00  4.25044904e-02 
 6.02559586e+08  1.00309112e-01  3.55618477e-02  1.10030911e+00  3.55618477e-02 
 6.16595002e+08  9.25011554e-02  2.92108912e-02  1.09250116e+00  2.92108912e-02 
 6.30957344e+08  8.48465875e-02  2.34159291e-02  1.08484659e+00  2.34159291e-02 
 6.45654229e+08  7.73612250e-02  1.81424778e-02  1.07736122e+00  1.81424778e-02 
 6.60693448e+08  7.00580635e-02  1.33573726e-02  1.07005806e+00  1.33573726e-02 
 6.76082975e+08  6.29475850e-02  9.02884224e-03  1.06294758e+00  9.02884224e-03 
 6.91830971e+08  5.60380394e-02  5.12655441e-03  1.05603804e+00  5.12655441e-03 
 7.07945784e+08  4.93357049e-02  1.62163663e-03  1.04933570e+00  1.62163663e-03 
 7.24435960e+08  4.28451238e-02 -1.51332290e-03  1.04284512e+00 -1.51332290e-03 
 7.41310241e+08  3.65693177e-02 -4.30429033e-03  1.03656932e+00 -4.30429033e-03 
 7.58577575e+08  3.05099815e-02 -6.77581389e-03  1.03050998e+00 -6.77581389e-03 
 7.76247117e+08  2.46676581e-02 -8.95106131e-03  1.02466766e+00 -8.95106131e-03 
 7.94328235e+08  1.90418944e-02 -1.08518647e-02  1.01904189e+00 -1.08518647e-02 
 8.12830516e+08  1.36313815e-02 -1.24987704e-02  1.01363138e+00 -1.24987704e-02 
 8.31763771e+08  8.43407844e-03 -1.39110931e-02  1.00843408e+00 -1.39110931e-02 
 8.51138038e+08  3.44732293e-03 -1.51069714e-02  1.00344732e+00 -1.51069714e-02 
 8.70963590e+08 -1.33207153e-03 -1.61034253e-02  9.98667928e-01 -1.61034253e-02 
 8.91250938e+08 -5.90772970e-03 -1.69164128e-02  9.94092270e-01 -1.69164128e-02 
 9.12010839e+08 -1.02836391e-02 -1.75608874e-02  9.89716361e-01 -1.75608874e-02 
 9.33254301e+08 -1.44640840e-02 -1.80508532e-02  9.85535916e-01 -1.80508532e-02 
 9.54992586e+08 -1.84535877e-02 -1.83994190e-02  9.81546412e-01 -1.83994190e-02 
 9.77237221e+08 -2.22568622e-02 -1.86188507e-02  9.77743138e-01 -1.86188507e-02 
 1.00000000e+09 -2.58787647e-02 -1.87206213e-02  9.74121235e-01 -1.87206213e-02 
 1.02329299e+09 -2.93242601e-02 -1.87154588e-02  9.70675740e-01 -1.87154588e-02 
 1.04712855e+09 -3.25983884e-02 -1.86133914e-02  9.67401612e-01 -1.86133914e-02 
 1.07151931e+09 -3.57062368e-02 -1.84237907e-02  9.64293763e-01 -1.84237907e-02 
 1.09647820e+09 -3.86529163e-02 -1.81554123e-02  9.61347084e-01 -1.81554123e-02 
 1.12201845e+09 -4.14435408e-02 -1.78164339e-02  9.58556459e-01 -1.78164339e-02 
 1.14815362e+09 -4.40832107e-02 -1.74144911e-02  9.55916789e-01 -1.74144911e-02 
 1.17489755e+09 -4.65769981e-02 -1.69567107e-02  9.53423002e-01 -1.69567107e-02 
 1.20226443e+09 -4.89299346e-02 -1.64497424e-02  9.51070065e-01 -1.64497424e-02 
 1.23026877e+09 -5.11470016e-02 -1.58997873e-02  9.48852998e-01 -1.58997873e-02 
 1.25892541e+09 -5.32331213e-02 -1.53126255e-02  9.46766879e-01 -1.53126255e-02 
 1.28824955e+09 -5.51931502e-02 -1.46936408e-02  9.44806850e-01 -1.46936408e-02 
 1.31825674e+09 -5.70318736e-02 -1.40478446e-02  9.42968126e-01 -1.40478446e-02 
 1.34896288e+09 -5.87540003e-02 -1.33798969e-02  9.41246000e-01 -1.33798969e-02 
 1.38038426e+09 -6.03641594e-02 -1.26941268e-02  9.39635841e-01 -1.26941268e-02 
 1.41253754e+09 -6.18668969e-02 -1.19945508e-02  9.38133103e-01 -1.19945508e-02 
 1.44543977e+09 -6.32666730e-02 -1.12848904e-02  9.36733327e-01 -1.12848904e-02 
 1.47910839e+09 -6.45678607e-02 -1.05685877e-02  9.35432139e-01 -1.05685877e-02 
 1.51356125e+09 -6.57747434e-02 -9.84882014e-03  9.34225257e-01 -9.84882014e-03 
 1.54881662e+09 -6.68915137e-02 -9.12851489e-03  9.33108486e-01 -9.12851489e-03 
 1.58489319e+09 -6.79222723e-02 -8.41036116e-03  9.32077728e-01 -8.41036116e-03 
 1.62181010e+09 -6.88710269e-02 -7.69682246e-03  9.31128973e-01 -7.69682246e-03 
 1.65958691e+09 -6.97416909e-02 -6.99014785e-03  9.30258309e-01 -6.99014785e-03 
 1.69824365e+09 -7.05380832e-02 -6.29238253e-03  9.29461917e-01 -6.29238253e-03 
 1.73780083e+09 -7.12639267e-02 -5.60537792e-03  9.28736073e-01 -5.60537792e-03 
 1.77827941e+09 -7.19228478e-02 -4.93080112e-03  9.28077152e-01 -4.93080112e-03 
 1.81970086e+09 -7.25183758e-02 -4.27014400e-03  9.27481624e-01 -4.27014400e-03 
 1.86208714e+09 -7.30539418e-02 -3.62473191e-03  9.26946058e-01 -3.62473191e-03 
 1.90546072e+09 -7.35328783e-02 -2.99573197e-03  9.26467122e-01 -2.99573197e-03 
 1.94984460e+09 -7.39584186e-02 -2.38416116e-03  9.26041581e-01 -2.38416116e-03 
 1.99526231e+09 -7.43336958e-02 -1.79089413e-03  9.25666304e-01 -1.79089413e-03 
 2.04173794e+09 -7.46617426e-02 -1.21667079e-03  9.25338257e-01 -1.21667079e-03 
 2.08929613e+09 -7.49454910e-02 -6.62103706e-04  9.25054509e-01 -6.62103706e-04 
 2.13796209e+09 -7.51877714e-02 -1.27685336e-04  9.24812229e-01 -1.27685336e-04 
 2.18776162e+09 -7.53913128e-02  3.86204859e-04  9.24608687e-01  3.86204859e-04 
 2.23872114e+09 -7.55587425e-02  8.79293476e-04  9.24441257e-01  8.79293476e-04 
 2.29086765e+09 -7.56925863e-02  1.35140635e-03  9.24307414e-01  1.35140635e-03 
 2.34422882e+09 -7.57952684e-02  1.80246185e-03  9.24204732e-01  1.80246185e-03 
 2.39883292e+09 -7.58691121e-02  2.23246434e-03  9.24130888e-01  2.23246434e-03 
 2.45470892e+09 -7.59163400e-02  2.64149774e-03  9.24083660e-01  2.64149774e-03 
 2.51188643e+09 -7.59390751e-02  3.02971922e-03  9.24060925e-01  3.02971922e-03 
 2.57039578e+09 -7.59393414e-02  3.39735312e-03  9.24060659e-01  3.39735312e-03 
 2.63026799e+09 -7.59190653e-02  3.74468490e-03  9.24080935e-01  3.74468490e-03 
 2.69153480e+09 -7.58800766e-02  4.07205540e-03  9.24119923e-01  4.07205540e-03 
 2.75422870e+09 -7.58241103e-02  4.37985516e-03  9.24175890e-01  4.37985516e-03 
 2.81838293e+09 -7.57528083e-02  4.66851906e-03  9.24247192e-01  4.66851906e-03 
 2.88403150e+09 -7.56677211e-02  4.93852101e-03  9.24332279e-01  4.93852101e-03 
 2.95120923e+09 -7.55703098e-02  5.19036903e-03  9.24429690e-01  5.19036903e-03 
 3.01995172e+09 -7.54619486e-02  5.42460038e-03  9.24538051e-01  5.42460038e-03 
 3.09029543e+09 -7.53439270e-02  5.64177708e-03  9.24656073e-01  5.64177708e-03 
 3.16227766e+09 -7.52174525e-02  5.84248158e-03  9.24782548e-01  5.84248158e-03 
 3.23593657e+09 -7.50836526e-02  6.02731267e-03  9.24916347e-01  6.02731267e-03 
 3.31131121e+09 -7.49435782e-02  6.19688169e-03  9.25056422e-01  6.19688169e-03 
 3.38844156e+09 -7.47982063e-02  6.35180899e-03  9.25201794e-01  6.35180899e-03 
 3.46736850e+09 -7.46484425e-02  6.49272057e-03  9.25351557e-01  6.49272057e-03 
 3.54813389e+09 -7.44951241e-02  6.62024507e-03  9.25504876e-01  6.62024507e-03 
 3.63078055e+09 -7.43390233e-02  6.73501093e-03  9.25660977e-01  6.73501093e-03 
 3.71535229e+09 -7.41808497e-02  6.83764385e-03  9.25819150e-01  6.83764385e-03 
 3.80189396e+09 -7.40212539e-02  6.92876442e-03  9.25978746e-01  6.92876442e-03 
 3.89045145e+09 -7.38608298e-02  7.00898611e-03  9.26139170e-01  7.00898611e-03 
 3.98107171e+09 -7.37001180e-02  7.07891332e-03  9.26299882e-01  7.07891332e-03 
 4.07380278e+09 -7.35396087e-02  7.13913975e-03  9.26460391e-01  7.13913975e-03 
 4.16869383e+09 -7.33797444e-02  7.19024698e-03  9.26620256e-01  7.19024698e-03 
 4.26579519e+09 -7.32209225e-02  7.23280320e-03  9.26779077e-01  7.23280320e-03 
 4.36515832e+09 -7.30634988e-02  7.26736214e-03  9.26936501e-01  7.26736214e-03 
 4.46683592e+09 -7.29077891e-02  7.29446216e-03  9.27092211e-01  7.29446216e-03 
 4.57088190e+09 -7.27540729e-02  7.31462558e-03  9.27245927e-01  7.31462558e-03 
 4.67735141e+09 -7.26025950e-02  7.32835802e-03  9.27397405e-01  7.32835802e-03 
 4.78630092e+09 -7.24535682e-02  7.33614805e-03  9.27546432e-01  7.33614805e-03 
 4.89778819e+09 -7.23071759e-02  7.33846678e-03  9.27692824e-01  7.33846678e-03 
 5.01187234e+09 -7.21635739e-02  7.33576776e-03  9.27836426e-01  7.33576776e-03 
 5.12861384e+09 -7.20228927e-02  7.32848683e-03  9.27977107e-01  7.32848683e-03 
 5.24807460e+09 -7.18852394e-02  7.31704217e-03  9.28114761e-01  7.31704217e-03 
 5.37031796e+09 -7.17506998e-02  7.30183437e-03  9.28249300e-01  7.30183437e-03 
 5.49540874e+09 -7.16193399e-02  7.28324661e-03  9.28380660e-01  7.28324661e-03 
 5.62341325e+09 -7.14912079e-02  7.26164490e-03  9.28508792e-01  7.26164490e-03 
 5.75439937e+09 -7.13663355e-02  7.23737840e-03  9.28633665e-01  7.23737840e-03 
 5.88843655e+09 -7.12447397e-02  7.21077974e-03  9.28755260e-01  7.21077974e-03 
 6.02559586e+09 -7.11264241e-02  7.18216542e-03  9.28873576e-01  7.18216542e-03 
 6.16595002e+09 -7.10113800e-02  7.15183628e-03  9.28988620e-01  7.15183628e-03 
 6.30957344e+09 -7.08995880e-02  7.12007789e-03  9.29100412e-01  7.12007789e-03 
 6.45654229e+09 -7.07910187e-02  7.08716112e-03  9.29208981e-01  7.08716112e-03 
 6.60693448e+09 -7.06856341e-02  7.05334257e-03  9.29314366e-01  7.05334257e-03 
 6.76082975e+09 -7.05833887e-02  7.01886513e-03  9.29416611e-01  7.01886513e-03 
 6.91830971e+09 -7.04842298e-02  6.98395852e-03  9.29515770e-01  6.98395852e-03 
 7.07945784e+09 -7.03880989e-02  6.94883979e-03  9.29611901e-01  6.94883979e-03 
 7.24435960e+09 -7.02949323e-02  6.91371387e-03  9.29705068e-01  6.91371387e-03 
 7.41310241e+09 -7.02046616e-02  6.87877413e-03  9.29795338e-01  6.87877413e-03 
 7.58577575e+09 -7.01172147e-02  6.84420287e-03  9.29882785e-01  6.84420287e-03 
 7.76247117e+09 -7.00325160e-02  6.81017189e-03  9.29967484e-01  6.81017189e-03 
 7.94328235e+09 -6.99504872e-02  6.77684297e-03  9.30049513e-01  6.77684297e-03 
 8.12830516e+09 -6.98710476e-02  6.74436842e-03  9.30128952e-01  6.74436842e-03 
 8.31763771e+09 -6.97941148e-02  6.71289155e-03  9.30205885e-01  6.71289155e-03 
 8.51138038e+09 -6.97196045e-02  6.68254713e-03  9.30280395e-01  6.68254713e-03 
 8.70963590e+09 -6.96474317e-02  6.65346194e-03  9.30352568e-01  6.65346194e-03 
 8.91250938e+09 -6.95775101e-02  6.62575515e-03  9.30422490e-01  6.62575515e-03 
 9.12010839e+09 -6.95097532e-02  6.59953879e-03  9.30490247e-01  6.59953879e-03 
 9.33254301e+09 -6.94440738e-02  6.57491817e-03  9.30555926e-01  6.57491817e-03 
 9.54992586e+09 -6.93803847e-02  6.55199232e-03  9.30619615e-01  6.55199232e-03 
 9.77237221e+09 -6.93185988e-02  6.53085432e-03  9.30681401e-01  6.53085432e-03 
 1.00000000e+10 -6.92586290e-02  6.51159173e-03  9.30741371e-01  6.51159173e-03 
 1.02329299e+10 -6.92003886e-02  6.49428694e-03  9.30799611e-01  6.49428694e-03 
 1.04712855e+10 -6.91437912e-02  6.47901751e-03  9.30856209e-01  6.47901751e-03 
 1.07151931e+10 -6.90887511e-02  6.46585646e-03  9.30911249e-01  6.46585646e-03 
 1.09647820e+10 -6.90351830e-02  6.45487264e-03  9.30964817e-01  6.45487264e-03 
 1.12201845e+10 -6.89830021e-02  6.44613101e-03  9.31016998e-01  6.44613101e-03 
 1.14815362e+10 -6.89321245e-02  6.43969289e-03  9.31067875e-01  6.43969289e-03 
 1.17489755e+10 -6.88824668e-02  6.43561624e-03  9.31117533e-01  6.43561624e-03 
 1.20226443e+10 -6.88339463e-02  6.43395593e-03  9.31166054e-01  6.43395593e-03 
 1.23026877e+10 -6.87864808e-02  6.43476393e-03  9.31213519e-01  6.43476393e-03 
 1.25892541e+10 -6.87399891e-02  6.43808960e-03  9.31260011e-01  6.43808960e-03 
 1.28824955e+10 -6.86943903e-02  6.44397980e-03  9.31305610e-01  6.44397980e-03 
 1.31825674e+10 -6.86496041e-02  6.45247918e-03  9.31350396e-01  6.45247918e-03 
 1.34896288e+10 -6.86055510e-02  6.46363030e-03  9.31394449e-01  6.46363030e-03 
 1.38038426e+10 -6.85621516e-02  6.47747381e-03  9.31437848e-01  6.47747381e-03 
 1.41253754e+10 -6.85193273e-02  6.49404861e-03  9.31480673e-01  6.49404861e-03 
 1.44543977e+10 -6.84769996e-02  6.51339200e-03  9.31523000e-01  6.51339200e-03 
 1.47910839e+10 -6.84350905e-02  6.53553978e-03  9.31564909e-01  6.53553978e-03 
 1.51356125e+10 -6.83935220e-02  6.56052641e-03  9.31606478e-01  6.56052641e-03 
 1.54881662e+10 -6.83522165e-02  6.58838510e-03  9.31647784e-01  6.58838510e-03 
 1.58489319e+10 -6.83110962e-02  6.61914787e-03  9.31688904e-01  6.61914787e-03 
 1.62181010e+10 -6.82700834e-02  6.65284572e-03  9.31729917e-01  6.65284572e-03 
 1.65958691e+10 -6.82291003e-02  6.68950863e-03  9.31770900e-01  6.68950863e-03 
 1.69824365e+10 -6.81880690e-02  6.72916564e-03  9.31811931e-01  6.72916564e-03 
 1.73780083e+10 -6.81469110e-02  6.77184496e-03  9.31853089e-01  6.77184496e-03 
 1.77827941e+10 -6.81055478e-02  6.81757392e-03  9.31894452e-01  6.81757392e-03 
 1.81970086e+10 -6.80639000e-02  6.86637911e-03  9.31936100e-01  6.86637911e-03 
 1.86208714e+10 -6.80218878e-02  6.91828631e-03  9.31978112e-01  6.91828631e-03 
 1.90546072e+10 -6.79794308e-02  6.97332058e-03  9.32020569e-01  6.97332058e-03 
 1.94984460e+10 -6.79364477e-02  7.03150624e-03  9.32063552e-01  7.03150624e-03 
 1.99526231e+10 -6.78928563e-02  7.09286684e-03  9.32107144e-01  7.09286684e-03 
 2.04173794e+10 -6.78485733e-02  7.15742519e-03  9.32151427e-01  7.15742519e-03 
 2.08929613e+10 -6.78035145e-02  7.22520332e-03  9.32196485e-01  7.22520332e-03 
 2.13796209e+10 -6.77575943e-02  7.29622243e-03  9.32242406e-01  7.29622243e-03 
 2.18776162e+10 -6.77107259e-02  7.37050290e-03  9.32289274e-01  7.37050290e-03 
 2.23872114e+10 -6.76628210e-02  7.44806416e-03  9.32337179e-01  7.44806416e-03 
 2.29086765e+10 -6.76137899e-02  7.52892472e-03  9.32386210e-01  7.52892472e-03 
 2.34422882e+10 -6.75635411e-02  7.61310201e-03  9.32436459e-01  7.61310201e-03 
 2.39883292e+10 -6.75119815e-02  7.70061237e-03  9.32488018e-01  7.70061237e-03 
 2.45470892e+10 -6.74590163e-02  7.79147093e-03  9.32540984e-01  7.79147093e-03 
 2.51188643e+10 -6.74045486e-02  7.88569149e-03  9.32595451e-01  7.88569149e-03 
 2.57039578e+10 -6.73484795e-02  7.98328644e-03  9.32651521e-01  7.98328644e-03 
 2.63026799e+10 -6.72907081e-02  8.08426662e-03  9.32709292e-01  8.08426662e-03 
 2.69153480e+10 -6.72311314e-02  8.18864117e-03  9.32768869e-01  8.18864117e-03 
 2.75422870e+10 -6.71696441e-02  8.29641744e-03  9.32830356e-01  8.29641744e-03 
 2.81838293e+10 -6.71061386e-02  8.40760076e-03  9.32893861e-01  8.40760076e-03 
 2.88403150e+10 -6.70405048e-02  8.52219435e-03  9.32959495e-01  8.52219435e-03 
 2.95120923e+10 -6.69726303e-02  8.64019906e-03  9.33027370e-01  8.64019906e-03 
 3.01995172e+10 -6.69024001e-02  8.76161326e-03  9.33097600e-01  8.76161326e-03 
 3.09029543e+10 -6.68296970e-02  8.88643258e-03  9.33170303e-01  8.88643258e-03 
 3.16227766e+10 -6.67544008e-02  9.01464972e-03  9.33245599e-01  9.01464972e-03 
 3.23593657e+10 -6.66763889e-02  9.14625423e-03  9.33323611e-01  9.14625423e-03 
 3.31131121e+10 -6.65955363e-02  9.28123228e-03  9.33404464e-01  9.28123228e-03 
 3.38844156e+10 -6.65117151e-02  9.41956637e-03  9.33488285e-01  9.41956637e-03 
 3.46736850e+10 -6.64247949e-02  9.56123514e-03  9.33575205e-01  9.56123514e-03 
 3.54813389e+10 -6.63346431e-02  9.70621306e-03  9.33665357e-01  9.70621306e-03 
 3.63078055e+10 -6.62411241e-02  9.85447013e-03  9.33758876e-01  9.85447013e-03 
 3.71535229e+10 -6.61441001e-02  1.00059717e-02  9.33855900e-01  1.00059717e-02 
 3.80189396e+10 -6.60434312e-02  1.01606779e-02  9.33956569e-01  1.01606779e-02 
 3.89045145e+10 -6.59389749e-02  1.03185438e-02  9.34061025e-01  1.03185438e-02 
 3.98107171e+10 -6.58305867e-02  1.04795187e-02  9.34169413e-01  1.04795187e-02 
 4.07380278e+10 -6.57181203e-02  1.06435459e-02  9.34281880e-01  1.06435459e-02 
 4.16869383e+10 -6.56014274e-02  1.08105624e-02  9.34398573e-01  1.08105624e-02 
 4.26579519e+10 -6.54803583e-02  1.09804986e-02  9.34519642e-01  1.09804986e-02 
 4.36515832e+10 -6.53547618e-02  1.11532781e-02  9.34645238e-01  1.11532781e-02 
 4.46683592e+10 -6.52244857e-02  1.13288170e-02  9.34775514e-01  1.13288170e-02 
 4.57088190e+10 -6.50893771e-02  1.15070239e-02  9.34910623e-01  1.15070239e-02 
 4.67735141e+10 -6.49492823e-02  1.16877994e-02  9.35050718e-01  1.16877994e-02 
 4.78630092e+10 -6.48040479e-02  1.18710360e-02  9.35195952e-01  1.18710360e-02 
 4.89778819e+10 -6.46535205e-02  1.20566176e-02  9.35346480e-01  1.20566176e-02 
 5.01187234e+10 -6.44975474e-02  1.22444189e-02  9.35502453e-01  1.22444189e-02 
 5.12861384e+10 -6.43359772e-02  1.24343059e-02  9.35664023e-01  1.24343059e-02 
 5.24807460e+10 -6.41686600e-02  1.26261349e-02  9.35831340e-01  1.26261349e-02 
 5.37031796e+10 -6.39954482e-02  1.28197527e-02  9.36004552e-01  1.28197527e-02 
 5.49540874e+10 -6.38161969e-02  1.30149959e-02  9.36183803e-01  1.30149959e-02 
 5.62341325e+10 -6.36307646e-02  1.32116913e-02  9.36369235e-01  1.32116913e-02 
 5.75439937e+10 -6.34390139e-02  1.34096555e-02  9.36560986e-01  1.34096555e-02 
 5.88843655e+10 -6.32408121e-02  1.36086943e-02  9.36759188e-01  1.36086943e-02 
 6.02559586e+10 -6.30360317e-02  1.38086036e-02  9.36963968e-01  1.38086036e-02 
 6.16595002e+10 -6.28245517e-02  1.40091683e-02  9.37175448e-01  1.40091683e-02 
 6.30957344e+10 -6.26062578e-02  1.42101632e-02  9.37393742e-01  1.42101632e-02 
 6.45654229e+10 -6.23810437e-02  1.44113525e-02  9.37618956e-01  1.44113525e-02 
 6.60693448e+10 -6.21488115e-02  1.46124902e-02  9.37851188e-01  1.46124902e-02 
 6.76082975e+10 -6.19094729e-02  1.48133200e-02  9.38090527e-01  1.48133200e-02 
 6.91830971e+10 -6.16629497e-02  1.50135762e-02  9.38337050e-01  1.50135762e-02 
 7.07945784e+10 -6.14091752e-02  1.52129833e-02  9.38590825e-01  1.52129833e-02 
 7.24435960e+10 -6.11480946e-02  1.54112569e-02  9.38851905e-01  1.54112569e-02 
 7.41310241e+10 -6.08796660e-02  1.56081038e-02  9.39120334e-01  1.56081038e-02 
 7.58577575e+10 -6.06038616e-02  1.58032231e-02  9.39396138e-01  1.58032231e-02 
 7.76247117e+10 -6.03206678e-02  1.59963064e-02  9.39679332e-01  1.59963064e-02 
 7.94328235e+10 -6.00300870e-02  1.61870387e-02  9.39969913e-01  1.61870387e-02 
 8.12830516e+10 -5.97321377e-02  1.63750993e-02  9.40267862e-01  1.63750993e-02 
 8.31763771e+10 -5.94268553e-02  1.65601627e-02  9.40573145e-01  1.65601627e-02 
 8.51138038e+10 -5.91142931e-02  1.67418994e-02  9.40885707e-01  1.67418994e-02 
 8.70963590e+10 -5.87945228e-02  1.69199774e-02  9.41205477e-01  1.69199774e-02 
 8.91250938e+10 -5.84676351e-02  1.70940630e-02  9.41532365e-01  1.70940630e-02 
 9.12010839e+10 -5.81337399e-02  1.72638221e-02  9.41866260e-01  1.72638221e-02 
 9.33254301e+10 -5.77929671e-02  1.74289217e-02  9.42207033e-01  1.74289217e-02 
 9.54992586e+10 -5.74454666e-02  1.75890311e-02  9.42554533e-01  1.75890311e-02 
 9.77237221e+10 -5.70914088e-02  1.77438234e-02  9.42908591e-01  1.77438234e-02 
 1.00000000e+11 -5.67309842e-02  1.78929770e-02  9.43269016e-01  1.78929770e-02 
