 frequency       v(vout)         v(vout)         v(vinn)         v(vinn)        
 1.00000000e+03 -9.86907981e-01  4.35633564e-06  1.30920189e-02  4.35633564e-06 
 1.02329299e+03 -9.86907981e-01  4.45780774e-06  1.30920189e-02  4.45780774e-06 
 1.04712855e+03 -9.86907981e-01  4.56164342e-06  1.30920189e-02  4.56164342e-06 
 1.07151931e+03 -9.86907981e-01  4.66789774e-06  1.30920189e-02  4.66789774e-06 
 1.09647820e+03 -9.86907981e-01  4.77662705e-06  1.30920189e-02  4.77662705e-06 
 1.12201845e+03 -9.86907981e-01  4.88788899e-06  1.30920189e-02  4.88788899e-06 
 1.14815362e+03 -9.86907981e-01  5.00174255e-06  1.30920189e-02  5.00174255e-06 
 1.17489755e+03 -9.86907981e-01  5.11824810e-06  1.30920189e-02  5.11824810e-06 
 1.20226443e+03 -9.86907981e-01  5.23746741e-06  1.30920189e-02  5.23746741e-06 
 1.23026877e+03 -9.86907981e-01  5.35946370e-06  1.30920190e-02  5.35946370e-06 
 1.25892541e+03 -9.86907981e-01  5.48430165e-06  1.30920190e-02  5.48430165e-06 
 1.28824955e+03 -9.86907981e-01  5.61204744e-06  1.30920190e-02  5.61204744e-06 
 1.31825674e+03 -9.86907981e-01  5.74276882e-06  1.30920190e-02  5.74276882e-06 
 1.34896288e+03 -9.86907981e-01  5.87653509e-06  1.30920190e-02  5.87653509e-06 
 1.38038426e+03 -9.86907981e-01  6.01341718e-06  1.30920190e-02  6.01341718e-06 
 1.41253754e+03 -9.86907981e-01  6.15348766e-06  1.30920190e-02  6.15348766e-06 
 1.44543977e+03 -9.86907981e-01  6.29682080e-06  1.30920190e-02  6.29682080e-06 
 1.47910839e+03 -9.86907981e-01  6.44349259e-06  1.30920190e-02  6.44349259e-06 
 1.51356125e+03 -9.86907981e-01  6.59358082e-06  1.30920190e-02  6.59358082e-06 
 1.54881662e+03 -9.86907981e-01  6.74716504e-06  1.30920190e-02  6.74716504e-06 
 1.58489319e+03 -9.86907981e-01  6.90432671e-06  1.30920190e-02  6.90432671e-06 
 1.62181010e+03 -9.86907981e-01  7.06514914e-06  1.30920190e-02  7.06514914e-06 
 1.65958691e+03 -9.86907981e-01  7.22971760e-06  1.30920190e-02  7.22971760e-06 
 1.69824365e+03 -9.86907981e-01  7.39811936e-06  1.30920190e-02  7.39811936e-06 
 1.73780083e+03 -9.86907981e-01  7.57044369e-06  1.30920190e-02  7.57044369e-06 
 1.77827941e+03 -9.86907981e-01  7.74678198e-06  1.30920190e-02  7.74678198e-06 
 1.81970086e+03 -9.86907981e-01  7.92722771e-06  1.30920190e-02  7.92722771e-06 
 1.86208714e+03 -9.86907981e-01  8.11187657e-06  1.30920190e-02  8.11187657e-06 
 1.90546072e+03 -9.86907981e-01  8.30082645e-06  1.30920190e-02  8.30082645e-06 
 1.94984460e+03 -9.86907981e-01  8.49417753e-06  1.30920190e-02  8.49417753e-06 
 1.99526231e+03 -9.86907981e-01  8.69203234e-06  1.30920190e-02  8.69203234e-06 
 2.04173794e+03 -9.86907981e-01  8.89449579e-06  1.30920190e-02  8.89449579e-06 
 2.08929613e+03 -9.86907981e-01  9.10167521e-06  1.30920190e-02  9.10167521e-06 
 2.13796209e+03 -9.86907981e-01  9.31368046e-06  1.30920190e-02  9.31368046e-06 
 2.18776162e+03 -9.86907981e-01  9.53062394e-06  1.30920190e-02  9.53062394e-06 
 2.23872114e+03 -9.86907981e-01  9.75262069e-06  1.30920190e-02  9.75262069e-06 
 2.29086765e+03 -9.86907981e-01  9.97978841e-06  1.30920190e-02  9.97978841e-06 
 2.34422882e+03 -9.86907981e-01  1.02122475e-05  1.30920190e-02  1.02122475e-05 
 2.39883292e+03 -9.86907981e-01  1.04501214e-05  1.30920190e-02  1.04501214e-05 
 2.45470892e+03 -9.86907981e-01  1.06935359e-05  1.30920190e-02  1.06935359e-05 
 2.51188643e+03 -9.86907981e-01  1.09426204e-05  1.30920190e-02  1.09426204e-05 
 2.57039578e+03 -9.86907981e-01  1.11975068e-05  1.30920190e-02  1.11975068e-05 
 2.63026799e+03 -9.86907981e-01  1.14583302e-05  1.30920190e-02  1.14583302e-05 
 2.69153480e+03 -9.86907981e-01  1.17252290e-05  1.30920190e-02  1.17252290e-05 
 2.75422870e+03 -9.86907981e-01  1.19983447e-05  1.30920190e-02  1.19983447e-05 
 2.81838293e+03 -9.86907981e-01  1.22778220e-05  1.30920190e-02  1.22778220e-05 
 2.88403150e+03 -9.86907981e-01  1.25638092e-05  1.30920190e-02  1.25638092e-05 
 2.95120923e+03 -9.86907981e-01  1.28564579e-05  1.30920190e-02  1.28564579e-05 
 3.01995172e+03 -9.86907981e-01  1.31559233e-05  1.30920190e-02  1.31559233e-05 
 3.09029543e+03 -9.86907981e-01  1.34623641e-05  1.30920190e-02  1.34623641e-05 
 3.16227766e+03 -9.86907981e-01  1.37759429e-05  1.30920191e-02  1.37759429e-05 
 3.23593657e+03 -9.86907981e-01  1.40968258e-05  1.30920191e-02  1.40968258e-05 
 3.31131121e+03 -9.86907981e-01  1.44251831e-05  1.30920191e-02  1.44251831e-05 
 3.38844156e+03 -9.86907981e-01  1.47611888e-05  1.30920191e-02  1.47611888e-05 
 3.46736850e+03 -9.86907981e-01  1.51050210e-05  1.30920191e-02  1.51050210e-05 
 3.54813389e+03 -9.86907981e-01  1.54568621e-05  1.30920191e-02  1.54568621e-05 
 3.63078055e+03 -9.86907981e-01  1.58168987e-05  1.30920191e-02  1.58168987e-05 
 3.71535229e+03 -9.86907981e-01  1.61853216e-05  1.30920191e-02  1.61853216e-05 
 3.80189396e+03 -9.86907981e-01  1.65623262e-05  1.30920191e-02  1.65623262e-05 
 3.89045145e+03 -9.86907981e-01  1.69481123e-05  1.30920191e-02  1.69481123e-05 
 3.98107171e+03 -9.86907981e-01  1.73428846e-05  1.30920191e-02  1.73428846e-05 
 4.07380278e+03 -9.86907981e-01  1.77468523e-05  1.30920191e-02  1.77468523e-05 
 4.16869383e+03 -9.86907981e-01  1.81602295e-05  1.30920191e-02  1.81602295e-05 
 4.26579519e+03 -9.86907981e-01  1.85832356e-05  1.30920192e-02  1.85832356e-05 
 4.36515832e+03 -9.86907981e-01  1.90160948e-05  1.30920192e-02  1.90160948e-05 
 4.46683592e+03 -9.86907981e-01  1.94590365e-05  1.30920192e-02  1.94590365e-05 
 4.57088190e+03 -9.86907981e-01  1.99122957e-05  1.30920192e-02  1.99122957e-05 
 4.67735141e+03 -9.86907981e-01  2.03761127e-05  1.30920192e-02  2.03761127e-05 
 4.78630092e+03 -9.86907981e-01  2.08507333e-05  1.30920192e-02  2.08507333e-05 
 4.89778819e+03 -9.86907981e-01  2.13364093e-05  1.30920192e-02  2.13364093e-05 
 5.01187234e+03 -9.86907981e-01  2.18333981e-05  1.30920192e-02  2.18333981e-05 
 5.12861384e+03 -9.86907981e-01  2.23419633e-05  1.30920193e-02  2.23419633e-05 
 5.24807460e+03 -9.86907981e-01  2.28623745e-05  1.30920193e-02  2.28623745e-05 
 5.37031796e+03 -9.86907981e-01  2.33949076e-05  1.30920193e-02  2.33949076e-05 
 5.49540874e+03 -9.86907981e-01  2.39398450e-05  1.30920193e-02  2.39398450e-05 
 5.62341325e+03 -9.86907981e-01  2.44974756e-05  1.30920193e-02  2.44974756e-05 
 5.75439937e+03 -9.86907981e-01  2.50680951e-05  1.30920193e-02  2.50680951e-05 
 5.88843655e+03 -9.86907981e-01  2.56520060e-05  1.30920194e-02  2.56520060e-05 
 6.02559586e+03 -9.86907981e-01  2.62495180e-05  1.30920194e-02  2.62495180e-05 
 6.16595002e+03 -9.86907981e-01  2.68609478e-05  1.30920194e-02  2.68609478e-05 
 6.30957344e+03 -9.86907981e-01  2.74866197e-05  1.30920194e-02  2.74866197e-05 
 6.45654229e+03 -9.86907981e-01  2.81268653e-05  1.30920194e-02  2.81268653e-05 
 6.60693448e+03 -9.86907981e-01  2.87820242e-05  1.30920195e-02  2.87820242e-05 
 6.76082975e+03 -9.86907981e-01  2.94524436e-05  1.30920195e-02  2.94524436e-05 
 6.91830971e+03 -9.86907980e-01  3.01384792e-05  1.30920195e-02  3.01384792e-05 
 7.07945784e+03 -9.86907980e-01  3.08404945e-05  1.30920195e-02  3.08404945e-05 
 7.24435960e+03 -9.86907980e-01  3.15588619e-05  1.30920196e-02  3.15588619e-05 
 7.41310241e+03 -9.86907980e-01  3.22939623e-05  1.30920196e-02  3.22939623e-05 
 7.58577575e+03 -9.86907980e-01  3.30461853e-05  1.30920196e-02  3.30461853e-05 
 7.76247117e+03 -9.86907980e-01  3.38159298e-05  1.30920197e-02  3.38159298e-05 
 7.94328235e+03 -9.86907980e-01  3.46036040e-05  1.30920197e-02  3.46036040e-05 
 8.12830516e+03 -9.86907980e-01  3.54096255e-05  1.30920197e-02  3.54096255e-05 
 8.31763771e+03 -9.86907980e-01  3.62344216e-05  1.30920198e-02  3.62344216e-05 
 8.51138038e+03 -9.86907980e-01  3.70784297e-05  1.30920198e-02  3.70784297e-05 
 8.70963590e+03 -9.86907980e-01  3.79420973e-05  1.30920199e-02  3.79420973e-05 
 8.91250938e+03 -9.86907980e-01  3.88258823e-05  1.30920199e-02  3.88258823e-05 
 9.12010839e+03 -9.86907980e-01  3.97302533e-05  1.30920200e-02  3.97302533e-05 
 9.33254301e+03 -9.86907980e-01  4.06556897e-05  1.30920200e-02  4.06556897e-05 
 9.54992586e+03 -9.86907980e-01  4.16026824e-05  1.30920201e-02  4.16026824e-05 
 9.77237221e+03 -9.86907980e-01  4.25717334e-05  1.30920201e-02  4.25717334e-05 
 1.00000000e+04 -9.86907980e-01  4.35633564e-05  1.30920202e-02  4.35633564e-05 
 1.02329299e+04 -9.86907980e-01  4.45780774e-05  1.30920202e-02  4.45780774e-05 
 1.04712855e+04 -9.86907980e-01  4.56164342e-05  1.30920203e-02  4.56164342e-05 
 1.07151931e+04 -9.86907980e-01  4.66789774e-05  1.30920203e-02  4.66789774e-05 
 1.09647820e+04 -9.86907980e-01  4.77662705e-05  1.30920204e-02  4.77662705e-05 
 1.12201845e+04 -9.86907980e-01  4.88788898e-05  1.30920205e-02  4.88788898e-05 
 1.14815362e+04 -9.86907979e-01  5.00174254e-05  1.30920206e-02  5.00174254e-05 
 1.17489755e+04 -9.86907979e-01  5.11824809e-05  1.30920206e-02  5.11824809e-05 
 1.20226443e+04 -9.86907979e-01  5.23746741e-05  1.30920207e-02  5.23746741e-05 
 1.23026877e+04 -9.86907979e-01  5.35946370e-05  1.30920208e-02  5.35946370e-05 
 1.25892541e+04 -9.86907979e-01  5.48430164e-05  1.30920209e-02  5.48430164e-05 
 1.28824955e+04 -9.86907979e-01  5.61204744e-05  1.30920210e-02  5.61204744e-05 
 1.31825674e+04 -9.86907979e-01  5.74276882e-05  1.30920211e-02  5.74276882e-05 
 1.34896288e+04 -9.86907979e-01  5.87653508e-05  1.30920212e-02  5.87653508e-05 
 1.38038426e+04 -9.86907979e-01  6.01341717e-05  1.30920213e-02  6.01341717e-05 
 1.41253754e+04 -9.86907979e-01  6.15348765e-05  1.30920214e-02  6.15348765e-05 
 1.44543977e+04 -9.86907978e-01  6.29682079e-05  1.30920215e-02  6.29682079e-05 
 1.47910839e+04 -9.86907978e-01  6.44349259e-05  1.30920216e-02  6.44349259e-05 
 1.51356125e+04 -9.86907978e-01  6.59358081e-05  1.30920218e-02  6.59358081e-05 
 1.54881662e+04 -9.86907978e-01  6.74716504e-05  1.30920219e-02  6.74716504e-05 
 1.58489319e+04 -9.86907978e-01  6.90432670e-05  1.30920220e-02  6.90432670e-05 
 1.62181010e+04 -9.86907978e-01  7.06514913e-05  1.30920222e-02  7.06514913e-05 
 1.65958691e+04 -9.86907978e-01  7.22971759e-05  1.30920223e-02  7.22971759e-05 
 1.69824365e+04 -9.86907978e-01  7.39811935e-05  1.30920225e-02  7.39811935e-05 
 1.73780083e+04 -9.86907977e-01  7.57044369e-05  1.30920227e-02  7.57044369e-05 
 1.77827941e+04 -9.86907977e-01  7.74678197e-05  1.30920228e-02  7.74678197e-05 
 1.81970086e+04 -9.86907977e-01  7.92722770e-05  1.30920230e-02  7.92722770e-05 
 1.86208714e+04 -9.86907977e-01  8.11187656e-05  1.30920232e-02  8.11187656e-05 
 1.90546072e+04 -9.86907977e-01  8.30082643e-05  1.30920234e-02  8.30082643e-05 
 1.94984460e+04 -9.86907976e-01  8.49417752e-05  1.30920236e-02  8.49417752e-05 
 1.99526231e+04 -9.86907976e-01  8.69203233e-05  1.30920238e-02  8.69203233e-05 
 2.04173794e+04 -9.86907976e-01  8.89449577e-05  1.30920241e-02  8.89449577e-05 
 2.08929613e+04 -9.86907976e-01  9.10167519e-05  1.30920243e-02  9.10167519e-05 
 2.13796209e+04 -9.86907975e-01  9.31368044e-05  1.30920246e-02  9.31368044e-05 
 2.18776162e+04 -9.86907975e-01  9.53062393e-05  1.30920248e-02  9.53062393e-05 
 2.23872114e+04 -9.86907975e-01  9.75262068e-05  1.30920251e-02  9.75262068e-05 
 2.29086765e+04 -9.86907975e-01  9.97978839e-05  1.30920254e-02  9.97978839e-05 
 2.34422882e+04 -9.86907974e-01  1.02122475e-04  1.30920257e-02  1.02122475e-04 
 2.39883292e+04 -9.86907974e-01  1.04501213e-04  1.30920260e-02  1.04501213e-04 
 2.45470892e+04 -9.86907974e-01  1.06935359e-04  1.30920264e-02  1.06935359e-04 
 2.51188643e+04 -9.86907973e-01  1.09426204e-04  1.30920267e-02  1.09426204e-04 
 2.57039578e+04 -9.86907973e-01  1.11975067e-04  1.30920271e-02  1.11975067e-04 
 2.63026799e+04 -9.86907973e-01  1.14583302e-04  1.30920275e-02  1.14583302e-04 
 2.69153480e+04 -9.86907972e-01  1.17252290e-04  1.30920279e-02  1.17252290e-04 
 2.75422870e+04 -9.86907972e-01  1.19983446e-04  1.30920283e-02  1.19983446e-04 
 2.81838293e+04 -9.86907971e-01  1.22778220e-04  1.30920287e-02  1.22778220e-04 
 2.88403150e+04 -9.86907971e-01  1.25638092e-04  1.30920292e-02  1.25638092e-04 
 2.95120923e+04 -9.86907970e-01  1.28564579e-04  1.30920297e-02  1.28564579e-04 
 3.01995172e+04 -9.86907970e-01  1.31559233e-04  1.30920302e-02  1.31559233e-04 
 3.09029543e+04 -9.86907969e-01  1.34623641e-04  1.30920307e-02  1.34623641e-04 
 3.16227766e+04 -9.86907969e-01  1.37759428e-04  1.30920313e-02  1.37759428e-04 
 3.23593657e+04 -9.86907968e-01  1.40968258e-04  1.30920319e-02  1.40968258e-04 
 3.31131121e+04 -9.86907968e-01  1.44251830e-04  1.30920325e-02  1.44251830e-04 
 3.38844156e+04 -9.86907967e-01  1.47611887e-04  1.30920331e-02  1.47611887e-04 
 3.46736850e+04 -9.86907966e-01  1.51050209e-04  1.30920338e-02  1.51050209e-04 
 3.54813389e+04 -9.86907966e-01  1.54568621e-04  1.30920345e-02  1.54568621e-04 
 3.63078055e+04 -9.86907965e-01  1.58168986e-04  1.30920352e-02  1.58168986e-04 
 3.71535229e+04 -9.86907964e-01  1.61853215e-04  1.30920360e-02  1.61853215e-04 
 3.80189396e+04 -9.86907963e-01  1.65623261e-04  1.30920368e-02  1.65623261e-04 
 3.89045145e+04 -9.86907962e-01  1.69481122e-04  1.30920376e-02  1.69481122e-04 
 3.98107171e+04 -9.86907962e-01  1.73428845e-04  1.30920385e-02  1.73428845e-04 
 4.07380278e+04 -9.86907961e-01  1.77468521e-04  1.30920394e-02  1.77468521e-04 
 4.16869383e+04 -9.86907960e-01  1.81602294e-04  1.30920404e-02  1.81602294e-04 
 4.26579519e+04 -9.86907959e-01  1.85832355e-04  1.30920414e-02  1.85832355e-04 
 4.36515832e+04 -9.86907958e-01  1.90160947e-04  1.30920424e-02  1.90160947e-04 
 4.46683592e+04 -9.86907956e-01  1.94590364e-04  1.30920436e-02  1.94590364e-04 
 4.57088190e+04 -9.86907955e-01  1.99122956e-04  1.30920447e-02  1.99122956e-04 
 4.67735141e+04 -9.86907954e-01  2.03761125e-04  1.30920459e-02  2.03761125e-04 
 4.78630092e+04 -9.86907953e-01  2.08507331e-04  1.30920472e-02  2.08507331e-04 
 4.89778819e+04 -9.86907951e-01  2.13364091e-04  1.30920485e-02  2.13364091e-04 
 5.01187234e+04 -9.86907950e-01  2.18333979e-04  1.30920499e-02  2.18333979e-04 
 5.12861384e+04 -9.86907949e-01  2.23419631e-04  1.30920514e-02  2.23419631e-04 
 5.24807460e+04 -9.86907947e-01  2.28623742e-04  1.30920529e-02  2.28623742e-04 
 5.37031796e+04 -9.86907945e-01  2.33949073e-04  1.30920545e-02  2.33949073e-04 
 5.49540874e+04 -9.86907944e-01  2.39398447e-04  1.30920562e-02  2.39398447e-04 
 5.62341325e+04 -9.86907942e-01  2.44974753e-04  1.30920580e-02  2.44974753e-04 
 5.75439937e+04 -9.86907940e-01  2.50680948e-04  1.30920598e-02  2.50680948e-04 
 5.88843655e+04 -9.86907938e-01  2.56520057e-04  1.30920617e-02  2.56520057e-04 
 6.02559586e+04 -9.86907936e-01  2.62495177e-04  1.30920637e-02  2.62495177e-04 
 6.16595002e+04 -9.86907934e-01  2.68609475e-04  1.30920658e-02  2.68609475e-04 
 6.30957344e+04 -9.86907932e-01  2.74866193e-04  1.30920681e-02  2.74866193e-04 
 6.45654229e+04 -9.86907930e-01  2.81268649e-04  1.30920704e-02  2.81268649e-04 
 6.60693448e+04 -9.86907927e-01  2.87820237e-04  1.30920728e-02  2.87820237e-04 
 6.76082975e+04 -9.86907925e-01  2.94524431e-04  1.30920753e-02  2.94524431e-04 
 6.91830971e+04 -9.86907922e-01  3.01384786e-04  1.30920780e-02  3.01384786e-04 
 7.07945784e+04 -9.86907919e-01  3.08404940e-04  1.30920808e-02  3.08404940e-04 
 7.24435960e+04 -9.86907916e-01  3.15588613e-04  1.30920837e-02  3.15588613e-04 
 7.41310241e+04 -9.86907913e-01  3.22939616e-04  1.30920867e-02  3.22939616e-04 
 7.58577575e+04 -9.86907910e-01  3.30461846e-04  1.30920899e-02  3.30461846e-04 
 7.76247117e+04 -9.86907907e-01  3.38159291e-04  1.30920933e-02  3.38159291e-04 
 7.94328235e+04 -9.86907903e-01  3.46036032e-04  1.30920968e-02  3.46036032e-04 
 8.12830516e+04 -9.86907900e-01  3.54096246e-04  1.30921005e-02  3.54096246e-04 
 8.31763771e+04 -9.86907896e-01  3.62344207e-04  1.30921043e-02  3.62344207e-04 
 8.51138038e+04 -9.86907892e-01  3.70784287e-04  1.30921083e-02  3.70784287e-04 
 8.70963590e+04 -9.86907887e-01  3.79420962e-04  1.30921125e-02  3.79420962e-04 
 8.91250938e+04 -9.86907883e-01  3.88258811e-04  1.30921169e-02  3.88258811e-04 
 9.12010839e+04 -9.86907878e-01  3.97302520e-04  1.30921216e-02  3.97302520e-04 
 9.33254301e+04 -9.86907874e-01  4.06556884e-04  1.30921264e-02  4.06556884e-04 
 9.54992586e+04 -9.86907869e-01  4.16026810e-04  1.30921315e-02  4.16026810e-04 
 9.77237221e+04 -9.86907863e-01  4.25717318e-04  1.30921368e-02  4.25717318e-04 
 1.00000000e+05 -9.86907858e-01  4.35633548e-04  1.30921423e-02  4.35633548e-04 
 1.02329299e+05 -9.86907852e-01  4.45780756e-04  1.30921481e-02  4.45780756e-04 
 1.04712855e+05 -9.86907846e-01  4.56164323e-04  1.30921542e-02  4.56164323e-04 
 1.07151931e+05 -9.86907839e-01  4.66789754e-04  1.30921606e-02  4.66789754e-04 
 1.09647820e+05 -9.86907833e-01  4.77662683e-04  1.30921673e-02  4.77662683e-04 
 1.12201845e+05 -9.86907826e-01  4.88788875e-04  1.30921743e-02  4.88788875e-04 
 1.14815362e+05 -9.86907818e-01  5.00174230e-04  1.30921816e-02  5.00174230e-04 
 1.17489755e+05 -9.86907811e-01  5.11824783e-04  1.30921893e-02  5.11824783e-04 
 1.20226443e+05 -9.86907803e-01  5.23746712e-04  1.30921973e-02  5.23746712e-04 
 1.23026877e+05 -9.86907794e-01  5.35946339e-04  1.30922057e-02  5.35946339e-04 
 1.25892541e+05 -9.86907786e-01  5.48430132e-04  1.30922145e-02  5.48430132e-04 
 1.28824955e+05 -9.86907776e-01  5.61204709e-04  1.30922237e-02  5.61204709e-04 
 1.31825674e+05 -9.86907767e-01  5.74276844e-04  1.30922334e-02  5.74276844e-04 
 1.34896288e+05 -9.86907757e-01  5.87653468e-04  1.30922435e-02  5.87653468e-04 
 1.38038426e+05 -9.86907746e-01  6.01341674e-04  1.30922540e-02  6.01341674e-04 
 1.41253754e+05 -9.86907735e-01  6.15348719e-04  1.30922651e-02  6.15348719e-04 
 1.44543977e+05 -9.86907723e-01  6.29682030e-04  1.30922767e-02  6.29682030e-04 
 1.47910839e+05 -9.86907711e-01  6.44349206e-04  1.30922889e-02  6.44349206e-04 
 1.51356125e+05 -9.86907698e-01  6.59358024e-04  1.30923016e-02  6.59358024e-04 
 1.54881662e+05 -9.86907685e-01  6.74716443e-04  1.30923149e-02  6.74716443e-04 
 1.58489319e+05 -9.86907671e-01  6.90432605e-04  1.30923289e-02  6.90432605e-04 
 1.62181010e+05 -9.86907657e-01  7.06514843e-04  1.30923435e-02  7.06514843e-04 
 1.65958691e+05 -9.86907641e-01  7.22971684e-04  1.30923588e-02  7.22971684e-04 
 1.69824365e+05 -9.86907625e-01  7.39811855e-04  1.30923748e-02  7.39811855e-04 
 1.73780083e+05 -9.86907608e-01  7.57044283e-04  1.30923916e-02  7.57044283e-04 
 1.77827941e+05 -9.86907591e-01  7.74678105e-04  1.30924091e-02  7.74678105e-04 
 1.81970086e+05 -9.86907572e-01  7.92722672e-04  1.30924275e-02  7.92722672e-04 
 1.86208714e+05 -9.86907553e-01  8.11187550e-04  1.30924468e-02  8.11187550e-04 
 1.90546072e+05 -9.86907533e-01  8.30082530e-04  1.30924669e-02  8.30082530e-04 
 1.94984460e+05 -9.86907512e-01  8.49417631e-04  1.30924880e-02  8.49417631e-04 
 1.99526231e+05 -9.86907490e-01  8.69203103e-04  1.30925101e-02  8.69203103e-04 
 2.04173794e+05 -9.86907467e-01  8.89449438e-04  1.30925333e-02  8.89449438e-04 
 2.08929613e+05 -9.86907442e-01  9.10167370e-04  1.30925575e-02  9.10167370e-04 
 2.13796209e+05 -9.86907417e-01  9.31367884e-04  1.30925829e-02  9.31367884e-04 
 2.18776162e+05 -9.86907390e-01  9.53062221e-04  1.30926095e-02  9.53062221e-04 
 2.23872114e+05 -9.86907363e-01  9.75261884e-04  1.30926373e-02  9.75261884e-04 
 2.29086765e+05 -9.86907334e-01  9.97978642e-04  1.30926665e-02  9.97978642e-04 
 2.34422882e+05 -9.86907303e-01  1.02122454e-03  1.30926970e-02  1.02122454e-03 
 2.39883292e+05 -9.86907271e-01  1.04501191e-03  1.30927290e-02  1.04501191e-03 
 2.45470892e+05 -9.86907238e-01  1.06935335e-03  1.30927624e-02  1.06935335e-03 
 2.51188643e+05 -9.86907203e-01  1.09426178e-03  1.30927975e-02  1.09426178e-03 
 2.57039578e+05 -9.86907166e-01  1.11975040e-03  1.30928341e-02  1.11975040e-03 
 2.63026799e+05 -9.86907127e-01  1.14583272e-03  1.30928726e-02  1.14583272e-03 
 2.69153480e+05 -9.86907087e-01  1.17252258e-03  1.30929128e-02  1.17252258e-03 
 2.75422870e+05 -9.86907045e-01  1.19983412e-03  1.30929549e-02  1.19983412e-03 
 2.81838293e+05 -9.86907001e-01  1.22778183e-03  1.30929990e-02  1.22778183e-03 
 2.88403150e+05 -9.86906955e-01  1.25638053e-03  1.30930452e-02  1.25638053e-03 
 2.95120923e+05 -9.86906906e-01  1.28564537e-03  1.30930936e-02  1.28564537e-03 
 3.01995172e+05 -9.86906856e-01  1.31559188e-03  1.30931442e-02  1.31559188e-03 
 3.09029543e+05 -9.86906803e-01  1.34623593e-03  1.30931973e-02  1.34623593e-03 
 3.16227766e+05 -9.86906747e-01  1.37759377e-03  1.30932528e-02  1.37759377e-03 
 3.23593657e+05 -9.86906689e-01  1.40968202e-03  1.30933110e-02  1.40968202e-03 
 3.31131121e+05 -9.86906628e-01  1.44251771e-03  1.30933719e-02  1.44251771e-03 
 3.38844156e+05 -9.86906564e-01  1.47611823e-03  1.30934356e-02  1.47611823e-03 
 3.46736850e+05 -9.86906498e-01  1.51050141e-03  1.30935024e-02  1.51050141e-03 
 3.54813389e+05 -9.86906428e-01  1.54568548e-03  1.30935723e-02  1.54568548e-03 
 3.63078055e+05 -9.86906354e-01  1.58168908e-03  1.30936455e-02  1.58168908e-03 
 3.71535229e+05 -9.86906278e-01  1.61853131e-03  1.30937222e-02  1.61853131e-03 
 3.80189396e+05 -9.86906198e-01  1.65623171e-03  1.30938024e-02  1.65623171e-03 
 3.89045145e+05 -9.86906114e-01  1.69481026e-03  1.30938865e-02  1.69481026e-03 
 3.98107171e+05 -9.86906025e-01  1.73428741e-03  1.30939745e-02  1.73428741e-03 
 4.07380278e+05 -9.86905933e-01  1.77468411e-03  1.30940667e-02  1.77468411e-03 
 4.16869383e+05 -9.86905837e-01  1.81602176e-03  1.30941632e-02  1.81602176e-03 
 4.26579519e+05 -9.86905736e-01  1.85832228e-03  1.30942642e-02  1.85832228e-03 
 4.36515832e+05 -9.86905630e-01  1.90160810e-03  1.30943700e-02  1.90160810e-03 
 4.46683592e+05 -9.86905519e-01  1.94590218e-03  1.30944809e-02  1.94590218e-03 
 4.57088190e+05 -9.86905403e-01  1.99122799e-03  1.30945969e-02  1.99122799e-03 
 4.67735141e+05 -9.86905282e-01  2.03760958e-03  1.30947184e-02  2.03760958e-03 
 4.78630092e+05 -9.86905154e-01  2.08507152e-03  1.30948456e-02  2.08507152e-03 
 4.89778819e+05 -9.86905021e-01  2.13363899e-03  1.30949788e-02  2.13363899e-03 
 5.01187234e+05 -9.86904882e-01  2.18333773e-03  1.30951183e-02  2.18333773e-03 
 5.12861384e+05 -9.86904736e-01  2.23419410e-03  1.30952644e-02  2.23419410e-03 
 5.24807460e+05 -9.86904583e-01  2.28623505e-03  1.30954173e-02  2.28623505e-03 
 5.37031796e+05 -9.86904423e-01  2.33948819e-03  1.30955775e-02  2.33948819e-03 
 5.49540874e+05 -9.86904255e-01  2.39398175e-03  1.30957452e-02  2.39398175e-03 
 5.62341325e+05 -9.86904079e-01  2.44974462e-03  1.30959208e-02  2.44974462e-03 
 5.75439937e+05 -9.86903895e-01  2.50680636e-03  1.30961047e-02  2.50680636e-03 
 5.88843655e+05 -9.86903703e-01  2.56519723e-03  1.30962973e-02  2.56519723e-03 
 6.02559586e+05 -9.86903501e-01  2.62494818e-03  1.30964989e-02  2.62494818e-03 
 6.16595002e+05 -9.86903290e-01  2.68609091e-03  1.30967100e-02  2.68609091e-03 
 6.30957344e+05 -9.86903069e-01  2.74865781e-03  1.30969311e-02  2.74865781e-03 
 6.45654229e+05 -9.86902837e-01  2.81268208e-03  1.30971626e-02  2.81268208e-03 
 6.60693448e+05 -9.86902595e-01  2.87819765e-03  1.30974050e-02  2.87819765e-03 
 6.76082975e+05 -9.86902341e-01  2.94523925e-03  1.30976589e-02  2.94523925e-03 
 6.91830971e+05 -9.86902075e-01  3.01384244e-03  1.30979247e-02  3.01384244e-03 
 7.07945784e+05 -9.86901797e-01  3.08404359e-03  1.30982030e-02  3.08404359e-03 
 7.24435960e+05 -9.86901506e-01  3.15587991e-03  1.30984944e-02  3.15587991e-03 
 7.41310241e+05 -9.86901200e-01  3.22938949e-03  1.30987996e-02  3.22938949e-03 
 7.58577575e+05 -9.86900881e-01  3.30461131e-03  1.30991192e-02  3.30461131e-03 
 7.76247117e+05 -9.86900546e-01  3.38158525e-03  1.30994538e-02  3.38158525e-03 
 7.94328235e+05 -9.86900196e-01  3.46035211e-03  1.30998042e-02  3.46035211e-03 
 8.12830516e+05 -9.86899829e-01  3.54095367e-03  1.31001711e-02  3.54095367e-03 
 8.31763771e+05 -9.86899445e-01  3.62343264e-03  1.31005553e-02  3.62343264e-03 
 8.51138038e+05 -9.86899042e-01  3.70783277e-03  1.31009576e-02  3.70783277e-03 
 8.70963590e+05 -9.86898621e-01  3.79419880e-03  1.31013789e-02  3.79419880e-03 
 8.91250938e+05 -9.86898180e-01  3.88257652e-03  1.31018200e-02  3.88257652e-03 
 9.12010839e+05 -9.86897718e-01  3.97301278e-03  1.31022819e-02  3.97301278e-03 
 9.33254301e+05 -9.86897234e-01  4.06555553e-03  1.31027656e-02  4.06555553e-03 
 9.54992586e+05 -9.86896728e-01  4.16025383e-03  1.31032721e-02  4.16025383e-03 
 9.77237221e+05 -9.86896198e-01  4.25715790e-03  1.31038025e-02  4.25715790e-03 
 1.00000000e+06 -9.86895642e-01  4.35631910e-03  1.31043578e-02  4.35631910e-03 
 1.02329299e+06 -9.86895061e-01  4.45779001e-03  1.31049393e-02  4.45779001e-03 
 1.04712855e+06 -9.86894452e-01  4.56162442e-03  1.31055482e-02  4.56162442e-03 
 1.07151931e+06 -9.86893814e-01  4.66787739e-03  1.31061859e-02  4.66787739e-03 
 1.09647820e+06 -9.86893146e-01  4.77660524e-03  1.31068535e-02  4.77660524e-03 
 1.12201845e+06 -9.86892447e-01  4.88786562e-03  1.31075527e-02  4.88786562e-03 
 1.14815362e+06 -9.86891715e-01  5.00171751e-03  1.31082847e-02  5.00171751e-03 
 1.17489755e+06 -9.86890949e-01  5.11822127e-03  1.31090513e-02  5.11822127e-03 
 1.20226443e+06 -9.86890146e-01  5.23743866e-03  1.31098540e-02  5.23743866e-03 
 1.23026877e+06 -9.86889305e-01  5.35943289e-03  1.31106946e-02  5.35943289e-03 
 1.25892541e+06 -9.86888425e-01  5.48426864e-03  1.31115748e-02  5.48426864e-03 
 1.28824955e+06 -9.86887504e-01  5.61201207e-03  1.31124964e-02  5.61201207e-03 
 1.31825674e+06 -9.86886539e-01  5.74273092e-03  1.31134615e-02  5.74273092e-03 
 1.34896288e+06 -9.86885528e-01  5.87649448e-03  1.31144720e-02  5.87649448e-03 
 1.38038426e+06 -9.86884470e-01  6.01337366e-03  1.31155302e-02  6.01337366e-03 
 1.41253754e+06 -9.86883362e-01  6.15344103e-03  1.31166383e-02  6.15344103e-03 
 1.44543977e+06 -9.86882201e-01  6.29677084e-03  1.31177986e-02  6.29677084e-03 
 1.47910839e+06 -9.86880986e-01  6.44343906e-03  1.31190136e-02  6.44343906e-03 
 1.51356125e+06 -9.86879714e-01  6.59352345e-03  1.31202858e-02  6.59352345e-03 
 1.54881662e+06 -9.86878382e-01  6.74710358e-03  1.31216180e-02  6.74710358e-03 
 1.58489319e+06 -9.86876987e-01  6.90426085e-03  1.31230129e-02  6.90426085e-03 
 1.62181010e+06 -9.86875526e-01  7.06507856e-03  1.31244737e-02  7.06507856e-03 
 1.65958691e+06 -9.86873997e-01  7.22964198e-03  1.31260032e-02  7.22964198e-03 
 1.69824365e+06 -9.86872395e-01  7.39803833e-03  1.31276049e-02  7.39803833e-03 
 1.73780083e+06 -9.86870718e-01  7.57035687e-03  1.31292820e-02  7.57035687e-03 
 1.77827941e+06 -9.86868962e-01  7.74668895e-03  1.31310382e-02  7.74668895e-03 
 1.81970086e+06 -9.86867123e-01  7.92712803e-03  1.31328771e-02  7.92712803e-03 
 1.86208714e+06 -9.86865197e-01  8.11176975e-03  1.31348027e-02  8.11176975e-03 
 1.90546072e+06 -9.86863181e-01  8.30071199e-03  1.31368191e-02  8.30071199e-03 
 1.94984460e+06 -9.86861070e-01  8.49405489e-03  1.31389305e-02  8.49405489e-03 
 1.99526231e+06 -9.86858859e-01  8.69190093e-03  1.31411414e-02  8.69190093e-03 
 2.04173794e+06 -9.86856543e-01  8.89435497e-03  1.31434565e-02  8.89435497e-03 
 2.08929613e+06 -9.86854119e-01  9.10152432e-03  1.31458807e-02  9.10152432e-03 
 2.13796209e+06 -9.86851581e-01  9.31351878e-03  1.31484192e-02  9.31351878e-03 
 2.18776162e+06 -9.86848923e-01  9.53045070e-03  1.31510773e-02  9.53045070e-03 
 2.23872114e+06 -9.86846139e-01  9.75243506e-03  1.31538607e-02  9.75243506e-03 
 2.29086765e+06 -9.86843225e-01  9.97958950e-03  1.31567753e-02  9.97958950e-03 
 2.34422882e+06 -9.86840173e-01  1.02120344e-02  1.31598272e-02  1.02120344e-02 
 2.39883292e+06 -9.86836977e-01  1.04498930e-02  1.31630230e-02  1.04498930e-02 
 2.45470892e+06 -9.86833631e-01  1.06932912e-02  1.31663694e-02  1.06932912e-02 
 2.51188643e+06 -9.86830127e-01  1.09423582e-02  1.31698735e-02  1.09423582e-02 
 2.57039578e+06 -9.86826457e-01  1.11972258e-02  1.31735428e-02  1.11972258e-02 
 2.63026799e+06 -9.86822615e-01  1.14580291e-02  1.31773850e-02  1.14580291e-02 
 2.69153480e+06 -9.86818592e-01  1.17249064e-02  1.31814083e-02  1.17249064e-02 
 2.75422870e+06 -9.86814379e-01  1.19979990e-02  1.31856212e-02  1.19979990e-02 
 2.81838293e+06 -9.86809967e-01  1.22774516e-02  1.31900326e-02  1.22774516e-02 
 2.88403150e+06 -9.86805348e-01  1.25634123e-02  1.31946520e-02  1.25634123e-02 
 2.95120923e+06 -9.86800511e-01  1.28560326e-02  1.31994891e-02  1.28560326e-02 
 3.01995172e+06 -9.86795446e-01  1.31554676e-02  1.32045542e-02  1.31554676e-02 
 3.09029543e+06 -9.86790142e-01  1.34618758e-02  1.32098580e-02  1.34618758e-02 
 3.16227766e+06 -9.86784588e-01  1.37754196e-02  1.32154118e-02  1.37754196e-02 
 3.23593657e+06 -9.86778773e-01  1.40962651e-02  1.32212274e-02  1.40962651e-02 
 3.31131121e+06 -9.86772683e-01  1.44245823e-02  1.32273171e-02  1.44245823e-02 
 3.38844156e+06 -9.86766306e-01  1.47605450e-02  1.32336938e-02  1.47605450e-02 
 3.46736850e+06 -9.86759629e-01  1.51043312e-02  1.32403710e-02  1.51043312e-02 
 3.54813389e+06 -9.86752637e-01  1.54561230e-02  1.32473629e-02  1.54561230e-02 
 3.63078055e+06 -9.86745316e-01  1.58161067e-02  1.32546845e-02  1.58161067e-02 
 3.71535229e+06 -9.86737649e-01  1.61844729e-02  1.32623511e-02  1.61844729e-02 
 3.80189396e+06 -9.86729621e-01  1.65614168e-02  1.32703790e-02  1.65614168e-02 
 3.89045145e+06 -9.86721215e-01  1.69471379e-02  1.32787853e-02  1.69471379e-02 
 3.98107171e+06 -9.86712412e-01  1.73418404e-02  1.32875879e-02  1.73418404e-02 
 4.07380278e+06 -9.86703195e-01  1.77457334e-02  1.32968054e-02  1.77457334e-02 
 4.16869383e+06 -9.86693543e-01  1.81590306e-02  1.33064573e-02  1.81590306e-02 
 4.26579519e+06 -9.86683436e-01  1.85819509e-02  1.33165642e-02  1.85819509e-02 
 4.36515832e+06 -9.86672853e-01  1.90147182e-02  1.33271474e-02  1.90147182e-02 
 4.46683592e+06 -9.86661770e-01  1.94575614e-02  1.33382296e-02  1.94575614e-02 
 4.57088190e+06 -9.86650166e-01  1.99107151e-02  1.33498340e-02  1.99107151e-02 
 4.67735141e+06 -9.86638014e-01  2.03744190e-02  1.33619855e-02  2.03744190e-02 
 4.78630092e+06 -9.86625290e-01  2.08489184e-02  1.33747098e-02  2.08489184e-02 
 4.89778819e+06 -9.86611966e-01  2.13344645e-02  1.33880338e-02  2.13344645e-02 
 5.01187234e+06 -9.86598014e-01  2.18313142e-02  1.34019859e-02  2.18313142e-02 
 5.12861384e+06 -9.86583404e-01  2.23397303e-02  1.34165956e-02  2.23397303e-02 
 5.24807460e+06 -9.86568106e-01  2.28599817e-02  1.34318941e-02  2.28599817e-02 
 5.37031796e+06 -9.86552086e-01  2.33923436e-02  1.34479137e-02  2.33923436e-02 
 5.49540874e+06 -9.86535312e-01  2.39370975e-02  1.34646884e-02  2.39370975e-02 
 5.62341325e+06 -9.86517746e-01  2.44945315e-02  1.34822539e-02  2.44945315e-02 
 5.75439937e+06 -9.86499353e-01  2.50649404e-02  1.35006475e-02  2.50649404e-02 
 5.88843655e+06 -9.86480092e-01  2.56486255e-02  1.35199081e-02  2.56486255e-02 
 6.02559586e+06 -9.86459923e-01  2.62458956e-02  1.35400767e-02  2.62458956e-02 
 6.16595002e+06 -9.86438804e-01  2.68570662e-02  1.35611961e-02  2.68570662e-02 
 6.30957344e+06 -9.86416689e-01  2.74824602e-02  1.35833111e-02  2.74824602e-02 
 6.45654229e+06 -9.86393531e-01  2.81224081e-02  1.36064687e-02  2.81224081e-02 
 6.60693448e+06 -9.86369282e-01  2.87772480e-02  1.36307180e-02  2.87772480e-02 
 6.76082975e+06 -9.86343889e-01  2.94473256e-02  1.36561105e-02  2.94473256e-02 
 6.91830971e+06 -9.86317300e-01  3.01329948e-02  1.36827002e-02  3.01329948e-02 
 7.07945784e+06 -9.86289457e-01  3.08346176e-02  1.37105435e-02  3.08346176e-02 
 7.24435960e+06 -9.86260301e-01  3.15525643e-02  1.37396995e-02  3.15525643e-02 
 7.41310241e+06 -9.86229770e-01  3.22872138e-02  1.37702302e-02  3.22872138e-02 
 7.58577575e+06 -9.86197800e-01  3.30389537e-02  1.38022003e-02  3.30389537e-02 
 7.76247117e+06 -9.86164322e-01  3.38081805e-02  1.38356778e-02  3.38081805e-02 
 7.94328235e+06 -9.86129266e-01  3.45952999e-02  1.38707338e-02  3.45952999e-02 
 8.12830516e+06 -9.86092557e-01  3.54007268e-02  1.39074428e-02  3.54007268e-02 
 8.31763771e+06 -9.86054117e-01  3.62248857e-02  1.39458827e-02  3.62248857e-02 
 8.51138038e+06 -9.86013865e-01  3.70682110e-02  1.39861352e-02  3.70682110e-02 
 8.70963590e+06 -9.85971714e-01  3.79311468e-02  1.40282858e-02  3.79311468e-02 
 8.91250938e+06 -9.85927576e-01  3.88141476e-02  1.40724241e-02  3.88141476e-02 
 9.12010839e+06 -9.85881356e-01  3.97176781e-02  1.41186438e-02  3.97176781e-02 
 9.33254301e+06 -9.85832957e-01  4.06422139e-02  1.41670432e-02  4.06422139e-02 
 9.54992586e+06 -9.85782275e-01  4.15882412e-02  1.42177252e-02  4.15882412e-02 
 9.77237221e+06 -9.85729203e-01  4.25562577e-02  1.42707974e-02  4.25562577e-02 
 1.00000000e+07 -9.85673627e-01  4.35467721e-02  1.43263727e-02  4.35467721e-02 
 1.02329299e+07 -9.85615431e-01  4.45603048e-02  1.43845692e-02  4.45603048e-02 
 1.04712855e+07 -9.85554489e-01  4.55973881e-02  1.44455106e-02  4.55973881e-02 
 1.07151931e+07 -9.85490673e-01  4.66585666e-02  1.45093266e-02  4.66585666e-02 
 1.09647820e+07 -9.85423847e-01  4.77443969e-02  1.45761528e-02  4.77443969e-02 
 1.12201845e+07 -9.85353869e-01  4.88554485e-02  1.46461314e-02  4.88554485e-02 
 1.14815362e+07 -9.85280589e-01  4.99923038e-02  1.47194111e-02  4.99923038e-02 
 1.17489755e+07 -9.85203852e-01  5.11555584e-02  1.47961480e-02  5.11555584e-02 
 1.20226443e+07 -9.85123495e-01  5.23458214e-02  1.48765052e-02  5.23458214e-02 
 1.23026877e+07 -9.85039346e-01  5.35637154e-02  1.49606538e-02  5.35637154e-02 
 1.25892541e+07 -9.84951227e-01  5.48098774e-02  1.50487728e-02  5.48098774e-02 
 1.28824955e+07 -9.84858950e-01  5.60849586e-02  1.51410498e-02  5.60849586e-02 
 1.31825674e+07 -9.84762319e-01  5.73896249e-02  1.52376813e-02  5.73896249e-02 
 1.34896288e+07 -9.84661127e-01  5.87245569e-02  1.53388729e-02  5.87245569e-02 
 1.38038426e+07 -9.84555160e-01  6.00904508e-02  1.54448403e-02  6.00904508e-02 
 1.41253754e+07 -9.84444191e-01  6.14880181e-02  1.55558090e-02  6.14880181e-02 
 1.44543977e+07 -9.84327984e-01  6.29179864e-02  1.56720156e-02  6.29179864e-02 
 1.47910839e+07 -9.84206292e-01  6.43810992e-02  1.57937076e-02  6.43810992e-02 
 1.51356125e+07 -9.84078856e-01  6.58781169e-02  1.59211444e-02  6.58781169e-02 
 1.54881662e+07 -9.83945402e-01  6.74098164e-02  1.60545976e-02  6.74098164e-02 
 1.58489319e+07 -9.83805648e-01  6.89769919e-02  1.61943519e-02  6.89769919e-02 
 1.62181010e+07 -9.83659295e-01  7.05804551e-02  1.63407051e-02  7.05804551e-02 
 1.65958691e+07 -9.83506030e-01  7.22210357e-02  1.64939697e-02  7.22210357e-02 
 1.69824365e+07 -9.83345527e-01  7.38995812e-02  1.66544725e-02  7.38995812e-02 
 1.73780083e+07 -9.83177444e-01  7.56169580e-02  1.68225562e-02  7.56169580e-02 
 1.77827941e+07 -9.83001420e-01  7.73740511e-02  1.69985796e-02  7.73740511e-02 
 1.81970086e+07 -9.82817081e-01  7.91717647e-02  1.71829186e-02  7.91717647e-02 
 1.86208714e+07 -9.82624033e-01  8.10110226e-02  1.73759670e-02  8.10110226e-02 
 1.90546072e+07 -9.82421863e-01  8.28927686e-02  1.75781373e-02  8.28927686e-02 
 1.94984460e+07 -9.82210138e-01  8.48179665e-02  1.77898617e-02  8.48179665e-02 
 1.99526231e+07 -9.81988407e-01  8.67876006e-02  1.80115929e-02  8.67876006e-02 
 2.04173794e+07 -9.81756195e-01  8.88026764e-02  1.82438052e-02  8.88026764e-02 
 2.08929613e+07 -9.81513004e-01  9.08642202e-02  1.84869956e-02  9.08642202e-02 
 2.13796209e+07 -9.81258315e-01  9.29732801e-02  1.87416845e-02  9.29732801e-02 
 2.18776162e+07 -9.80991582e-01  9.51309261e-02  1.90084175e-02  9.51309261e-02 
 2.23872114e+07 -9.80712234e-01  9.73382501e-02  1.92877661e-02  9.73382501e-02 
 2.29086765e+07 -9.80419671e-01  9.95963668e-02  1.95803288e-02  9.95963668e-02 
 2.34422882e+07 -9.80113267e-01  1.01906413e-01  1.98867332e-02  1.01906413e-01 
 2.39883292e+07 -9.79792363e-01  1.04269551e-01  2.02076365e-02  1.04269551e-01 
 2.45470892e+07 -9.79456272e-01  1.06686962e-01  2.05437276e-02  1.06686962e-01 
 2.51188643e+07 -9.79104272e-01  1.09159855e-01  2.08957282e-02  1.09159855e-01 
 2.57039578e+07 -9.78735606e-01  1.11689460e-01  2.12643945e-02  1.11689460e-01 
 2.63026799e+07 -9.78349481e-01  1.14277033e-01  2.16505191e-02  1.14277033e-01 
 2.69153480e+07 -9.77945067e-01  1.16923854e-01  2.20549326e-02  1.16923854e-01 
 2.75422870e+07 -9.77521495e-01  1.19631226e-01  2.24785054e-02  1.19631226e-01 
 2.81838293e+07 -9.77077851e-01  1.22400478e-01  2.29221495e-02  1.22400478e-01 
 2.88403150e+07 -9.76613179e-01  1.25232964e-01  2.33868210e-02  1.25232964e-01 
 2.95120923e+07 -9.76126478e-01  1.28130061e-01  2.38735218e-02  1.28130061e-01 
 3.01995172e+07 -9.75616698e-01  1.31093172e-01  2.43833019e-02  1.31093172e-01 
 3.09029543e+07 -9.75082738e-01  1.34123725e-01  2.49172622e-02  1.34123725e-01 
 3.16227766e+07 -9.74523444e-01  1.37223173e-01  2.54765562e-02  1.37223173e-01 
 3.23593657e+07 -9.73937607e-01  1.40392993e-01  2.60623933e-02  1.40392993e-01 
 3.31131121e+07 -9.73323959e-01  1.43634687e-01  2.66760410e-02  1.43634687e-01 
 3.38844156e+07 -9.72681172e-01  1.46949781e-01  2.73188282e-02  1.46949781e-01 
 3.46736850e+07 -9.72007852e-01  1.50339825e-01  2.79921479e-02  1.50339825e-01 
 3.54813389e+07 -9.71302540e-01  1.53806393e-01  2.86974605e-02  1.53806393e-01 
 3.63078055e+07 -9.70563703e-01  1.57351083e-01  2.94362968e-02  1.57351083e-01 
 3.71535229e+07 -9.69789738e-01  1.60975514e-01  3.02102620e-02  1.60975514e-01 
 3.80189396e+07 -9.68978961e-01  1.64681328e-01  3.10210390e-02  1.64681328e-01 
 3.89045145e+07 -9.68129608e-01  1.68470188e-01  3.18703921e-02  1.68470188e-01 
 3.98107171e+07 -9.67239829e-01  1.72343777e-01  3.27601713e-02  1.72343777e-01 
 4.07380278e+07 -9.66307683e-01  1.76303798e-01  3.36923165e-02  1.76303798e-01 
 4.16869383e+07 -9.65331138e-01  1.80351971e-01  3.46688616e-02  1.80351971e-01 
 4.26579519e+07 -9.64308061e-01  1.84490034e-01  3.56919394e-02  1.84490034e-01 
 4.36515832e+07 -9.63236214e-01  1.88719738e-01  3.67637863e-02  1.88719738e-01 
 4.46683592e+07 -9.62113252e-01  1.93042849e-01  3.78867476e-02  1.93042849e-01 
 4.57088190e+07 -9.60936717e-01  1.97461144e-01  3.90632826e-02  1.97461144e-01 
 4.67735141e+07 -9.59704030e-01  2.01976409e-01  4.02959702e-02  2.01976409e-01 
 4.78630092e+07 -9.58412485e-01  2.06590435e-01  4.15875148e-02  2.06590435e-01 
 4.89778819e+07 -9.57059248e-01  2.11305018e-01  4.29407525e-02  2.11305018e-01 
 5.01187234e+07 -9.55641343e-01  2.16121954e-01  4.43586573e-02  2.16121954e-01 
 5.12861384e+07 -9.54155652e-01  2.21043036e-01  4.58443480e-02  2.21043036e-01 
 5.24807460e+07 -9.52598905e-01  2.26070049e-01  4.74010948e-02  2.26070049e-01 
 5.37031796e+07 -9.50967673e-01  2.31204766e-01  4.90323270e-02  2.31204766e-01 
 5.49540874e+07 -9.49258359e-01  2.36448946e-01  5.07416405e-02  2.36448946e-01 
 5.62341325e+07 -9.47467195e-01  2.41804322e-01  5.25328054e-02  2.41804322e-01 
 5.75439937e+07 -9.45590226e-01  2.47272603e-01  5.44097745e-02  2.47272603e-01 
 5.88843655e+07 -9.43623308e-01  2.52855461e-01  5.63766918e-02  2.52855461e-01 
 6.02559586e+07 -9.41562099e-01  2.58554526e-01  5.84379013e-02  2.58554526e-01 
 6.16595002e+07 -9.39402044e-01  2.64371377e-01  6.05979562e-02  2.64371377e-01 
 6.30957344e+07 -9.37138372e-01  2.70307537e-01  6.28616284e-02  2.70307537e-01 
 6.45654229e+07 -9.34766082e-01  2.76364457e-01  6.52339182e-02  2.76364457e-01 
 6.60693448e+07 -9.32279936e-01  2.82543508e-01  6.77200642e-02  2.82543508e-01 
 6.76082975e+07 -9.29674446e-01  2.88845971e-01  7.03255542e-02  2.88845971e-01 
 6.91830971e+07 -9.26943865e-01  2.95273019e-01  7.30561347e-02  2.95273019e-01 
 7.07945784e+07 -9.24082177e-01  3.01825708e-01  7.59178228e-02  3.01825708e-01 
 7.24435960e+07 -9.21083084e-01  3.08504957e-01  7.89169160e-02  3.08504957e-01 
 7.41310241e+07 -9.17939996e-01  3.15311534e-01  8.20600037e-02  3.15311534e-01 
 7.58577575e+07 -9.14646022e-01  3.22246031e-01  8.53539781e-02  3.22246031e-01 
 7.76247117e+07 -9.11193955e-01  3.29308852e-01  8.88060449e-02  3.29308852e-01 
 7.94328235e+07 -9.07576266e-01  3.36500183e-01  9.24237341e-02  3.36500183e-01 
 8.12830516e+07 -9.03785090e-01  3.43819969e-01  9.62149104e-02  3.43819969e-01 
 8.31763771e+07 -8.99812217e-01  3.51267890e-01  1.00187783e-01  3.51267890e-01 
 8.51138038e+07 -8.95649085e-01  3.58843327e-01  1.04350915e-01  3.58843327e-01 
 8.70963590e+07 -8.91286768e-01  3.66545332e-01  1.08713232e-01  3.66545332e-01 
 8.91250938e+07 -8.86715969e-01  3.74372595e-01  1.13284031e-01  3.74372595e-01 
 9.12010839e+07 -8.81927016e-01  3.82323404e-01  1.18072984e-01  3.82323404e-01 
 9.33254301e+07 -8.76909857e-01  3.90395602e-01  1.23090143e-01  3.90395602e-01 
 9.54992586e+07 -8.71654053e-01  3.98586550e-01  1.28345947e-01  3.98586550e-01 
 9.77237221e+07 -8.66148783e-01  4.06893073e-01  1.33851217e-01  4.06893073e-01 
 1.00000000e+08 -8.60382844e-01  4.15311410e-01  1.39617156e-01  4.15311410e-01 
 1.02329299e+08 -8.54344653e-01  4.23837164e-01  1.45655347e-01  4.23837164e-01 
 1.04712855e+08 -8.48022264e-01  4.32465237e-01  1.51977736e-01  4.32465237e-01 
 1.07151931e+08 -8.41403374e-01  4.41189772e-01  1.58596626e-01  4.41189772e-01 
 1.09647820e+08 -8.34475346e-01  4.50004088e-01  1.65524654e-01  4.50004088e-01 
 1.12201845e+08 -8.27225232e-01  4.58900604e-01  1.72774768e-01  4.58900604e-01 
 1.14815362e+08 -8.19639804e-01  4.67870774e-01  1.80360196e-01  4.67870774e-01 
 1.17489755e+08 -8.11705593e-01  4.76905003e-01  1.88294407e-01  4.76905003e-01 
 1.20226443e+08 -8.03408938e-01  4.85992573e-01  1.96591062e-01  4.85992573e-01 
 1.23026877e+08 -7.94736039e-01  4.95121554e-01  2.05263961e-01  4.95121554e-01 
 1.25892541e+08 -7.85673027e-01  5.04278728e-01  2.14326973e-01  5.04278728e-01 
 1.28824955e+08 -7.76206044e-01  5.13449495e-01  2.23793956e-01  5.13449495e-01 
 1.31825674e+08 -7.66321331e-01  5.22617794e-01  2.33678669e-01  5.22617794e-01 
 1.34896288e+08 -7.56005339e-01  5.31766014e-01  2.43994661e-01  5.31766014e-01 
 1.38038426e+08 -7.45244848e-01  5.40874916e-01  2.54755152e-01  5.40874916e-01 
 1.41253754e+08 -7.34027104e-01  5.49923553e-01  2.65972896e-01  5.49923553e-01 
 1.44543977e+08 -7.22339976e-01  5.58889198e-01  2.77660024e-01  5.58889198e-01 
 1.47910839e+08 -7.10172128e-01  5.67747285e-01  2.89827872e-01  5.67747285e-01 
 1.51356125e+08 -6.97513212e-01  5.76471357e-01  3.02486788e-01  5.76471357e-01 
 1.54881662e+08 -6.84354077e-01  5.85033033e-01  3.15645923e-01  5.85033033e-01 
 1.58489319e+08 -6.70687000e-01  5.93401986e-01  3.29313000e-01  5.93401986e-01 
 1.62181010e+08 -6.56505934e-01  6.01545953e-01  3.43494066e-01  6.01545953e-01 
 1.65958691e+08 -6.41806775e-01  6.09430765e-01  3.58193225e-01  6.09430765e-01 
 1.69824365e+08 -6.26587640e-01  6.17020409e-01  3.73412360e-01  6.17020409e-01 
 1.73780083e+08 -6.10849159e-01  6.24277125e-01  3.89150841e-01  6.24277125e-01 
 1.77827941e+08 -5.94594782e-01  6.31161542e-01  4.05405218e-01  6.31161542e-01 
 1.81970086e+08 -5.77831080e-01  6.37632859e-01  4.22168920e-01  6.37632859e-01 
 1.86208714e+08 -5.60568054e-01  6.43649071e-01  4.39431946e-01  6.43649071e-01 
 1.90546072e+08 -5.42819429e-01  6.49167252e-01  4.57180571e-01  6.49167252e-01 
 1.94984460e+08 -5.24602939e-01  6.54143882e-01  4.75397061e-01  6.54143882e-01 
 1.99526231e+08 -5.05940579e-01  6.58535236e-01  4.94059421e-01  6.58535236e-01 
 2.04173794e+08 -4.86858831e-01  6.62297828e-01  5.13141169e-01  6.62297828e-01 
 2.08929613e+08 -4.67388838e-01  6.65388901e-01  5.32611162e-01  6.65388901e-01 
 2.13796209e+08 -4.47566525e-01  6.67766977e-01  5.52433475e-01  6.67766977e-01 
 2.18776162e+08 -4.27432651e-01  6.69392440e-01  5.72567349e-01  6.69392440e-01 
 2.23872114e+08 -4.07032789e-01  6.70228161e-01  5.92967211e-01  6.70228161e-01 
 2.29086765e+08 -3.86417207e-01  6.70240145e-01  6.13582793e-01  6.70240145e-01 
 2.34422882e+08 -3.65640664e-01  6.69398187e-01  6.34359336e-01  6.69398187e-01 
 2.39883292e+08 -3.44762100e-01  6.67676531e-01  6.55237900e-01  6.67676531e-01 
 2.45470892e+08 -3.23844216e-01  6.65054494e-01  6.76155784e-01  6.65054494e-01 
 2.51188643e+08 -3.02952958e-01  6.61517063e-01  6.97047042e-01  6.61517063e-01 
 2.57039578e+08 -2.82156889e-01  6.57055420e-01  7.17843111e-01  6.57055420e-01 
 2.63026799e+08 -2.61526473e-01  6.51667398e-01  7.38473527e-01  6.51667398e-01 
 2.69153480e+08 -2.41133272e-01  6.45357828e-01  7.58866728e-01  6.45357828e-01 
 2.75422870e+08 -2.21049079e-01  6.38138777e-01  7.78950921e-01  6.38138777e-01 
 2.81838293e+08 -2.01345001e-01  6.30029655e-01  7.98654999e-01  6.30029655e-01 
 2.88403150e+08 -1.82090522e-01  6.21057185e-01  8.17909478e-01  6.21057185e-01 
 2.95120923e+08 -1.63352554e-01  6.11255220e-01  8.36647446e-01  6.11255220e-01 
 3.01995172e+08 -1.45194527e-01  6.00664432e-01  8.54805473e-01  6.00664432e-01 
 3.09029543e+08 -1.27675523e-01  5.89331841e-01  8.72324477e-01  5.89331841e-01 
 3.16227766e+08 -1.10849486e-01  5.77310229e-01  8.89150514e-01  5.77310229e-01 
 3.23593657e+08 -9.47645338e-02  5.64657432e-01  9.05235466e-01  5.64657432e-01 
 3.31131121e+08 -7.94623851e-02  5.51435540e-01  9.20537615e-01  5.51435540e-01 
 3.38844156e+08 -6.49779177e-02  5.37710021e-01  9.35022082e-01  5.37710021e-01 
 3.46736850e+08 -5.13388701e-02  5.23548801e-01  9.48661130e-01  5.23548801e-01 
 3.54813389e+08 -3.85656873e-02  5.09021320e-01  9.61434313e-01  5.09021320e-01 
 3.63078055e+08 -2.66715112e-02  4.94197592e-01  9.73328489e-01  4.94197592e-01 
 3.71535229e+08 -1.56623098e-02  4.79147298e-01  9.84337690e-01  4.79147298e-01 
 3.80189396e+08 -5.53713360e-03  4.63938924e-01  9.94462866e-01  4.63938924e-01 
 3.89045145e+08  3.71151466e-03  4.48638972e-01  1.00371151e+00  4.48638972e-01 
 3.98107171e+08  1.20972136e-02  4.33311260e-01  1.01209721e+00  4.33311260e-01 
 4.07380278e+08  1.96390799e-02  4.18016313e-01  1.01963908e+00  4.18016313e-01 
 4.16869383e+08  2.63611673e-02  4.02810861e-01  1.02636117e+00  4.02810861e-01 
 4.26579519e+08  3.22918282e-02  3.87747446e-01  1.03229183e+00  3.87747446e-01 
 4.36515832e+08  3.74630559e-02  3.72874127e-01  1.03746306e+00  3.72874127e-01 
 4.46683592e+08  4.19098262e-02  3.58234296e-01  1.04190983e+00  3.58234296e-01 
 4.57088190e+08  4.56694520e-02  3.43866585e-01  1.04566945e+00  3.43866585e-01 
 4.67735141e+08  4.87809657e-02  3.29804860e-01  1.04878097e+00  3.29804860e-01 
 4.78630092e+08  5.12845384e-02  3.16078294e-01  1.05128454e+00  3.16078294e-01 
 4.89778819e+08  5.32209454e-02  3.02711502e-01  1.05322095e+00  3.02711502e-01 
 5.01187234e+08  5.46310820e-02  2.89724730e-01  1.05463108e+00  2.89724730e-01 
 5.12861384e+08  5.55555344e-02  2.77134096e-01  1.05555553e+00  2.77134096e-01 
 5.24807460e+08  5.60342065e-02  2.64951853e-01  1.05603421e+00  2.64951853e-01 
 5.37031796e+08  5.61060016e-02  2.53186676e-01  1.05610600e+00  2.53186676e-01 
 5.49540874e+08  5.58085593e-02  2.41843975e-01  1.05580856e+00  2.41843975e-01 
 5.62341325e+08  5.51780418e-02  2.30926196e-01  1.05517804e+00  2.30926196e-01 
 5.75439937e+08  5.42489695e-02  2.20433136e-01  1.05424897e+00  2.20433136e-01 
 5.88843655e+08  5.30540985e-02  2.10362242e-01  1.05305410e+00  2.10362242e-01 
 6.02559586e+08  5.16243380e-02  2.00708910e-01  1.05162434e+00  2.00708910e-01 
 6.16595002e+08  4.99887017e-02  1.91466758e-01  1.04998870e+00  1.91466758e-01 
 6.30957344e+08  4.81742891e-02  1.82627892e-01  1.04817429e+00  1.82627892e-01 
 6.45654229e+08  4.62062923e-02  1.74183149e-01  1.04620629e+00  1.74183149e-01 
 6.60693448e+08  4.41080239e-02  1.66122323e-01  1.04410802e+00  1.66122323e-01 
 6.76082975e+08  4.19009627e-02  1.58434367e-01  1.04190096e+00  1.58434367e-01 
 6.91830971e+08  3.96048129e-02  1.51107583e-01  1.03960481e+00  1.51107583e-01 
 7.07945784e+08  3.72375745e-02  1.44129787e-01  1.03723757e+00  1.44129787e-01 
 7.24435960e+08  3.48156217e-02  1.37488454e-01  1.03481562e+00  1.37488454e-01 
 7.41310241e+08  3.23537867e-02  1.31170853e-01  1.03235379e+00  1.31170853e-01 
 7.58577575e+08  2.98654470e-02  1.25164157e-01  1.02986545e+00  1.25164157e-01 
 7.76247117e+08  2.73626147e-02  1.19455543e-01  1.02736261e+00  1.19455543e-01 
 7.94328235e+08  2.48560263e-02  1.14032275e-01  1.02485603e+00  1.14032275e-01 
 8.12830516e+08  2.23552310e-02  1.08881779e-01  1.02235523e+00  1.08881779e-01 
 8.31763771e+08  1.98686778e-02  1.03991698e-01  1.01986868e+00  1.03991698e-01 
 8.51138038e+08  1.74037994e-02  9.93499433e-02  1.01740380e+00  9.93499433e-02 
 8.70963590e+08  1.49670937e-02  9.49447350e-02  1.01496709e+00  9.49447350e-02 
 8.91250938e+08  1.25642008e-02  9.07646325e-02  1.01256420e+00  9.07646325e-02 
 9.12010839e+08  1.01999770e-02  8.67985591e-02  1.01019998e+00  8.67985591e-02 
 9.33254301e+08  7.87856364e-03  8.30358198e-02  1.00787856e+00  8.30358198e-02 
 9.54992586e+08  5.60345323e-03  7.94661137e-02  1.00560345e+00  7.94661137e-02 
 9.77237221e+08  3.37754999e-03  7.60795410e-02  1.00337755e+00  7.60795410e-02 
 1.00000000e+09  1.20322708e-03  7.28666075e-02  1.00120323e+00  7.28666075e-02 
 1.02329299e+09 -9.17620482e-04  6.98182232e-02  9.99082380e-01  6.98182232e-02 
 1.04712855e+09 -2.98352676e-03  6.69257004e-02  9.97016473e-01  6.69257004e-02 
 1.07151931e+09 -4.99340966e-03  6.41807478e-02  9.95006590e-01  6.41807478e-02 
 1.09647820e+09 -6.94652931e-03  6.15754631e-02  9.93053471e-01  6.15754631e-02 
 1.12201845e+09 -8.84244974e-03  5.91023241e-02  9.91157550e-01  5.91023241e-02 
 1.14815362e+09 -1.06810040e-02  5.67541784e-02  9.89318996e-01  5.67541784e-02 
 1.17489755e+09 -1.24622619e-02  5.45242323e-02  9.87537738e-01  5.45242323e-02 
 1.20226443e+09 -1.41865013e-02  5.24060380e-02  9.85813499e-01  5.24060380e-02 
 1.23026877e+09 -1.58541814e-02  5.03934823e-02  9.84145819e-01  5.03934823e-02 
 1.25892541e+09 -1.74659184e-02  4.84807723e-02  9.82534082e-01  4.84807723e-02 
 1.28824955e+09 -1.90224643e-02  4.66624235e-02  9.80977536e-01  4.66624235e-02 
 1.31825674e+09 -2.05246870e-02  4.49332459e-02  9.79475313e-01  4.49332459e-02 
 1.34896288e+09 -2.19735525e-02  4.32883312e-02  9.78026448e-01  4.32883312e-02 
 1.38038426e+09 -2.33701091e-02  4.17230397e-02  9.76629891e-01  4.17230397e-02 
 1.41253754e+09 -2.47154731e-02  4.02329877e-02  9.75284527e-01  4.02329877e-02 
 1.44543977e+09 -2.60108162e-02  3.88140349e-02  9.73989184e-01  3.88140349e-02 
 1.47910839e+09 -2.72573537e-02  3.74622725e-02  9.72742646e-01  3.74622725e-02 
 1.51356125e+09 -2.84563347e-02  3.61740111e-02  9.71543665e-01  3.61740111e-02 
 1.54881662e+09 -2.96090331e-02  3.49457695e-02  9.70390967e-01  3.49457695e-02 
 1.58489319e+09 -3.07167395e-02  3.37742637e-02  9.69283261e-01  3.37742637e-02 
 1.62181010e+09 -3.17807539e-02  3.26563963e-02  9.68219246e-01  3.26563963e-02 
 1.65958691e+09 -3.28023803e-02  3.15892467e-02  9.67197620e-01  3.15892467e-02 
 1.69824365e+09 -3.37829205e-02  3.05700607e-02  9.66217079e-01  3.05700607e-02 
 1.73780083e+09 -3.47236699e-02  2.95962423e-02  9.65276330e-01  2.95962423e-02 
 1.77827941e+09 -3.56259131e-02  2.86653437e-02  9.64374087e-01  2.86653437e-02 
 1.81970086e+09 -3.64909206e-02  2.77750580e-02  9.63509079e-01  2.77750580e-02 
 1.86208714e+09 -3.73199459e-02  2.69232105e-02  9.62680054e-01  2.69232105e-02 
 1.90546072e+09 -3.81142226e-02  2.61077515e-02  9.61885777e-01  2.61077515e-02 
 1.94984460e+09 -3.88749627e-02  2.53267490e-02  9.61125037e-01  2.53267490e-02 
 1.99526231e+09 -3.96033542e-02  2.45783820e-02  9.60396646e-01  2.45783820e-02 
 2.04173794e+09 -4.03005605e-02  2.38609339e-02  9.59699440e-01  2.38609339e-02 
 2.08929613e+09 -4.09677185e-02  2.31727868e-02  9.59032282e-01  2.31727868e-02 
 2.13796209e+09 -4.16059380e-02  2.25124153e-02  9.58394062e-01  2.25124153e-02 
 2.18776162e+09 -4.22163010e-02  2.18783816e-02  9.57783699e-01  2.18783816e-02 
 2.23872114e+09 -4.27998613e-02  2.12693298e-02  9.57200139e-01  2.12693298e-02 
 2.29086765e+09 -4.33576439e-02  2.06839819e-02  9.56642356e-01  2.06839819e-02 
 2.34422882e+09 -4.38906452e-02  2.01211325e-02  9.56109355e-01  2.01211325e-02 
 2.39883292e+09 -4.43998325e-02  1.95796452e-02  9.55600167e-01  1.95796452e-02 
 2.45470892e+09 -4.48861448e-02  1.90584481e-02  9.55113855e-01  1.90584481e-02 
 2.51188643e+09 -4.53504921e-02  1.85565304e-02  9.54649508e-01  1.85565304e-02 
 2.57039578e+09 -4.57937563e-02  1.80729387e-02  9.54206244e-01  1.80729387e-02 
 2.63026799e+09 -4.62167913e-02  1.76067737e-02  9.53783209e-01  1.76067737e-02 
 2.69153480e+09 -4.66204234e-02  1.71571871e-02  9.53379577e-01  1.71571871e-02 
 2.75422870e+09 -4.70054516e-02  1.67233787e-02  9.52994548e-01  1.67233787e-02 
 2.81838293e+09 -4.73726484e-02  1.63045937e-02  9.52627352e-01  1.63045937e-02 
 2.88403150e+09 -4.77227601e-02  1.59001198e-02  9.52277240e-01  1.59001198e-02 
 2.95120923e+09 -4.80565071e-02  1.55092852e-02  9.51943493e-01  1.55092852e-02 
 3.01995172e+09 -4.83745850e-02  1.51314562e-02  9.51625415e-01  1.51314562e-02 
 3.09029543e+09 -4.86776646e-02  1.47660347e-02  9.51322335e-01  1.47660347e-02 
 3.16227766e+09 -4.89663928e-02  1.44124565e-02  9.51033607e-01  1.44124565e-02 
 3.23593657e+09 -4.92413931e-02  1.40701894e-02  9.50758607e-01  1.40701894e-02 
 3.31131121e+09 -4.95032662e-02  1.37387314e-02  9.50496734e-01  1.37387314e-02 
 3.38844156e+09 -4.97525906e-02  1.34176087e-02  9.50247409e-01  1.34176087e-02 
 3.46736850e+09 -4.99899228e-02  1.31063745e-02  9.50010077e-01  1.31063745e-02 
 3.54813389e+09 -5.02157987e-02  1.28046072e-02  9.49784201e-01  1.28046072e-02 
 3.63078055e+09 -5.04307333e-02  1.25119092e-02  9.49569267e-01  1.25119092e-02 
 3.71535229e+09 -5.06352218e-02  1.22279055e-02  9.49364778e-01  1.22279055e-02 
 3.80189396e+09 -5.08297399e-02  1.19522420e-02  9.49170260e-01  1.19522420e-02 
 3.89045145e+09 -5.10147445e-02  1.16845851e-02  9.48985256e-01  1.16845851e-02 
 3.98107171e+09 -5.11906741e-02  1.14246197e-02  9.48809326e-01  1.14246197e-02 
 4.07380278e+09 -5.13579496e-02  1.11720489e-02  9.48642050e-01  1.11720489e-02 
 4.16869383e+09 -5.15169746e-02  1.09265924e-02  9.48483025e-01  1.09265924e-02 
 4.26579519e+09 -5.16681358e-02  1.06879856e-02  9.48331864e-01  1.06879856e-02 
 4.36515832e+09 -5.18118039e-02  1.04559790e-02  9.48188196e-01  1.04559790e-02 
 4.46683592e+09 -5.19483338e-02  1.02303370e-02  9.48051666e-01  1.02303370e-02 
 4.57088190e+09 -5.20780651e-02  1.00108373e-02  9.47921935e-01  1.00108373e-02 
 4.67735141e+09 -5.22013230e-02  9.79726978e-03  9.47798677e-01  9.79726978e-03 
 4.78630092e+09 -5.23184181e-02  9.58943626e-03  9.47681582e-01  9.58943626e-03 
 4.89778819e+09 -5.24296473e-02  9.38714929e-03  9.47570353e-01  9.38714929e-03 
 5.01187234e+09 -5.25352946e-02  9.19023179e-03  9.47464705e-01  9.19023179e-03 
 5.12861384e+09 -5.26356306e-02  8.99851628e-03  9.47364369e-01  8.99851628e-03 
 5.24807460e+09 -5.27309139e-02  8.81184434e-03  9.47269086e-01  8.81184434e-03 
 5.37031796e+09 -5.28213911e-02  8.63006604e-03  9.47178609e-01  8.63006604e-03 
 5.49540874e+09 -5.29072973e-02  8.45303938e-03  9.47092703e-01  8.45303938e-03 
 5.62341325e+09 -5.29888563e-02  8.28062980e-03  9.47011144e-01  8.28062980e-03 
 5.75439937e+09 -5.30662817e-02  8.11270971e-03  9.46933718e-01  8.11270971e-03 
 5.88843655e+09 -5.31397764e-02  7.94915805e-03  9.46860224e-01  7.94915805e-03 
 6.02559586e+09 -5.32095338e-02  7.78985983e-03  9.46790466e-01  7.78985983e-03 
 6.16595002e+09 -5.32757376e-02  7.63470582e-03  9.46724262e-01  7.63470582e-03 
 6.30957344e+09 -5.33385627e-02  7.48359208e-03  9.46661437e-01  7.48359208e-03 
 6.45654229e+09 -5.33981750e-02  7.33641969e-03  9.46601825e-01  7.33641969e-03 
 6.60693448e+09 -5.34547323e-02  7.19309441e-03  9.46545268e-01  7.19309441e-03 
 6.76082975e+09 -5.35083843e-02  7.05352635e-03  9.46491616e-01  7.05352635e-03 
 6.91830971e+09 -5.35592731e-02  6.91762973e-03  9.46440727e-01  6.91762973e-03 
 7.07945784e+09 -5.36075335e-02  6.78532258e-03  9.46392466e-01  6.78532258e-03 
 7.24435960e+09 -5.36532933e-02  6.65652654e-03  9.46346707e-01  6.65652654e-03 
 7.41310241e+09 -5.36966737e-02  6.53116659e-03  9.46303326e-01  6.53116659e-03 
 7.58577575e+09 -5.37377893e-02  6.40917089e-03  9.46262211e-01  6.40917089e-03 
 7.76247117e+09 -5.37767488e-02  6.29047051e-03  9.46223251e-01  6.29047051e-03 
 7.94328235e+09 -5.38136550e-02  6.17499936e-03  9.46186345e-01  6.17499936e-03 
 8.12830516e+09 -5.38486052e-02  6.06269392e-03  9.46151395e-01  6.06269392e-03 
 8.31763771e+09 -5.38816915e-02  5.95349313e-03  9.46118309e-01  5.95349313e-03 
 8.51138038e+09 -5.39130007e-02  5.84733828e-03  9.46086999e-01  5.84733828e-03 
 8.70963590e+09 -5.39426149e-02  5.74417281e-03  9.46057385e-01  5.74417281e-03 
 8.91250938e+09 -5.39706118e-02  5.64394227e-03  9.46029388e-01  5.64394227e-03 
 9.12010839e+09 -5.39970644e-02  5.54659412e-03  9.46002936e-01  5.54659412e-03 
 9.33254301e+09 -5.40220418e-02  5.45207771e-03  9.45977958e-01  5.45207771e-03 
 9.54992586e+09 -5.40456090e-02  5.36034413e-03  9.45954391e-01  5.36034413e-03 
 9.77237221e+09 -5.40678273e-02  5.27134618e-03  9.45932173e-01  5.27134618e-03 
 1.00000000e+10 -5.40887541e-02  5.18503821e-03  9.45911246e-01  5.18503821e-03 
 1.02329299e+10 -5.41084438e-02  5.10137612e-03  9.45891556e-01  5.10137612e-03 
 1.04712855e+10 -5.41269472e-02  5.02031727e-03  9.45873053e-01  5.02031727e-03 
 1.07151931e+10 -5.41443120e-02  4.94182039e-03  9.45855688e-01  4.94182039e-03 
 1.09647820e+10 -5.41605830e-02  4.86584555e-03  9.45839417e-01  4.86584555e-03 
 1.12201845e+10 -5.41758021e-02  4.79235413e-03  9.45824198e-01  4.79235413e-03 
 1.14815362e+10 -5.41900085e-02  4.72130870e-03  9.45809992e-01  4.72130870e-03 
 1.17489755e+10 -5.42032386e-02  4.65267304e-03  9.45796761e-01  4.65267304e-03 
 1.20226443e+10 -5.42155265e-02  4.58641207e-03  9.45784473e-01  4.58641207e-03 
 1.23026877e+10 -5.42269039e-02  4.52249181e-03  9.45773096e-01  4.52249181e-03 
 1.25892541e+10 -5.42374000e-02  4.46087933e-03  9.45762600e-01  4.46087933e-03 
 1.28824955e+10 -5.42470420e-02  4.40154274e-03  9.45752958e-01  4.40154274e-03 
 1.31825674e+10 -5.42558549e-02  4.34445115e-03  9.45744145e-01  4.34445115e-03 
 1.34896288e+10 -5.42638617e-02  4.28957461e-03  9.45736138e-01  4.28957461e-03 
 1.38038426e+10 -5.42710833e-02  4.23688411e-03  9.45728917e-01  4.23688411e-03 
 1.41253754e+10 -5.42775388e-02  4.18635154e-03  9.45722461e-01  4.18635154e-03 
 1.44543977e+10 -5.42832454e-02  4.13794965e-03  9.45716755e-01  4.13794965e-03 
 1.47910839e+10 -5.42882188e-02  4.09165204e-03  9.45711781e-01  4.09165204e-03 
 1.51356125e+10 -5.42924725e-02  4.04743311e-03  9.45707527e-01  4.04743311e-03 
 1.54881662e+10 -5.42960188e-02  4.00526805e-03  9.45703981e-01  4.00526805e-03 
 1.58489319e+10 -5.42988680e-02  3.96513280e-03  9.45701132e-01  3.96513280e-03 
 1.62181010e+10 -5.43010292e-02  3.92700401e-03  9.45698971e-01  3.92700401e-03 
 1.65958691e+10 -5.43025095e-02  3.89085907e-03  9.45697490e-01  3.89085907e-03 
 1.69824365e+10 -5.43033150e-02  3.85667599e-03  9.45696685e-01  3.85667599e-03 
 1.73780083e+10 -5.43034500e-02  3.82443346e-03  9.45696550e-01  3.82443346e-03 
 1.77827941e+10 -5.43029174e-02  3.79411074e-03  9.45697083e-01  3.79411074e-03 
 1.81970086e+10 -5.43017188e-02  3.76568770e-03  9.45698281e-01  3.76568770e-03 
 1.86208714e+10 -5.42998543e-02  3.73914474e-03  9.45700146e-01  3.73914474e-03 
 1.90546072e+10 -5.42973227e-02  3.71446277e-03  9.45702677e-01  3.71446277e-03 
 1.94984460e+10 -5.42941213e-02  3.69162320e-03  9.45705879e-01  3.69162320e-03 
 1.99526231e+10 -5.42902462e-02  3.67060786e-03  9.45709754e-01  3.67060786e-03 
 2.04173794e+10 -5.42856923e-02  3.65139900e-03  9.45714308e-01  3.65139900e-03 
 2.08929613e+10 -5.42804529e-02  3.63397925e-03  9.45719547e-01  3.63397925e-03 
 2.13796209e+10 -5.42745201e-02  3.61833154e-03  9.45725480e-01  3.61833154e-03 
 2.18776162e+10 -5.42678848e-02  3.60443910e-03  9.45732115e-01  3.60443910e-03 
 2.23872114e+10 -5.42605365e-02  3.59228543e-03  9.45739464e-01  3.59228543e-03 
 2.29086765e+10 -5.42524635e-02  3.58185420e-03  9.45747537e-01  3.58185420e-03 
 2.34422882e+10 -5.42436528e-02  3.57312922e-03  9.45756347e-01  3.57312922e-03 
 2.39883292e+10 -5.42340900e-02  3.56609443e-03  9.45765910e-01  3.56609443e-03 
 2.45470892e+10 -5.42237596e-02  3.56073381e-03  9.45776240e-01  3.56073381e-03 
 2.51188643e+10 -5.42126448e-02  3.55703131e-03  9.45787355e-01  3.55703131e-03 
 2.57039578e+10 -5.42007274e-02  3.55497085e-03  9.45799273e-01  3.55497085e-03 
 2.63026799e+10 -5.41879881e-02  3.55453620e-03  9.45812012e-01  3.55453620e-03 
 2.69153480e+10 -5.41744063e-02  3.55571094e-03  9.45825594e-01  3.55571094e-03 
 2.75422870e+10 -5.41599600e-02  3.55847842e-03  9.45840040e-01  3.55847842e-03 
 2.81838293e+10 -5.41446261e-02  3.56282163e-03  9.45855374e-01  3.56282163e-03 
 2.88403150e+10 -5.41283801e-02  3.56872319e-03  9.45871620e-01  3.56872319e-03 
 2.95120923e+10 -5.41111965e-02  3.57616525e-03  9.45888803e-01  3.57616525e-03 
 3.01995172e+10 -5.40930484e-02  3.58512938e-03  9.45906952e-01  3.58512938e-03 
 3.09029543e+10 -5.40739075e-02  3.59559655e-03  9.45926092e-01  3.59559655e-03 
 3.16227766e+10 -5.40537446e-02  3.60754698e-03  9.45946255e-01  3.60754698e-03 
 3.23593657e+10 -5.40325292e-02  3.62096010e-03  9.45967471e-01  3.62096010e-03 
 3.31131121e+10 -5.40102296e-02  3.63581444e-03  9.45989770e-01  3.63581444e-03 
 3.38844156e+10 -5.39868128e-02  3.65208753e-03  9.46013187e-01  3.65208753e-03 
 3.46736850e+10 -5.39622449e-02  3.66975579e-03  9.46037755e-01  3.66975579e-03 
 3.54813389e+10 -5.39364907e-02  3.68879445e-03  9.46063509e-01  3.68879445e-03 
 3.63078055e+10 -5.39095142e-02  3.70917744e-03  9.46090486e-01  3.70917744e-03 
 3.71535229e+10 -5.38812781e-02  3.73087728e-03  9.46118722e-01  3.73087728e-03 
 3.80189396e+10 -5.38517442e-02  3.75386493e-03  9.46148256e-01  3.75386493e-03 
 3.89045145e+10 -5.38208735e-02  3.77810976e-03  9.46179126e-01  3.77810976e-03 
 3.98107171e+10 -5.37886261e-02  3.80357934e-03  9.46211374e-01  3.80357934e-03 
 4.07380278e+10 -5.37549612e-02  3.83023939e-03  9.46245039e-01  3.83023939e-03 
 4.16869383e+10 -5.37198374e-02  3.85805363e-03  9.46280163e-01  3.85805363e-03 
 4.26579519e+10 -5.36832127e-02  3.88698364e-03  9.46316787e-01  3.88698364e-03 
 4.36515832e+10 -5.36450445e-02  3.91698878e-03  9.46354956e-01  3.91698878e-03 
 4.46683592e+10 -5.36052897e-02  3.94802606e-03  9.46394710e-01  3.94802606e-03 
 4.57088190e+10 -5.35639051e-02  3.98004997e-03  9.46436095e-01  3.98004997e-03 
 4.67735141e+10 -5.35208474e-02  4.01301242e-03  9.46479153e-01  4.01301242e-03 
 4.78630092e+10 -5.34760728e-02  4.04686260e-03  9.46523927e-01  4.04686260e-03 
 4.89778819e+10 -5.34295382e-02  4.08154686e-03  9.46570462e-01  4.08154686e-03 
 5.01187234e+10 -5.33812005e-02  4.11700858e-03  9.46618800e-01  4.11700858e-03 
 5.12861384e+10 -5.33310170e-02  4.15318812e-03  9.46668983e-01  4.15318812e-03 
 5.24807460e+10 -5.32789458e-02  4.19002266e-03  9.46721054e-01  4.19002266e-03 
 5.37031796e+10 -5.32249460e-02  4.22744615e-03  9.46775054e-01  4.22744615e-03 
 5.49540874e+10 -5.31689774e-02  4.26538922e-03  9.46831023e-01  4.26538922e-03 
 5.62341325e+10 -5.31110015e-02  4.30377909e-03  9.46888998e-01  4.30377909e-03 
 5.75439937e+10 -5.30509813e-02  4.34253954e-03  9.46949019e-01  4.34253954e-03 
 5.88843655e+10 -5.29888815e-02  4.38159083e-03  9.47011119e-01  4.38159083e-03 
 6.02559586e+10 -5.29246690e-02  4.42084969e-03  9.47075331e-01  4.42084969e-03 
 6.16595002e+10 -5.28583131e-02  4.46022934e-03  9.47141687e-01  4.46022934e-03 
 6.30957344e+10 -5.27897858e-02  4.49963943e-03  9.47210214e-01  4.49963943e-03 
 6.45654229e+10 -5.27190620e-02  4.53898611e-03  9.47280938e-01  4.53898611e-03 
 6.60693448e+10 -5.26461203e-02  4.57817208e-03  9.47353880e-01  4.57817208e-03 
 6.76082975e+10 -5.25709425e-02  4.61709667e-03  9.47429058e-01  4.61709667e-03 
 6.91830971e+10 -5.24935146e-02  4.65565592e-03  9.47506485e-01  4.65565592e-03 
 7.07945784e+10 -5.24138271e-02  4.69374271e-03  9.47586173e-01  4.69374271e-03 
 7.24435960e+10 -5.23318749e-02  4.73124696e-03  9.47668125e-01  4.73124696e-03 
 7.41310241e+10 -5.22476580e-02  4.76805579e-03  9.47752342e-01  4.76805579e-03 
 7.58577575e+10 -5.21611820e-02  4.80405374e-03  9.47838818e-01  4.80405374e-03 
 7.76247117e+10 -5.20724579e-02  4.83912305e-03  9.47927542e-01  4.83912305e-03 
 7.94328235e+10 -5.19815029e-02  4.87314395e-03  9.48018497e-01  4.87314395e-03 
 8.12830516e+10 -5.18883405e-02  4.90599497e-03  9.48111660e-01  4.90599497e-03 
 8.31763771e+10 -5.17930008e-02  4.93755333e-03  9.48206999e-01  4.93755333e-03 
 8.51138038e+10 -5.16955210e-02  4.96769533e-03  9.48304479e-01  4.96769533e-03 
 8.70963590e+10 -5.15959453e-02  4.99629678e-03  9.48404055e-01  4.99629678e-03 
 8.91250938e+10 -5.14943254e-02  5.02323349e-03  9.48505675e-01  5.02323349e-03 
 9.12010839e+10 -5.13907206e-02  5.04838176e-03  9.48609279e-01  5.04838176e-03 
 9.33254301e+10 -5.12851979e-02  5.07161889e-03  9.48714802e-01  5.07161889e-03 
 9.54992586e+10 -5.11778325e-02  5.09282381e-03  9.48822168e-01  5.09282381e-03 
 9.77237221e+10 -5.10687071e-02  5.11187759e-03  9.48931293e-01  5.11187759e-03 
 1.00000000e+11 -5.09579128e-02  5.12866413e-03  9.49042087e-01  5.12866413e-03 
