 frequency       v(vout)         v(vout)         v(vinn)         v(vinn)        
 1.00000000e+03 -9.90562992e-01  4.51700701e-06  9.43700819e-03  4.51700701e-06 
 1.02329299e+03 -9.90562992e-01  4.62222162e-06  9.43700819e-03  4.62222162e-06 
 1.04712855e+03 -9.90562992e-01  4.72988699e-06  9.43700819e-03  4.72988699e-06 
 1.07151931e+03 -9.90562992e-01  4.84006021e-06  9.43700819e-03  4.84006021e-06 
 1.09647820e+03 -9.90562992e-01  4.95279970e-06  9.43700819e-03  4.95279970e-06 
 1.12201845e+03 -9.90562992e-01  5.06816522e-06  9.43700819e-03  5.06816522e-06 
 1.14815362e+03 -9.90562992e-01  5.18621796e-06  9.43700819e-03  5.18621796e-06 
 1.17489755e+03 -9.90562992e-01  5.30702049e-06  9.43700819e-03  5.30702049e-06 
 1.20226443e+03 -9.90562992e-01  5.43063688e-06  9.43700819e-03  5.43063688e-06 
 1.23026877e+03 -9.90562992e-01  5.55713266e-06  9.43700819e-03  5.55713266e-06 
 1.25892541e+03 -9.90562992e-01  5.68657491e-06  9.43700819e-03  5.68657491e-06 
 1.28824955e+03 -9.90562992e-01  5.81903225e-06  9.43700819e-03  5.81903225e-06 
 1.31825674e+03 -9.90562992e-01  5.95457493e-06  9.43700819e-03  5.95457493e-06 
 1.34896288e+03 -9.90562992e-01  6.09327480e-06  9.43700819e-03  6.09327480e-06 
 1.38038426e+03 -9.90562992e-01  6.23520540e-06  9.43700820e-03  6.23520540e-06 
 1.41253754e+03 -9.90562992e-01  6.38044199e-06  9.43700820e-03  6.38044199e-06 
 1.44543977e+03 -9.90562992e-01  6.52906158e-06  9.43700820e-03  6.52906158e-06 
 1.47910839e+03 -9.90562992e-01  6.68114296e-06  9.43700820e-03  6.68114296e-06 
 1.51356125e+03 -9.90562992e-01  6.83676677e-06  9.43700820e-03  6.83676677e-06 
 1.54881662e+03 -9.90562992e-01  6.99601552e-06  9.43700820e-03  6.99601552e-06 
 1.58489319e+03 -9.90562992e-01  7.15897366e-06  9.43700820e-03  7.15897366e-06 
 1.62181010e+03 -9.90562992e-01  7.32572758e-06  9.43700820e-03  7.32572758e-06 
 1.65958691e+03 -9.90562992e-01  7.49636569e-06  9.43700820e-03  7.49636569e-06 
 1.69824365e+03 -9.90562992e-01  7.67097848e-06  9.43700820e-03  7.67097848e-06 
 1.73780083e+03 -9.90562992e-01  7.84965852e-06  9.43700820e-03  7.84965852e-06 
 1.77827941e+03 -9.90562992e-01  8.03250056e-06  9.43700820e-03  8.03250056e-06 
 1.81970086e+03 -9.90562992e-01  8.21960153e-06  9.43700820e-03  8.21960153e-06 
 1.86208714e+03 -9.90562992e-01  8.41106065e-06  9.43700820e-03  8.41106065e-06 
 1.90546072e+03 -9.90562992e-01  8.60697942e-06  9.43700820e-03  8.60697942e-06 
 1.94984460e+03 -9.90562992e-01  8.80746172e-06  9.43700820e-03  8.80746172e-06 
 1.99526231e+03 -9.90562992e-01  9.01261386e-06  9.43700820e-03  9.01261386e-06 
 2.04173794e+03 -9.90562992e-01  9.22254461e-06  9.43700820e-03  9.22254461e-06 
 2.08929613e+03 -9.90562992e-01  9.43736527e-06  9.43700820e-03  9.43736527e-06 
 2.13796209e+03 -9.90562992e-01  9.65718974e-06  9.43700821e-03  9.65718974e-06 
 2.18776162e+03 -9.90562992e-01  9.88213459e-06  9.43700821e-03  9.88213459e-06 
 2.23872114e+03 -9.90562992e-01  1.01123191e-05  9.43700821e-03  1.01123191e-05 
 2.29086765e+03 -9.90562992e-01  1.03478652e-05  9.43700821e-03  1.03478652e-05 
 2.34422882e+03 -9.90562992e-01  1.05888980e-05  9.43700821e-03  1.05888980e-05 
 2.39883292e+03 -9.90562992e-01  1.08355451e-05  9.43700821e-03  1.08355451e-05 
 2.45470892e+03 -9.90562992e-01  1.10879374e-05  9.43700821e-03  1.10879374e-05 
 2.51188643e+03 -9.90562992e-01  1.13462086e-05  9.43700821e-03  1.13462086e-05 
 2.57039578e+03 -9.90562992e-01  1.16104958e-05  9.43700821e-03  1.16104958e-05 
 2.63026799e+03 -9.90562992e-01  1.18809390e-05  9.43700821e-03  1.18809390e-05 
 2.69153480e+03 -9.90562992e-01  1.21576816e-05  9.43700822e-03  1.21576816e-05 
 2.75422870e+03 -9.90562992e-01  1.24408704e-05  9.43700822e-03  1.24408704e-05 
 2.81838293e+03 -9.90562992e-01  1.27306555e-05  9.43700822e-03  1.27306555e-05 
 2.88403150e+03 -9.90562992e-01  1.30271905e-05  9.43700822e-03  1.30271905e-05 
 2.95120923e+03 -9.90562992e-01  1.33306328e-05  9.43700822e-03  1.33306328e-05 
 3.01995172e+03 -9.90562992e-01  1.36411431e-05  9.43700822e-03  1.36411431e-05 
 3.09029543e+03 -9.90562992e-01  1.39588861e-05  9.43700822e-03  1.39588861e-05 
 3.16227766e+03 -9.90562992e-01  1.42840304e-05  9.43700823e-03  1.42840304e-05 
 3.23593657e+03 -9.90562992e-01  1.46167482e-05  9.43700823e-03  1.46167482e-05 
 3.31131121e+03 -9.90562992e-01  1.49572160e-05  9.43700823e-03  1.49572160e-05 
 3.38844156e+03 -9.90562992e-01  1.53056143e-05  9.43700823e-03  1.53056143e-05 
 3.46736850e+03 -9.90562992e-01  1.56621278e-05  9.43700823e-03  1.56621278e-05 
 3.54813389e+03 -9.90562992e-01  1.60269457e-05  9.43700824e-03  1.60269457e-05 
 3.63078055e+03 -9.90562992e-01  1.64002612e-05  9.43700824e-03  1.64002612e-05 
 3.71535229e+03 -9.90562992e-01  1.67822723e-05  9.43700824e-03  1.67822723e-05 
 3.80189396e+03 -9.90562992e-01  1.71731817e-05  9.43700824e-03  1.71731817e-05 
 3.89045145e+03 -9.90562992e-01  1.75731965e-05  9.43700825e-03  1.75731965e-05 
 3.98107171e+03 -9.90562992e-01  1.79825288e-05  9.43700825e-03  1.79825288e-05 
 4.07380278e+03 -9.90562992e-01  1.84013957e-05  9.43700825e-03  1.84013957e-05 
 4.16869383e+03 -9.90562992e-01  1.88300193e-05  9.43700825e-03  1.88300193e-05 
 4.26579519e+03 -9.90562992e-01  1.92686268e-05  9.43700826e-03  1.92686268e-05 
 4.36515832e+03 -9.90562992e-01  1.97174507e-05  9.43700826e-03  1.97174507e-05 
 4.46683592e+03 -9.90562992e-01  2.01767292e-05  9.43700826e-03  2.01767292e-05 
 4.57088190e+03 -9.90562992e-01  2.06467056e-05  9.43700827e-03  2.06467056e-05 
 4.67735141e+03 -9.90562992e-01  2.11276291e-05  9.43700827e-03  2.11276291e-05 
 4.78630092e+03 -9.90562992e-01  2.16197548e-05  9.43700828e-03  2.16197548e-05 
 4.89778819e+03 -9.90562992e-01  2.21233436e-05  9.43700828e-03  2.21233436e-05 
 5.01187234e+03 -9.90562992e-01  2.26386625e-05  9.43700828e-03  2.26386625e-05 
 5.12861384e+03 -9.90562992e-01  2.31659847e-05  9.43700829e-03  2.31659847e-05 
 5.24807460e+03 -9.90562992e-01  2.37055898e-05  9.43700829e-03  2.37055898e-05 
 5.37031796e+03 -9.90562992e-01  2.42577639e-05  9.43700830e-03  2.42577639e-05 
 5.49540874e+03 -9.90562992e-01  2.48227998e-05  9.43700830e-03  2.48227998e-05 
 5.62341325e+03 -9.90562992e-01  2.54009971e-05  9.43700831e-03  2.54009971e-05 
 5.75439937e+03 -9.90562992e-01  2.59926623e-05  9.43700832e-03  2.59926623e-05 
 5.88843655e+03 -9.90562992e-01  2.65981092e-05  9.43700832e-03  2.65981092e-05 
 6.02559586e+03 -9.90562992e-01  2.72176587e-05  9.43700833e-03  2.72176587e-05 
 6.16595002e+03 -9.90562992e-01  2.78516395e-05  9.43700833e-03  2.78516395e-05 
 6.30957344e+03 -9.90562992e-01  2.85003875e-05  9.43700834e-03  2.85003875e-05 
 6.45654229e+03 -9.90562992e-01  2.91642468e-05  9.43700835e-03  2.91642468e-05 
 6.60693448e+03 -9.90562992e-01  2.98435694e-05  9.43700836e-03  2.98435694e-05 
 6.76082975e+03 -9.90562992e-01  3.05387154e-05  9.43700836e-03  3.05387154e-05 
 6.91830971e+03 -9.90562992e-01  3.12500535e-05  9.43700837e-03  3.12500535e-05 
 7.07945784e+03 -9.90562992e-01  3.19779607e-05  9.43700838e-03  3.19779607e-05 
 7.24435960e+03 -9.90562992e-01  3.27228231e-05  9.43700839e-03  3.27228231e-05 
 7.41310241e+03 -9.90562992e-01  3.34850356e-05  9.43700840e-03  3.34850356e-05 
 7.58577575e+03 -9.90562992e-01  3.42650023e-05  9.43700841e-03  3.42650023e-05 
 7.76247117e+03 -9.90562992e-01  3.50631367e-05  9.43700842e-03  3.50631367e-05 
 7.94328235e+03 -9.90562992e-01  3.58798621e-05  9.43700843e-03  3.58798621e-05 
 8.12830516e+03 -9.90562992e-01  3.67156114e-05  9.43700844e-03  3.67156114e-05 
 8.31763771e+03 -9.90562992e-01  3.75708279e-05  9.43700845e-03  3.75708279e-05 
 8.51138038e+03 -9.90562992e-01  3.84459649e-05  9.43700847e-03  3.84459649e-05 
 8.70963590e+03 -9.90562992e-01  3.93414864e-05  9.43700848e-03  3.93414864e-05 
 8.91250938e+03 -9.90562992e-01  4.02578674e-05  9.43700849e-03  4.02578674e-05 
 9.12010839e+03 -9.90562991e-01  4.11955936e-05  9.43700851e-03  4.11955936e-05 
 9.33254301e+03 -9.90562991e-01  4.21551622e-05  9.43700852e-03  4.21551622e-05 
 9.54992586e+03 -9.90562991e-01  4.31370821e-05  9.43700854e-03  4.31370821e-05 
 9.77237221e+03 -9.90562991e-01  4.41418738e-05  9.43700856e-03  4.41418738e-05 
 1.00000000e+04 -9.90562991e-01  4.51700701e-05  9.43700857e-03  4.51700701e-05 
 1.02329299e+04 -9.90562991e-01  4.62222162e-05  9.43700859e-03  4.62222162e-05 
 1.04712855e+04 -9.90562991e-01  4.72988700e-05  9.43700861e-03  4.72988700e-05 
 1.07151931e+04 -9.90562991e-01  4.84006022e-05  9.43700863e-03  4.84006022e-05 
 1.09647820e+04 -9.90562991e-01  4.95279970e-05  9.43700865e-03  4.95279970e-05 
 1.12201845e+04 -9.90562991e-01  5.06816523e-05  9.43700867e-03  5.06816523e-05 
 1.14815362e+04 -9.90562991e-01  5.18621796e-05  9.43700870e-03  5.18621796e-05 
 1.17489755e+04 -9.90562991e-01  5.30702050e-05  9.43700872e-03  5.30702050e-05 
 1.20226443e+04 -9.90562991e-01  5.43063689e-05  9.43700875e-03  5.43063689e-05 
 1.23026877e+04 -9.90562991e-01  5.55713267e-05  9.43700877e-03  5.55713267e-05 
 1.25892541e+04 -9.90562991e-01  5.68657492e-05  9.43700880e-03  5.68657492e-05 
 1.28824955e+04 -9.90562991e-01  5.81903227e-05  9.43700883e-03  5.81903227e-05 
 1.31825674e+04 -9.90562991e-01  5.95457494e-05  9.43700886e-03  5.95457494e-05 
 1.34896288e+04 -9.90562991e-01  6.09327481e-05  9.43700889e-03  6.09327481e-05 
 1.38038426e+04 -9.90562991e-01  6.23520541e-05  9.43700892e-03  6.23520541e-05 
 1.41253754e+04 -9.90562991e-01  6.38044200e-05  9.43700896e-03  6.38044200e-05 
 1.44543977e+04 -9.90562991e-01  6.52906159e-05  9.43700899e-03  6.52906159e-05 
 1.47910839e+04 -9.90562991e-01  6.68114297e-05  9.43700903e-03  6.68114297e-05 
 1.51356125e+04 -9.90562991e-01  6.83676679e-05  9.43700907e-03  6.83676679e-05 
 1.54881662e+04 -9.90562991e-01  6.99601554e-05  9.43700911e-03  6.99601554e-05 
 1.58489319e+04 -9.90562991e-01  7.15897368e-05  9.43700916e-03  7.15897368e-05 
 1.62181010e+04 -9.90562991e-01  7.32572760e-05  9.43700920e-03  7.32572760e-05 
 1.65958691e+04 -9.90562991e-01  7.49636572e-05  9.43700925e-03  7.49636572e-05 
 1.69824365e+04 -9.90562991e-01  7.67097851e-05  9.43700930e-03  7.67097851e-05 
 1.73780083e+04 -9.90562991e-01  7.84965855e-05  9.43700935e-03  7.84965855e-05 
 1.77827941e+04 -9.90562991e-01  8.03250059e-05  9.43700941e-03  8.03250059e-05 
 1.81970086e+04 -9.90562991e-01  8.21960157e-05  9.43700947e-03  8.21960157e-05 
 1.86208714e+04 -9.90562990e-01  8.41106068e-05  9.43700953e-03  8.41106068e-05 
 1.90546072e+04 -9.90562990e-01  8.60697946e-05  9.43700959e-03  8.60697946e-05 
 1.94984460e+04 -9.90562990e-01  8.80746176e-05  9.43700965e-03  8.80746176e-05 
 1.99526231e+04 -9.90562990e-01  9.01261390e-05  9.43700972e-03  9.01261390e-05 
 2.04173794e+04 -9.90562990e-01  9.22254465e-05  9.43700980e-03  9.22254465e-05 
 2.08929613e+04 -9.90562990e-01  9.43736532e-05  9.43700987e-03  9.43736532e-05 
 2.13796209e+04 -9.90562990e-01  9.65718980e-05  9.43700995e-03  9.65718980e-05 
 2.18776162e+04 -9.90562990e-01  9.88213465e-05  9.43701003e-03  9.88213465e-05 
 2.23872114e+04 -9.90562990e-01  1.01123191e-04  9.43701012e-03  1.01123191e-04 
 2.29086765e+04 -9.90562990e-01  1.03478653e-04  9.43701021e-03  1.03478653e-04 
 2.34422882e+04 -9.90562990e-01  1.05888981e-04  9.43701031e-03  1.05888981e-04 
 2.39883292e+04 -9.90562990e-01  1.08355452e-04  9.43701041e-03  1.08355452e-04 
 2.45470892e+04 -9.90562989e-01  1.10879375e-04  9.43701051e-03  1.10879375e-04 
 2.51188643e+04 -9.90562989e-01  1.13462087e-04  9.43701062e-03  1.13462087e-04 
 2.57039578e+04 -9.90562989e-01  1.16104959e-04  9.43701074e-03  1.16104959e-04 
 2.63026799e+04 -9.90562989e-01  1.18809391e-04  9.43701086e-03  1.18809391e-04 
 2.69153480e+04 -9.90562989e-01  1.21576817e-04  9.43701098e-03  1.21576817e-04 
 2.75422870e+04 -9.90562989e-01  1.24408705e-04  9.43701111e-03  1.24408705e-04 
 2.81838293e+04 -9.90562989e-01  1.27306556e-04  9.43701125e-03  1.27306556e-04 
 2.88403150e+04 -9.90562989e-01  1.30271906e-04  9.43701140e-03  1.30271906e-04 
 2.95120923e+04 -9.90562988e-01  1.33306329e-04  9.43701155e-03  1.33306329e-04 
 3.01995172e+04 -9.90562988e-01  1.36411432e-04  9.43701171e-03  1.36411432e-04 
 3.09029543e+04 -9.90562988e-01  1.39588863e-04  9.43701187e-03  1.39588863e-04 
 3.16227766e+04 -9.90562988e-01  1.42840305e-04  9.43701205e-03  1.42840305e-04 
 3.23593657e+04 -9.90562988e-01  1.46167483e-04  9.43701223e-03  1.46167483e-04 
 3.31131121e+04 -9.90562988e-01  1.49572162e-04  9.43701242e-03  1.49572162e-04 
 3.38844156e+04 -9.90562987e-01  1.53056145e-04  9.43701262e-03  1.53056145e-04 
 3.46736850e+04 -9.90562987e-01  1.56621281e-04  9.43701283e-03  1.56621281e-04 
 3.54813389e+04 -9.90562987e-01  1.60269459e-04  9.43701304e-03  1.60269459e-04 
 3.63078055e+04 -9.90562987e-01  1.64002614e-04  9.43701327e-03  1.64002614e-04 
 3.71535229e+04 -9.90562986e-01  1.67822726e-04  9.43701351e-03  1.67822726e-04 
 3.80189396e+04 -9.90562986e-01  1.71731820e-04  9.43701376e-03  1.71731820e-04 
 3.89045145e+04 -9.90562986e-01  1.75731968e-04  9.43701403e-03  1.75731968e-04 
 3.98107171e+04 -9.90562986e-01  1.79825291e-04  9.43701430e-03  1.79825291e-04 
 4.07380278e+04 -9.90562985e-01  1.84013961e-04  9.43701459e-03  1.84013961e-04 
 4.16869383e+04 -9.90562985e-01  1.88300197e-04  9.43701489e-03  1.88300197e-04 
 4.26579519e+04 -9.90562985e-01  1.92686272e-04  9.43701521e-03  1.92686272e-04 
 4.36515832e+04 -9.90562984e-01  1.97174512e-04  9.43701554e-03  1.97174512e-04 
 4.46683592e+04 -9.90562984e-01  2.01767297e-04  9.43701589e-03  2.01767297e-04 
 4.57088190e+04 -9.90562984e-01  2.06467061e-04  9.43701625e-03  2.06467061e-04 
 4.67735141e+04 -9.90562983e-01  2.11276297e-04  9.43701663e-03  2.11276297e-04 
 4.78630092e+04 -9.90562983e-01  2.16197554e-04  9.43701703e-03  2.16197554e-04 
 4.89778819e+04 -9.90562983e-01  2.21233442e-04  9.43701744e-03  2.21233442e-04 
 5.01187234e+04 -9.90562982e-01  2.26386632e-04  9.43701788e-03  2.26386632e-04 
 5.12861384e+04 -9.90562982e-01  2.31659854e-04  9.43701834e-03  2.31659854e-04 
 5.24807460e+04 -9.90562981e-01  2.37055906e-04  9.43701881e-03  2.37055906e-04 
 5.37031796e+04 -9.90562981e-01  2.42577647e-04  9.43701931e-03  2.42577647e-04 
 5.49540874e+04 -9.90562980e-01  2.48228007e-04  9.43701984e-03  2.48228007e-04 
 5.62341325e+04 -9.90562980e-01  2.54009980e-04  9.43702039e-03  2.54009980e-04 
 5.75439937e+04 -9.90562979e-01  2.59926633e-04  9.43702096e-03  2.59926633e-04 
 5.88843655e+04 -9.90562978e-01  2.65981103e-04  9.43702156e-03  2.65981103e-04 
 6.02559586e+04 -9.90562978e-01  2.72176599e-04  9.43702220e-03  2.72176599e-04 
 6.16595002e+04 -9.90562977e-01  2.78516407e-04  9.43702286e-03  2.78516407e-04 
 6.30957344e+04 -9.90562976e-01  2.85003889e-04  9.43702355e-03  2.85003889e-04 
 6.45654229e+04 -9.90562976e-01  2.91642483e-04  9.43702427e-03  2.91642483e-04 
 6.60693448e+04 -9.90562975e-01  2.98435709e-04  9.43702503e-03  2.98435709e-04 
 6.76082975e+04 -9.90562974e-01  3.05387171e-04  9.43702582e-03  3.05387171e-04 
 6.91830971e+04 -9.90562973e-01  3.12500553e-04  9.43702665e-03  3.12500553e-04 
 7.07945784e+04 -9.90562972e-01  3.19779626e-04  9.43702752e-03  3.19779626e-04 
 7.24435960e+04 -9.90562972e-01  3.27228252e-04  9.43702844e-03  3.27228252e-04 
 7.41310241e+04 -9.90562971e-01  3.34850378e-04  9.43702939e-03  3.34850378e-04 
 7.58577575e+04 -9.90562970e-01  3.42650046e-04  9.43703039e-03  3.42650046e-04 
 7.76247117e+04 -9.90562969e-01  3.50631392e-04  9.43703143e-03  3.50631392e-04 
 7.94328235e+04 -9.90562967e-01  3.58798648e-04  9.43703253e-03  3.58798648e-04 
 8.12830516e+04 -9.90562966e-01  3.67156143e-04  9.43703368e-03  3.67156143e-04 
 8.31763771e+04 -9.90562965e-01  3.75708310e-04  9.43703488e-03  3.75708310e-04 
 8.51138038e+04 -9.90562964e-01  3.84459682e-04  9.43703614e-03  3.84459682e-04 
 8.70963590e+04 -9.90562963e-01  3.93414900e-04  9.43703745e-03  3.93414900e-04 
 8.91250938e+04 -9.90562961e-01  4.02578712e-04  9.43703883e-03  4.02578712e-04 
 9.12010839e+04 -9.90562960e-01  4.11955977e-04  9.43704028e-03  4.11955977e-04 
 9.33254301e+04 -9.90562958e-01  4.21551666e-04  9.43704179e-03  4.21551666e-04 
 9.54992586e+04 -9.90562957e-01  4.31370868e-04  9.43704337e-03  4.31370868e-04 
 9.77237221e+04 -9.90562955e-01  4.41418789e-04  9.43704503e-03  4.41418789e-04 
 1.00000000e+05 -9.90562953e-01  4.51700756e-04  9.43704677e-03  4.51700756e-04 
 1.02329299e+05 -9.90562951e-01  4.62222221e-04  9.43704859e-03  4.62222221e-04 
 1.04712855e+05 -9.90562950e-01  4.72988762e-04  9.43705049e-03  4.72988762e-04 
 1.07151931e+05 -9.90562948e-01  4.84006089e-04  9.43705248e-03  4.84006089e-04 
 1.09647820e+05 -9.90562945e-01  4.95280042e-04  9.43705457e-03  4.95280042e-04 
 1.12201845e+05 -9.90562943e-01  5.06816600e-04  9.43705676e-03  5.06816600e-04 
 1.14815362e+05 -9.90562941e-01  5.18621879e-04  9.43705905e-03  5.18621879e-04 
 1.17489755e+05 -9.90562939e-01  5.30702138e-04  9.43706144e-03  5.30702138e-04 
 1.20226443e+05 -9.90562936e-01  5.43063783e-04  9.43706395e-03  5.43063783e-04 
 1.23026877e+05 -9.90562933e-01  5.55713368e-04  9.43706658e-03  5.55713368e-04 
 1.25892541e+05 -9.90562931e-01  5.68657600e-04  9.43706933e-03  5.68657600e-04 
 1.28824955e+05 -9.90562928e-01  5.81903343e-04  9.43707222e-03  5.81903343e-04 
 1.31825674e+05 -9.90562925e-01  5.95457618e-04  9.43707523e-03  5.95457618e-04 
 1.34896288e+05 -9.90562922e-01  6.09327614e-04  9.43707839e-03  6.09327614e-04 
 1.38038426e+05 -9.90562918e-01  6.23520684e-04  9.43708170e-03  6.23520684e-04 
 1.41253754e+05 -9.90562915e-01  6.38044354e-04  9.43708517e-03  6.38044354e-04 
 1.44543977e+05 -9.90562911e-01  6.52906323e-04  9.43708879e-03  6.52906323e-04 
 1.47910839e+05 -9.90562907e-01  6.68114473e-04  9.43709259e-03  6.68114473e-04 
 1.51356125e+05 -9.90562903e-01  6.83676867e-04  9.43709657e-03  6.83676867e-04 
 1.54881662e+05 -9.90562899e-01  6.99601756e-04  9.43710074e-03  6.99601756e-04 
 1.58489319e+05 -9.90562895e-01  7.15897584e-04  9.43710510e-03  7.15897584e-04 
 1.62181010e+05 -9.90562890e-01  7.32572992e-04  9.43710966e-03  7.32572992e-04 
 1.65958691e+05 -9.90562886e-01  7.49636820e-04  9.43711445e-03  7.49636820e-04 
 1.69824365e+05 -9.90562881e-01  7.67098117e-04  9.43711946e-03  7.67098117e-04 
 1.73780083e+05 -9.90562875e-01  7.84966140e-04  9.43712470e-03  7.84966140e-04 
 1.77827941e+05 -9.90562870e-01  8.03250364e-04  9.43713019e-03  8.03250364e-04 
 1.81970086e+05 -9.90562864e-01  8.21960484e-04  9.43713594e-03  8.21960484e-04 
 1.86208714e+05 -9.90562858e-01  8.41106419e-04  9.43714196e-03  8.41106419e-04 
 1.90546072e+05 -9.90562852e-01  8.60698321e-04  9.43714827e-03  8.60698321e-04 
 1.94984460e+05 -9.90562845e-01  8.80746579e-04  9.43715487e-03  8.80746579e-04 
 1.99526231e+05 -9.90562838e-01  9.01261822e-04  9.43716178e-03  9.01261822e-04 
 2.04173794e+05 -9.90562831e-01  9.22254928e-04  9.43716902e-03  9.22254928e-04 
 2.08929613e+05 -9.90562823e-01  9.43737027e-04  9.43717660e-03  9.43737027e-04 
 2.13796209e+05 -9.90562815e-01  9.65719511e-04  9.43718453e-03  9.65719511e-04 
 2.18776162e+05 -9.90562807e-01  9.88214033e-04  9.43719285e-03  9.88214033e-04 
 2.23872114e+05 -9.90562798e-01  1.01123252e-03  9.43720155e-03  1.01123252e-03 
 2.29086765e+05 -9.90562789e-01  1.03478718e-03  9.43721066e-03  1.03478718e-03 
 2.34422882e+05 -9.90562780e-01  1.05889051e-03  9.43722020e-03  1.05889051e-03 
 2.39883292e+05 -9.90562770e-01  1.08355527e-03  9.43723020e-03  1.08355527e-03 
 2.45470892e+05 -9.90562759e-01  1.10879455e-03  9.43724066e-03  1.10879455e-03 
 2.51188643e+05 -9.90562748e-01  1.13462173e-03  9.43725161e-03  1.13462173e-03 
 2.57039578e+05 -9.90562737e-01  1.16105051e-03  9.43726309e-03  1.16105051e-03 
 2.63026799e+05 -9.90562725e-01  1.18809489e-03  9.43727510e-03  1.18809489e-03 
 2.69153480e+05 -9.90562712e-01  1.21576923e-03  9.43728768e-03  1.21576923e-03 
 2.75422870e+05 -9.90562699e-01  1.24408818e-03  9.43730085e-03  1.24408818e-03 
 2.81838293e+05 -9.90562685e-01  1.27306677e-03  9.43731464e-03  1.27306677e-03 
 2.88403150e+05 -9.90562671e-01  1.30272037e-03  9.43732909e-03  1.30272037e-03 
 2.95120923e+05 -9.90562656e-01  1.33306469e-03  9.43734421e-03  1.33306469e-03 
 3.01995172e+05 -9.90562640e-01  1.36411582e-03  9.43736005e-03  1.36411582e-03 
 3.09029543e+05 -9.90562623e-01  1.39589023e-03  9.43737663e-03  1.39589023e-03 
 3.16227766e+05 -9.90562606e-01  1.42840477e-03  9.43739399e-03  1.42840477e-03 
 3.23593657e+05 -9.90562588e-01  1.46167668e-03  9.43741218e-03  1.46167668e-03 
 3.31131121e+05 -9.90562569e-01  1.49572359e-03  9.43743122e-03  1.49572359e-03 
 3.38844156e+05 -9.90562549e-01  1.53056356e-03  9.43745115e-03  1.53056356e-03 
 3.46736850e+05 -9.90562528e-01  1.56621507e-03  9.43747203e-03  1.56621507e-03 
 3.54813389e+05 -9.90562506e-01  1.60269702e-03  9.43749389e-03  1.60269702e-03 
 3.63078055e+05 -9.90562483e-01  1.64002874e-03  9.43751678e-03  1.64002874e-03 
 3.71535229e+05 -9.90562459e-01  1.67823005e-03  9.43754075e-03  1.67823005e-03 
 3.80189396e+05 -9.90562434e-01  1.71732118e-03  9.43756585e-03  1.71732118e-03 
 3.89045145e+05 -9.90562408e-01  1.75732288e-03  9.43759213e-03  1.75732288e-03 
 3.98107171e+05 -9.90562380e-01  1.79825634e-03  9.43761965e-03  1.79825634e-03 
 4.07380278e+05 -9.90562352e-01  1.84014328e-03  9.43764847e-03  1.84014328e-03 
 4.16869383e+05 -9.90562321e-01  1.88300590e-03  9.43767865e-03  1.88300590e-03 
 4.26579519e+05 -9.90562290e-01  1.92686694e-03  9.43771024e-03  1.92686694e-03 
 4.36515832e+05 -9.90562257e-01  1.97174964e-03  9.43774333e-03  1.97174964e-03 
 4.46683592e+05 -9.90562222e-01  2.01767781e-03  9.43777798e-03  2.01767781e-03 
 4.57088190e+05 -9.90562186e-01  2.06467580e-03  9.43781426e-03  2.06467580e-03 
 4.67735141e+05 -9.90562148e-01  2.11276853e-03  9.43785225e-03  2.11276853e-03 
 4.78630092e+05 -9.90562108e-01  2.16198150e-03  9.43789203e-03  2.16198150e-03 
 4.89778819e+05 -9.90562066e-01  2.21234081e-03  9.43793368e-03  2.21234081e-03 
 5.01187234e+05 -9.90562023e-01  2.26387315e-03  9.43797730e-03  2.26387315e-03 
 5.12861384e+05 -9.90561977e-01  2.31660587e-03  9.43802298e-03  2.31660587e-03 
 5.24807460e+05 -9.90561929e-01  2.37056691e-03  9.43807080e-03  2.37056691e-03 
 5.37031796e+05 -9.90561879e-01  2.42578489e-03  9.43812088e-03  2.42578489e-03 
 5.49540874e+05 -9.90561827e-01  2.48228909e-03  9.43817332e-03  2.48228909e-03 
 5.62341325e+05 -9.90561772e-01  2.54010946e-03  9.43822824e-03  2.54010946e-03 
 5.75439937e+05 -9.90561714e-01  2.59927669e-03  9.43828574e-03  2.59927669e-03 
 5.88843655e+05 -9.90561654e-01  2.65982212e-03  9.43834595e-03  2.65982212e-03 
 6.02559586e+05 -9.90561591e-01  2.72177788e-03  9.43840899e-03  2.72177788e-03 
 6.16595002e+05 -9.90561525e-01  2.78517681e-03  9.43847501e-03  2.78517681e-03 
 6.30957344e+05 -9.90561456e-01  2.85005253e-03  9.43854415e-03  2.85005253e-03 
 6.45654229e+05 -9.90561383e-01  2.91643945e-03  9.43861654e-03  2.91643945e-03 
 6.60693448e+05 -9.90561308e-01  2.98437276e-03  9.43869234e-03  2.98437276e-03 
 6.76082975e+05 -9.90561228e-01  3.05388850e-03  9.43877171e-03  3.05388850e-03 
 6.91830971e+05 -9.90561145e-01  3.12502351e-03  9.43885483e-03  3.12502351e-03 
 7.07945784e+05 -9.90561058e-01  3.19781554e-03  9.43894186e-03  3.19781554e-03 
 7.24435960e+05 -9.90560967e-01  3.27230317e-03  9.43903299e-03  3.27230317e-03 
 7.41310241e+05 -9.90560872e-01  3.34852591e-03  9.43912842e-03  3.34852591e-03 
 7.58577575e+05 -9.90560772e-01  3.42652418e-03  9.43922835e-03  3.42652418e-03 
 7.76247117e+05 -9.90560667e-01  3.50633933e-03  9.43933299e-03  3.50633933e-03 
 7.94328235e+05 -9.90560557e-01  3.58801370e-03  9.43944256e-03  3.58801370e-03 
 8.12830516e+05 -9.90560443e-01  3.67159061e-03  9.43955729e-03  3.67159061e-03 
 8.31763771e+05 -9.90560323e-01  3.75711436e-03  9.43967743e-03  3.75711436e-03 
 8.51138038e+05 -9.90560197e-01  3.84463032e-03  9.43980324e-03  3.84463032e-03 
 8.70963590e+05 -9.90560065e-01  3.93418489e-03  9.43993497e-03  3.93418489e-03 
 8.91250938e+05 -9.90559927e-01  4.02582558e-03  9.44007292e-03  4.02582558e-03 
 9.12010839e+05 -9.90559783e-01  4.11960098e-03  9.44021736e-03  4.11960098e-03 
 9.33254301e+05 -9.90559631e-01  4.21556082e-03  9.44036861e-03  4.21556082e-03 
 9.54992586e+05 -9.90559473e-01  4.31375600e-03  9.44052700e-03  4.31375600e-03 
 9.77237221e+05 -9.90559307e-01  4.41423859e-03  9.44069285e-03  4.41423859e-03 
 1.00000000e+06 -9.90559133e-01  4.51706188e-03  9.44086651e-03  4.51706188e-03 
 1.02329299e+06 -9.90558952e-01  4.62228041e-03  9.44104836e-03  4.62228041e-03 
 1.04712855e+06 -9.90558761e-01  4.72994999e-03  9.44123878e-03  4.72994999e-03 
 1.07151931e+06 -9.90558562e-01  4.84012772e-03  9.44143818e-03  4.84012772e-03 
 1.09647820e+06 -9.90558353e-01  4.95287203e-03  9.44164698e-03  4.95287203e-03 
 1.12201845e+06 -9.90558134e-01  5.06824273e-03  9.44186562e-03  5.06824273e-03 
 1.14815362e+06 -9.90557905e-01  5.18630101e-03  9.44209457e-03  5.18630101e-03 
 1.17489755e+06 -9.90557666e-01  5.30710948e-03  9.44233431e-03  5.30710948e-03 
 1.20226443e+06 -9.90557415e-01  5.43073223e-03  9.44258534e-03  5.43073223e-03 
 1.23026877e+06 -9.90557152e-01  5.55723484e-03  9.44284822e-03  5.55723484e-03 
 1.25892541e+06 -9.90556877e-01  5.68668439e-03  9.44312348e-03  5.68668439e-03 
 1.28824955e+06 -9.90556588e-01  5.81914957e-03  9.44341172e-03  5.81914957e-03 
 1.31825674e+06 -9.90556286e-01  5.95470063e-03  9.44371355e-03  5.95470063e-03 
 1.34896288e+06 -9.90555970e-01  6.09340949e-03  9.44402960e-03  6.09340949e-03 
 1.38038426e+06 -9.90555639e-01  6.23534972e-03  9.44436056e-03  6.23534972e-03 
 1.41253754e+06 -9.90555293e-01  6.38059664e-03  9.44470712e-03  6.38059664e-03 
 1.44543977e+06 -9.90554930e-01  6.52922728e-03  9.44507001e-03  6.52922728e-03 
 1.47910839e+06 -9.90554550e-01  6.68132052e-03  9.44545002e-03  6.68132052e-03 
 1.51356125e+06 -9.90554152e-01  6.83695703e-03  9.44584793e-03  6.83695703e-03 
 1.54881662e+06 -9.90553735e-01  6.99621939e-03  9.44626461e-03  6.99621939e-03 
 1.58489319e+06 -9.90553299e-01  7.15919210e-03  9.44670093e-03  7.15919210e-03 
 1.62181010e+06 -9.90552842e-01  7.32596165e-03  9.44715783e-03  7.32596165e-03 
 1.65958691e+06 -9.90552364e-01  7.49661650e-03  9.44763626e-03  7.49661650e-03 
 1.69824365e+06 -9.90551863e-01  7.67124723e-03  9.44813725e-03  7.67124723e-03 
 1.73780083e+06 -9.90551338e-01  7.84994649e-03  9.44866187e-03  7.84994649e-03 
 1.77827941e+06 -9.90550789e-01  8.03280912e-03  9.44921121e-03  8.03280912e-03 
 1.81970086e+06 -9.90550214e-01  8.21993216e-03  9.44978647e-03  8.21993216e-03 
 1.86208714e+06 -9.90549611e-01  8.41141492e-03  9.45038884e-03  8.41141492e-03 
 1.90546072e+06 -9.90548980e-01  8.60735903e-03  9.45101962e-03  8.60735903e-03 
 1.94984460e+06 -9.90548320e-01  8.80786849e-03  9.45168014e-03  8.80786849e-03 
 1.99526231e+06 -9.90547628e-01  9.01304972e-03  9.45237181e-03  9.01304972e-03 
 2.04173794e+06 -9.90546904e-01  9.22301163e-03  9.45309610e-03  9.22301163e-03 
 2.08929613e+06 -9.90546145e-01  9.43786569e-03  9.45385454e-03  9.43786569e-03 
 2.13796209e+06 -9.90545351e-01  9.65772596e-03  9.45464875e-03  9.65772596e-03 
 2.18776162e+06 -9.90544520e-01  9.88270915e-03  9.45548042e-03  9.88270915e-03 
 2.23872114e+06 -9.90543649e-01  1.01129347e-02  9.45635131e-03  1.01129347e-02 
 2.29086765e+06 -9.90542737e-01  1.03485249e-02  9.45726327e-03  1.03485249e-02 
 2.34422882e+06 -9.90541782e-01  1.05896049e-02  9.45821825e-03  1.05896049e-02 
 2.39883292e+06 -9.90540782e-01  1.08363025e-02  9.45921827e-03  1.08363025e-02 
 2.45470892e+06 -9.90539735e-01  1.10887490e-02  9.46026546e-03  1.10887490e-02 
 2.51188643e+06 -9.90538638e-01  1.13470782e-02  9.46136205e-03  1.13470782e-02 
 2.57039578e+06 -9.90537490e-01  1.16114276e-02  9.46251037e-03  1.16114276e-02 
 2.63026799e+06 -9.90536287e-01  1.18819374e-02  9.46371287e-03  1.18819374e-02 
 2.69153480e+06 -9.90535028e-01  1.21587514e-02  9.46497209e-03  1.21587514e-02 
 2.75422870e+06 -9.90533709e-01  1.24420167e-02  9.46629072e-03  1.24420167e-02 
 2.81838293e+06 -9.90532328e-01  1.27318838e-02  9.46767157e-03  1.27318838e-02 
 2.88403150e+06 -9.90530882e-01  1.30285067e-02  9.46911757e-03  1.30285067e-02 
 2.95120923e+06 -9.90529368e-01  1.33320431e-02  9.47063181e-03  1.33320431e-02 
 3.01995172e+06 -9.90527783e-01  1.36426543e-02  9.47221750e-03  1.36426543e-02 
 3.09029543e+06 -9.90526122e-01  1.39605054e-02  9.47387803e-03  1.39605054e-02 
 3.16227766e+06 -9.90524383e-01  1.42857655e-02  9.47561692e-03  1.42857655e-02 
 3.23593657e+06 -9.90522562e-01  1.46186074e-02  9.47743790e-03  1.46186074e-02 
 3.31131121e+06 -9.90520655e-01  1.49592081e-02  9.47934482e-03  1.49592081e-02 
 3.38844156e+06 -9.90518658e-01  1.53077489e-02  9.48134177e-03  1.53077489e-02 
 3.46736850e+06 -9.90516567e-01  1.56644151e-02  9.48343299e-03  1.56644151e-02 
 3.54813389e+06 -9.90514377e-01  1.60293965e-02  9.48562295e-03  1.60293965e-02 
 3.63078055e+06 -9.90512084e-01  1.64028873e-02  9.48791631e-03  1.64028873e-02 
 3.71535229e+06 -9.90509682e-01  1.67850863e-02  9.49031796e-03  1.67850863e-02 
 3.80189396e+06 -9.90507167e-01  1.71761969e-02  9.49283304e-03  1.71761969e-02 
 3.89045145e+06 -9.90504533e-01  1.75764273e-02  9.49546691e-03  1.75764273e-02 
 3.98107171e+06 -9.90501775e-01  1.79859907e-02  9.49822518e-03  1.79859907e-02 
 4.07380278e+06 -9.90498886e-01  1.84051052e-02  9.50111377e-03  1.84051052e-02 
 4.16869383e+06 -9.90495861e-01  1.88339940e-02  9.50413882e-03  1.88339940e-02 
 4.26579519e+06 -9.90492693e-01  1.92728858e-02  9.50730682e-03  1.92728858e-02 
 4.36515832e+06 -9.90489375e-01  1.97220143e-02  9.51062452e-03  1.97220143e-02 
 4.46683592e+06 -9.90485901e-01  2.01816191e-02  9.51409903e-03  2.01816191e-02 
 4.57088190e+06 -9.90482262e-01  2.06519452e-02  9.51773778e-03  2.06519452e-02 
 4.67735141e+06 -9.90478451e-01  2.11332435e-02  9.52154856e-03  2.11332435e-02 
 4.78630092e+06 -9.90474460e-01  2.16257707e-02  9.52553952e-03  2.16257707e-02 
 4.89778819e+06 -9.90470281e-01  2.21297897e-02  9.52971921e-03  2.21297897e-02 
 5.01187234e+06 -9.90465903e-01  2.26455695e-02  9.53409660e-03  2.26455695e-02 
 5.12861384e+06 -9.90461319e-01  2.31733856e-02  9.53868106e-03  2.31733856e-02 
 5.24807460e+06 -9.90456518e-01  2.37135200e-02  9.54348244e-03  2.37135200e-02 
 5.37031796e+06 -9.90451489e-01  2.42662612e-02  9.54851103e-03  2.42662612e-02 
 5.49540874e+06 -9.90446222e-01  2.48319048e-02  9.55377763e-03  2.48319048e-02 
 5.62341325e+06 -9.90440706e-01  2.54107532e-02  9.55929357e-03  2.54107532e-02 
 5.75439937e+06 -9.90434929e-01  2.60031161e-02  9.56507070e-03  2.60031161e-02 
 5.88843655e+06 -9.90428879e-01  2.66093105e-02  9.57112144e-03  2.66093105e-02 
 6.02559586e+06 -9.90422541e-01  2.72296611e-02  9.57745883e-03  2.72296611e-02 
 6.16595002e+06 -9.90415903e-01  2.78645001e-02  9.58409651e-03  2.78645001e-02 
 6.30957344e+06 -9.90408951e-01  2.85141677e-02  9.59104880e-03  2.85141677e-02 
 6.45654229e+06 -9.90401669e-01  2.91790125e-02  9.59833069e-03  2.91790125e-02 
 6.60693448e+06 -9.90394042e-01  2.98593909e-02  9.60595791e-03  2.98593909e-02 
 6.76082975e+06 -9.90386053e-01  3.05556683e-02  9.61394694e-03  3.05556683e-02 
 6.91830971e+06 -9.90377685e-01  3.12682186e-02  9.62231505e-03  3.12682186e-02 
 7.07945784e+06 -9.90368920e-01  3.19974248e-02  9.63108036e-03  3.19974248e-02 
 7.24435960e+06 -9.90359738e-01  3.27436790e-02  9.64026187e-03  3.27436790e-02 
 7.41310241e+06 -9.90350121e-01  3.35073827e-02  9.64987948e-03  3.35073827e-02 
 7.58577575e+06 -9.90340046e-01  3.42889473e-02  9.65995408e-03  3.42889473e-02 
 7.76247117e+06 -9.90329492e-01  3.50887939e-02  9.67050756e-03  3.50887939e-02 
 7.94328235e+06 -9.90318437e-01  3.59073538e-02  9.68156289e-03  3.59073538e-02 
 8.12830516e+06 -9.90306856e-01  3.67450689e-02  9.69314414e-03  3.67450689e-02 
 8.31763771e+06 -9.90294723e-01  3.76023916e-02  9.70527659e-03  3.76023916e-02 
 8.51138038e+06 -9.90282013e-01  3.84797855e-02  9.71798673e-03  3.84797855e-02 
 8.70963590e+06 -9.90268698e-01  3.93777252e-02  9.73130235e-03  3.93777252e-02 
 8.91250938e+06 -9.90254747e-01  4.02966971e-02  9.74525261e-03  4.02966971e-02 
 9.12010839e+06 -9.90240132e-01  4.12371996e-02  9.75986812e-03  4.12371996e-02 
 9.33254301e+06 -9.90224819e-01  4.21997429e-02  9.77518096e-03  4.21997429e-02 
 9.54992586e+06 -9.90208775e-01  4.31848501e-02  9.79122484e-03  4.31848501e-02 
 9.77237221e+06 -9.90191965e-01  4.41930570e-02  9.80803512e-03  4.41930570e-02 
 1.00000000e+07 -9.90174351e-01  4.52249125e-02  9.82564889e-03  4.52249125e-02 
 1.02329299e+07 -9.90155895e-01  4.62809794e-02  9.84410512e-03  4.62809794e-02 
 1.04712855e+07 -9.90136555e-01  4.73618342e-02  9.86344470e-03  4.73618342e-02 
 1.07151931e+07 -9.90116289e-01  4.84680677e-02  9.88371058e-03  4.84680677e-02 
 1.09647820e+07 -9.90095052e-01  4.96002855e-02  9.90494785e-03  4.96002855e-02 
 1.12201845e+07 -9.90072796e-01  5.07591084e-02  9.92720385e-03  5.07591084e-02 
 1.14815362e+07 -9.90049472e-01  5.19451726e-02  9.95052833e-03  5.19451726e-02 
 1.17489755e+07 -9.90025026e-01  5.31591306e-02  9.97497354e-03  5.31591306e-02 
 1.20226443e+07 -9.89999406e-01  5.44016510e-02  1.00005944e-02  5.44016510e-02 
 1.23026877e+07 -9.89972552e-01  5.56734196e-02  1.00274485e-02  5.56734196e-02 
 1.25892541e+07 -9.89944403e-01  5.69751394e-02  1.00555966e-02  5.69751394e-02 
 1.28824955e+07 -9.89914898e-01  5.83075316e-02  1.00851023e-02  5.83075316e-02 
 1.31825674e+07 -9.89883967e-01  5.96713357e-02  1.01160326e-02  5.96713357e-02 
 1.34896288e+07 -9.89851542e-01  6.10673102e-02  1.01484581e-02  6.10673102e-02 
 1.38038426e+07 -9.89817547e-01  6.24962333e-02  1.01824527e-02  6.24962333e-02 
 1.41253754e+07 -9.89781906e-01  6.39589032e-02  1.02180943e-02  6.39589032e-02 
 1.44543977e+07 -9.89744535e-01  6.54561391e-02  1.02554651e-02  6.54561391e-02 
 1.47910839e+07 -9.89705349e-01  6.69887814e-02  1.02946511e-02  6.69887814e-02 
 1.51356125e+07 -9.89664257e-01  6.85576929e-02  1.03357433e-02  6.85576929e-02 
 1.54881662e+07 -9.89621163e-01  7.01637588e-02  1.03788371e-02  7.01637588e-02 
 1.58489319e+07 -9.89575967e-01  7.18078881e-02  1.04240333e-02  7.18078881e-02 
 1.62181010e+07 -9.89528562e-01  7.34910141e-02  1.04714378e-02  7.34910141e-02 
 1.65958691e+07 -9.89478838e-01  7.52140949e-02  1.05211623e-02  7.52140949e-02 
 1.69824365e+07 -9.89426676e-01  7.69781147e-02  1.05733245e-02  7.69781147e-02 
 1.73780083e+07 -9.89371952e-01  7.87840842e-02  1.06280483e-02  7.87840842e-02 
 1.77827941e+07 -9.89314535e-01  8.06330419e-02  1.06854646e-02  8.06330419e-02 
 1.81970086e+07 -9.89254289e-01  8.25260549e-02  1.07457111e-02  8.25260549e-02 
 1.86208714e+07 -9.89191067e-01  8.44642195e-02  1.08089335e-02  8.44642195e-02 
 1.90546072e+07 -9.89124715e-01  8.64486628e-02  1.08752851e-02  8.64486628e-02 
 1.94984460e+07 -9.89055072e-01  8.84805434e-02  1.09449279e-02  8.84805434e-02 
 1.99526231e+07 -9.88981967e-01  9.05610526e-02  1.10180331e-02  9.05610526e-02 
 2.04173794e+07 -9.88905219e-01  9.26914157e-02  1.10947813e-02  9.26914157e-02 
 2.08929613e+07 -9.88824637e-01  9.48728929e-02  1.11753633e-02  9.48728929e-02 
 2.13796209e+07 -9.88740019e-01  9.71067808e-02  1.12599810e-02  9.71067808e-02 
 2.18776162e+07 -9.88651152e-01  9.93944138e-02  1.13488477e-02  9.93944138e-02 
 2.23872114e+07 -9.88557811e-01  1.01737165e-01  1.14421890e-02  1.01737165e-01 
 2.29086765e+07 -9.88459756e-01  1.04136450e-01  1.15402436e-02  1.04136450e-01 
 2.34422882e+07 -9.88356736e-01  1.06593723e-01  1.16432644e-02  1.06593723e-01 
 2.39883292e+07 -9.88248481e-01  1.09110485e-01  1.17515189e-02  1.09110485e-01 
 2.45470892e+07 -9.88134709e-01  1.11688281e-01  1.18652907e-02  1.11688281e-01 
 2.51188643e+07 -9.88015120e-01  1.14328704e-01  1.19848803e-02  1.14328704e-01 
 2.57039578e+07 -9.87889394e-01  1.17033396e-01  1.21106063e-02  1.17033396e-01 
 2.63026799e+07 -9.87757193e-01  1.19804049e-01  1.22428067e-02  1.19804049e-01 
 2.69153480e+07 -9.87618160e-01  1.22642410e-01  1.23818403e-02  1.22642410e-01 
 2.75422870e+07 -9.87471912e-01  1.25550280e-01  1.25280879e-02  1.25550280e-01 
 2.81838293e+07 -9.87318046e-01  1.28529519e-01  1.26819542e-02  1.28529519e-01 
 2.88403150e+07 -9.87156131e-01  1.31582046e-01  1.28438693e-02  1.31582046e-01 
 2.95120923e+07 -9.86985710e-01  1.34709843e-01  1.30142904e-02  1.34709843e-01 
 3.01995172e+07 -9.86806296e-01  1.37914957e-01  1.31937041e-02  1.37914957e-01 
 3.09029543e+07 -9.86617372e-01  1.41199504e-01  1.33826284e-02  1.41199504e-01 
 3.16227766e+07 -9.86418385e-01  1.44565671e-01  1.35816147e-02  1.44565671e-01 
 3.23593657e+07 -9.86208749e-01  1.48015719e-01  1.37912510e-02  1.48015719e-01 
 3.31131121e+07 -9.85987836e-01  1.51551987e-01  1.40121640e-02  1.51551987e-01 
 3.38844156e+07 -9.85754978e-01  1.55176895e-01  1.42450224e-02  1.55176895e-01 
 3.46736850e+07 -9.85509460e-01  1.58892948e-01  1.44905398e-02  1.58892948e-01 
 3.54813389e+07 -9.85250521e-01  1.62702740e-01  1.47494787e-02  1.62702740e-01 
 3.63078055e+07 -9.84977346e-01  1.66608957e-01  1.50226537e-02  1.66608957e-01 
 3.71535229e+07 -9.84689064e-01  1.70614383e-01  1.53109361e-02  1.70614383e-01 
 3.80189396e+07 -9.84384742e-01  1.74721903e-01  1.56152581e-02  1.74721903e-01 
 3.89045145e+07 -9.84063382e-01  1.78934508e-01  1.59366178e-02  1.78934508e-01 
 3.98107171e+07 -9.83723916e-01  1.83255302e-01  1.62760845e-02  1.83255302e-01 
 4.07380278e+07 -9.83365196e-01  1.87687505e-01  1.66348044e-02  1.87687505e-01 
 4.16869383e+07 -9.82985993e-01  1.92234458e-01  1.70140074e-02  1.92234458e-01 
 4.26579519e+07 -9.82584987e-01  1.96899633e-01  1.74150130e-02  1.96899633e-01 
 4.36515832e+07 -9.82160761e-01  2.01686633e-01  1.78392391e-02  2.01686633e-01 
 4.46683592e+07 -9.81711791e-01  2.06599205e-01  1.82882093e-02  2.06599205e-01 
 4.57088190e+07 -9.81236438e-01  2.11641239e-01  1.87635620e-02  2.11641239e-01 
 4.67735141e+07 -9.80732939e-01  2.16816785e-01  1.92670610e-02  2.16816785e-01 
 4.78630092e+07 -9.80199395e-01  2.22130050e-01  1.98006051e-02  2.22130050e-01 
 4.89778819e+07 -9.79633759e-01  2.27585413e-01  2.03662408e-02  2.27585413e-01 
 5.01187234e+07 -9.79033825e-01  2.33187431e-01  2.09661749e-02  2.33187431e-01 
 5.12861384e+07 -9.78397212e-01  2.38940845e-01  2.16027885e-02  2.38940845e-01 
 5.24807460e+07 -9.77721347e-01  2.44850591e-01  2.22786525e-02  2.44850591e-01 
 5.37031796e+07 -9.77003455e-01  2.50921810e-01  2.29965450e-02  2.50921810e-01 
 5.49540874e+07 -9.76240531e-01  2.57159854e-01  2.37594692e-02  2.57159854e-01 
 5.62341325e+07 -9.75429325e-01  2.63570298e-01  2.45706745e-02  2.63570298e-01 
 5.75439937e+07 -9.74566321e-01  2.70158948e-01  2.54336786e-02  2.70158948e-01 
 5.88843655e+07 -9.73647708e-01  2.76931851e-01  2.63522923e-02  2.76931851e-01 
 6.02559586e+07 -9.72669354e-01  2.83895308e-01  2.73306461e-02  2.83895308e-01 
 6.16595002e+07 -9.71626779e-01  2.91055877e-01  2.83732208e-02  2.91055877e-01 
 6.30957344e+07 -9.70515121e-01  2.98420391e-01  2.94848793e-02  2.98420391e-01 
 6.45654229e+07 -9.69329097e-01  3.05995962e-01  3.06709030e-02  3.05995962e-01 
 6.60693448e+07 -9.68062969e-01  3.13789991e-01  3.19370311e-02  3.13789991e-01 
 6.76082975e+07 -9.66710496e-01  3.21810177e-01  3.32895041e-02  3.21810177e-01 
 6.91830971e+07 -9.65264889e-01  3.30064527e-01  3.47351114e-02  3.30064527e-01 
 7.07945784e+07 -9.63718756e-01  3.38561357e-01  3.62812440e-02  3.38561357e-01 
 7.24435960e+07 -9.62064048e-01  3.47309304e-01  3.79359517e-02  3.47309304e-01 
 7.41310241e+07 -9.60291993e-01  3.56317324e-01  3.97080071e-02  3.56317324e-01 
 7.58577575e+07 -9.58393025e-01  3.65594694e-01  4.16069749e-02  3.65594694e-01 
 7.76247117e+07 -9.56356712e-01  3.75151012e-01  4.36432882e-02  3.75151012e-01 
 7.94328235e+07 -9.54171667e-01  3.84996190e-01  4.58283331e-02  3.84996190e-01 
 8.12830516e+07 -9.51825460e-01  3.95140442e-01  4.81745401e-02  3.95140442e-01 
 8.31763771e+07 -9.49304514e-01  4.05594272e-01  5.06954857e-02  4.05594272e-01 
 8.51138038e+07 -9.46593998e-01  4.16368445e-01  5.34060023e-02  4.16368445e-01 
 8.70963590e+07 -9.43677700e-01  4.27473967e-01  5.63222995e-02  4.27473967e-01 
 8.91250938e+07 -9.40537904e-01  4.38922033e-01  5.94620959e-02  4.38922033e-01 
 9.12010839e+07 -9.37155238e-01  4.50723983e-01  6.28447625e-02  4.50723983e-01 
 9.33254301e+07 -9.33508521e-01  4.62891233e-01  6.64914792e-02  4.62891233e-01 
 9.54992586e+07 -9.29574596e-01  4.75435195e-01  7.04254039e-02  4.75435195e-01 
 9.77237221e+07 -9.25328145e-01  4.88367172e-01  7.46718553e-02  4.88367172e-01 
 1.00000000e+08 -9.20741490e-01  5.01698234e-01  7.92585097e-02  5.01698234e-01 
 1.02329299e+08 -9.15784389e-01  5.15439066e-01  8.42156109e-02  5.15439066e-01 
 1.04712855e+08 -9.10423805e-01  5.29599785e-01  8.95761950e-02  5.29599785e-01 
 1.07151931e+08 -9.04623674e-01  5.44189713e-01  9.53763262e-02  5.44189713e-01 
 1.09647820e+08 -8.98344656e-01  5.59217116e-01  1.01655344e-01  5.59217116e-01 
 1.12201845e+08 -8.91543879e-01  5.74688884e-01  1.08456121e-01  5.74688884e-01 
 1.14815362e+08 -8.84174681e-01  5.90610158e-01  1.15825319e-01  5.90610158e-01 
 1.17489755e+08 -8.76186345e-01  6.06983885e-01  1.23813655e-01  6.06983885e-01 
 1.20226443e+08 -8.67523851e-01  6.23810298e-01  1.32476149e-01  6.23810298e-01 
 1.23026877e+08 -8.58127636e-01  6.41086312e-01  1.41872364e-01  6.41086312e-01 
 1.25892541e+08 -8.47933389e-01  6.58804812e-01  1.52066611e-01  6.58804812e-01 
 1.28824955e+08 -8.36871888e-01  6.76953848e-01  1.63128112e-01  6.76953848e-01 
 1.31825674e+08 -8.24868903e-01  6.95515694e-01  1.75131097e-01  6.95515694e-01 
 1.34896288e+08 -8.11845182e-01  7.14465787e-01  1.88154818e-01  7.14465787e-01 
 1.38038426e+08 -7.97716567e-01  7.33771531e-01  2.02283433e-01  7.33771531e-01 
 1.41253754e+08 -7.82394255e-01  7.53390956e-01  2.17605745e-01  7.53390956e-01 
 1.44543977e+08 -7.65785267e-01  7.73271239e-01  2.34214733e-01  7.73271239e-01 
 1.47910839e+08 -7.47793160e-01  7.93347098e-01  2.52206840e-01  7.93347098e-01 
 1.51356125e+08 -7.28319052e-01  8.13539074e-01  2.71680948e-01  8.13539074e-01 
 1.54881662e+08 -7.07263016e-01  8.33751741e-01  2.92736984e-01  8.33751741e-01 
 1.58489319e+08 -6.84525911e-01  8.53871890e-01  3.15474089e-01  8.53871890e-01 
 1.62181010e+08 -6.60011727e-01  8.73766762e-01  3.39988273e-01  8.73766762e-01 
 1.65958691e+08 -6.33630496e-01  8.93282442e-01  3.66369504e-01  8.93282442e-01 
 1.69824365e+08 -6.05301825e-01  9.12242530e-01  3.94698175e-01  9.12242530e-01 
 1.73780083e+08 -5.74959090e-01  9.30447273e-01  4.25040910e-01  9.30447273e-01 
 1.77827941e+08 -5.42554273e-01  9.47673338e-01  4.57445727e-01  9.47673338e-01 
 1.81970086e+08 -5.08063388e-01  9.63674467e-01  4.91936612e-01  9.63674467e-01 
 1.86208714e+08 -4.71492388e-01  9.78183262e-01  5.28507612e-01  9.78183262e-01 
 1.90546072e+08 -4.32883320e-01  9.90914327e-01  5.67116680e-01  9.90914327e-01 
 1.94984460e+08 -3.92320461e-01  1.00156903e+00  6.07679539e-01  1.00156903e+00 
 1.99526231e+08 -3.49935994e-01  1.00984199e+00  6.50064006e-01  1.00984199e+00 
 2.04173794e+08 -3.05914756e-01  1.01542945e+00  6.94085244e-01  1.01542945e+00 
 2.08929613e+08 -2.60497459e-01  1.01803936e+00  7.39502541e-01  1.01803936e+00 
 2.13796209e+08 -2.13981796e-01  1.01740293e+00  7.86018204e-01  1.01740293e+00 
 2.18776162e+08 -1.66720844e-01  1.01328723e+00  8.33279156e-01  1.01328723e+00 
 2.23872114e+08 -1.19118323e-01  1.00550809e+00  8.80881677e-01  1.00550809e+00 
 2.29086765e+08 -7.16204356e-02  9.93942383e-01  9.28379564e-01  9.93942383e-01 
 2.34422882e+08 -2.47043435e-02  9.78538691e-01  9.75295656e-01  9.78538691e-01 
 2.39883292e+08  2.11363596e-02  9.59325342e-01  1.02113636e+00  9.59325342e-01 
 2.45470892e+08  6.54084197e-02  9.36414821e-01  1.06540842e+00  9.36414821e-01 
 2.51188643e+08  1.07636879e-01  9.10003915e-01  1.10763688e+00  9.10003915e-01 
 2.57039578e+08  1.47382930e-01  8.80369260e-01  1.14738293e+00  8.80369260e-01 
 2.63026799e+08  1.84260298e-01  8.47858420e-01  1.18426030e+00  8.47858420e-01 
 2.69153480e+08  2.17948890e-01  8.12877089e-01  1.21794889e+00  8.12877089e-01 
 2.75422870e+08  2.48204711e-01  7.75873396e-01  1.24820471e+00  7.75873396e-01 
 2.81838293e+08  2.74865417e-01  7.37320541e-01  1.27486542e+00  7.37320541e-01 
 2.88403150e+08  2.97851348e-01  6.97699115e-01  1.29785135e+00  6.97699115e-01 
 2.95120923e+08  3.17162307e-01  6.57480379e-01  1.31716231e+00  6.57480379e-01 
 3.01995172e+08  3.32870722e-01  6.17111553e-01  1.33287072e+00  6.17111553e-01 
 3.09029543e+08  3.45112067e-01  5.77003885e-01  1.34511207e+00  5.77003885e-01 
 3.16227766e+08  3.54073547e-01  5.37523885e-01  1.35407355e+00  5.37523885e-01 
 3.23593657e+08  3.59982024e-01  4.98987808e-01  1.35998202e+00  4.98987808e-01 
 3.31131121e+08  3.63092047e-01  4.61659181e-01  1.36309205e+00  4.61659181e-01 
 3.38844156e+08  3.63674678e-01  4.25748958e-01  1.36367468e+00  4.25748958e-01 
 3.46736850e+08  3.62007599e-01  3.91417789e-01  1.36200760e+00  3.91417789e-01 
 3.54813389e+08  3.58366777e-01  3.58779845e-01  1.35836678e+00  3.58779845e-01 
 3.63078055e+08  3.53019783e-01  3.27907670e-01  1.35301978e+00  3.27907670e-01 
 3.71535229e+08  3.46220759e-01  2.98837562e-01  1.34622076e+00  2.98837562e-01 
 3.80189396e+08  3.38206869e-01  2.71575132e-01  1.33820687e+00  2.71575132e-01 
 3.89045145e+08  3.29196068e-01  2.46100704e-01  1.32919607e+00  2.46100704e-01 
 3.98107171e+08  3.19385963e-01  2.22374384e-01  1.31938596e+00  2.22374384e-01 
 4.07380278e+08  3.08953544e-01  2.00340640e-01  1.30895354e+00  2.00340640e-01 
 4.16869383e+08  2.98055584e-01  1.79932336e-01  1.29805558e+00  1.79932336e-01 
 4.26579519e+08  2.86829515e-01  1.61074196e-01  1.28682951e+00  1.61074196e-01 
 4.36515832e+08  2.75394640e-01  1.43685719e-01  1.27539464e+00  1.43685719e-01 
 4.46683592e+08  2.63853532e-01  1.27683566e-01  1.26385353e+00  1.27683566e-01 
 4.57088190e+08  2.52293542e-01  1.12983488e-01  1.25229354e+00  1.12983488e-01 
 4.67735141e+08  2.40788320e-01  9.95018364e-02  1.24078832e+00  9.95018364e-02 
 4.78630092e+08  2.29399316e-01  8.71567214e-02  1.22939932e+00  8.71567214e-02 
 4.89778819e+08  2.18177205e-01  7.58688731e-02  1.21817721e+00  7.58688731e-02 
 5.01187234e+08  2.07163220e-01  6.55622535e-02  1.20716322e+00  6.55622535e-02 
 5.12861384e+08  1.96390380e-01  5.61644681e-02  1.19639038e+00  5.61644681e-02 
 5.24807460e+08  1.85884602e-01  4.76070162e-02  1.18588460e+00  4.76070162e-02 
 5.37031796e+08  1.75665703e-01  3.98254138e-02  1.17566570e+00  3.98254138e-02 
 5.49540874e+08  1.65748291e-01  3.27592182e-02  1.16574829e+00  3.27592182e-02 
 5.62341325e+08  1.56142553e-01  2.63519784e-02  1.15614255e+00  2.63519784e-02 
 5.75439937e+08  1.46854945e-01  2.05511307e-02  1.14685494e+00  2.05511307e-02 
 5.88843655e+08  1.37888792e-01  1.53078543e-02  1.13788879e+00  1.53078543e-02 
 6.02559586e+08  1.29244817e-01  1.05769014e-02  1.12924482e+00  1.05769014e-02 
 6.16595002e+08  1.20921592e-01  6.31641011e-03  1.12092159e+00  6.31641011e-03 
 6.30957344e+08  1.12915925e-01  2.48770795e-03  1.11291592e+00  2.48770795e-03 
 6.45654229e+08  1.05223194e-01 -9.44887241e-04  1.10522319e+00 -9.44887241e-04 
 6.60693448e+08  9.78376359e-02 -4.01426559e-03  1.09783764e+00 -4.01426559e-03 
 6.76082975e+08  9.07525854e-02 -6.75071897e-03  1.09075259e+00 -6.75071897e-03 
 6.91830971e+08  8.39606818e-02 -9.18212807e-03  1.08396068e+00 -9.18212807e-03 
 7.07945784e+08  7.74540427e-02 -1.13341413e-02  1.07745404e+00 -1.13341413e-02 
 7.24435960e+08  7.12244099e-02 -1.32303442e-02  1.07122441e+00 -1.32303442e-02 
 7.41310241e+08  6.52632712e-02 -1.48924195e-02  1.06526327e+00 -1.48924195e-02 
 7.58577575e+08  5.95619631e-02 -1.63402969e-02  1.05956196e+00 -1.63402969e-02 
 7.76247117e+08  5.41117545e-02 -1.75922927e-02  1.05411175e+00 -1.75922927e-02 
 7.94328235e+08  4.89039163e-02 -1.86652399e-02  1.04890392e+00 -1.86652399e-02 
 8.12830516e+08  4.39297783e-02 -1.95746088e-02  1.04392978e+00 -1.95746088e-02 
 8.31763771e+08  3.91807751e-02 -2.03346186e-02  1.03918078e+00 -2.03346186e-02 
 8.51138038e+08  3.46484831e-02 -2.09583401e-02  1.03464848e+00 -2.09583401e-02 
 8.70963590e+08  3.03246490e-02 -2.14577906e-02  1.03032465e+00 -2.14577906e-02 
 8.91250938e+08  2.62012129e-02 -2.18440214e-02  1.02620121e+00 -2.18440214e-02 
 9.12010839e+08  2.22703249e-02 -2.21271978e-02  1.02227032e+00 -2.21271978e-02 
 9.33254301e+08  1.85243576e-02 -2.23166724e-02  1.01852436e+00 -2.23166724e-02 
 9.54992586e+08  1.49559144e-02 -2.24210532e-02  1.01495591e+00 -2.24210532e-02 
 9.77237221e+08  1.15578350e-02 -2.24482653e-02  1.01155784e+00 -2.24482653e-02 
 1.00000000e+09  8.32319782e-03 -2.24056074e-02  1.00832320e+00 -2.24056074e-02 
 1.02329299e+09  5.24532011e-03 -2.22998040e-02  1.00524532e+00 -2.22998040e-02 
 1.04712855e+09  2.31775688e-03 -2.21370525e-02  1.00231776e+00 -2.21370525e-02 
 1.07151931e+09 -4.65702297e-04 -2.19230673e-02  9.99534298e-01 -2.19230673e-02 
 1.09647820e+09 -3.11103731e-03 -2.16631190e-02  9.96888963e-01 -2.16631190e-02 
 1.12201845e+09 -5.62400264e-03 -2.13620710e-02  9.94375997e-01 -2.13620710e-02 
 1.14815362e+09 -8.01013315e-03 -2.10244124e-02  9.91989867e-01 -2.10244124e-02 
 1.17489755e+09 -1.02747504e-02 -2.06542890e-02  9.89725250e-01 -2.06542890e-02 
 1.20226443e+09 -1.24229696e-02 -2.02555301e-02  9.87577030e-01 -2.02555301e-02 
 1.23026877e+09 -1.44597065e-02 -1.98316746e-02  9.85540294e-01 -1.98316746e-02 
 1.25892541e+09 -1.63896845e-02 -1.93859934e-02  9.83610315e-01 -1.93859934e-02 
 1.28824955e+09 -1.82174425e-02 -1.89215110e-02  9.81782557e-01 -1.89215110e-02 
 1.31825674e+09 -1.99473418e-02 -1.84410244e-02  9.80052658e-01 -1.84410244e-02 
 1.34896288e+09 -2.15835735e-02 -1.79471203e-02  9.78416427e-01 -1.79471203e-02 
 1.38038426e+09 -2.31301657e-02 -1.74421917e-02  9.76869834e-01 -1.74421917e-02 
 1.41253754e+09 -2.45909908e-02 -1.69284518e-02  9.75409009e-01 -1.69284518e-02 
 1.44543977e+09 -2.59697721e-02 -1.64079474e-02  9.74030228e-01 -1.64079474e-02 
 1.47910839e+09 -2.72700904e-02 -1.58825708e-02  9.72729910e-01 -1.58825708e-02 
 1.51356125e+09 -2.84953908e-02 -1.53540709e-02  9.71504609e-01 -1.53540709e-02 
 1.54881662e+09 -2.96489886e-02 -1.48240629e-02  9.70351011e-01 -1.48240629e-02 
 1.58489319e+09 -3.07340751e-02 -1.42940372e-02  9.69265925e-01 -1.42940372e-02 
 1.62181010e+09 -3.17537235e-02 -1.37653678e-02  9.68246276e-01 -1.37653678e-02 
 1.65958691e+09 -3.27108942e-02 -1.32393197e-02  9.67289106e-01 -1.32393197e-02 
 1.69824365e+09 -3.36084395e-02 -1.27170555e-02  9.66391561e-01 -1.27170555e-02 
 1.73780083e+09 -3.44491087e-02 -1.21996416e-02  9.65550891e-01 -1.21996416e-02 
 1.77827941e+09 -3.52355523e-02 -1.16880538e-02  9.64764448e-01 -1.16880538e-02 
 1.81970086e+09 -3.59703265e-02 -1.11831825e-02  9.64029673e-01 -1.11831825e-02 
 1.86208714e+09 -3.66558965e-02 -1.06858372e-02  9.63344104e-01 -1.06858372e-02 
 1.90546072e+09 -3.72946404e-02 -1.01967509e-02  9.62705360e-01 -1.01967509e-02 
 1.94984460e+09 -3.78888527e-02 -9.71658424e-03  9.62111147e-01 -9.71658424e-03 
 1.99526231e+09 -3.84407468e-02 -9.24592872e-03  9.61559253e-01 -9.24592872e-03 
 2.04173794e+09 -3.89524584e-02 -8.78531049e-03  9.61047542e-01 -8.78531049e-03 
 2.08929613e+09 -3.94260474e-02 -8.33519338e-03  9.60573953e-01 -8.33519338e-03 
 2.13796209e+09 -3.98635010e-02 -7.89598196e-03  9.60136499e-01 -7.89598196e-03 
 2.18776162e+09 -4.02667352e-02 -7.46802437e-03  9.59733265e-01 -7.46802437e-03 
 2.23872114e+09 -4.06375971e-02 -7.05161505e-03  9.59362403e-01 -7.05161505e-03 
 2.29086765e+09 -4.09778664e-02 -6.64699733e-03  9.59022134e-01 -6.64699733e-03 
 2.34422882e+09 -4.12892575e-02 -6.25436599e-03  9.58710742e-01 -6.25436599e-03 
 2.39883292e+09 -4.15734205e-02 -5.87386970e-03  9.58426579e-01 -5.87386970e-03 
 2.45470892e+09 -4.18319430e-02 -5.50561343e-03  9.58168057e-01 -5.50561343e-03 
 2.51188643e+09 -4.20663510e-02 -5.14966079e-03  9.57933649e-01 -5.14966079e-03 
 2.57039578e+09 -4.22781106e-02 -4.80603636e-03  9.57721889e-01 -4.80603636e-03 
 2.63026799e+09 -4.24686287e-02 -4.47472800e-03  9.57531371e-01 -4.47472800e-03 
 2.69153480e+09 -4.26392545e-02 -4.15568909e-03  9.57360746e-01 -4.15568909e-03 
 2.75422870e+09 -4.27912801e-02 -3.84884079e-03  9.57208720e-01 -3.84884079e-03 
 2.81838293e+09 -4.29259421e-02 -3.55407425e-03  9.57074058e-01 -3.55407425e-03 
 2.88403150e+09 -4.30444224e-02 -3.27125283e-03  9.56955578e-01 -3.27125283e-03 
 2.95120923e+09 -4.31478492e-02 -3.00021425e-03  9.56852151e-01 -3.00021425e-03 
 3.01995172e+09 -4.32372982e-02 -2.74077275e-03  9.56762702e-01 -2.74077275e-03 
 3.09029543e+09 -4.33137936e-02 -2.49272118e-03  9.56686206e-01 -2.49272118e-03 
 3.16227766e+09 -4.33783092e-02 -2.25583312e-03  9.56621691e-01 -2.25583312e-03 
 3.23593657e+09 -4.34317697e-02 -2.02986482e-03  9.56568230e-01 -2.02986482e-03 
 3.31131121e+09 -4.34750519e-02 -1.81455725e-03  9.56524948e-01 -1.81455725e-03 
 3.38844156e+09 -4.35089856e-02 -1.60963799e-03  9.56491014e-01 -1.60963799e-03 
 3.46736850e+09 -4.35343553e-02 -1.41482308e-03  9.56465645e-01 -1.41482308e-03 
 3.54813389e+09 -4.35519011e-02 -1.22981881e-03  9.56448099e-01 -1.22981881e-03 
 3.63078055e+09 -4.35623204e-02 -1.05432343e-03  9.56437680e-01 -1.05432343e-03 
 3.71535229e+09 -4.35662690e-02 -8.88028811e-04  9.56433731e-01 -8.88028811e-04 
 3.80189396e+09 -4.35643625e-02 -7.30621947e-04  9.56435637e-01 -7.30621947e-04 
 3.89045145e+09 -4.35571780e-02 -5.81786471e-04  9.56442822e-01 -5.81786471e-04 
 3.98107171e+09 -4.35452552e-02 -4.41204008e-04  9.56454745e-01 -4.41204008e-04 
 4.07380278e+09 -4.35290979e-02 -3.08555470e-04  9.56470902e-01 -3.08555470e-04 
 4.16869383e+09 -4.35091759e-02 -1.83522255e-04  9.56490824e-01 -1.83522255e-04 
 4.26579519e+09 -4.34859257e-02 -6.57873483e-05  9.56514074e-01 -6.57873483e-05 
 4.36515832e+09 -4.34597528e-02  4.49636631e-05  9.56540247e-01  4.49636631e-05 
 4.46683592e+09 -4.34310326e-02  1.49041668e-04  9.56568967e-01  1.49041668e-04 
 4.57088190e+09 -4.34001119e-02  2.46753201e-04  9.56599888e-01  2.46753201e-04 
 4.67735141e+09 -4.33673106e-02  3.38399695e-04  9.56632689e-01  3.38399695e-04 
 4.78630092e+09 -4.33329230e-02  4.24276824e-04  9.56667077e-01  4.24276824e-04 
 4.89778819e+09 -4.32972191e-02  5.04673924e-04  9.56702781e-01  5.04673924e-04 
 5.01187234e+09 -4.32604461e-02  5.79873497e-04  9.56739554e-01  5.79873497e-04 
 5.12861384e+09 -4.32228295e-02  6.50150783e-04  9.56777171e-01  6.50150783e-04 
 5.24807460e+09 -4.31845746e-02  7.15773409e-04  9.56815425e-01  7.15773409e-04 
 5.37031796e+09 -4.31458677e-02  7.77001104e-04  9.56854132e-01  7.77001104e-04 
 5.49540874e+09 -4.31068774e-02  8.34085472e-04  9.56893123e-01  8.34085472e-04 
 5.62341325e+09 -4.30677555e-02  8.87269831e-04  9.56932245e-01  8.87269831e-04 
 5.75439937e+09 -4.30286383e-02  9.36789097e-04  9.56971362e-01  9.36789097e-04 
 5.88843655e+09 -4.29896478e-02  9.82869723e-04  9.57010352e-01  9.82869723e-04 
 6.02559586e+09 -4.29508925e-02  1.02572968e-03  9.57049108e-01  1.02572968e-03 
 6.16595002e+09 -4.29124683e-02  1.06557849e-03  9.57087532e-01  1.06557849e-03 
 6.30957344e+09 -4.28744597e-02  1.10261726e-03  9.57125540e-01  1.10261726e-03 
 6.45654229e+09 -4.28369408e-02  1.13703880e-03  9.57163059e-01  1.13703880e-03 
 6.60693448e+09 -4.27999755e-02  1.16902776e-03  9.57200025e-01  1.16902776e-03 
 6.76082975e+09 -4.27636189e-02  1.19876071e-03  9.57236381e-01  1.19876071e-03 
 6.91830971e+09 -4.27279179e-02  1.22640638e-03  9.57272082e-01  1.22640638e-03 
 7.07945784e+09 -4.26929116e-02  1.25212581e-03  9.57307088e-01  1.25212581e-03 
 7.24435960e+09 -4.26586323e-02  1.27607257e-03  9.57341368e-01  1.27607257e-03 
 7.41310241e+09 -4.26251062e-02  1.29839296e-03  9.57374894e-01  1.29839296e-03 
 7.58577575e+09 -4.25923535e-02  1.31922626e-03  9.57407647e-01  1.31922626e-03 
 7.76247117e+09 -4.25603892e-02  1.33870493e-03  9.57439611e-01  1.33870493e-03 
 7.94328235e+09 -4.25292237e-02  1.35695489e-03  9.57470776e-01  1.35695489e-03 
 8.12830516e+09 -4.24988632e-02  1.37409574e-03  9.57501137e-01  1.37409574e-03 
 8.31763771e+09 -4.24693100e-02  1.39024101e-03  9.57530690e-01  1.39024101e-03 
 8.51138038e+09 -4.24405630e-02  1.40549843e-03  9.57559437e-01  1.40549843e-03 
 8.70963590e+09 -4.24126180e-02  1.41997014e-03  9.57587382e-01  1.41997014e-03 
 8.91250938e+09 -4.23854682e-02  1.43375298e-03  9.57614532e-01  1.43375298e-03 
 9.12010839e+09 -4.23591042e-02  1.44693869e-03  9.57640896e-01  1.44693869e-03 
 9.33254301e+09 -4.23335147e-02  1.45961419e-03  9.57666485e-01  1.45961419e-03 
 9.54992586e+09 -4.23086862e-02  1.47186178e-03  9.57691314e-01  1.47186178e-03 
 9.77237221e+09 -4.22846038e-02  1.48375941e-03  9.57715396e-01  1.48375941e-03 
 1.00000000e+10 -4.22612512e-02  1.49538085e-03  9.57738749e-01  1.49538085e-03 
 1.02329299e+10 -4.22386108e-02  1.50679599e-03  9.57761389e-01  1.50679599e-03 
 1.04712855e+10 -4.22166638e-02  1.51807094e-03  9.57783336e-01  1.51807094e-03 
 1.07151931e+10 -4.21953906e-02  1.52926836e-03  9.57804609e-01  1.52926836e-03 
 1.09647820e+10 -4.21747710e-02  1.54044755e-03  9.57825229e-01  1.54044755e-03 
 1.12201845e+10 -4.21547839e-02  1.55166471e-03  9.57845216e-01  1.55166471e-03 
 1.14815362e+10 -4.21354079e-02  1.56297310e-03  9.57864592e-01  1.56297310e-03 
 1.17489755e+10 -4.21166211e-02  1.57442321e-03  9.57883379e-01  1.57442321e-03 
 1.20226443e+10 -4.20984012e-02  1.58606296e-03  9.57901599e-01  1.58606296e-03 
 1.23026877e+10 -4.20807257e-02  1.59793783e-03  9.57919274e-01  1.59793783e-03 
 1.25892541e+10 -4.20635721e-02  1.61009100e-03  9.57936428e-01  1.61009100e-03 
 1.28824955e+10 -4.20469174e-02  1.62256357e-03  9.57953083e-01  1.62256357e-03 
 1.31825674e+10 -4.20307390e-02  1.63539462e-03  9.57969261e-01  1.63539462e-03 
 1.34896288e+10 -4.20150139e-02  1.64862140e-03  9.57984986e-01  1.64862140e-03 
 1.38038426e+10 -4.19997193e-02  1.66227944e-03  9.58000281e-01  1.66227944e-03 
 1.41253754e+10 -4.19848324e-02  1.67640266e-03  9.58015168e-01  1.67640266e-03 
 1.44543977e+10 -4.19703304e-02  1.69102350e-03  9.58029670e-01  1.69102350e-03 
 1.47910839e+10 -4.19561907e-02  1.70617303e-03  9.58043809e-01  1.70617303e-03 
 1.51356125e+10 -4.19423907e-02  1.72188105e-03  9.58057609e-01  1.72188105e-03 
 1.54881662e+10 -4.19289080e-02  1.73817619e-03  9.58071092e-01  1.73817619e-03 
 1.58489319e+10 -4.19157203e-02  1.75508599e-03  9.58084280e-01  1.75508599e-03 
 1.62181010e+10 -4.19028054e-02  1.77263702e-03  9.58097195e-01  1.77263702e-03 
 1.65958691e+10 -4.18901410e-02  1.79085492e-03  9.58109859e-01  1.79085492e-03 
 1.69824365e+10 -4.18777054e-02  1.80976452e-03  9.58122295e-01  1.80976452e-03 
 1.73780083e+10 -4.18654764e-02  1.82938987e-03  9.58134524e-01  1.82938987e-03 
 1.77827941e+10 -4.18534325e-02  1.84975436e-03  9.58146568e-01  1.84975436e-03 
 1.81970086e+10 -4.18415517e-02  1.87088073e-03  9.58158448e-01  1.87088073e-03 
 1.86208714e+10 -4.18298124e-02  1.89279117e-03  9.58170188e-01  1.89279117e-03 
 1.90546072e+10 -4.18181930e-02  1.91550737e-03  9.58181807e-01  1.91550737e-03 
 1.94984460e+10 -4.18066718e-02  1.93905055e-03  9.58193328e-01  1.93905055e-03 
 1.99526231e+10 -4.17952273e-02  1.96344153e-03  9.58204773e-01  1.96344153e-03 
 2.04173794e+10 -4.17838377e-02  1.98870079e-03  9.58216162e-01  1.98870079e-03 
 2.08929613e+10 -4.17724813e-02  2.01484847e-03  9.58227519e-01  2.01484847e-03 
 2.13796209e+10 -4.17611365e-02  2.04190443e-03  9.58238864e-01  2.04190443e-03 
 2.18776162e+10 -4.17497812e-02  2.06988831e-03  9.58250219e-01  2.06988831e-03 
 2.23872114e+10 -4.17383934e-02  2.09881953e-03  9.58261607e-01  2.09881953e-03 
 2.29086765e+10 -4.17269511e-02  2.12871732e-03  9.58273049e-01  2.12871732e-03 
 2.34422882e+10 -4.17154317e-02  2.15960076e-03  9.58284568e-01  2.15960076e-03 
 2.39883292e+10 -4.17038127e-02  2.19148881e-03  9.58296187e-01  2.19148881e-03 
 2.45470892e+10 -4.16920712e-02  2.22440032e-03  9.58307929e-01  2.22440032e-03 
 2.51188643e+10 -4.16801841e-02  2.25835404e-03  9.58319816e-01  2.25835404e-03 
 2.57039578e+10 -4.16681278e-02  2.29336866e-03  9.58331872e-01  2.29336866e-03 
 2.63026799e+10 -4.16558785e-02  2.32946279e-03  9.58344122e-01  2.32946279e-03 
 2.69153480e+10 -4.16434120e-02  2.36665500e-03  9.58356588e-01  2.36665500e-03 
 2.75422870e+10 -4.16307035e-02  2.40496383e-03  9.58369297e-01  2.40496383e-03 
 2.81838293e+10 -4.16177278e-02  2.44440776e-03  9.58382272e-01  2.44440776e-03 
 2.88403150e+10 -4.16044594e-02  2.48500524e-03  9.58395541e-01  2.48500524e-03 
 2.95120923e+10 -4.15908719e-02  2.52677469e-03  9.58409128e-01  2.52677469e-03 
 3.01995172e+10 -4.15769385e-02  2.56973448e-03  9.58423061e-01  2.56973448e-03 
 3.09029543e+10 -4.15626318e-02  2.61390294e-03  9.58437368e-01  2.61390294e-03 
 3.16227766e+10 -4.15479235e-02  2.65929836e-03  9.58452077e-01  2.65929836e-03 
 3.23593657e+10 -4.15327848e-02  2.70593894e-03  9.58467215e-01  2.70593894e-03 
 3.31131121e+10 -4.15171860e-02  2.75384283e-03  9.58482814e-01  2.75384283e-03 
 3.38844156e+10 -4.15010968e-02  2.80302804e-03  9.58498903e-01  2.80302804e-03 
 3.46736850e+10 -4.14844858e-02  2.85351252e-03  9.58515514e-01  2.85351252e-03 
 3.54813389e+10 -4.14673209e-02  2.90531403e-03  9.58532679e-01  2.90531403e-03 
 3.63078055e+10 -4.14495689e-02  2.95845020e-03  9.58550431e-01  2.95845020e-03 
 3.71535229e+10 -4.14311956e-02  3.01293843e-03  9.58568804e-01  3.01293843e-03 
 3.80189396e+10 -4.14121661e-02  3.06879592e-03  9.58587834e-01  3.06879592e-03 
 3.89045145e+10 -4.13924440e-02  3.12603958e-03  9.58607556e-01  3.12603958e-03 
 3.98107171e+10 -4.13719921e-02  3.18468602e-03  9.58628008e-01  3.18468602e-03 
 4.07380278e+10 -4.13507719e-02  3.24475149e-03  9.58649228e-01  3.24475149e-03 
 4.16869383e+10 -4.13287437e-02  3.30625186e-03  9.58671256e-01  3.30625186e-03 
 4.26579519e+10 -4.13058665e-02  3.36920253e-03  9.58694134e-01  3.36920253e-03 
 4.36515832e+10 -4.12820981e-02  3.43361837e-03  9.58717902e-01  3.43361837e-03 
 4.46683592e+10 -4.12573950e-02  3.49951371e-03  9.58742605e-01  3.49951371e-03 
 4.57088190e+10 -4.12317123e-02  3.56690222e-03  9.58768288e-01  3.56690222e-03 
 4.67735141e+10 -4.12050035e-02  3.63579686e-03  9.58794996e-01  3.63579686e-03 
 4.78630092e+10 -4.11772210e-02  3.70620981e-03  9.58822779e-01  3.70620981e-03 
 4.89778819e+10 -4.11483153e-02  3.77815239e-03  9.58851685e-01  3.77815239e-03 
 5.01187234e+10 -4.11182358e-02  3.85163495e-03  9.58881764e-01  3.85163495e-03 
 5.12861384e+10 -4.10869300e-02  3.92666680e-03  9.58913070e-01  3.92666680e-03 
 5.24807460e+10 -4.10543440e-02  4.00325611e-03  9.58945656e-01  4.00325611e-03 
 5.37031796e+10 -4.10204223e-02  4.08140982e-03  9.58979578e-01  4.08140982e-03 
 5.49540874e+10 -4.09851076e-02  4.16113349e-03  9.59014892e-01  4.16113349e-03 
 5.62341325e+10 -4.09483411e-02  4.24243123e-03  9.59051659e-01  4.24243123e-03 
 5.75439937e+10 -4.09100623e-02  4.32530557e-03  9.59089938e-01  4.32530557e-03 
 5.88843655e+10 -4.08702090e-02  4.40975732e-03  9.59129791e-01  4.40975732e-03 
 6.02559586e+10 -4.08287175e-02  4.49578545e-03  9.59171283e-01  4.49578545e-03 
 6.16595002e+10 -4.07855221e-02  4.58338694e-03  9.59214478e-01  4.58338694e-03 
 6.30957344e+10 -4.07405558e-02  4.67255666e-03  9.59259444e-01  4.67255666e-03 
 6.45654229e+10 -4.06937496e-02  4.76328720e-03  9.59306250e-01  4.76328720e-03 
 6.60693448e+10 -4.06450333e-02  4.85556871e-03  9.59354967e-01  4.85556871e-03 
 6.76082975e+10 -4.05943346e-02  4.94938878e-03  9.59405665e-01  4.94938878e-03 
 6.91830971e+10 -4.05415802e-02  5.04473222e-03  9.59458420e-01  5.04473222e-03 
 7.07945784e+10 -4.04866950e-02  5.14158094e-03  9.59513305e-01  5.14158094e-03 
 7.24435960e+10 -4.04296025e-02  5.23991372e-03  9.59570398e-01  5.23991372e-03 
 7.41310241e+10 -4.03702250e-02  5.33970609e-03  9.59629775e-01  5.33970609e-03 
 7.58577575e+10 -4.03084834e-02  5.44093011e-03  9.59691517e-01  5.44093011e-03 
 7.76247117e+10 -4.02442976e-02  5.54355421e-03  9.59755702e-01  5.54355421e-03 
 7.94328235e+10 -4.01775865e-02  5.64754297e-03  9.59822414e-01  5.64754297e-03 
 8.12830516e+10 -4.01082679e-02  5.75285696e-03  9.59891732e-01  5.75285696e-03 
 8.31763771e+10 -4.00362591e-02  5.85945254e-03  9.59963741e-01  5.85945254e-03 
 8.51138038e+10 -3.99614767e-02  5.96728168e-03  9.60038523e-01  5.96728168e-03 
 8.70963590e+10 -3.98838371e-02  6.07629178e-03  9.60116163e-01  6.07629178e-03 
 8.91250938e+10 -3.98032563e-02  6.18642545e-03  9.60196744e-01  6.18642545e-03 
 9.12010839e+10 -3.97196505e-02  6.29762039e-03  9.60280349e-01  6.29762039e-03 
 9.33254301e+10 -3.96329363e-02  6.40980916e-03  9.60367064e-01  6.40980916e-03 
 9.54992586e+10 -3.95430305e-02  6.52291908e-03  9.60456970e-01  6.52291908e-03 
 9.77237221e+10 -3.94498512e-02  6.63687201e-03  9.60550149e-01  6.63687201e-03 
 1.00000000e+11 -3.93533173e-02  6.75158427e-03  9.60646683e-01  6.75158427e-03 
