 time            v(bufinp)       v(bufinn)       v(outp)         v(outn)        
 0.00000000e+00  2.23500000e+00  2.23500000e+00  2.66442025e+00  2.66442025e+00 
 2.00000000e-14  2.23502309e+00  2.23497691e+00  2.66443974e+00  2.66440077e+00 
 4.00000000e-14  2.23504618e+00  2.23495382e+00  2.66445720e+00  2.66438331e+00 
 8.00000000e-14  2.23509236e+00  2.23490764e+00  2.66448916e+00  2.66435135e+00 
 1.60000000e-13  2.23518473e+00  2.23481527e+00  2.66454453e+00  2.66429597e+00 
 3.20000000e-13  2.23536945e+00  2.23463055e+00  2.66462823e+00  2.66421228e+00 
 6.40000000e-13  2.23573890e+00  2.23426110e+00  2.66468017e+00  2.66416030e+00 
 1.28000000e-12  2.23647779e+00  2.23352221e+00  2.66435631e+00  2.66448360e+00 
 2.56000000e-12  2.23795548e+00  2.23204452e+00  2.66274783e+00  2.66608783e+00 
 3.92610272e-12  2.23953236e+00  2.23046764e+00  2.66057540e+00  2.66825097e+00 
 5.61359291e-12  2.24147975e+00  2.22852025e+00  2.65800640e+00  2.67080298e+00 
 7.48876577e-12  2.24364285e+00  2.22635715e+00  2.65540872e+00  2.67337777e+00 
 9.48876577e-12  2.24594863e+00  2.22405137e+00  2.65274399e+00  2.67601676e+00 
 1.14887658e-11  2.24825267e+00  2.22174733e+00  2.65006171e+00  2.67867331e+00 
 1.34887658e-11  2.25055462e+00  2.21944538e+00  2.64734893e+00  2.68136006e+00 
 1.54887658e-11  2.25285411e+00  2.21714589e+00  2.64463054e+00  2.68405155e+00 
 1.74887658e-11  2.25515079e+00  2.21484921e+00  2.64191934e+00  2.68673482e+00 
 1.94887658e-11  2.25744428e+00  2.21255572e+00  2.63921386e+00  2.68941159e+00 
 2.14887658e-11  2.25973423e+00  2.21026577e+00  2.63651054e+00  2.69208566e+00 
 2.34887658e-11  2.26202027e+00  2.20797973e+00  2.63380816e+00  2.69475826e+00 
 2.54887658e-11  2.26430205e+00  2.20569795e+00  2.63110466e+00  2.69743138e+00 
 2.74887658e-11  2.26657919e+00  2.20342081e+00  2.62839337e+00  2.70011163e+00 
 2.94887658e-11  2.26885136e+00  2.20114864e+00  2.62566142e+00  2.70281178e+00 
 3.14887658e-11  2.27111817e+00  2.19888183e+00  2.62288964e+00  2.70555086e+00 
 3.34887658e-11  2.27337929e+00  2.19662071e+00  2.62005326e+00  2.70835339e+00 
 3.54887658e-11  2.27563434e+00  2.19436566e+00  2.61712477e+00  2.71124651e+00 
 3.74887658e-11  2.27788297e+00  2.19211703e+00  2.61407980e+00  2.71425409e+00 
 3.94887658e-11  2.28012484e+00  2.18987516e+00  2.61090531e+00  2.71738865e+00 
 4.14887658e-11  2.28235958e+00  2.18764042e+00  2.60760693e+00  2.72064408e+00 
 4.34887658e-11  2.28458684e+00  2.18541316e+00  2.60421189e+00  2.72399287e+00 
 4.54887658e-11  2.28680626e+00  2.18319374e+00  2.60076506e+00  2.72739023e+00 
 4.74887658e-11  2.28901751e+00  2.18098249e+00  2.59731811e+00  2.73078497e+00 
 4.94887658e-11  2.29122023e+00  2.17877977e+00  2.59391552e+00  2.73413348e+00 
 5.14887658e-11  2.29341407e+00  2.17658593e+00  2.59058274e+00  2.73741127e+00 
 5.34887658e-11  2.29559869e+00  2.17440131e+00  2.58732179e+00  2.74061719e+00 
 5.54887658e-11  2.29777374e+00  2.17222626e+00  2.58411608e+00  2.74376827e+00 
 5.74887658e-11  2.29993887e+00  2.17006113e+00  2.58094211e+00  2.74688789e+00 
 5.94887658e-11  2.30209375e+00  2.16790625e+00  2.57778250e+00  2.74999296e+00 
 6.14887658e-11  2.30423803e+00  2.16576197e+00  2.57463441e+00  2.75308567e+00 
 6.34887658e-11  2.30637139e+00  2.16362861e+00  2.57151047e+00  2.75615294e+00 
 6.54887658e-11  2.30849347e+00  2.16150653e+00  2.56843325e+00  2.75917215e+00 
 6.74887658e-11  2.31060394e+00  2.15939606e+00  2.56542696e+00  2.76211937e+00 
 6.94887658e-11  2.31270248e+00  2.15729752e+00  2.56251080e+00  2.76497593e+00 
 7.14887658e-11  2.31478875e+00  2.15521125e+00  2.55969577e+00  2.76773128e+00 
 7.34887658e-11  2.31686241e+00  2.15313759e+00  2.55698481e+00  2.77038282e+00 
 7.54887658e-11  2.31892315e+00  2.15107685e+00  2.55437403e+00  2.77293454e+00 
 7.74887658e-11  2.32097064e+00  2.14902936e+00  2.55185372e+00  2.77539615e+00 
 7.94887658e-11  2.32300455e+00  2.14699545e+00  2.54940852e+00  2.77778293e+00 
 8.14887658e-11  2.32502457e+00  2.14497543e+00  2.54701797e+00  2.78011528e+00 
 8.34887658e-11  2.32703037e+00  2.14296963e+00  2.54465852e+00  2.78241661e+00 
 8.54887658e-11  2.32902163e+00  2.14097837e+00  2.54230725e+00  2.78470966e+00 
 8.74887658e-11  2.33099805e+00  2.13900195e+00  2.53994632e+00  2.78701195e+00 
 8.94887658e-11  2.33295931e+00  2.13704069e+00  2.53756646e+00  2.78933241e+00 
 9.14887658e-11  2.33490510e+00  2.13509490e+00  2.53516789e+00  2.79167052e+00 
 9.34887658e-11  2.33683512e+00  2.13316488e+00  2.53275822e+00  2.79401853e+00 
 9.54887658e-11  2.33874905e+00  2.13125095e+00  2.53034814e+00  2.79636578e+00 
 9.74887658e-11  2.34064660e+00  2.12935340e+00  2.52794638e+00  2.79870375e+00 
 9.94887658e-11  2.34252747e+00  2.12747253e+00  2.52555592e+00  2.80102972e+00 
 1.01488766e-10  2.34439136e+00  2.12560864e+00  2.52317256e+00  2.80334811e+00 
 1.03488766e-10  2.34623797e+00  2.12376203e+00  2.52078637e+00  2.80566899e+00 
 1.05488766e-10  2.34806702e+00  2.12193298e+00  2.51838516e+00  2.80800450e+00 
 1.07488766e-10  2.34987822e+00  2.12012178e+00  2.51595882e+00  2.81036462e+00 
 1.09488766e-10  2.35167127e+00  2.11832873e+00  2.51350290e+00  2.81275363e+00 
 1.11488766e-10  2.35344590e+00  2.11655410e+00  2.51102046e+00  2.81516828e+00 
 1.13488766e-10  2.35520182e+00  2.11479818e+00  2.50852183e+00  2.81759817e+00 
 1.15488766e-10  2.35693877e+00  2.11306123e+00  2.50602260e+00  2.82002776e+00 
 1.17488766e-10  2.35865646e+00  2.11134354e+00  2.50354067e+00  2.82243929e+00 
 1.19488766e-10  2.36035462e+00  2.10964538e+00  2.50109334e+00  2.82481569e+00 
 1.21488766e-10  2.36203298e+00  2.10796702e+00  2.49869499e+00  2.82714280e+00 
 1.23488766e-10  2.36369129e+00  2.10630871e+00  2.49635576e+00  2.82941072e+00 
 1.25488766e-10  2.36532928e+00  2.10467072e+00  2.49408108e+00  2.83161418e+00 
 1.27488766e-10  2.36694668e+00  2.10305332e+00  2.49187208e+00  2.83375219e+00 
 1.29488766e-10  2.36854325e+00  2.10145675e+00  2.48972658e+00  2.83582702e+00 
 1.31488766e-10  2.37011873e+00  2.09988127e+00  2.48764058e+00  2.83784275e+00 
 1.33488766e-10  2.37167287e+00  2.09832713e+00  2.48560994e+00  2.83980351e+00 
 1.35488766e-10  2.37320544e+00  2.09679456e+00  2.48363203e+00  2.84171195e+00 
 1.37488766e-10  2.37471617e+00  2.09528383e+00  2.48170677e+00  2.84356814e+00 
 1.39488766e-10  2.37620485e+00  2.09379515e+00  2.47983676e+00  2.84536950e+00 
 1.41488766e-10  2.37767122e+00  2.09232878e+00  2.47802645e+00  2.84711162e+00 
 1.43488766e-10  2.37911507e+00  2.09088493e+00  2.47628040e+00  2.84879004e+00 
 1.45488766e-10  2.38053616e+00  2.08946384e+00  2.47460127e+00  2.85040221e+00 
 1.47488766e-10  2.38193427e+00  2.08806573e+00  2.47298820e+00  2.85194916e+00 
 1.49488766e-10  2.38330917e+00  2.08669083e+00  2.47143601e+00  2.85343620e+00 
 1.51488766e-10  2.38466066e+00  2.08533934e+00  2.46993563e+00  2.85487252e+00 
 1.53488766e-10  2.38598851e+00  2.08401149e+00  2.46847554e+00  2.85626970e+00 
 1.55488766e-10  2.38729252e+00  2.08270748e+00  2.46704377e+00  2.85763974e+00 
 1.57488766e-10  2.38857248e+00  2.08142752e+00  2.46562993e+00  2.85899303e+00 
 1.59488766e-10  2.38982819e+00  2.08017181e+00  2.46422671e+00  2.86033685e+00 
 1.61488766e-10  2.39105945e+00  2.07894055e+00  2.46283055e+00  2.86167482e+00 
 1.63488766e-10  2.39226607e+00  2.07773393e+00  2.46144133e+00  2.86300707e+00 
 1.65488766e-10  2.39344785e+00  2.07655215e+00  2.46006152e+00  2.86433127e+00 
 1.67488766e-10  2.39460461e+00  2.07539539e+00  2.45869483e+00  2.86564379e+00 
 1.69488766e-10  2.39573617e+00  2.07426383e+00  2.45734498e+00  2.86694109e+00 
 1.71488766e-10  2.39684235e+00  2.07315765e+00  2.45601470e+00  2.86822058e+00 
 1.73488766e-10  2.39792297e+00  2.07207703e+00  2.45470526e+00  2.86948112e+00 
 1.75488766e-10  2.39897786e+00  2.07102214e+00  2.45341654e+00  2.87072297e+00 
 1.77488766e-10  2.40000686e+00  2.06999314e+00  2.45214752e+00  2.87194726e+00 
 1.79488766e-10  2.40100980e+00  2.06899020e+00  2.45089718e+00  2.87315514e+00 
 1.81488766e-10  2.40198653e+00  2.06801347e+00  2.44966533e+00  2.87434687e+00 
 1.83488766e-10  2.40293689e+00  2.06706311e+00  2.44845349e+00  2.87552107e+00 
 1.85488766e-10  2.40386073e+00  2.06613927e+00  2.44726521e+00  2.87667427e+00 
 1.87488766e-10  2.40475790e+00  2.06524210e+00  2.44610606e+00  2.87780103e+00 
 1.89488766e-10  2.40562827e+00  2.06437173e+00  2.44498296e+00  2.87889452e+00 
 1.91488766e-10  2.40647169e+00  2.06352831e+00  2.44390330e+00  2.87994750e+00 
 1.93488766e-10  2.40728804e+00  2.06271196e+00  2.44287374e+00  2.88095344e+00 
 1.95488766e-10  2.40807717e+00  2.06192283e+00  2.44189924e+00  2.88190749e+00 
 1.97488766e-10  2.40883898e+00  2.06116102e+00  2.44098241e+00  2.88280716e+00 
 1.99488766e-10  2.40957334e+00  2.06042666e+00  2.44012344e+00  2.88365235e+00 
 2.01488766e-10  2.41028013e+00  2.05971987e+00  2.43932047e+00  2.88444501e+00 
 2.03488766e-10  2.41095924e+00  2.05904076e+00  2.43857033e+00  2.88518836e+00 
 2.05488766e-10  2.41161057e+00  2.05838943e+00  2.43786952e+00  2.88588596e+00 
 2.07488766e-10  2.41223400e+00  2.05776600e+00  2.43721489e+00  2.88654100e+00 
 2.09488766e-10  2.41282945e+00  2.05717055e+00  2.43660424e+00  2.88715572e+00 
 2.11488766e-10  2.41339682e+00  2.05660318e+00  2.43603630e+00  2.88773144e+00 
 2.13488766e-10  2.41393602e+00  2.05606398e+00  2.43551050e+00  2.88826875e+00 
 2.15488766e-10  2.41444696e+00  2.05555304e+00  2.43502647e+00  2.88876807e+00 
 2.17488766e-10  2.41492956e+00  2.05507044e+00  2.43458340e+00  2.88923021e+00 
 2.19488766e-10  2.41538375e+00  2.05461625e+00  2.43417958e+00  2.88965689e+00 
 2.21488766e-10  2.41580946e+00  2.05419054e+00  2.43381218e+00  2.89005096e+00 
 2.23488766e-10  2.41620661e+00  2.05379339e+00  2.43347726e+00  2.89041632e+00 
 2.25488766e-10  2.41657515e+00  2.05342485e+00  2.43317017e+00  2.89075761e+00 
 2.27488766e-10  2.41691502e+00  2.05308498e+00  2.43288609e+00  2.89107961e+00 
 2.29488766e-10  2.41722616e+00  2.05277384e+00  2.43262065e+00  2.89138666e+00 
 2.31488766e-10  2.41750852e+00  2.05249148e+00  2.43237056e+00  2.89168201e+00 
 2.33488766e-10  2.41776207e+00  2.05223793e+00  2.43213393e+00  2.89196753e+00 
 2.35488766e-10  2.41798675e+00  2.05201325e+00  2.43191045e+00  2.89224349e+00 
 2.37488766e-10  2.41818254e+00  2.05181746e+00  2.43170116e+00  2.89250880e+00 
 2.39488766e-10  2.41834940e+00  2.05165060e+00  2.43150807e+00  2.89276139e+00 
 2.41488766e-10  2.41848731e+00  2.05151269e+00  2.43133365e+00  2.89299872e+00 
 2.43488766e-10  2.41859625e+00  2.05140375e+00  2.43118030e+00  2.89321831e+00 
 2.45488766e-10  2.41867619e+00  2.05132381e+00  2.43104997e+00  2.89341809e+00 
 2.47488766e-10  2.41872713e+00  2.05127287e+00  2.43094404e+00  2.89359660e+00 
 2.49488766e-10  2.41874905e+00  2.05125095e+00  2.43086330e+00  2.89375288e+00 
 2.51488766e-10  2.41874196e+00  2.05125804e+00  2.43080833e+00  2.89388627e+00 
 2.53488766e-10  2.41870585e+00  2.05129415e+00  2.43077972e+00  2.89399603e+00 
 2.55488766e-10  2.41864074e+00  2.05135926e+00  2.43077849e+00  2.89408101e+00 
 2.57488766e-10  2.41854663e+00  2.05145337e+00  2.43080623e+00  2.89413950e+00 
 2.59488766e-10  2.41842353e+00  2.05157647e+00  2.43086514e+00  2.89416917e+00 
 2.61488766e-10  2.41827146e+00  2.05172854e+00  2.43095782e+00  2.89416726e+00 
 2.63488766e-10  2.41809046e+00  2.05190954e+00  2.43108697e+00  2.89413091e+00 
 2.65488766e-10  2.41788054e+00  2.05211946e+00  2.43125499e+00  2.89405754e+00 
 2.67488766e-10  2.41764175e+00  2.05235825e+00  2.43146362e+00  2.89394524e+00 
 2.69488766e-10  2.41737411e+00  2.05262589e+00  2.43171369e+00  2.89379295e+00 
 2.71488766e-10  2.41707768e+00  2.05292232e+00  2.43200506e+00  2.89360062e+00 
 2.73488766e-10  2.41675249e+00  2.05324751e+00  2.43233669e+00  2.89336909e+00 
 2.75488766e-10  2.41639860e+00  2.05360140e+00  2.43270688e+00  2.89309985e+00 
 2.77488766e-10  2.41601607e+00  2.05398393e+00  2.43311364e+00  2.89279472e+00 
 2.79488766e-10  2.41560495e+00  2.05439505e+00  2.43355493e+00  2.89245554e+00 
 2.81488766e-10  2.41516531e+00  2.05483469e+00  2.43402902e+00  2.89208391e+00 
 2.83488766e-10  2.41469723e+00  2.05530277e+00  2.43453452e+00  2.89168101e+00 
 2.85488766e-10  2.41420076e+00  2.05579924e+00  2.43507050e+00  2.89124764e+00 
 2.87488766e-10  2.41367600e+00  2.05632400e+00  2.43563629e+00  2.89078431e+00 
 2.89488766e-10  2.41312302e+00  2.05687698e+00  2.43623133e+00  2.89029140e+00 
 2.91488766e-10  2.41254192e+00  2.05745808e+00  2.43685498e+00  2.88976939e+00 
 2.93488766e-10  2.41193278e+00  2.05806722e+00  2.43750640e+00  2.88921895e+00 
 2.95488766e-10  2.41129570e+00  2.05870430e+00  2.43818446e+00  2.88864105e+00 
 2.97488766e-10  2.41063078e+00  2.05936922e+00  2.43888787e+00  2.88803681e+00 
 2.99488766e-10  2.40993813e+00  2.06006187e+00  2.43961534e+00  2.88740741e+00 
 3.01488766e-10  2.40921785e+00  2.06078215e+00  2.44036576e+00  2.88675384e+00 
 3.03488766e-10  2.40847006e+00  2.06152994e+00  2.44113845e+00  2.88607667e+00 
 3.05488766e-10  2.40769488e+00  2.06230512e+00  2.44193333e+00  2.88537591e+00 
 3.07488766e-10  2.40689242e+00  2.06310758e+00  2.44275093e+00  2.88465092e+00 
 3.09488766e-10  2.40606283e+00  2.06393717e+00  2.44359242e+00  2.88390051e+00 
 3.11488766e-10  2.40520622e+00  2.06479378e+00  2.44445937e+00  2.88312300e+00 
 3.13488766e-10  2.40432273e+00  2.06567727e+00  2.44535362e+00  2.88231647e+00 
 3.15488766e-10  2.40341251e+00  2.06658749e+00  2.44627705e+00  2.88147898e+00 
 3.17488766e-10  2.40247569e+00  2.06752431e+00  2.44723136e+00  2.88060875e+00 
 3.19488766e-10  2.40151242e+00  2.06848758e+00  2.44821799e+00  2.87970425e+00 
 3.21488766e-10  2.40052286e+00  2.06947714e+00  2.44923808e+00  2.87876428e+00 
 3.23488766e-10  2.39950717e+00  2.07049283e+00  2.45029254e+00  2.87778788e+00 
 3.25488766e-10  2.39846549e+00  2.07153451e+00  2.45138210e+00  2.87677428e+00 
 3.27488766e-10  2.39739800e+00  2.07260200e+00  2.45250744e+00  2.87572277e+00 
 3.29488766e-10  2.39630487e+00  2.07369513e+00  2.45366932e+00  2.87463260e+00 
 3.31488766e-10  2.39518627e+00  2.07481373e+00  2.45486854e+00  2.87350294e+00 
 3.33488766e-10  2.39404237e+00  2.07595763e+00  2.45610597e+00  2.87233292e+00 
 3.35488766e-10  2.39287335e+00  2.07712665e+00  2.45738245e+00  2.87112170e+00 
 3.37488766e-10  2.39167941e+00  2.07832059e+00  2.45869868e+00  2.86986859e+00 
 3.39488766e-10  2.39046072e+00  2.07953928e+00  2.46005506e+00  2.86857316e+00 
 3.41488766e-10  2.38921749e+00  2.08078251e+00  2.46145164e+00  2.86723535e+00 
 3.43488766e-10  2.38794990e+00  2.08205010e+00  2.46288806e+00  2.86585554e+00 
 3.45488766e-10  2.38665816e+00  2.08334184e+00  2.46436356e+00  2.86443448e+00 
 3.47488766e-10  2.38534247e+00  2.08465753e+00  2.46587707e+00  2.86297325e+00 
 3.49488766e-10  2.38400304e+00  2.08599696e+00  2.46742734e+00  2.86147313e+00 
 3.51488766e-10  2.38264008e+00  2.08735992e+00  2.46901309e+00  2.85993544e+00 
 3.53488766e-10  2.38125381e+00  2.08874619e+00  2.47063311e+00  2.85836146e+00 
 3.55488766e-10  2.37984444e+00  2.09015556e+00  2.47228636e+00  2.85675226e+00 
 3.57488766e-10  2.37841220e+00  2.09158780e+00  2.47397199e+00  2.85510876e+00 
 3.59488766e-10  2.37695731e+00  2.09304269e+00  2.47568936e+00  2.85343165e+00 
 3.61488766e-10  2.37548000e+00  2.09452000e+00  2.47743795e+00  2.85172150e+00 
 3.63488766e-10  2.37398052e+00  2.09601948e+00  2.47921731e+00  2.84997881e+00 
 3.65488766e-10  2.37245908e+00  2.09754092e+00  2.48102699e+00  2.84820406e+00 
 3.67488766e-10  2.37091594e+00  2.09908406e+00  2.48286653e+00  2.84639776e+00 
 3.69488766e-10  2.36935134e+00  2.10064866e+00  2.48473543e+00  2.84456046e+00 
 3.71488766e-10  2.36776552e+00  2.10223448e+00  2.48663321e+00  2.84269267e+00 
 3.73488766e-10  2.36615874e+00  2.10384126e+00  2.48855946e+00  2.84079486e+00 
 3.75488766e-10  2.36453124e+00  2.10546876e+00  2.49051392e+00  2.83886735e+00 
 3.77488766e-10  2.36288329e+00  2.10711671e+00  2.49249651e+00  2.83691027e+00 
 3.79488766e-10  2.36121515e+00  2.10878485e+00  2.49450740e+00  2.83492352e+00 
 3.81488766e-10  2.35952707e+00  2.11047293e+00  2.49654695e+00  2.83290679e+00 
 3.83488766e-10  2.35781933e+00  2.11218067e+00  2.49861567e+00  2.83085960e+00 
 3.85488766e-10  2.35609220e+00  2.11390780e+00  2.50071419e+00  2.82878139e+00 
 3.87488766e-10  2.35434594e+00  2.11565406e+00  2.50284311e+00  2.82667156e+00 
 3.89488766e-10  2.35258084e+00  2.11741916e+00  2.50500295e+00  2.82452963e+00 
 3.91488766e-10  2.35079717e+00  2.11920283e+00  2.50719409e+00  2.82235524e+00 
 3.93488766e-10  2.34899521e+00  2.12100479e+00  2.50941673e+00  2.82014821e+00 
 3.95488766e-10  2.34717526e+00  2.12282474e+00  2.51167089e+00  2.81790854e+00 
 3.97488766e-10  2.34533759e+00  2.12466241e+00  2.51395645e+00  2.81563637e+00 
 3.99488766e-10  2.34348249e+00  2.12651751e+00  2.51627318e+00  2.81333195e+00 
 4.01488766e-10  2.34161027e+00  2.12838973e+00  2.51862078e+00  2.81099561e+00 
 4.03488766e-10  2.33972121e+00  2.13027879e+00  2.52099892e+00  2.80862771e+00 
 4.05488766e-10  2.33781562e+00  2.13218438e+00  2.52340725e+00  2.80622862e+00 
 4.07488766e-10  2.33589378e+00  2.13410622e+00  2.52584538e+00  2.80379875e+00 
 4.09488766e-10  2.33395602e+00  2.13604398e+00  2.52831283e+00  2.80133859e+00 
 4.11488766e-10  2.33200263e+00  2.13799737e+00  2.53080906e+00  2.79884870e+00 
 4.13488766e-10  2.33003392e+00  2.13996608e+00  2.53333338e+00  2.79632979e+00 
 4.15488766e-10  2.32805021e+00  2.14194979e+00  2.53588494e+00  2.79378269e+00 
 4.17488766e-10  2.32605180e+00  2.14394820e+00  2.53846277e+00  2.79120839e+00 
 4.19488766e-10  2.32403901e+00  2.14596099e+00  2.54106581e+00  2.78860798e+00 
 4.21488766e-10  2.32201216e+00  2.14798784e+00  2.54369292e+00  2.78598259e+00 
 4.23488766e-10  2.31997157e+00  2.15002843e+00  2.54634295e+00  2.78333339e+00 
 4.25488766e-10  2.31791757e+00  2.15208243e+00  2.54901482e+00  2.78066148e+00 
 4.27488766e-10  2.31585047e+00  2.15414953e+00  2.55170753e+00  2.77796788e+00 
 4.29488766e-10  2.31377060e+00  2.15622940e+00  2.55442021e+00  2.77525349e+00 
 4.31488766e-10  2.31167830e+00  2.15832170e+00  2.55715208e+00  2.77251908e+00 
 4.33488766e-10  2.30957388e+00  2.16042612e+00  2.55990251e+00  2.76976532e+00 
 4.35488766e-10  2.30745770e+00  2.16254230e+00  2.56267092e+00  2.76699279e+00 
 4.37488766e-10  2.30533006e+00  2.16466994e+00  2.56545680e+00  2.76420201e+00 
 4.39488766e-10  2.30319133e+00  2.16680867e+00  2.56825964e+00  2.76139349e+00 
 4.41488766e-10  2.30104182e+00  2.16895818e+00  2.57107899e+00  2.75856769e+00 
 4.43488766e-10  2.29888189e+00  2.17111811e+00  2.57391439e+00  2.75572508e+00 
 4.45488766e-10  2.29671186e+00  2.17328814e+00  2.57676542e+00  2.75286609e+00 
 4.47488766e-10  2.29453210e+00  2.17546790e+00  2.57963169e+00  2.74999109e+00 
 4.49488766e-10  2.29234293e+00  2.17765707e+00  2.58251288e+00  2.74710043e+00 
 4.51488766e-10  2.29014471e+00  2.17985529e+00  2.58540876e+00  2.74419435e+00 
 4.53488766e-10  2.28793777e+00  2.18206223e+00  2.58831911e+00  2.74127306e+00 
 4.55488766e-10  2.28572248e+00  2.18427752e+00  2.59124381e+00  2.73833669e+00 
 4.57488766e-10  2.28349918e+00  2.18650082e+00  2.59418274e+00  2.73538538e+00 
 4.59488766e-10  2.28126822e+00  2.18873178e+00  2.59713574e+00  2.73241925e+00 
 4.61488766e-10  2.27902996e+00  2.19097004e+00  2.60010263e+00  2.72943851e+00 
 4.63488766e-10  2.27678474e+00  2.19321526e+00  2.60308314e+00  2.72644341e+00 
 4.65488766e-10  2.27453293e+00  2.19546707e+00  2.60607691e+00  2.72343430e+00 
 4.67488766e-10  2.27227487e+00  2.19772513e+00  2.60908349e+00  2.72041165e+00 
 4.69488766e-10  2.27001092e+00  2.19998908e+00  2.61210231e+00  2.71737599e+00 
 4.71488766e-10  2.26774145e+00  2.20225855e+00  2.61513276e+00  2.71432795e+00 
 4.73488766e-10  2.26546680e+00  2.20453320e+00  2.61817417e+00  2.71126819e+00 
 4.75488766e-10  2.26318735e+00  2.20681265e+00  2.62122583e+00  2.70819742e+00 
 4.77488766e-10  2.26090344e+00  2.20909656e+00  2.62428700e+00  2.70511639e+00 
 4.79488766e-10  2.25861545e+00  2.21138455e+00  2.62735694e+00  2.70202582e+00 
 4.81488766e-10  2.25632372e+00  2.21367628e+00  2.63043488e+00  2.69892649e+00 
 4.83488766e-10  2.25402863e+00  2.21597137e+00  2.63352003e+00  2.69581918e+00 
 4.85488766e-10  2.25173053e+00  2.21826947e+00  2.63661157e+00  2.69270472e+00 
 4.87488766e-10  2.24942979e+00  2.22057021e+00  2.63970864e+00  2.68958396e+00 
 4.89488766e-10  2.24712677e+00  2.22287323e+00  2.64281036e+00  2.68645778e+00 
 4.91488766e-10  2.24482184e+00  2.22517816e+00  2.64591581e+00  2.68332709e+00 
 4.93488766e-10  2.24251535e+00  2.22748465e+00  2.64902409e+00  2.68019280e+00 
 4.95488766e-10  2.24020768e+00  2.22979232e+00  2.65213429e+00  2.67705580e+00 
 4.97488766e-10  2.23789919e+00  2.23210081e+00  2.65524557e+00  2.67391696e+00 
 4.99488766e-10  2.23559024e+00  2.23440976e+00  2.65835711e+00  2.67077708e+00 
 5.01488766e-10  2.23328119e+00  2.23671881e+00  2.66146819e+00  2.66763689e+00 
 5.03488766e-10  2.23097242e+00  2.23902758e+00  2.66457813e+00  2.66449707e+00 
 5.05488766e-10  2.22866428e+00  2.24133572e+00  2.66768633e+00  2.66135822e+00 
 5.07488766e-10  2.22635715e+00  2.24364285e+00  2.67079225e+00  2.65822088e+00 
 5.09488766e-10  2.22405137e+00  2.24594863e+00  2.67389536e+00  2.65508558e+00 
 5.11488766e-10  2.22174733e+00  2.24825267e+00  2.67699518e+00  2.65195279e+00 
 5.13488766e-10  2.21944538e+00  2.25055462e+00  2.68009126e+00  2.64882298e+00 
 5.15488766e-10  2.21714589e+00  2.25285411e+00  2.68318312e+00  2.64569660e+00 
 5.17488766e-10  2.21484921e+00  2.25515079e+00  2.68627031e+00  2.64257412e+00 
 5.19488766e-10  2.21255572e+00  2.25744428e+00  2.68935238e+00  2.63945597e+00 
 5.21488766e-10  2.21026577e+00  2.25973423e+00  2.69242890e+00  2.63634258e+00 
 5.23488766e-10  2.20797973e+00  2.26202027e+00  2.69549945e+00  2.63323439e+00 
 5.25488766e-10  2.20569795e+00  2.26430205e+00  2.69856361e+00  2.63013180e+00 
 5.27488766e-10  2.20342081e+00  2.26657919e+00  2.70162098e+00  2.62703521e+00 
 5.29488766e-10  2.20114864e+00  2.26885136e+00  2.70467113e+00  2.62394505e+00 
 5.31488766e-10  2.19888183e+00  2.27111817e+00  2.70771364e+00  2.62086174e+00 
 5.33488766e-10  2.19662071e+00  2.27337929e+00  2.71074805e+00  2.61778573e+00 
 5.35488766e-10  2.19436566e+00  2.27563434e+00  2.71377386e+00  2.61471752e+00 
 5.37488766e-10  2.19211703e+00  2.27788297e+00  2.71679052e+00  2.61165766e+00 
 5.39488766e-10  2.18987516e+00  2.28012484e+00  2.71979745e+00  2.60860673e+00 
 5.41488766e-10  2.18764042e+00  2.28235958e+00  2.72279401e+00  2.60556536e+00 
 5.43488766e-10  2.18541316e+00  2.28458684e+00  2.72577954e+00  2.60253422e+00 
 5.45488766e-10  2.18319374e+00  2.28680626e+00  2.72875333e+00  2.59951401e+00 
 5.47488766e-10  2.18098249e+00  2.28901751e+00  2.73171469e+00  2.59650543e+00 
 5.49488766e-10  2.17877977e+00  2.29122023e+00  2.73466288e+00  2.59350921e+00 
 5.51488766e-10  2.17658593e+00  2.29341407e+00  2.73759721e+00  2.59052605e+00 
 5.53488766e-10  2.17440131e+00  2.29559869e+00  2.74051695e+00  2.58755668e+00 
 5.55488766e-10  2.17222626e+00  2.29777374e+00  2.74342140e+00  2.58460181e+00 
 5.57488766e-10  2.17006113e+00  2.29993887e+00  2.74630987e+00  2.58166213e+00 
 5.59488766e-10  2.16790625e+00  2.30209375e+00  2.74918165e+00  2.57873835e+00 
 5.61488766e-10  2.16576197e+00  2.30423803e+00  2.75203605e+00  2.57583116e+00 
 5.63488766e-10  2.16362861e+00  2.30637139e+00  2.75487240e+00  2.57294125e+00 
 5.65488766e-10  2.16150653e+00  2.30849347e+00  2.75769003e+00  2.57006928e+00 
 5.67488766e-10  2.15939606e+00  2.31060394e+00  2.76048830e+00  2.56721592e+00 
 5.69488766e-10  2.15729752e+00  2.31270248e+00  2.76326658e+00  2.56438178e+00 
 5.71488766e-10  2.15521125e+00  2.31478875e+00  2.76602431e+00  2.56156745e+00 
 5.73488766e-10  2.15313759e+00  2.31686241e+00  2.76876092e+00  2.55877348e+00 
 5.75488766e-10  2.15107685e+00  2.31892315e+00  2.77147593e+00  2.55600040e+00 
 5.77488766e-10  2.14902936e+00  2.32097064e+00  2.77416886e+00  2.55324868e+00 
 5.79488766e-10  2.14699545e+00  2.32300455e+00  2.77683928e+00  2.55051876e+00 
 5.81488766e-10  2.14497543e+00  2.32502457e+00  2.77948677e+00  2.54781108e+00 
 5.83488766e-10  2.14296963e+00  2.32703037e+00  2.78211094e+00  2.54512604e+00 
 5.85488766e-10  2.14097837e+00  2.32902163e+00  2.78471140e+00  2.54246403e+00 
 5.87488766e-10  2.13900195e+00  2.33099805e+00  2.78728778e+00  2.53982546e+00 
 5.89488766e-10  2.13704069e+00  2.33295931e+00  2.78983970e+00  2.53721071e+00 
 5.91488766e-10  2.13509490e+00  2.33490510e+00  2.79236677e+00  2.53462018e+00 
 5.93488766e-10  2.13316488e+00  2.33683512e+00  2.79486864e+00  2.53205426e+00 
 5.95488766e-10  2.13125095e+00  2.33874905e+00  2.79734493e+00  2.52951335e+00 
 5.97488766e-10  2.12935340e+00  2.34064660e+00  2.79979526e+00  2.52699783e+00 
 5.99488766e-10  2.12747253e+00  2.34252747e+00  2.80221926e+00  2.52450810e+00 
 6.01488766e-10  2.12560864e+00  2.34439136e+00  2.80461656e+00  2.52204456e+00 
 6.03488766e-10  2.12376203e+00  2.34623797e+00  2.80698677e+00  2.51960762e+00 
 6.05488766e-10  2.12193298e+00  2.34806702e+00  2.80932952e+00  2.51719770e+00 
 6.07488766e-10  2.12012178e+00  2.34987822e+00  2.81164440e+00  2.51481521e+00 
 6.09488766e-10  2.11832873e+00  2.35167127e+00  2.81393099e+00  2.51246061e+00 
 6.11488766e-10  2.11655410e+00  2.35344590e+00  2.81618889e+00  2.51013436e+00 
 6.13488766e-10  2.11479818e+00  2.35520182e+00  2.81841765e+00  2.50783691e+00 
 6.15488766e-10  2.11306123e+00  2.35693877e+00  2.82061684e+00  2.50556874e+00 
 6.17488766e-10  2.11134354e+00  2.35865646e+00  2.82278603e+00  2.50333033e+00 
 6.19488766e-10  2.10964538e+00  2.36035462e+00  2.82492478e+00  2.50112215e+00 
 6.21488766e-10  2.10796702e+00  2.36203298e+00  2.82703267e+00  2.49894467e+00 
 6.23488766e-10  2.10630871e+00  2.36369129e+00  2.82910931e+00  2.49679834e+00 
 6.25488766e-10  2.10467072e+00  2.36532928e+00  2.83115431e+00  2.49468359e+00 
 6.27488766e-10  2.10305332e+00  2.36694668e+00  2.83316731e+00  2.49260083e+00 
 6.29488766e-10  2.10145675e+00  2.36854325e+00  2.83514797e+00  2.49055045e+00 
 6.31488766e-10  2.09988127e+00  2.37011873e+00  2.83709598e+00  2.48853284e+00 
 6.33488766e-10  2.09832713e+00  2.37167287e+00  2.83901103e+00  2.48654835e+00 
 6.35488766e-10  2.09679456e+00  2.37320544e+00  2.84089288e+00  2.48459731e+00 
 6.37488766e-10  2.09528383e+00  2.37471617e+00  2.84274126e+00  2.48268002e+00 
 6.39488766e-10  2.09379515e+00  2.37620485e+00  2.84455596e+00  2.48079678e+00 
 6.41488766e-10  2.09232878e+00  2.37767122e+00  2.84633680e+00  2.47894785e+00 
 6.43488766e-10  2.09088493e+00  2.37911507e+00  2.84808362e+00  2.47713345e+00 
 6.45488766e-10  2.08946384e+00  2.38053616e+00  2.84979630e+00  2.47535380e+00 
 6.47488766e-10  2.08806573e+00  2.38193427e+00  2.85147473e+00  2.47360906e+00 
 6.49488766e-10  2.08669083e+00  2.38330917e+00  2.85311886e+00  2.47189939e+00 
 6.51488766e-10  2.08533934e+00  2.38466066e+00  2.85472864e+00  2.47022491e+00 
 6.53488766e-10  2.08401149e+00  2.38598851e+00  2.85630406e+00  2.46858573e+00 
 6.55488766e-10  2.08270748e+00  2.38729252e+00  2.85784513e+00  2.46698192e+00 
 6.57488766e-10  2.08142752e+00  2.38857248e+00  2.85935187e+00  2.46541357e+00 
 6.59488766e-10  2.08017181e+00  2.38982819e+00  2.86082432e+00  2.46388074e+00 
 6.61488766e-10  2.07894055e+00  2.39105945e+00  2.86226252e+00  2.46238347e+00 
 6.63488766e-10  2.07773393e+00  2.39226607e+00  2.86366653e+00  2.46092181e+00 
 6.65488766e-10  2.07655215e+00  2.39344785e+00  2.86503642e+00  2.45949580e+00 
 6.67488766e-10  2.07539539e+00  2.39460461e+00  2.86637227e+00  2.45810545e+00 
 6.69488766e-10  2.07426383e+00  2.39573617e+00  2.86767417e+00  2.45675080e+00 
 6.71488766e-10  2.07315765e+00  2.39684235e+00  2.86894220e+00  2.45543185e+00 
 6.73488766e-10  2.07207703e+00  2.39792297e+00  2.87017649e+00  2.45414860e+00 
 6.75488766e-10  2.07102214e+00  2.39897786e+00  2.87137715e+00  2.45290105e+00 
 6.77488766e-10  2.06999314e+00  2.40000686e+00  2.87254429e+00  2.45168919e+00 
 6.79488766e-10  2.06899020e+00  2.40100980e+00  2.87367806e+00  2.45051299e+00 
 6.81488766e-10  2.06801347e+00  2.40198653e+00  2.87477858e+00  2.44937243e+00 
 6.83488766e-10  2.06706311e+00  2.40293689e+00  2.87584600e+00  2.44826746e+00 
 6.85488766e-10  2.06613927e+00  2.40386073e+00  2.87688048e+00  2.44719806e+00 
 6.87488766e-10  2.06524210e+00  2.40475790e+00  2.87788217e+00  2.44616416e+00 
 6.89488766e-10  2.06437173e+00  2.40562827e+00  2.87885125e+00  2.44516569e+00 
 6.91488766e-10  2.06352831e+00  2.40647169e+00  2.87978789e+00  2.44420259e+00 
 6.93488766e-10  2.06271196e+00  2.40728804e+00  2.88069229e+00  2.44327474e+00 
 6.95488766e-10  2.06192283e+00  2.40807717e+00  2.88156466e+00  2.44238204e+00 
 6.97488766e-10  2.06116102e+00  2.40883898e+00  2.88240523e+00  2.44152435e+00 
 6.99488766e-10  2.06042666e+00  2.40957334e+00  2.88321423e+00  2.44070152e+00 
 7.01488766e-10  2.05971987e+00  2.41028013e+00  2.88399191e+00  2.43991339e+00 
 7.03488766e-10  2.05904076e+00  2.41095924e+00  2.88473854e+00  2.43915976e+00 
 7.05488766e-10  2.05838943e+00  2.41161057e+00  2.88545439e+00  2.43844043e+00 
 7.07488766e-10  2.05776600e+00  2.41223400e+00  2.88613974e+00  2.43775518e+00 
 7.09488766e-10  2.05717055e+00  2.41282945e+00  2.88679489e+00  2.43710379e+00 
 7.11488766e-10  2.05660318e+00  2.41339682e+00  2.88742012e+00  2.43648600e+00 
 7.13488766e-10  2.05606398e+00  2.41393602e+00  2.88801573e+00  2.43590156e+00 
 7.15488766e-10  2.05555304e+00  2.41444696e+00  2.88858202e+00  2.43535022e+00 
 7.17488766e-10  2.05507044e+00  2.41492956e+00  2.88911929e+00  2.43483170e+00 
 7.19488766e-10  2.05461625e+00  2.41538375e+00  2.88962783e+00  2.43434571e+00 
 7.21488766e-10  2.05419054e+00  2.41580946e+00  2.89010794e+00  2.43389198e+00 
 7.23488766e-10  2.05379339e+00  2.41620661e+00  2.89055990e+00  2.43347022e+00 
 7.25488766e-10  2.05342485e+00  2.41657515e+00  2.89098399e+00  2.43308015e+00 
 7.27488766e-10  2.05308498e+00  2.41691502e+00  2.89138046e+00  2.43272150e+00 
 7.29488766e-10  2.05277384e+00  2.41722616e+00  2.89174956e+00  2.43239398e+00 
 7.31488766e-10  2.05249148e+00  2.41750852e+00  2.89209151e+00  2.43209735e+00 
 7.33488766e-10  2.05223793e+00  2.41776207e+00  2.89240651e+00  2.43183134e+00 
 7.35488766e-10  2.05201325e+00  2.41798675e+00  2.89269475e+00  2.43159572e+00 
 7.37488766e-10  2.05181746e+00  2.41818254e+00  2.89295639e+00  2.43139026e+00 
 7.39488766e-10  2.05165060e+00  2.41834940e+00  2.89319155e+00  2.43121477e+00 
 7.41488766e-10  2.05151269e+00  2.41848731e+00  2.89340035e+00  2.43106903e+00 
 7.43488766e-10  2.05140375e+00  2.41859625e+00  2.89358286e+00  2.43095289e+00 
 7.45488766e-10  2.05132381e+00  2.41867619e+00  2.89373915e+00  2.43086618e+00 
 7.47488766e-10  2.05127287e+00  2.41872713e+00  2.89386925e+00  2.43080875e+00 
 7.49488766e-10  2.05125095e+00  2.41874905e+00  2.89397316e+00  2.43078048e+00 
 7.51488766e-10  2.05125804e+00  2.41874196e+00  2.89405087e+00  2.43078126e+00 
 7.53488766e-10  2.05129415e+00  2.41870585e+00  2.89410234e+00  2.43081099e+00 
 7.55488766e-10  2.05135926e+00  2.41864074e+00  2.89412749e+00  2.43086961e+00 
 7.57488766e-10  2.05145337e+00  2.41854663e+00  2.89412624e+00  2.43095706e+00 
 7.59488766e-10  2.05157647e+00  2.41842353e+00  2.89409848e+00  2.43107329e+00 
 7.61488766e-10  2.05172854e+00  2.41827146e+00  2.89404407e+00  2.43121828e+00 
 7.63488766e-10  2.05190954e+00  2.41809046e+00  2.89396285e+00  2.43139202e+00 
 7.65488766e-10  2.05211946e+00  2.41788054e+00  2.89385467e+00  2.43159452e+00 
 7.67488766e-10  2.05235825e+00  2.41764175e+00  2.89371932e+00  2.43182578e+00 
 7.69488766e-10  2.05262589e+00  2.41737411e+00  2.89355662e+00  2.43208584e+00 
 7.71488766e-10  2.05292232e+00  2.41707768e+00  2.89336634e+00  2.43237474e+00 
 7.73488766e-10  2.05324751e+00  2.41675249e+00  2.89314825e+00  2.43269253e+00 
 7.75488766e-10  2.05360140e+00  2.41639860e+00  2.89290211e+00  2.43303927e+00 
 7.77488766e-10  2.05398393e+00  2.41601607e+00  2.89262767e+00  2.43341505e+00 
 7.79488766e-10  2.05439505e+00  2.41560495e+00  2.89232466e+00  2.43381994e+00 
 7.81488766e-10  2.05483469e+00  2.41516531e+00  2.89199282e+00  2.43425405e+00 
 7.83488766e-10  2.05530277e+00  2.41469723e+00  2.89163185e+00  2.43471748e+00 
 7.85488766e-10  2.05579924e+00  2.41420076e+00  2.89124146e+00  2.43521036e+00 
 7.87488766e-10  2.05632400e+00  2.41367600e+00  2.89082136e+00  2.43573281e+00 
 7.89488766e-10  2.05687698e+00  2.41312302e+00  2.89037125e+00  2.43628498e+00 
 7.91488766e-10  2.05745808e+00  2.41254192e+00  2.88989080e+00  2.43686703e+00 
 7.93488766e-10  2.05806722e+00  2.41193278e+00  2.88937971e+00  2.43747910e+00 
 7.95488766e-10  2.05870430e+00  2.41129570e+00  2.88883765e+00  2.43812137e+00 
 7.97488766e-10  2.05936922e+00  2.41063078e+00  2.88826432e+00  2.43879402e+00 
 7.99488766e-10  2.06006187e+00  2.40993813e+00  2.88765939e+00  2.43949722e+00 
 8.01488766e-10  2.06078215e+00  2.40921785e+00  2.88702253e+00  2.44023118e+00 
 8.03488766e-10  2.06152994e+00  2.40847006e+00  2.88635343e+00  2.44099609e+00 
 8.05488766e-10  2.06230512e+00  2.40769488e+00  2.88565177e+00  2.44179216e+00 
 8.07488766e-10  2.06310758e+00  2.40689242e+00  2.88491723e+00  2.44261959e+00 
 8.09488766e-10  2.06393717e+00  2.40606283e+00  2.88414951e+00  2.44347859e+00 
 8.11488766e-10  2.06479378e+00  2.40520622e+00  2.88334829e+00  2.44436937e+00 
 8.13488766e-10  2.06567727e+00  2.40432273e+00  2.88251330e+00  2.44529215e+00 
 8.15488766e-10  2.06658749e+00  2.40341251e+00  2.88164423e+00  2.44624714e+00 
 8.17488766e-10  2.06752431e+00  2.40247569e+00  2.88074083e+00  2.44723454e+00 
 8.19488766e-10  2.06848758e+00  2.40151242e+00  2.87980282e+00  2.44825455e+00 
 8.21488766e-10  2.06947714e+00  2.40052286e+00  2.87882997e+00  2.44930737e+00 
 8.23488766e-10  2.07049283e+00  2.39950717e+00  2.87782204e+00  2.45039319e+00 
 8.25488766e-10  2.07153451e+00  2.39846549e+00  2.87677882e+00  2.45151217e+00 
 8.27488766e-10  2.07260200e+00  2.39739800e+00  2.87570013e+00  2.45266449e+00 
 8.29488766e-10  2.07369513e+00  2.39630487e+00  2.87458578e+00  2.45385030e+00 
 8.31488766e-10  2.07481373e+00  2.39518627e+00  2.87343561e+00  2.45506974e+00 
 8.33488766e-10  2.07595763e+00  2.39404237e+00  2.87224951e+00  2.45632294e+00 
 8.35488766e-10  2.07712665e+00  2.39287335e+00  2.87102735e+00  2.45761000e+00 
 8.37488766e-10  2.07832059e+00  2.39167941e+00  2.86976906e+00  2.45893102e+00 
 8.39488766e-10  2.07953928e+00  2.39046072e+00  2.86847455e+00  2.46028607e+00 
 8.41488766e-10  2.08078251e+00  2.38921749e+00  2.86714380e+00  2.46167521e+00 
 8.43488766e-10  2.08205010e+00  2.38794990e+00  2.86577677e+00  2.46309848e+00 
 8.45488766e-10  2.08334184e+00  2.38665816e+00  2.86437349e+00  2.46455590e+00 
 8.47488766e-10  2.08465753e+00  2.38534247e+00  2.86293396e+00  2.46604747e+00 
 8.49488766e-10  2.08599696e+00  2.38400304e+00  2.86145825e+00  2.46757318e+00 
 8.51488766e-10  2.08735992e+00  2.38264008e+00  2.85994642e+00  2.46913298e+00 
 8.53488766e-10  2.08874619e+00  2.38125381e+00  2.85839856e+00  2.47072683e+00 
 8.55488766e-10  2.09015556e+00  2.37984444e+00  2.85681479e+00  2.47235465e+00 
 8.57488766e-10  2.09158780e+00  2.37841220e+00  2.85519523e+00  2.47401636e+00 
 8.59488766e-10  2.09304269e+00  2.37695731e+00  2.85354004e+00  2.47571185e+00 
 8.61488766e-10  2.09452000e+00  2.37548000e+00  2.85184938e+00  2.47744098e+00 
 8.63488766e-10  2.09601948e+00  2.37398052e+00  2.85012343e+00  2.47920364e+00 
 8.65488766e-10  2.09754092e+00  2.37245908e+00  2.84836241e+00  2.48099965e+00 
 8.67488766e-10  2.09908406e+00  2.37091594e+00  2.84656651e+00  2.48282885e+00 
 8.69488766e-10  2.10064866e+00  2.36935134e+00  2.84473599e+00  2.48469106e+00 
 8.71488766e-10  2.10223448e+00  2.36776552e+00  2.84287108e+00  2.48658606e+00 
 8.73488766e-10  2.10384126e+00  2.36615874e+00  2.84097204e+00  2.48851365e+00 
 8.75488766e-10  2.10546876e+00  2.36453124e+00  2.83903915e+00  2.49047360e+00 
 8.77488766e-10  2.10711671e+00  2.36288329e+00  2.83707269e+00  2.49246566e+00 
 8.79488766e-10  2.10878485e+00  2.36121515e+00  2.83507296e+00  2.49448958e+00 
 8.81488766e-10  2.11047293e+00  2.35952707e+00  2.83304027e+00  2.49654509e+00 
 8.83488766e-10  2.11218067e+00  2.35781933e+00  2.83097494e+00  2.49863191e+00 
 8.85488766e-10  2.11390780e+00  2.35609220e+00  2.82887729e+00  2.50074975e+00 
 8.87488766e-10  2.11565406e+00  2.35434594e+00  2.82674768e+00  2.50289829e+00 
 8.89488766e-10  2.11741916e+00  2.35258084e+00  2.82458646e+00  2.50507723e+00 
 8.91488766e-10  2.11920283e+00  2.35079717e+00  2.82239398e+00  2.50728622e+00 
 8.93488766e-10  2.12100479e+00  2.34899521e+00  2.82017064e+00  2.50952493e+00 
 8.95488766e-10  2.12282474e+00  2.34717526e+00  2.81791680e+00  2.51179299e+00 
 8.97488766e-10  2.12466241e+00  2.34533759e+00  2.81563288e+00  2.51409005e+00 
 8.99488766e-10  2.12651751e+00  2.34348249e+00  2.81331927e+00  2.51641572e+00 
 9.01488766e-10  2.12838973e+00  2.34161027e+00  2.81097639e+00  2.51876962e+00 
 9.03488766e-10  2.13027879e+00  2.33972121e+00  2.80860467e+00  2.52115133e+00 
 9.05488766e-10  2.13218438e+00  2.33781562e+00  2.80620454e+00  2.52356044e+00 
 9.07488766e-10  2.13410622e+00  2.33589378e+00  2.80377645e+00  2.52599654e+00 
 9.09488766e-10  2.13604398e+00  2.33395602e+00  2.80132085e+00  2.52845918e+00 
 9.11488766e-10  2.13799737e+00  2.33200263e+00  2.79883821e+00  2.53094793e+00 
 9.13488766e-10  2.13996608e+00  2.33003392e+00  2.79632900e+00  2.53346232e+00 
 9.15488766e-10  2.14194979e+00  2.32805021e+00  2.79379370e+00  2.53600189e+00 
 9.17488766e-10  2.14394820e+00  2.32605180e+00  2.79123280e+00  2.53856618e+00 
 9.19488766e-10  2.14596099e+00  2.32403901e+00  2.78864679e+00  2.54115469e+00 
 9.21488766e-10  2.14798784e+00  2.32201216e+00  2.78603617e+00  2.54376695e+00 
 9.23488766e-10  2.15002843e+00  2.31997157e+00  2.78340146e+00  2.54640245e+00 
 9.25488766e-10  2.15208243e+00  2.31791757e+00  2.78074316e+00  2.54906069e+00 
 9.27488766e-10  2.15414953e+00  2.31585047e+00  2.77806181e+00  2.55174116e+00 
 9.29488766e-10  2.15622940e+00  2.31377060e+00  2.77535792e+00  2.55444335e+00 
 9.31488766e-10  2.15832170e+00  2.31167830e+00  2.77263202e+00  2.55716672e+00 
 9.33488766e-10  2.16042612e+00  2.30957388e+00  2.76988466e+00  2.55991077e+00 
 9.35488766e-10  2.16254230e+00  2.30745770e+00  2.76711636e+00  2.56267495e+00 
 9.37488766e-10  2.16466994e+00  2.30533006e+00  2.76432768e+00  2.56545872e+00 
 9.39488766e-10  2.16680867e+00  2.30319133e+00  2.76151916e+00  2.56826156e+00 
 9.41488766e-10  2.16895818e+00  2.30104182e+00  2.75869135e+00  2.57108290e+00 
 9.43488766e-10  2.17111811e+00  2.29888189e+00  2.75584480e+00  2.57392222e+00 
 9.45488766e-10  2.17328814e+00  2.29671186e+00  2.75298007e+00  2.57677894e+00 
 9.47488766e-10  2.17546790e+00  2.29453210e+00  2.75009772e+00  2.57965253e+00 
 9.49488766e-10  2.17765707e+00  2.29234293e+00  2.74719831e+00  2.58254241e+00 
 9.51488766e-10  2.17985529e+00  2.29014471e+00  2.74428241e+00  2.58544803e+00 
 9.53488766e-10  2.18206223e+00  2.28793777e+00  2.74135058e+00  2.58836882e+00 
 9.55488766e-10  2.18427752e+00  2.28572248e+00  2.73840339e+00  2.59130421e+00 
 9.57488766e-10  2.18650082e+00  2.28349918e+00  2.73544143e+00  2.59425364e+00 
 9.59488766e-10  2.18873178e+00  2.28126822e+00  2.73246525e+00  2.59721652e+00 
 9.61488766e-10  2.19097004e+00  2.27902996e+00  2.72947545e+00  2.60019229e+00 
 9.63488766e-10  2.19321526e+00  2.27678474e+00  2.72647261e+00  2.60318035e+00 
 9.65488766e-10  2.19546707e+00  2.27453293e+00  2.72345730e+00  2.60618012e+00 
 9.67488766e-10  2.19772513e+00  2.27227487e+00  2.72043012e+00  2.60919103e+00 
 9.69488766e-10  2.19998908e+00  2.27001092e+00  2.71739165e+00  2.61221246e+00 
 9.71488766e-10  2.20225855e+00  2.26774145e+00  2.71434249e+00  2.61524385e+00 
 9.73488766e-10  2.20453320e+00  2.26546680e+00  2.71128324e+00  2.61828457e+00 
 9.75488766e-10  2.20681265e+00  2.26318735e+00  2.70821448e+00  2.62133405e+00 
 9.77488766e-10  2.20909656e+00  2.26090344e+00  2.70513683e+00  2.62439168e+00 
 9.79488766e-10  2.21138455e+00  2.25861545e+00  2.70205089e+00  2.62745685e+00 
 9.81488766e-10  2.21367628e+00  2.25632372e+00  2.69895725e+00  2.63052895e+00 
 9.83488766e-10  2.21597137e+00  2.25402863e+00  2.69585653e+00  2.63360739e+00 
 9.85488766e-10  2.21826947e+00  2.25173053e+00  2.69274933e+00  2.63669154e+00 
 9.87488766e-10  2.22057021e+00  2.24942979e+00  2.68963627e+00  2.63978081e+00 
 9.89488766e-10  2.22287323e+00  2.24712677e+00  2.68651795e+00  2.64287457e+00 
 9.91488766e-10  2.22517816e+00  2.24482184e+00  2.68339499e+00  2.64597221e+00 
 9.93488766e-10  2.22748465e+00  2.24251535e+00  2.68026800e+00  2.64907312e+00 
 9.95488766e-10  2.22979232e+00  2.24020768e+00  2.67713759e+00  2.65217668e+00 
 9.97488766e-10  2.23210081e+00  2.23789919e+00  2.67400438e+00  2.65528228e+00 
 9.99488766e-10  2.23440976e+00  2.23559024e+00  2.67086899e+00  2.65838929e+00 
 1.00148877e-09  2.23671881e+00  2.23328119e+00  2.66773201e+00  2.66149711e+00 
 1.00348877e-09  2.23902758e+00  2.23097242e+00  2.66459408e+00  2.66460512e+00 
 1.00548877e-09  2.24133572e+00  2.22866428e+00  2.66145580e+00  2.66771270e+00 
 1.00748877e-09  2.24364285e+00  2.22635715e+00  2.65831779e+00  2.67081924e+00 
 1.00948877e-09  2.24594863e+00  2.22405137e+00  2.65518065e+00  2.67392412e+00 
 1.01148877e-09  2.24825267e+00  2.22174733e+00  2.65204500e+00  2.67702673e+00 
 1.01348877e-09  2.25055462e+00  2.21944538e+00  2.64891145e+00  2.68012646e+00 
 1.01548877e-09  2.25285411e+00  2.21714589e+00  2.64578061e+00  2.68322270e+00 
 1.01748877e-09  2.25515079e+00  2.21484921e+00  2.64265309e+00  2.68631483e+00 
 1.01948877e-09  2.25744428e+00  2.21255572e+00  2.63952949e+00  2.68940225e+00 
 1.02148877e-09  2.25973423e+00  2.21026577e+00  2.63641042e+00  2.69248434e+00 
 1.02348877e-09  2.26202027e+00  2.20797973e+00  2.63329649e+00  2.69556051e+00 
 1.02548877e-09  2.26430205e+00  2.20569795e+00  2.63018829e+00  2.69863015e+00 
 1.02748877e-09  2.26657919e+00  2.20342081e+00  2.62708644e+00  2.70169265e+00 
 1.02948877e-09  2.26885136e+00  2.20114864e+00  2.62399153e+00  2.70474741e+00 
 1.03148877e-09  2.27111817e+00  2.19888183e+00  2.62090416e+00  2.70779384e+00 
 1.03348877e-09  2.27337929e+00  2.19662071e+00  2.61782494e+00  2.71083132e+00 
 1.03548877e-09  2.27563434e+00  2.19436566e+00  2.61475445e+00  2.71385926e+00 
 1.03748877e-09  2.27788297e+00  2.19211703e+00  2.61169329e+00  2.71687707e+00 
 1.03948877e-09  2.28012484e+00  2.18987516e+00  2.60864206e+00  2.71988416e+00 
 1.04148877e-09  2.28235958e+00  2.18764042e+00  2.60560135e+00  2.72287992e+00 
 1.04348877e-09  2.28458684e+00  2.18541316e+00  2.60257175e+00  2.72586377e+00 
 1.04548877e-09  2.28680626e+00  2.18319374e+00  2.59955385e+00  2.72883513e+00 
 1.04748877e-09  2.28901751e+00  2.18098249e+00  2.59654823e+00  2.73179340e+00 
 1.04948877e-09  2.29122023e+00  2.17877977e+00  2.59355548e+00  2.73473801e+00 
 1.05148877e-09  2.29341407e+00  2.17658593e+00  2.59057618e+00  2.73766837e+00 
 1.05348877e-09  2.29559869e+00  2.17440131e+00  2.58761091e+00  2.74058391e+00 
 1.05548877e-09  2.29777374e+00  2.17222626e+00  2.58466025e+00  2.74348405e+00 
 1.05748877e-09  2.29993887e+00  2.17006113e+00  2.58172476e+00  2.74636823e+00 
 1.05948877e-09  2.30209375e+00  2.16790625e+00  2.57880502e+00  2.74923587e+00 
 1.06148877e-09  2.30423803e+00  2.16576197e+00  2.57590160e+00  2.75208642e+00 
 1.06348877e-09  2.30637139e+00  2.16362861e+00  2.57301505e+00  2.75491931e+00 
 1.06548877e-09  2.30849347e+00  2.16150653e+00  2.57014594e+00  2.75773400e+00 
 1.06748877e-09  2.31060394e+00  2.15939606e+00  2.56729483e+00  2.76052993e+00 
 1.06948877e-09  2.31270248e+00  2.15729752e+00  2.56446226e+00  2.76330656e+00 
 1.07148877e-09  2.31478875e+00  2.15521125e+00  2.56164878e+00  2.76606335e+00 
 1.07348877e-09  2.31686241e+00  2.15313759e+00  2.55885493e+00  2.76879977e+00 
 1.07548877e-09  2.31892315e+00  2.15107685e+00  2.55608125e+00  2.77151529e+00 
 1.07748877e-09  2.32097064e+00  2.14902936e+00  2.55332827e+00  2.77420938e+00 
 1.07948877e-09  2.32300455e+00  2.14699545e+00  2.55059652e+00  2.77688154e+00 
 1.08148877e-09  2.32502457e+00  2.14497543e+00  2.54788652e+00  2.77953125e+00 
 1.08348877e-09  2.32703037e+00  2.14296963e+00  2.54519878e+00  2.78215800e+00 
 1.08548877e-09  2.32902163e+00  2.14097837e+00  2.54253383e+00  2.78476130e+00 
 1.08748877e-09  2.33099805e+00  2.13900195e+00  2.53989216e+00  2.78734067e+00 
 1.08948877e-09  2.33295931e+00  2.13704069e+00  2.53727427e+00  2.78989562e+00 
 1.09148877e-09  2.33490510e+00  2.13509490e+00  2.53468065e+00  2.79242566e+00 
 1.09348877e-09  2.33683512e+00  2.13316488e+00  2.53211180e+00  2.79493035e+00 
 1.09548877e-09  2.33874905e+00  2.13125095e+00  2.52956818e+00  2.79740921e+00 
 1.09748877e-09  2.34064660e+00  2.12935340e+00  2.52705028e+00  2.79986180e+00 
 1.09948877e-09  2.34252747e+00  2.12747253e+00  2.52455857e+00  2.80228767e+00 
 1.10148877e-09  2.34439136e+00  2.12560864e+00  2.52209349e+00  2.80468638e+00 
 1.10348877e-09  2.34623797e+00  2.12376203e+00  2.51965551e+00  2.80705752e+00 
 1.10548877e-09  2.34806702e+00  2.12193298e+00  2.51724506e+00  2.80940067e+00 
 1.10748877e-09  2.34987822e+00  2.12012178e+00  2.51486259e+00  2.81171541e+00 
 1.10948877e-09  2.35167127e+00  2.11832873e+00  2.51250853e+00  2.81400135e+00 
 1.11148877e-09  2.35344590e+00  2.11655410e+00  2.51018329e+00  2.81625811e+00 
 1.11348877e-09  2.35520182e+00  2.11479818e+00  2.50788728e+00  2.81848531e+00 
 1.11548877e-09  2.35693877e+00  2.11306123e+00  2.50562092e+00  2.82068258e+00 
 1.11748877e-09  2.35865646e+00  2.11134354e+00  2.50338459e+00  2.82284958e+00 
 1.11948877e-09  2.36035462e+00  2.10964538e+00  2.50117868e+00  2.82498595e+00 
 1.12148877e-09  2.36203298e+00  2.10796702e+00  2.49900357e+00  2.82709137e+00 
 1.12348877e-09  2.36369129e+00  2.10630871e+00  2.49685962e+00  2.82916552e+00 
 1.12548877e-09  2.36532928e+00  2.10467072e+00  2.49474717e+00  2.83120811e+00 
 1.12748877e-09  2.36694668e+00  2.10305332e+00  2.49266659e+00  2.83321883e+00 
 1.12948877e-09  2.36854325e+00  2.10145675e+00  2.49061819e+00  2.83519741e+00 
 1.13148877e-09  2.37011873e+00  2.09988127e+00  2.48860230e+00  2.83714359e+00 
 1.13348877e-09  2.37167287e+00  2.09832713e+00  2.48661923e+00  2.83905712e+00 
 1.13548877e-09  2.37320544e+00  2.09679456e+00  2.48466927e+00  2.84093778e+00 
 1.13748877e-09  2.37471617e+00  2.09528383e+00  2.48275270e+00  2.84278533e+00 
 1.13948877e-09  2.37620485e+00  2.09379515e+00  2.48086980e+00  2.84459959e+00 
 1.14148877e-09  2.37767122e+00  2.09232878e+00  2.47902083e+00  2.84638037e+00 
 1.14348877e-09  2.37911507e+00  2.09088493e+00  2.47720602e+00  2.84812750e+00 
 1.14548877e-09  2.38053616e+00  2.08946384e+00  2.47542560e+00  2.84984083e+00 
 1.14748877e-09  2.38193427e+00  2.08806573e+00  2.47367979e+00  2.85152022e+00 
 1.14948877e-09  2.38330917e+00  2.08669083e+00  2.47196879e+00  2.85316557e+00 
 1.15148877e-09  2.38466066e+00  2.08533934e+00  2.47029279e+00  2.85477676e+00 
 1.15348877e-09  2.38598851e+00  2.08401149e+00  2.46865194e+00  2.85635373e+00 
 1.15548877e-09  2.38729252e+00  2.08270748e+00  2.46704642e+00  2.85789642e+00 
 1.15748877e-09  2.38857248e+00  2.08142752e+00  2.46547635e+00  2.85940476e+00 
 1.15948877e-09  2.38982819e+00  2.08017181e+00  2.46394186e+00  2.86087875e+00 
 1.16148877e-09  2.39105945e+00  2.07894055e+00  2.46244305e+00  2.86231838e+00 
 1.16348877e-09  2.39226607e+00  2.07773393e+00  2.46098002e+00  2.86372364e+00 
 1.16548877e-09  2.39344785e+00  2.07655215e+00  2.45955285e+00  2.86509459e+00 
 1.16748877e-09  2.39460461e+00  2.07539539e+00  2.45816158e+00  2.86643125e+00 
 1.16948877e-09  2.39573617e+00  2.07426383e+00  2.45680625e+00  2.86773371e+00 
 1.17148877e-09  2.39684235e+00  2.07315765e+00  2.45548691e+00  2.86900203e+00 
 1.17348877e-09  2.39792297e+00  2.07207703e+00  2.45420355e+00  2.87023633e+00 
 1.17548877e-09  2.39897786e+00  2.07102214e+00  2.45295616e+00  2.87143672e+00 
 1.17748877e-09  2.40000686e+00  2.06999314e+00  2.45174473e+00  2.87260332e+00 
 1.17948877e-09  2.40100980e+00  2.06899020e+00  2.45056921e+00  2.87373631e+00 
 1.18148877e-09  2.40198653e+00  2.06801347e+00  2.44942954e+00  2.87483583e+00 
 1.18348877e-09  2.40293689e+00  2.06706311e+00  2.44832566e+00  2.87590207e+00 
 1.18548877e-09  2.40386073e+00  2.06613927e+00  2.44725748e+00  2.87693522e+00 
 1.18748877e-09  2.40475790e+00  2.06524210e+00  2.44622490e+00  2.87793550e+00 
 1.18948877e-09  2.40562827e+00  2.06437173e+00  2.44522779e+00  2.87890311e+00 
 1.19148877e-09  2.40647169e+00  2.06352831e+00  2.44426604e+00  2.87983831e+00 
 1.19348877e-09  2.40728804e+00  2.06271196e+00  2.44333949e+00  2.88074131e+00 
 1.19548877e-09  2.40807717e+00  2.06192283e+00  2.44244799e+00  2.88161239e+00 
 1.19748877e-09  2.40883898e+00  2.06116102e+00  2.44159136e+00  2.88245179e+00 
 1.19948877e-09  2.40957334e+00  2.06042666e+00  2.44076944e+00  2.88325979e+00 
 1.20148877e-09  2.41028013e+00  2.05971987e+00  2.43998202e+00  2.88403666e+00 
 1.20348877e-09  2.41095924e+00  2.05904076e+00  2.43922891e+00  2.88478268e+00 
 1.20548877e-09  2.41161057e+00  2.05838943e+00  2.43850989e+00  2.88549813e+00 
 1.20748877e-09  2.41223400e+00  2.05776600e+00  2.43782475e+00  2.88618328e+00 
 1.20948877e-09  2.41282945e+00  2.05717055e+00  2.43717325e+00  2.88683844e+00 
 1.21148877e-09  2.41339682e+00  2.05660318e+00  2.43655516e+00  2.88746387e+00 
 1.21348877e-09  2.41393602e+00  2.05606398e+00  2.43597026e+00  2.88805987e+00 
 1.21548877e-09  2.41444696e+00  2.05555304e+00  2.43541828e+00  2.88862670e+00 
 1.21748877e-09  2.41492956e+00  2.05507044e+00  2.43489899e+00  2.88916465e+00 
 1.21948877e-09  2.41538375e+00  2.05461625e+00  2.43441215e+00  2.88967397e+00 
 1.22148877e-09  2.41580946e+00  2.05419054e+00  2.43395749e+00  2.89015492e+00 
 1.22348877e-09  2.41620661e+00  2.05379339e+00  2.43353478e+00  2.89060775e+00 
 1.22548877e-09  2.41657515e+00  2.05342485e+00  2.43314376e+00  2.89103271e+00 
 1.22748877e-09  2.41691502e+00  2.05308498e+00  2.43278420e+00  2.89143000e+00 
 1.22948877e-09  2.41722616e+00  2.05277384e+00  2.43245585e+00  2.89179986e+00 
 1.23148877e-09  2.41750852e+00  2.05249148e+00  2.43215848e+00  2.89214247e+00 
 1.23348877e-09  2.41776207e+00  2.05223793e+00  2.43189186e+00  2.89245801e+00 
 1.23548877e-09  2.41798675e+00  2.05201325e+00  2.43165576e+00  2.89274665e+00 
 1.23748877e-09  2.41818254e+00  2.05181746e+00  2.43144998e+00  2.89300854e+00 
 1.23948877e-09  2.41834940e+00  2.05165060e+00  2.43127431e+00  2.89324381e+00 
 1.24148877e-09  2.41848731e+00  2.05151269e+00  2.43112856e+00  2.89345256e+00 
 1.24348877e-09  2.41859625e+00  2.05140375e+00  2.43101254e+00  2.89363489e+00 
 1.24548877e-09  2.41867619e+00  2.05132381e+00  2.43092609e+00  2.89379085e+00 
 1.24748877e-09  2.41872713e+00  2.05127287e+00  2.43086904e+00  2.89392050e+00 
 1.24948877e-09  2.41874905e+00  2.05125095e+00  2.43084126e+00  2.89402387e+00 
 1.25148877e-09  2.41874196e+00  2.05125804e+00  2.43084261e+00  2.89410095e+00 
 1.25348877e-09  2.41870585e+00  2.05129415e+00  2.43087297e+00  2.89415172e+00 
 1.25548877e-09  2.41864074e+00  2.05135926e+00  2.43093226e+00  2.89417614e+00 
 1.25748877e-09  2.41854663e+00  2.05145337e+00  2.43102039e+00  2.89417415e+00 
 1.25948877e-09  2.41842353e+00  2.05157647e+00  2.43113728e+00  2.89414566e+00 
 1.26148877e-09  2.41827146e+00  2.05172854e+00  2.43128289e+00  2.89409056e+00 
 1.26348877e-09  2.41809046e+00  2.05190954e+00  2.43145720e+00  2.89400873e+00 
 1.26548877e-09  2.41788054e+00  2.05211946e+00  2.43166017e+00  2.89390000e+00 
 1.26748877e-09  2.41764175e+00  2.05235825e+00  2.43189181e+00  2.89376422e+00 
 1.26948877e-09  2.41737411e+00  2.05262589e+00  2.43215213e+00  2.89360118e+00 
 1.27148877e-09  2.41707768e+00  2.05292232e+00  2.43244118e+00  2.89341069e+00 
 1.27348877e-09  2.41675249e+00  2.05324751e+00  2.43275899e+00  2.89319251e+00 
 1.27548877e-09  2.41639860e+00  2.05360140e+00  2.43310564e+00  2.89294641e+00 
 1.27748877e-09  2.41601607e+00  2.05398393e+00  2.43348120e+00  2.89267211e+00 
 1.27948877e-09  2.41560495e+00  2.05439505e+00  2.43388578e+00  2.89236936e+00 
 1.28148877e-09  2.41516531e+00  2.05483469e+00  2.43431948e+00  2.89203786e+00 
 1.28348877e-09  2.41469723e+00  2.05530277e+00  2.43478242e+00  2.89167732e+00 
 1.28548877e-09  2.41420076e+00  2.05579924e+00  2.43527474e+00  2.89128742e+00 
 1.28748877e-09  2.41367600e+00  2.05632400e+00  2.43579660e+00  2.89086786e+00 
 1.28948877e-09  2.41312302e+00  2.05687698e+00  2.43634814e+00  2.89041831e+00 
 1.29148877e-09  2.41254192e+00  2.05745808e+00  2.43692955e+00  2.88993844e+00 
 1.29348877e-09  2.41193278e+00  2.05806722e+00  2.43754099e+00  2.88942792e+00 
 1.29548877e-09  2.41129570e+00  2.05870430e+00  2.43818266e+00  2.88888641e+00 
 1.29748877e-09  2.41063078e+00  2.05936922e+00  2.43885475e+00  2.88831357e+00 
 1.29948877e-09  2.40993813e+00  2.06006187e+00  2.43955745e+00  2.88770908e+00 
 1.30148877e-09  2.40921785e+00  2.06078215e+00  2.44029098e+00  2.88707259e+00 
 1.30348877e-09  2.40847006e+00  2.06152994e+00  2.44105554e+00  2.88640379e+00 
 1.30548877e-09  2.40769488e+00  2.06230512e+00  2.44185133e+00  2.88570233e+00 
 1.30748877e-09  2.40689242e+00  2.06310758e+00  2.44267858e+00  2.88496792e+00 
 1.30948877e-09  2.40606283e+00  2.06393717e+00  2.44353747e+00  2.88420023e+00 
 1.31148877e-09  2.40520622e+00  2.06479378e+00  2.44442824e+00  2.88339897e+00 
 1.31348877e-09  2.40432273e+00  2.06567727e+00  2.44535107e+00  2.88256386e+00 
 1.31548877e-09  2.40341251e+00  2.06658749e+00  2.44630618e+00  2.88169461e+00 
 1.31748877e-09  2.40247569e+00  2.06752431e+00  2.44729375e+00  2.88079097e+00 
 1.31948877e-09  2.40151242e+00  2.06848758e+00  2.44831397e+00  2.87985268e+00 
 1.32148877e-09  2.40052286e+00  2.06947714e+00  2.44936703e+00  2.87887952e+00 
 1.32348877e-09  2.39950717e+00  2.07049283e+00  2.45045309e+00  2.87787127e+00 
 1.32548877e-09  2.39846549e+00  2.07153451e+00  2.45157233e+00  2.87682773e+00 
 1.32748877e-09  2.39739800e+00  2.07260200e+00  2.45272489e+00  2.87574871e+00 
 1.32948877e-09  2.39630487e+00  2.07369513e+00  2.45391092e+00  2.87463407e+00 
 1.33148877e-09  2.39518627e+00  2.07481373e+00  2.45513053e+00  2.87348365e+00 
 1.33348877e-09  2.39404237e+00  2.07595763e+00  2.45638386e+00  2.87229734e+00 
 1.33548877e-09  2.39287335e+00  2.07712665e+00  2.45767100e+00  2.87107502e+00 
 1.33748877e-09  2.39167941e+00  2.07832059e+00  2.45899203e+00  2.86981663e+00 
 1.33948877e-09  2.39046072e+00  2.07953928e+00  2.46034703e+00  2.86852209e+00 
 1.34148877e-09  2.38921749e+00  2.08078251e+00  2.46173606e+00  2.86719136e+00 
 1.34348877e-09  2.38794990e+00  2.08205010e+00  2.46315916e+00  2.86582443e+00 
 1.34548877e-09  2.38665816e+00  2.08334184e+00  2.46461634e+00  2.86442129e+00 
 1.34748877e-09  2.38534247e+00  2.08465753e+00  2.46610762e+00  2.86298198e+00 
 1.34948877e-09  2.38400304e+00  2.08599696e+00  2.46763299e+00  2.86150651e+00 
 1.35148877e-09  2.38264008e+00  2.08735992e+00  2.46919242e+00  2.85999497e+00 
 1.35348877e-09  2.38125381e+00  2.08874619e+00  2.47078587e+00  2.85844743e+00 
 1.35548877e-09  2.37984444e+00  2.09015556e+00  2.47241327e+00  2.85686399e+00 
 1.35748877e-09  2.37841220e+00  2.09158780e+00  2.47407455e+00  2.85524478e+00 
 1.35948877e-09  2.37695731e+00  2.09304269e+00  2.47576961e+00  2.85358992e+00 
 1.36148877e-09  2.37548000e+00  2.09452000e+00  2.47749834e+00  2.85189959e+00 
 1.36348877e-09  2.37398052e+00  2.09601948e+00  2.47926060e+00  2.85017395e+00 
 1.36548877e-09  2.37245908e+00  2.09754092e+00  2.48105625e+00  2.84841320e+00 
 1.36748877e-09  2.37091594e+00  2.09908406e+00  2.48288513e+00  2.84661755e+00 
 1.36948877e-09  2.36935134e+00  2.10064866e+00  2.48474705e+00  2.84478723e+00 
 1.37148877e-09  2.36776552e+00  2.10223448e+00  2.48664182e+00  2.84292247e+00 
 1.37348877e-09  2.36615874e+00  2.10384126e+00  2.48856922e+00  2.84102353e+00 
 1.37548877e-09  2.36453124e+00  2.10546876e+00  2.49052903e+00  2.83909069e+00 
 1.37748877e-09  2.36288329e+00  2.10711671e+00  2.49252100e+00  2.83712424e+00 
 1.37948877e-09  2.36121515e+00  2.10878485e+00  2.49454487e+00  2.83512447e+00 
 1.38148877e-09  2.35952707e+00  2.11047293e+00  2.49660038e+00  2.83309169e+00 
 1.38348877e-09  2.35781933e+00  2.11218067e+00  2.49868723e+00  2.83102624e+00 
 1.38548877e-09  2.35609220e+00  2.11390780e+00  2.50080512e+00  2.82892845e+00 
 1.38748877e-09  2.35434594e+00  2.11565406e+00  2.50295375e+00  2.82679867e+00 
 1.38948877e-09  2.35258084e+00  2.11741916e+00  2.50513278e+00  2.82463726e+00 
 1.39148877e-09  2.35079717e+00  2.11920283e+00  2.50734187e+00  2.82244459e+00 
 1.39348877e-09  2.34899521e+00  2.12100479e+00  2.50958068e+00  2.82022106e+00 
 1.39548877e-09  2.34717526e+00  2.12282474e+00  2.51184884e+00  2.81796704e+00 
 1.39748877e-09  2.34533759e+00  2.12466241e+00  2.51414597e+00  2.81568295e+00 
 1.39948877e-09  2.34348249e+00  2.12651751e+00  2.51647169e+00  2.81336920e+00 
 1.40148877e-09  2.34161027e+00  2.12838973e+00  2.51882561e+00  2.81102620e+00 
 1.40348877e-09  2.33972121e+00  2.13027879e+00  2.52120732e+00  2.80865439e+00 
 1.40548877e-09  2.33781562e+00  2.13218438e+00  2.52361640e+00  2.80625420e+00 
 1.40748877e-09  2.33589378e+00  2.13410622e+00  2.52605243e+00  2.80382609e+00 
 1.40948877e-09  2.33395602e+00  2.13604398e+00  2.52851496e+00  2.80137051e+00 
 1.41148877e-09  2.33200263e+00  2.13799737e+00  2.53100357e+00  2.79888792e+00 
 1.41348877e-09  2.33003392e+00  2.13996608e+00  2.53351780e+00  2.79637878e+00 
 1.41548877e-09  2.32805021e+00  2.14194979e+00  2.53605718e+00  2.79384359e+00 
 1.41748877e-09  2.32605180e+00  2.14394820e+00  2.53862124e+00  2.79128281e+00 
 1.41948877e-09  2.32403901e+00  2.14596099e+00  2.54120952e+00  2.78869695e+00 
 1.42148877e-09  2.32201216e+00  2.14798784e+00  2.54382153e+00  2.78608649e+00 
 1.42348877e-09  2.31997157e+00  2.15002843e+00  2.54645677e+00  2.78345195e+00 
 1.42548877e-09  2.31791757e+00  2.15208243e+00  2.54911475e+00  2.78079382e+00 
 1.42748877e-09  2.31585047e+00  2.15414953e+00  2.55179497e+00  2.77811263e+00 
 1.42948877e-09  2.31377060e+00  2.15622940e+00  2.55449691e+00  2.77540890e+00 
 1.43148877e-09  2.31167830e+00  2.15832170e+00  2.55722005e+00  2.77268315e+00 
 1.43348877e-09  2.30957388e+00  2.16042612e+00  2.55996388e+00  2.76993591e+00 
 1.43548877e-09  2.30745770e+00  2.16254230e+00  2.56272787e+00  2.76716772e+00 
 1.43748877e-09  2.30533006e+00  2.16466994e+00  2.56551148e+00  2.76437912e+00 
 1.43948877e-09  2.30319133e+00  2.16680867e+00  2.56831418e+00  2.76157065e+00 
 1.44148877e-09  2.30104182e+00  2.16895818e+00  2.57113541e+00  2.75874286e+00 
 1.44348877e-09  2.29888189e+00  2.17111811e+00  2.57397464e+00  2.75589631e+00 
 1.44548877e-09  2.29671186e+00  2.17328814e+00  2.57683130e+00  2.75303156e+00 
 1.44748877e-09  2.29453210e+00  2.17546790e+00  2.57970485e+00  2.75014916e+00 
 1.44948877e-09  2.29234293e+00  2.17765707e+00  2.58259472e+00  2.74724968e+00 
 1.45148877e-09  2.29014471e+00  2.17985529e+00  2.58550034e+00  2.74433369e+00 
 1.45348877e-09  2.28793777e+00  2.18206223e+00  2.58842115e+00  2.74140175e+00 
 1.45548877e-09  2.28572248e+00  2.18427752e+00  2.59135657e+00  2.73845445e+00 
 1.45748877e-09  2.28349918e+00  2.18650082e+00  2.59430603e+00  2.73549237e+00 
 1.45948877e-09  2.28126822e+00  2.18873178e+00  2.59726894e+00  2.73251607e+00 
 1.46148877e-09  2.27902996e+00  2.19097004e+00  2.60024474e+00  2.72952615e+00 
 1.46348877e-09  2.27678474e+00  2.19321526e+00  2.60323282e+00  2.72652319e+00 
 1.46548877e-09  2.27453293e+00  2.19546707e+00  2.60623261e+00  2.72350778e+00 
 1.46748877e-09  2.27227487e+00  2.19772513e+00  2.60924351e+00  2.72048051e+00 
 1.46948877e-09  2.27001092e+00  2.19998908e+00  2.61226494e+00  2.71744197e+00 
 1.47148877e-09  2.26774145e+00  2.20225855e+00  2.61529629e+00  2.71439275e+00 
 1.47348877e-09  2.26546680e+00  2.20453320e+00  2.61833697e+00  2.71133346e+00 
 1.47548877e-09  2.26318735e+00  2.20681265e+00  2.62138637e+00  2.70826469e+00 
 1.47748877e-09  2.26090344e+00  2.20909656e+00  2.62444391e+00  2.70518704e+00 
 1.47948877e-09  2.25861545e+00  2.21138455e+00  2.62750897e+00  2.70210112e+00 
 1.48148877e-09  2.25632372e+00  2.21367628e+00  2.63058096e+00  2.69900752e+00 
 1.48348877e-09  2.25402863e+00  2.21597137e+00  2.63365925e+00  2.69590684e+00 
 1.48548877e-09  2.25173053e+00  2.21826947e+00  2.63674326e+00  2.69279971e+00 
 1.48748877e-09  2.24942979e+00  2.22057021e+00  2.63983236e+00  2.68968672e+00 
 1.48948877e-09  2.24712677e+00  2.22287323e+00  2.64292596e+00  2.68656848e+00 
 1.49148877e-09  2.24482184e+00  2.22517816e+00  2.64602343e+00  2.68344560e+00 
 1.49348877e-09  2.24251535e+00  2.22748465e+00  2.64912417e+00  2.68031869e+00 
 1.49548877e-09  2.24020768e+00  2.22979232e+00  2.65222757e+00  2.67718836e+00 
 1.49748877e-09  2.23789919e+00  2.23210081e+00  2.65533301e+00  2.67405523e+00 
 1.49948877e-09  2.23559024e+00  2.23440976e+00  2.65843987e+00  2.67091989e+00 
 1.50148877e-09  2.23328119e+00  2.23671881e+00  2.66154755e+00  2.66778298e+00 
 1.50348877e-09  2.23097242e+00  2.23902758e+00  2.66465543e+00  2.66464508e+00 
 1.50548877e-09  2.22866428e+00  2.24133572e+00  2.66776290e+00  2.66150683e+00 
 1.50748877e-09  2.22635715e+00  2.24364285e+00  2.67086933e+00  2.65836883e+00 
 1.50948877e-09  2.22405137e+00  2.24594863e+00  2.67397413e+00  2.65523169e+00 
 1.51148877e-09  2.22174733e+00  2.24825267e+00  2.67707667e+00  2.65209603e+00 
 1.51348877e-09  2.21944538e+00  2.25055462e+00  2.68017634e+00  2.64896245e+00 
 1.51548877e-09  2.21714589e+00  2.25285411e+00  2.68327253e+00  2.64583157e+00 
 1.51748877e-09  2.21484921e+00  2.25515079e+00  2.68636463e+00  2.64270400e+00 
 1.51948877e-09  2.21255572e+00  2.25744428e+00  2.68945202e+00  2.63958034e+00 
 1.52148877e-09  2.21026577e+00  2.25973423e+00  2.69253410e+00  2.63646120e+00 
 1.52348877e-09  2.20797973e+00  2.26202027e+00  2.69561025e+00  2.63334720e+00 
 1.52548877e-09  2.20569795e+00  2.26430205e+00  2.69867988e+00  2.63023893e+00 
 1.52748877e-09  2.20342081e+00  2.26657919e+00  2.70174236e+00  2.62713700e+00 
 1.52948877e-09  2.20114864e+00  2.26885136e+00  2.70479711e+00  2.62404202e+00 
 1.53148877e-09  2.19888183e+00  2.27111817e+00  2.70784351e+00  2.62095459e+00 
 1.53348877e-09  2.19662071e+00  2.27337929e+00  2.71088096e+00  2.61787531e+00 
 1.53548877e-09  2.19436566e+00  2.27563434e+00  2.71390886e+00  2.61480477e+00 
 1.53748877e-09  2.19211703e+00  2.27788297e+00  2.71692663e+00  2.61174357e+00 
 1.53948877e-09  2.18987516e+00  2.28012484e+00  2.71993365e+00  2.60869231e+00 
 1.54148877e-09  2.18764042e+00  2.28235958e+00  2.72292935e+00  2.60565158e+00 
 1.54348877e-09  2.18541316e+00  2.28458684e+00  2.72591312e+00  2.60262198e+00 
 1.54548877e-09  2.18319374e+00  2.28680626e+00  2.72888439e+00  2.59960408e+00 
 1.54748877e-09  2.18098249e+00  2.28901751e+00  2.73184256e+00  2.59659847e+00 
 1.54948877e-09  2.17877977e+00  2.29122023e+00  2.73478706e+00  2.59360574e+00 
 1.55148877e-09  2.17658593e+00  2.29341407e+00  2.73771730e+00  2.59062647e+00 
 1.55348877e-09  2.17440131e+00  2.29559869e+00  2.74063272e+00  2.58766124e+00 
 1.55548877e-09  2.17222626e+00  2.29777374e+00  2.74353273e+00  2.58471062e+00 
 1.55748877e-09  2.17006113e+00  2.29993887e+00  2.74641678e+00  2.58177517e+00 
 1.55948877e-09  2.16790625e+00  2.30209375e+00  2.74928429e+00  2.57885548e+00 
 1.56148877e-09  2.16576197e+00  2.30423803e+00  2.75213470e+00  2.57595210e+00 
 1.56348877e-09  2.16362861e+00  2.30637139e+00  2.75496747e+00  2.57306560e+00 
 1.56548877e-09  2.16150653e+00  2.30849347e+00  2.75778202e+00  2.57019653e+00 
 1.56748877e-09  2.15939606e+00  2.31060394e+00  2.76057783e+00  2.56734545e+00 
 1.56948877e-09  2.15729752e+00  2.31270248e+00  2.76335435e+00  2.56451291e+00 
 1.57148877e-09  2.15521125e+00  2.31478875e+00  2.76611103e+00  2.56169945e+00 
 1.57348877e-09  2.15313759e+00  2.31686241e+00  2.76884734e+00  2.55890562e+00 
 1.57548877e-09  2.15107685e+00  2.31892315e+00  2.77156276e+00  2.55613195e+00 
 1.57748877e-09  2.14902936e+00  2.32097064e+00  2.77425677e+00  2.55337897e+00 
 1.57948877e-09  2.14699545e+00  2.32300455e+00  2.77692884e+00  2.55064721e+00 
 1.58148877e-09  2.14497543e+00  2.32502457e+00  2.77957847e+00  2.54793720e+00 
 1.58348877e-09  2.14296963e+00  2.32703037e+00  2.78220515e+00  2.54524945e+00 
 1.58548877e-09  2.14097837e+00  2.32902163e+00  2.78480839e+00  2.54258447e+00 
 1.58748877e-09  2.13900195e+00  2.33099805e+00  2.78738770e+00  2.53994277e+00 
 1.58948877e-09  2.13704069e+00  2.33295931e+00  2.78994258e+00  2.53732486e+00 
 1.59148877e-09  2.13509490e+00  2.33490510e+00  2.79247257e+00  2.53473121e+00 
 1.59348877e-09  2.13316488e+00  2.33683512e+00  2.79497720e+00  2.53216232e+00 
 1.59548877e-09  2.13125095e+00  2.33874905e+00  2.79745600e+00  2.52961868e+00 
 1.59748877e-09  2.12935340e+00  2.34064660e+00  2.79990852e+00  2.52710076e+00 
 1.59948877e-09  2.12747253e+00  2.34252747e+00  2.80233433e+00  2.52460902e+00 
 1.60148877e-09  2.12560864e+00  2.34439136e+00  2.80473297e+00  2.52214392e+00 
 1.60348877e-09  2.12376203e+00  2.34623797e+00  2.80710403e+00  2.51970593e+00 
 1.60548877e-09  2.12193298e+00  2.34806702e+00  2.80944709e+00  2.51729547e+00 
 1.60748877e-09  2.12012178e+00  2.34987822e+00  2.81176174e+00  2.51491301e+00 
 1.60948877e-09  2.11832873e+00  2.35167127e+00  2.81404759e+00  2.51255895e+00 
 1.61148877e-09  2.11655410e+00  2.35344590e+00  2.81630425e+00  2.51023372e+00 
 1.61348877e-09  2.11479818e+00  2.35520182e+00  2.81853134e+00  2.50793774e+00 
 1.61548877e-09  2.11306123e+00  2.35693877e+00  2.82072849e+00  2.50567140e+00 
 1.61748877e-09  2.11134354e+00  2.35865646e+00  2.82289536e+00  2.50343510e+00 
 1.61948877e-09  2.10964538e+00  2.36035462e+00  2.82503161e+00  2.50122923e+00 
 1.62148877e-09  2.10796702e+00  2.36203298e+00  2.82713690e+00  2.49905416e+00 
 1.62348877e-09  2.10630871e+00  2.36369129e+00  2.82921092e+00  2.49691025e+00 
 1.62548877e-09  2.10467072e+00  2.36532928e+00  2.83125337e+00  2.49479785e+00 
 1.62748877e-09  2.10305332e+00  2.36694668e+00  2.83326395e+00  2.49271731e+00 
 1.62948877e-09  2.10145675e+00  2.36854325e+00  2.83524239e+00  2.49066896e+00 
 1.63148877e-09  2.09988127e+00  2.37011873e+00  2.83718844e+00  2.48865312e+00 
 1.63348877e-09  2.09832713e+00  2.37167287e+00  2.83910184e+00  2.48667009e+00 
 1.63548877e-09  2.09679456e+00  2.37320544e+00  2.84098236e+00  2.48472017e+00 
 1.63748877e-09  2.09528383e+00  2.37471617e+00  2.84282978e+00  2.48280365e+00 
 1.63948877e-09  2.09379515e+00  2.37620485e+00  2.84464392e+00  2.48092079e+00 
 1.64148877e-09  2.09232878e+00  2.37767122e+00  2.84642457e+00  2.47907184e+00 
 1.64348877e-09  2.09088493e+00  2.37911507e+00  2.84817158e+00  2.47725706e+00 
 1.64548877e-09  2.08946384e+00  2.38053616e+00  2.84988479e+00  2.47547667e+00 
 1.64748877e-09  2.08806573e+00  2.38193427e+00  2.85156407e+00  2.47373088e+00 
 1.64948877e-09  2.08669083e+00  2.38330917e+00  2.85320931e+00  2.47201990e+00 
 1.65148877e-09  2.08533934e+00  2.38466066e+00  2.85482040e+00  2.47034392e+00 
 1.65348877e-09  2.08401149e+00  2.38598851e+00  2.85639726e+00  2.46870309e+00 
 1.65548877e-09  2.08270748e+00  2.38729252e+00  2.85793984e+00  2.46709758e+00 
 1.65748877e-09  2.08142752e+00  2.38857248e+00  2.85944809e+00  2.46552752e+00 
 1.65948877e-09  2.08017181e+00  2.38982819e+00  2.86092197e+00  2.46399304e+00 
 1.66148877e-09  2.07894055e+00  2.39105945e+00  2.86236149e+00  2.46249425e+00 
 1.66348877e-09  2.07773393e+00  2.39226607e+00  2.86376666e+00  2.46103124e+00 
 1.66548877e-09  2.07655215e+00  2.39344785e+00  2.86513750e+00  2.45960408e+00 
 1.66748877e-09  2.07539539e+00  2.39460461e+00  2.86647405e+00  2.45821283e+00 
 1.66948877e-09  2.07426383e+00  2.39573617e+00  2.86777640e+00  2.45685753e+00 
 1.67148877e-09  2.07315765e+00  2.39684235e+00  2.86904461e+00  2.45553821e+00 
 1.67348877e-09  2.07207703e+00  2.39792297e+00  2.87027879e+00  2.45425488e+00 
 1.67548877e-09  2.07102214e+00  2.39897786e+00  2.87147906e+00  2.45300752e+00 
 1.67748877e-09  2.06999314e+00  2.40000686e+00  2.87264554e+00  2.45179613e+00 
 1.67948877e-09  2.06899020e+00  2.40100980e+00  2.87377840e+00  2.45062064e+00 
 1.68148877e-09  2.06801347e+00  2.40198653e+00  2.87487780e+00  2.44948102e+00 
 1.68348877e-09  2.06706311e+00  2.40293689e+00  2.87594391e+00  2.44837719e+00 
 1.68548877e-09  2.06613927e+00  2.40386073e+00  2.87697693e+00  2.44730905e+00 
 1.68748877e-09  2.06524210e+00  2.40475790e+00  2.87797707e+00  2.44627652e+00 
 1.68948877e-09  2.06437173e+00  2.40562827e+00  2.87894456e+00  2.44527946e+00 
 1.69148877e-09  2.06352831e+00  2.40647169e+00  2.87987962e+00  2.44431776e+00 
 1.69348877e-09  2.06271196e+00  2.40728804e+00  2.88078249e+00  2.44339126e+00 
 1.69548877e-09  2.06192283e+00  2.40807717e+00  2.88165344e+00  2.44249981e+00 
 1.69748877e-09  2.06116102e+00  2.40883898e+00  2.88249272e+00  2.44164323e+00 
 1.69948877e-09  2.06042666e+00  2.40957334e+00  2.88330059e+00  2.44082136e+00 
 1.70148877e-09  2.05971987e+00  2.41028013e+00  2.88407734e+00  2.44003398e+00 
 1.70348877e-09  2.05904076e+00  2.41095924e+00  2.88482324e+00  2.43928091e+00 
 1.70548877e-09  2.05838943e+00  2.41161057e+00  2.88553857e+00  2.43856193e+00 
 1.70748877e-09  2.05776600e+00  2.41223400e+00  2.88622362e+00  2.43787682e+00 
 1.70948877e-09  2.05717055e+00  2.41282945e+00  2.88687867e+00  2.43722536e+00 
 1.71148877e-09  2.05660318e+00  2.41339682e+00  2.88750400e+00  2.43660730e+00 
 1.71348877e-09  2.05606398e+00  2.41393602e+00  2.88809991e+00  2.43602242e+00 
 1.71548877e-09  2.05555304e+00  2.41444696e+00  2.88866665e+00  2.43547046e+00 
 1.71748877e-09  2.05507044e+00  2.41492956e+00  2.88920451e+00  2.43495119e+00 
 1.71948877e-09  2.05461625e+00  2.41538375e+00  2.88971375e+00  2.43446435e+00 
 1.72148877e-09  2.05419054e+00  2.41580946e+00  2.89019462e+00  2.43400970e+00 
 1.72348877e-09  2.05379339e+00  2.41620661e+00  2.89064739e+00  2.43358700e+00 
 1.72548877e-09  2.05342485e+00  2.41657515e+00  2.89107227e+00  2.43319598e+00 
 1.72748877e-09  2.05308498e+00  2.41691502e+00  2.89146951e+00  2.43283642e+00 
 1.72948877e-09  2.05277384e+00  2.41722616e+00  2.89183930e+00  2.43250807e+00 
 1.73148877e-09  2.05249148e+00  2.41750852e+00  2.89218185e+00  2.43221069e+00 
 1.73348877e-09  2.05223793e+00  2.41776207e+00  2.89249734e+00  2.43194407e+00 
 1.73548877e-09  2.05201325e+00  2.41798675e+00  2.89278593e+00  2.43170796e+00 
 1.73748877e-09  2.05181746e+00  2.41818254e+00  2.89304777e+00  2.43150218e+00 
 1.73948877e-09  2.05165060e+00  2.41834940e+00  2.89328299e+00  2.43132650e+00 
 1.74148877e-09  2.05151269e+00  2.41848731e+00  2.89349170e+00  2.43118073e+00 
 1.74348877e-09  2.05140375e+00  2.41859625e+00  2.89367398e+00  2.43106470e+00 
 1.74548877e-09  2.05132381e+00  2.41867619e+00  2.89382990e+00  2.43097823e+00 
 1.74748877e-09  2.05127287e+00  2.41872713e+00  2.89395951e+00  2.43092117e+00 
 1.74948877e-09  2.05125095e+00  2.41874905e+00  2.89406284e+00  2.43089337e+00 
 1.75148877e-09  2.05125804e+00  2.41874196e+00  2.89413988e+00  2.43089470e+00 
 1.75348877e-09  2.05129415e+00  2.41870585e+00  2.89419062e+00  2.43092504e+00 
 1.75548877e-09  2.05135926e+00  2.41864074e+00  2.89421502e+00  2.43098431e+00 
 1.75748877e-09  2.05145337e+00  2.41854663e+00  2.89421300e+00  2.43107240e+00 
 1.75948877e-09  2.05157647e+00  2.41842353e+00  2.89418449e+00  2.43118927e+00 
 1.76148877e-09  2.05172854e+00  2.41827146e+00  2.89412937e+00  2.43133485e+00 
 1.76348877e-09  2.05190954e+00  2.41809046e+00  2.89404752e+00  2.43150912e+00 
 1.76548877e-09  2.05211946e+00  2.41788054e+00  2.89393879e+00  2.43171205e+00 
 1.76748877e-09  2.05235825e+00  2.41764175e+00  2.89380300e+00  2.43194364e+00 
 1.76948877e-09  2.05262589e+00  2.41737411e+00  2.89363997e+00  2.43220392e+00 
 1.77148877e-09  2.05292232e+00  2.41707768e+00  2.89344948e+00  2.43249291e+00 
 1.77348877e-09  2.05324751e+00  2.41675249e+00  2.89323131e+00  2.43281067e+00 
 1.77548877e-09  2.05360140e+00  2.41639860e+00  2.89298521e+00  2.43315726e+00 
 1.77748877e-09  2.05398393e+00  2.41601607e+00  2.89271094e+00  2.43353275e+00 
 1.77948877e-09  2.05439505e+00  2.41560495e+00  2.89240821e+00  2.43393726e+00 
 1.78148877e-09  2.05483469e+00  2.41516531e+00  2.89207673e+00  2.43437088e+00 
 1.78348877e-09  2.05530277e+00  2.41469723e+00  2.89171622e+00  2.43483375e+00 
 1.78548877e-09  2.05579924e+00  2.41420076e+00  2.89132636e+00  2.43532599e+00 
 1.78748877e-09  2.05632400e+00  2.41367600e+00  2.89090684e+00  2.43584776e+00 
 1.78948877e-09  2.05687698e+00  2.41312302e+00  2.89045732e+00  2.43639921e+00 
 1.79148877e-09  2.05745808e+00  2.41254192e+00  2.88997750e+00  2.43698052e+00 
 1.79348877e-09  2.05806722e+00  2.41193278e+00  2.88946702e+00  2.43759187e+00 
 1.79548877e-09  2.05870430e+00  2.41129570e+00  2.88892556e+00  2.43823344e+00 
 1.79748877e-09  2.05936922e+00  2.41063078e+00  2.88835277e+00  2.43890543e+00 
 1.79948877e-09  2.06006187e+00  2.40993813e+00  2.88774833e+00  2.43960803e+00 
 1.80148877e-09  2.06078215e+00  2.40921785e+00  2.88711189e+00  2.44034145e+00 
 1.80348877e-09  2.06152994e+00  2.40847006e+00  2.88644314e+00  2.44110591e+00 
 1.80548877e-09  2.06230512e+00  2.40769488e+00  2.88574174e+00  2.44190159e+00 
 1.80748877e-09  2.06310758e+00  2.40689242e+00  2.88500737e+00  2.44272873e+00 
 1.80948877e-09  2.06393717e+00  2.40606283e+00  2.88423974e+00  2.44358752e+00 
 1.81148877e-09  2.06479378e+00  2.40520622e+00  2.88343854e+00  2.44447818e+00 
 1.81348877e-09  2.06567727e+00  2.40432273e+00  2.88260348e+00  2.44540090e+00 
 1.81548877e-09  2.06658749e+00  2.40341251e+00  2.88173428e+00  2.44635590e+00 
 1.81748877e-09  2.06752431e+00  2.40247569e+00  2.88083069e+00  2.44734336e+00 
 1.81948877e-09  2.06848758e+00  2.40151242e+00  2.87989245e+00  2.44836347e+00 
 1.82148877e-09  2.06947714e+00  2.40052286e+00  2.87891934e+00  2.44941642e+00 
 1.82348877e-09  2.07049283e+00  2.39950717e+00  2.87791114e+00  2.45050238e+00 
 1.82548877e-09  2.07153451e+00  2.39846549e+00  2.87686765e+00  2.45162150e+00 
 1.82748877e-09  2.07260200e+00  2.39739800e+00  2.87578869e+00  2.45277395e+00 
 1.82948877e-09  2.07369513e+00  2.39630487e+00  2.87467409e+00  2.45395987e+00 
 1.83148877e-09  2.07481373e+00  2.39518627e+00  2.87352373e+00  2.45517937e+00 
 1.83348877e-09  2.07595763e+00  2.39404237e+00  2.87233746e+00  2.45643259e+00 
 1.83548877e-09  2.07712665e+00  2.39287335e+00  2.87111519e+00  2.45771961e+00 
 1.83748877e-09  2.07832059e+00  2.39167941e+00  2.86985685e+00  2.45904053e+00 
 1.83948877e-09  2.07953928e+00  2.39046072e+00  2.86856235e+00  2.46039542e+00 
 1.84148877e-09  2.08078251e+00  2.38921749e+00  2.86723168e+00  2.46178434e+00 
 1.84348877e-09  2.08205010e+00  2.38794990e+00  2.86586479e+00  2.46320732e+00 
 1.84548877e-09  2.08334184e+00  2.38665816e+00  2.86446171e+00  2.46466439e+00 
 1.84748877e-09  2.08465753e+00  2.38534247e+00  2.86302244e+00  2.46615555e+00 
 1.84948877e-09  2.08599696e+00  2.38400304e+00  2.86154702e+00  2.46768081e+00 
 1.85148877e-09  2.08735992e+00  2.38264008e+00  2.86003553e+00  2.46924012e+00 
 1.85348877e-09  2.08874619e+00  2.38125381e+00  2.85848803e+00  2.47083345e+00 
 1.85548877e-09  2.09015556e+00  2.37984444e+00  2.85690464e+00  2.47246074e+00 
 1.85748877e-09  2.09158780e+00  2.37841220e+00  2.85528547e+00  2.47412191e+00 
 1.85948877e-09  2.09304269e+00  2.37695731e+00  2.85363066e+00  2.47581685e+00 
 1.86148877e-09  2.09452000e+00  2.37548000e+00  2.85194037e+00  2.47754546e+00 
 1.86348877e-09  2.09601948e+00  2.37398052e+00  2.85021477e+00  2.47930761e+00 
 1.86548877e-09  2.09754092e+00  2.37245908e+00  2.84845406e+00  2.48110315e+00 
 1.86748877e-09  2.09908406e+00  2.37091594e+00  2.84665845e+00  2.48293192e+00 
 1.86948877e-09  2.10064866e+00  2.36935134e+00  2.84482816e+00  2.48479373e+00 
 1.87148877e-09  2.10223448e+00  2.36776552e+00  2.84296344e+00  2.48668839e+00 
 1.87348877e-09  2.10384126e+00  2.36615874e+00  2.84106454e+00  2.48861569e+00 
 1.87548877e-09  2.10546876e+00  2.36453124e+00  2.83913173e+00  2.49057539e+00 
 1.87748877e-09  2.10711671e+00  2.36288329e+00  2.83716531e+00  2.49256726e+00 
 1.87948877e-09  2.10878485e+00  2.36121515e+00  2.83516556e+00  2.49459103e+00 
 1.88148877e-09  2.11047293e+00  2.35952707e+00  2.83313281e+00  2.49664644e+00 
 1.88348877e-09  2.11218067e+00  2.35781933e+00  2.83106739e+00  2.49873319e+00 
 1.88548877e-09  2.11390780e+00  2.35609220e+00  2.82896962e+00  2.50085099e+00 
 1.88748877e-09  2.11565406e+00  2.35434594e+00  2.82683986e+00  2.50299952e+00 
 1.88948877e-09  2.11741916e+00  2.35258084e+00  2.82467847e+00  2.50517845e+00 
 1.89148877e-09  2.11920283e+00  2.35079717e+00  2.82248583e+00  2.50738745e+00 
 1.89348877e-09  2.12100479e+00  2.34899521e+00  2.82026231e+00  2.50962617e+00 
 1.89548877e-09  2.12282474e+00  2.34717526e+00  2.81800831e+00  2.51189423e+00 
 1.89748877e-09  2.12466241e+00  2.34533759e+00  2.81572424e+00  2.51419128e+00 
 1.89948877e-09  2.12651751e+00  2.34348249e+00  2.81341050e+00  2.51651691e+00 
 1.90148877e-09  2.12838973e+00  2.34161027e+00  2.81106752e+00  2.51887074e+00 
 1.90348877e-09  2.13027879e+00  2.33972121e+00  2.80869572e+00  2.52125236e+00 
 1.90548877e-09  2.13218438e+00  2.33781562e+00  2.80629555e+00  2.52366136e+00 
 1.90748877e-09  2.13410622e+00  2.33589378e+00  2.80386745e+00  2.52609730e+00 
 1.90948877e-09  2.13604398e+00  2.33395602e+00  2.80141188e+00  2.52855975e+00 
 1.91148877e-09  2.13799737e+00  2.33200263e+00  2.79892930e+00  2.53104827e+00 
 1.91348877e-09  2.13996608e+00  2.33003392e+00  2.79642018e+00  2.53356241e+00 
 1.91548877e-09  2.14194979e+00  2.32805021e+00  2.79388499e+00  2.53610171e+00 
 1.91748877e-09  2.14394820e+00  2.32605180e+00  2.79132423e+00  2.53866569e+00 
 1.91948877e-09  2.14596099e+00  2.32403901e+00  2.78873837e+00  2.54125389e+00 
 1.92148877e-09  2.14798784e+00  2.32201216e+00  2.78612793e+00  2.54386581e+00 
 1.92348877e-09  2.15002843e+00  2.31997157e+00  2.78349339e+00  2.54650097e+00 
 1.92548877e-09  2.15208243e+00  2.31791757e+00  2.78083528e+00  2.54915887e+00 
 1.92748877e-09  2.15414953e+00  2.31585047e+00  2.77815410e+00  2.55183900e+00 
 1.92948877e-09  2.15622940e+00  2.31377060e+00  2.77545037e+00  2.55454086e+00 
 1.93148877e-09  2.15832170e+00  2.31167830e+00  2.77272463e+00  2.55726393e+00 
 1.93348877e-09  2.16042612e+00  2.30957388e+00  2.76997739e+00  2.56000768e+00 
 1.93548877e-09  2.16254230e+00  2.30745770e+00  2.76720921e+00  2.56277159e+00 
 1.93748877e-09  2.16466994e+00  2.30533006e+00  2.76442061e+00  2.56555513e+00 
 1.93948877e-09  2.16680867e+00  2.30319133e+00  2.76161214e+00  2.56835774e+00 
 1.94148877e-09  2.16895818e+00  2.30104182e+00  2.75878436e+00  2.57117890e+00 
 1.94348877e-09  2.17111811e+00  2.29888189e+00  2.75593782e+00  2.57401805e+00 
 1.94548877e-09  2.17328814e+00  2.29671186e+00  2.75307306e+00  2.57687465e+00 
 1.94748877e-09  2.17546790e+00  2.29453210e+00  2.75019066e+00  2.57974812e+00 
 1.94948877e-09  2.17765707e+00  2.29234293e+00  2.74729118e+00  2.58263792e+00 
 1.95148877e-09  2.17985529e+00  2.29014471e+00  2.74437519e+00  2.58554347e+00 
 1.95348877e-09  2.18206223e+00  2.28793777e+00  2.74144326e+00  2.58846420e+00 
 1.95548877e-09  2.18427752e+00  2.28572248e+00  2.73849595e+00  2.59139955e+00 
 1.95748877e-09  2.18650082e+00  2.28349918e+00  2.73553387e+00  2.59434894e+00 
 1.95948877e-09  2.18873178e+00  2.28126822e+00  2.73255757e+00  2.59731179e+00 
 1.96148877e-09  2.19097004e+00  2.27902996e+00  2.72956764e+00  2.60028752e+00 
 1.96348877e-09  2.19321526e+00  2.27678474e+00  2.72656468e+00  2.60327554e+00 
 1.96548877e-09  2.19546707e+00  2.27453293e+00  2.72354927e+00  2.60627526e+00 
 1.96748877e-09  2.19772513e+00  2.27227487e+00  2.72052199e+00  2.60928609e+00 
 1.96948877e-09  2.19998908e+00  2.27001092e+00  2.71748345e+00  2.61230745e+00 
 1.97148877e-09  2.20225855e+00  2.26774145e+00  2.71443423e+00  2.61533873e+00 
 1.97348877e-09  2.20453320e+00  2.26546680e+00  2.71137493e+00  2.61837935e+00 
 1.97548877e-09  2.20681265e+00  2.26318735e+00  2.70830616e+00  2.62142869e+00 
 1.97748877e-09  2.20909656e+00  2.26090344e+00  2.70522850e+00  2.62448616e+00 
 1.97948877e-09  2.21138455e+00  2.25861545e+00  2.70214257e+00  2.62755115e+00 
 1.98148877e-09  2.21367628e+00  2.25632372e+00  2.69904896e+00  2.63062307e+00 
 1.98348877e-09  2.21597137e+00  2.25402863e+00  2.69594829e+00  2.63370130e+00 
 1.98548877e-09  2.21826947e+00  2.25173053e+00  2.69284115e+00  2.63678524e+00 
 1.98748877e-09  2.22057021e+00  2.24942979e+00  2.68972816e+00  2.63987428e+00 
 1.98948877e-09  2.22287323e+00  2.24712677e+00  2.68660991e+00  2.64296781e+00 
 1.99148877e-09  2.22517816e+00  2.24482184e+00  2.68348703e+00  2.64606521e+00 
 1.99348877e-09  2.22748465e+00  2.24251535e+00  2.68036011e+00  2.64916589e+00 
 1.99548877e-09  2.22979232e+00  2.24020768e+00  2.67722978e+00  2.65226922e+00 
 1.99748877e-09  2.23210081e+00  2.23789919e+00  2.67409664e+00  2.65537459e+00 
 1.99874438e-09  2.23355036e+00  2.23644964e+00  2.67212843e+00  2.65732497e+00 
 2.00000000e-09  2.23500000e+00  2.23500000e+00  2.67015952e+00  2.65927575e+00 
