 time            v(detp)         v(detn)        
 0.00000000e+00  2.89648133e+00  2.89648133e+00 
 1.00000000e-14  2.89648133e+00  2.89648133e+00 
 2.00000000e-14  2.89648133e+00  2.89648133e+00 
 4.00000000e-14  2.89648133e+00  2.89648133e+00 
 8.00000000e-14  2.89648133e+00  2.89648133e+00 
 1.60000000e-13  2.89648133e+00  2.89648133e+00 
 3.20000000e-13  2.89648133e+00  2.89648133e+00 
 6.40000000e-13  2.89648133e+00  2.89648133e+00 
 1.28000000e-12  2.89648132e+00  2.89648132e+00 
 2.28000000e-12  2.89648128e+00  2.89648130e+00 
 3.28000000e-12  2.89648108e+00  2.89648139e+00 
 4.28000000e-12  2.89648053e+00  2.89648186e+00 
 5.28000000e-12  2.89647940e+00  2.89648302e+00 
 6.18932467e-12  2.89647765e+00  2.89648496e+00 
 7.12475358e-12  2.89647489e+00  2.89648809e+00 
 8.12475358e-12  2.89647067e+00  2.89649297e+00 
 9.12475358e-12  2.89646496e+00  2.89649959e+00 
 1.01247536e-11  2.89645769e+00  2.89650803e+00 
 1.08927370e-11  2.89645104e+00  2.89651573e+00 
 1.16187407e-11  2.89644392e+00  2.89652393e+00 
 1.23466001e-11  2.89643603e+00  2.89653297e+00 
 1.31437449e-11  2.89642662e+00  2.89654366e+00 
 1.36339898e-11  2.89642049e+00  2.89655058e+00 
 1.39584267e-11  2.89641631e+00  2.89655528e+00 
 1.42344815e-11  2.89641268e+00  2.89655934e+00 
 1.45040392e-11  2.89640908e+00  2.89656335e+00 
 1.48252076e-11  2.89640473e+00  2.89656818e+00 
 1.51691818e-11  2.89640001e+00  2.89657339e+00 
 1.56090478e-11  2.89639391e+00  2.89658009e+00 
 1.62013027e-11  2.89638561e+00  2.89658910e+00 
 1.71653577e-11  2.89637190e+00  2.89660367e+00 
 1.81653577e-11  2.89635743e+00  2.89661876e+00 
 1.91653577e-11  2.89634255e+00  2.89663410e+00 
 2.01653577e-11  2.89632707e+00  2.89665002e+00 
 2.11567074e-11  2.89631087e+00  2.89666675e+00 
 2.21567074e-11  2.89629342e+00  2.89668489e+00 
 2.31567074e-11  2.89627465e+00  2.89670458e+00 
 2.41567074e-11  2.89625441e+00  2.89672598e+00 
 2.49434090e-11  2.89623739e+00  2.89674407e+00 
 2.56561719e-11  2.89622113e+00  2.89676141e+00 
 2.63759821e-11  2.89620392e+00  2.89677981e+00 
 2.71240877e-11  2.89618524e+00  2.89679979e+00 
 2.81240877e-11  2.89615921e+00  2.89682764e+00 
 2.85416955e-11  2.89614801e+00  2.89683960e+00 
 2.88589107e-11  2.89613939e+00  2.89684880e+00 
 2.90969790e-11  2.89613286e+00  2.89685575e+00 
 2.93194914e-11  2.89612673e+00  2.89686228e+00 
 2.95483705e-11  2.89612038e+00  2.89686903e+00 
 2.97927747e-11  2.89611358e+00  2.89687626e+00 
 3.00827470e-11  2.89610546e+00  2.89688486e+00 
 3.04030818e-11  2.89609646e+00  2.89689438e+00 
 3.09022459e-11  2.89608237e+00  2.89690923e+00 
 3.16577515e-11  2.89606094e+00  2.89693162e+00 
 3.26577515e-11  2.89603239e+00  2.89696117e+00 
 3.36577515e-11  2.89600353e+00  2.89699080e+00 
 3.46577515e-11  2.89597419e+00  2.89702083e+00 
 3.56430235e-11  2.89594457e+00  2.89705115e+00 
 3.66295447e-11  2.89591397e+00  2.89708257e+00 
 3.76295447e-11  2.89588174e+00  2.89711580e+00 
 3.86295447e-11  2.89584813e+00  2.89715063e+00 
 3.95243741e-11  2.89581679e+00  2.89718326e+00 
 4.02420735e-11  2.89579076e+00  2.89721045e+00 
 4.09665881e-11  2.89576368e+00  2.89723879e+00 
 4.16913813e-11  2.89573584e+00  2.89726799e+00 
 4.25800761e-11  2.89570076e+00  2.89730481e+00 
 4.32846164e-11  2.89567232e+00  2.89733465e+00 
 4.36405856e-11  2.89565776e+00  2.89734992e+00 
 4.39221970e-11  2.89564617e+00  2.89736207e+00 
 4.41497687e-11  2.89563676e+00  2.89737193e+00 
 4.43744092e-11  2.89562743e+00  2.89738170e+00 
 4.46108332e-11  2.89561759e+00  2.89739200e+00 
 4.49097866e-11  2.89560511e+00  2.89740505e+00 
 4.51828981e-11  2.89559367e+00  2.89741700e+00 
 4.56368230e-11  2.89557461e+00  2.89743686e+00 
 4.62471486e-11  2.89554891e+00  2.89746354e+00 
 4.72471486e-11  2.89550664e+00  2.89750711e+00 
 4.82471486e-11  2.89546414e+00  2.89755067e+00 
 4.92471486e-11  2.89542122e+00  2.89759449e+00 
 5.02471486e-11  2.89537768e+00  2.89763892e+00 
 5.12204140e-11  2.89533446e+00  2.89768307e+00 
 5.22204140e-11  2.89528895e+00  2.89772968e+00 
 5.32204140e-11  2.89524211e+00  2.89777781e+00 
 5.42204140e-11  2.89519382e+00  2.89782760e+00 
 5.49715300e-11  2.89515656e+00  2.89786613e+00 
 5.56892533e-11  2.89512015e+00  2.89790385e+00 
 5.64105521e-11  2.89508280e+00  2.89794261e+00 
 5.71858484e-11  2.89504188e+00  2.89798512e+00 
 5.80778086e-11  2.89499396e+00  2.89803493e+00 
 5.84780339e-11  2.89497219e+00  2.89805755e+00 
 5.87811263e-11  2.89495561e+00  2.89807477e+00 
 5.90087967e-11  2.89494311e+00  2.89808776e+00 
 5.92280047e-11  2.89493104e+00  2.89810029e+00 
 5.94582712e-11  2.89491834e+00  2.89811347e+00 
 5.97066032e-11  2.89490461e+00  2.89812772e+00 
 5.99920112e-11  2.89488879e+00  2.89814412e+00 
 6.03388083e-11  2.89486954e+00  2.89816405e+00 
 6.08808938e-11  2.89483939e+00  2.89819521e+00 
 6.17302782e-11  2.89479205e+00  2.89824393e+00 
 6.27302782e-11  2.89473613e+00  2.89830117e+00 
 6.37302782e-11  2.89467991e+00  2.89835851e+00 
 6.47302782e-11  2.89462318e+00  2.89841627e+00 
 6.57053205e-11  2.89456715e+00  2.89847332e+00 
 6.67053205e-11  2.89450871e+00  2.89853290e+00 
 6.77053205e-11  2.89444905e+00  2.89859385e+00 
 6.87053205e-11  2.89438802e+00  2.89865636e+00 
 6.95481914e-11  2.89433544e+00  2.89871034e+00 
 7.02654282e-11  2.89428987e+00  2.89875722e+00 
 7.10033870e-11  2.89424219e+00  2.89880633e+00 
 7.17408355e-11  2.89419381e+00  2.89885624e+00 
 7.27408355e-11  2.89412717e+00  2.89892504e+00 
 7.32866382e-11  2.89409036e+00  2.89896305e+00 
 7.36072645e-11  2.89406861e+00  2.89898550e+00 
 7.38599057e-11  2.89405142e+00  2.89900325e+00 
 7.40833209e-11  2.89403619e+00  2.89901898e+00 
 7.43114912e-11  2.89402059e+00  2.89903507e+00 
 7.45543733e-11  2.89400397e+00  2.89905223e+00 
 7.48448896e-11  2.89398405e+00  2.89907277e+00 
 7.51506239e-11  2.89396306e+00  2.89909440e+00 
 7.56517199e-11  2.89392861e+00  2.89912986e+00 
 7.63692357e-11  2.89387921e+00  2.89918056e+00 
 7.73692357e-11  2.89381021e+00  2.89925108e+00 
 7.83692357e-11  2.89374097e+00  2.89932161e+00 
 7.93692357e-11  2.89367130e+00  2.89939244e+00 
 8.03581623e-11  2.89360174e+00  2.89946311e+00 
 8.13409089e-11  2.89353174e+00  2.89953427e+00 
 8.23409089e-11  2.89345938e+00  2.89960794e+00 
 8.33409089e-11  2.89338570e+00  2.89968309e+00 
 8.43409089e-11  2.89331059e+00  2.89975985e+00 
 8.50824382e-11  2.89325395e+00  2.89981784e+00 
 8.58878962e-11  2.89319153e+00  2.89988184e+00 
 8.66180658e-11  2.89313419e+00  2.89994071e+00 
 8.75938465e-11  2.89305658e+00  2.90002046e+00 
 8.81812361e-11  2.89300940e+00  2.90006897e+00 
 8.85078004e-11  2.89298303e+00  2.90009607e+00 
 8.87660225e-11  2.89296213e+00  2.90011756e+00 
 8.89894499e-11  2.89294401e+00  2.90013619e+00 
 8.92163399e-11  2.89292557e+00  2.90015514e+00 
 8.94574820e-11  2.89290596e+00  2.90017530e+00 
 8.97497526e-11  2.89288215e+00  2.90019976e+00 
 9.00469045e-11  2.89285792e+00  2.90022465e+00 
 9.05394340e-11  2.89281771e+00  2.90026590e+00 
 9.12286667e-11  2.89276137e+00  2.90032357e+00 
 9.22286667e-11  2.89267951e+00  2.90040709e+00 
 9.32286667e-11  2.89259743e+00  2.90049058e+00 
 9.42286667e-11  2.89251495e+00  2.90057432e+00 
 9.52286667e-11  2.89243184e+00  2.90065863e+00 
 9.62085363e-11  2.89234956e+00  2.90074212e+00 
 9.72085363e-11  2.89226450e+00  2.90082852e+00 
 9.82085363e-11  2.89217816e+00  2.90091634e+00 
 9.92085363e-11  2.89209044e+00  2.90100573e+00 
 9.99461695e-11  2.89202481e+00  2.90107270e+00 
 1.00671738e-10  2.89195952e+00  2.90113942e+00 
 1.01398386e-10  2.89189342e+00  2.90120703e+00 
 1.02248480e-10  2.89181530e+00  2.90128702e+00 
 1.02965656e-10  2.89174882e+00  2.90135513e+00 
 1.03322333e-10  2.89171559e+00  2.90138918e+00 
 1.03607561e-10  2.89168895e+00  2.90141649e+00 
 1.03834805e-10  2.89166768e+00  2.90143828e+00 
 1.04058503e-10  2.89164672e+00  2.90145977e+00 
 1.04293624e-10  2.89162466e+00  2.90148237e+00 
 1.04559790e-10  2.89159966e+00  2.90150798e+00 
 1.04832935e-10  2.89157399e+00  2.90153429e+00 
 1.05236249e-10  2.89153604e+00  2.90157314e+00 
 1.05810444e-10  2.89148197e+00  2.90162842e+00 
 1.06810444e-10  2.89138771e+00  2.90172454e+00 
 1.07810444e-10  2.89129327e+00  2.90182056e+00 
 1.08810444e-10  2.89119852e+00  2.90191671e+00 
 1.09810444e-10  2.89110323e+00  2.90201330e+00 
 1.10782490e-10  2.89100986e+00  2.90210791e+00 
 1.11782490e-10  2.89091281e+00  2.90220631e+00 
 1.12782490e-10  2.89081457e+00  2.90230602e+00 
 1.13782490e-10  2.89071499e+00  2.90240723e+00 
 1.14558411e-10  2.89063676e+00  2.90248684e+00 
 1.15274588e-10  2.89056381e+00  2.90256116e+00 
 1.15996694e-10  2.89048956e+00  2.90263690e+00 
 1.16756335e-10  2.89041075e+00  2.90271736e+00 
 1.17756335e-10  2.89030610e+00  2.90282431e+00 
 1.18181925e-10  2.89026128e+00  2.90287013e+00 
 1.18486791e-10  2.89022909e+00  2.90290305e+00 
 1.18712780e-10  2.89020519e+00  2.90292749e+00 
 1.18929609e-10  2.89018223e+00  2.90295097e+00 
 1.19158602e-10  2.89015796e+00  2.90297579e+00 
 1.19406475e-10  2.89013166e+00  2.90300268e+00 
 1.19691704e-10  2.89010138e+00  2.90303365e+00 
 1.20037402e-10  2.89006465e+00  2.90307120e+00 
 1.20577442e-10  2.89000723e+00  2.90312984e+00 
 1.21420873e-10  2.88991749e+00  2.90322132e+00 
 1.22420873e-10  2.88981096e+00  2.90332962e+00 
 1.23420873e-10  2.88970419e+00  2.90343795e+00 
 1.24420873e-10  2.88959698e+00  2.90354659e+00 
 1.25396290e-10  2.88949175e+00  2.90365315e+00 
 1.26396290e-10  2.88938298e+00  2.90376331e+00 
 1.27396290e-10  2.88927309e+00  2.90387468e+00 
 1.28396290e-10  2.88916194e+00  2.90398744e+00 
 1.29241607e-10  2.88906693e+00  2.90408393e+00 
 1.29958772e-10  2.88898557e+00  2.90416666e+00 
 1.30700280e-10  2.88890074e+00  2.90425301e+00 
 1.31436861e-10  2.88881579e+00  2.90433956e+00 
 1.32436861e-10  2.88869956e+00  2.90445810e+00 
 1.32984460e-10  2.88863552e+00  2.90452345e+00 
 1.33305994e-10  2.88859781e+00  2.90456195e+00 
 1.33559336e-10  2.88856805e+00  2.90459233e+00 
 1.33782916e-10  2.88854176e+00  2.90461918e+00 
 1.34010992e-10  2.88851492e+00  2.90464659e+00 
 1.34253663e-10  2.88848633e+00  2.90467578e+00 
 1.34544496e-10  2.88845205e+00  2.90471079e+00 
 1.34849183e-10  2.88841611e+00  2.90474748e+00 
 1.35347565e-10  2.88835729e+00  2.90480749e+00 
 1.36060726e-10  2.88827308e+00  2.90489330e+00 
 1.37060726e-10  2.88815492e+00  2.90501345e+00 
 1.38060726e-10  2.88803656e+00  2.90513355e+00 
 1.39060726e-10  2.88791783e+00  2.90525384e+00 
 1.40050336e-10  2.88779975e+00  2.90537338e+00 
 1.41032619e-10  2.88768175e+00  2.90549281e+00 
 1.42032619e-10  2.88756059e+00  2.90561548e+00 
 1.43032619e-10  2.88743824e+00  2.90573945e+00 
 1.44032619e-10  2.88731459e+00  2.90586487e+00 
 1.44773508e-10  2.88722212e+00  2.90595875e+00 
 1.45582512e-10  2.88712035e+00  2.90606219e+00 
 1.46311901e-10  2.88702792e+00  2.90615624e+00 
 1.47282796e-10  2.88690402e+00  2.90628241e+00 
 1.47875968e-10  2.88682792e+00  2.90635997e+00 
 1.48204149e-10  2.88678570e+00  2.90640302e+00 
 1.48463764e-10  2.88675225e+00  2.90643712e+00 
 1.48687469e-10  2.88672340e+00  2.90646655e+00 
 1.48914216e-10  2.88669413e+00  2.90649640e+00 
 1.49155035e-10  2.88666303e+00  2.90652812e+00 
 1.49447753e-10  2.88662520e+00  2.90656671e+00 
 1.49743291e-10  2.88658698e+00  2.90660569e+00 
 1.50232685e-10  2.88652367e+00  2.90667024e+00 
 1.50916060e-10  2.88643523e+00  2.90676031e+00 
 1.51916060e-10  2.88630575e+00  2.90689194e+00 
 1.52916060e-10  2.88617609e+00  2.90702348e+00 
 1.53916060e-10  2.88604610e+00  2.90715517e+00 
 1.54916060e-10  2.88591556e+00  2.90728729e+00 
 1.55895343e-10  2.88578696e+00  2.90741739e+00 
 1.56895343e-10  2.88565466e+00  2.90755125e+00 
 1.57895343e-10  2.88552121e+00  2.90768635e+00 
 1.58895343e-10  2.88538652e+00  2.90782282e+00 
 1.59632028e-10  2.88528649e+00  2.90792428e+00 
 1.60356486e-10  2.88518745e+00  2.90802481e+00 
 1.61082149e-10  2.88508762e+00  2.90812623e+00 
 1.61920917e-10  2.88497156e+00  2.90824426e+00 
 1.62652954e-10  2.88486976e+00  2.90834786e+00 
 1.63013121e-10  2.88481953e+00  2.90839901e+00 
 1.63301080e-10  2.88477931e+00  2.90843998e+00 
 1.63527771e-10  2.88474762e+00  2.90847226e+00 
 1.63750573e-10  2.88471644e+00  2.90850402e+00 
 1.63984826e-10  2.88468365e+00  2.90853744e+00 
 1.64247269e-10  2.88464689e+00  2.90857490e+00 
 1.64522818e-10  2.88460828e+00  2.90861425e+00 
 1.64913387e-10  2.88455352e+00  2.90867004e+00 
 1.65480824e-10  2.88447395e+00  2.90875107e+00 
 1.66464418e-10  2.88433598e+00  2.90889136e+00 
 1.67464418e-10  2.88419559e+00  2.90903383e+00 
 1.68464418e-10  2.88405495e+00  2.90917633e+00 
 1.69464418e-10  2.88391385e+00  2.90931913e+00 
 1.70436352e-10  2.88377607e+00  2.90945847e+00 
 1.71436352e-10  2.88363343e+00  2.90960270e+00 
 1.72436352e-10  2.88348972e+00  2.90974804e+00 
 1.73436352e-10  2.88334484e+00  2.90989466e+00 
 1.74222842e-10  2.88323002e+00  2.91001094e+00 
 1.74939206e-10  2.88312478e+00  2.91011760e+00 
 1.75662324e-10  2.88301794e+00  2.91022598e+00 
 1.76417851e-10  2.88290571e+00  2.91033992e+00 
 1.77417851e-10  2.88275638e+00  2.91049168e+00 
 1.77859728e-10  2.88269015e+00  2.91055903e+00 
 1.78166916e-10  2.88264404e+00  2.91060595e+00 
 1.78398101e-10  2.88260930e+00  2.91064129e+00 
 1.78616654e-10  2.88257644e+00  2.91067474e+00 
 1.78845727e-10  2.88254198e+00  2.91070982e+00 
 1.79092660e-10  2.88250481e+00  2.91074765e+00 
 1.79379007e-10  2.88246170e+00  2.91079155e+00 
 1.79713509e-10  2.88241132e+00  2.91084285e+00 
 1.80245375e-10  2.88233119e+00  2.91092440e+00 
 1.81056453e-10  2.88220897e+00  2.91104865e+00 
 1.82056453e-10  2.88205822e+00  2.91120166e+00 
 1.83056453e-10  2.88190729e+00  2.91135461e+00 
 1.84056453e-10  2.88175599e+00  2.91150771e+00 
 1.85033996e-10  2.88160754e+00  2.91165779e+00 
 1.86029583e-10  2.88145558e+00  2.91181136e+00 
 1.87029583e-10  2.88130197e+00  2.91196657e+00 
 1.88029583e-10  2.88114726e+00  2.91212295e+00 
 1.88890329e-10  2.88101316e+00  2.91225857e+00 
 1.89607598e-10  2.88090074e+00  2.91237235e+00 
 1.90369562e-10  2.88078068e+00  2.91249395e+00 
 1.91101999e-10  2.88066469e+00  2.91261154e+00 
 1.92101999e-10  2.88050556e+00  2.91277301e+00 
 1.92670673e-10  2.88041473e+00  2.91286526e+00 
 1.92996894e-10  2.88036254e+00  2.91291829e+00 
 1.93253215e-10  2.88032149e+00  2.91296001e+00 
 1.93476866e-10  2.88028565e+00  2.91299644e+00 
 1.93704290e-10  2.88024919e+00  2.91303352e+00 
 1.93946153e-10  2.88021039e+00  2.91307297e+00 
 1.94237706e-10  2.88016361e+00  2.91312054e+00 
 1.94538883e-10  2.88011528e+00  2.91316971e+00 
 1.95032583e-10  2.88003602e+00  2.91325030e+00 
 1.95733797e-10  2.87992345e+00  2.91336469e+00 
 1.96733797e-10  2.87976288e+00  2.91352763e+00 
 1.97733797e-10  2.87960217e+00  2.91369044e+00 
 1.98733797e-10  2.87944116e+00  2.91385333e+00 
 1.99731109e-10  2.87928008e+00  2.91401610e+00 
 2.00712056e-10  2.87912095e+00  2.91417678e+00 
 2.01712056e-10  2.87895784e+00  2.91434144e+00 
 2.02712056e-10  2.87879370e+00  2.91450716e+00 
 2.03712056e-10  2.87862843e+00  2.91467409e+00 
 2.04451488e-10  2.87850551e+00  2.91479833e+00 
 2.05179161e-10  2.87838394e+00  2.91492128e+00 
 2.05907692e-10  2.87826170e+00  2.91504502e+00 
 2.06780378e-10  2.87811465e+00  2.91519401e+00 
 2.07470536e-10  2.87799796e+00  2.91531235e+00 
 2.07821543e-10  2.87793849e+00  2.91537268e+00 
 2.08101881e-10  2.87789096e+00  2.91542093e+00 
 2.08329692e-10  2.87785231e+00  2.91546017e+00 
 2.08554728e-10  2.87781411e+00  2.91549896e+00 
 2.08791301e-10  2.87777394e+00  2.91553976e+00 
 2.09090570e-10  2.87772311e+00  2.91559139e+00 
 2.09363398e-10  2.87767675e+00  2.91563849e+00 
 2.09816509e-10  2.87759976e+00  2.91571671e+00 
 2.10425259e-10  2.87749631e+00  2.91582176e+00 
 2.11425259e-10  2.87732636e+00  2.91599414e+00 
 2.12425259e-10  2.87715633e+00  2.91616633e+00 
 2.13425259e-10  2.87698606e+00  2.91633851e+00 
 2.14425259e-10  2.87681535e+00  2.91651091e+00 
 2.15398646e-10  2.87664859e+00  2.91667919e+00 
 2.16398646e-10  2.87647645e+00  2.91685278e+00 
 2.17398646e-10  2.87630336e+00  2.91702733e+00 
 2.18398646e-10  2.87612921e+00  2.91720298e+00 
 2.19150355e-10  2.87599760e+00  2.91733580e+00 
 2.19867932e-10  2.87587141e+00  2.91746322e+00 
 2.20589129e-10  2.87574406e+00  2.91759190e+00 
 2.21363639e-10  2.87560680e+00  2.91773073e+00 
 2.22253535e-10  2.87544855e+00  2.91789093e+00 
 2.22651980e-10  2.87537754e+00  2.91796287e+00 
 2.22956372e-10  2.87532324e+00  2.91801790e+00 
 2.23185571e-10  2.87528233e+00  2.91805938e+00 
 2.23405562e-10  2.87524305e+00  2.91809921e+00 
 2.23635942e-10  2.87520190e+00  2.91814095e+00 
 2.23884032e-10  2.87515757e+00  2.91818592e+00 
 2.24169824e-10  2.87510650e+00  2.91823774e+00 
 2.24511190e-10  2.87504549e+00  2.91829965e+00 
 2.25050788e-10  2.87494905e+00  2.91839749e+00 
 2.25887924e-10  2.87479943e+00  2.91854917e+00 
 2.26887924e-10  2.87462069e+00  2.91873015e+00 
 2.27887924e-10  2.87444179e+00  2.91891100e+00 
 2.28887924e-10  2.87426257e+00  2.91909192e+00 
 2.29863487e-10  2.87408724e+00  2.91926872e+00 
 2.30863336e-10  2.87390684e+00  2.91945048e+00 
 2.31863336e-10  2.87372555e+00  2.91963306e+00 
 2.32863336e-10  2.87354328e+00  2.91981661e+00 
 2.33710785e-10  2.87338803e+00  2.91997301e+00 
 2.34427982e-10  2.87325606e+00  2.92010601e+00 
 2.35172238e-10  2.87311859e+00  2.92024466e+00 
 2.35908270e-10  2.87298215e+00  2.92038236e+00 
 2.36908270e-10  2.87279616e+00  2.92057028e+00 
 2.37459934e-10  2.87269329e+00  2.92067431e+00 
 2.37782414e-10  2.87263309e+00  2.92073522e+00 
 2.38036318e-10  2.87258566e+00  2.92078323e+00 
 2.38259914e-10  2.87254388e+00  2.92082553e+00 
 2.38487879e-10  2.87250127e+00  2.92086868e+00 
 2.38730421e-10  2.87245592e+00  2.92091461e+00 
 2.39021323e-10  2.87240153e+00  2.92096972e+00 
 2.39325530e-10  2.87234464e+00  2.92102737e+00 
 2.39823426e-10  2.87225153e+00  2.92112172e+00 
 2.40535104e-10  2.87211845e+00  2.92125651e+00 
 2.41535104e-10  2.87193147e+00  2.92144569e+00 
 2.42535104e-10  2.87174439e+00  2.92163468e+00 
 2.43535104e-10  2.87155707e+00  2.92182364e+00 
 2.44524935e-10  2.87137122e+00  2.92201087e+00 
 2.45507049e-10  2.87118622e+00  2.92219706e+00 
 2.46507049e-10  2.87099708e+00  2.92238729e+00 
 2.47507049e-10  2.87080705e+00  2.92257836e+00 
 2.48507049e-10  2.87061606e+00  2.92277042e+00 
 2.49247728e-10  2.87047399e+00  2.92291335e+00 
 2.49976868e-10  2.87033364e+00  2.92305462e+00 
 2.50706721e-10  2.87019270e+00  2.92319659e+00 
 2.51595666e-10  2.87002055e+00  2.92337017e+00 
 2.52265966e-10  2.86989044e+00  2.92350148e+00 
 2.52612679e-10  2.86982306e+00  2.92356953e+00 
 2.52889370e-10  2.86976925e+00  2.92362389e+00 
 2.53116620e-10  2.86972505e+00  2.92366856e+00 
 2.53342062e-10  2.86968118e+00  2.92371290e+00 
 2.53579430e-10  2.86963499e+00  2.92375961e+00 
 2.53877430e-10  2.86957699e+00  2.92381827e+00 
 2.54154418e-10  2.86952308e+00  2.92387281e+00 
 2.54613849e-10  2.86943365e+00  2.92396328e+00 
 2.55235644e-10  2.86931264e+00  2.92408567e+00 
 2.56235644e-10  2.86911806e+00  2.92428229e+00 
 2.57235644e-10  2.86892343e+00  2.92447869e+00 
 2.58235644e-10  2.86872861e+00  2.92467499e+00 
 2.59235644e-10  2.86853341e+00  2.92487138e+00 
 2.60209746e-10  2.86834273e+00  2.92506299e+00 
 2.61209746e-10  2.86814628e+00  2.92526022e+00 
 2.62209746e-10  2.86794900e+00  2.92545819e+00 
 2.63209746e-10  2.86775084e+00  2.92565703e+00 
 2.63957128e-10  2.86760214e+00  2.92580627e+00 
 2.64675502e-10  2.86745875e+00  2.92595024e+00 
 2.65396983e-10  2.86731433e+00  2.92609534e+00 
 2.66175864e-10  2.86715801e+00  2.92625253e+00 
 2.67040265e-10  2.86698414e+00  2.92642754e+00 
 2.67430682e-10  2.86690549e+00  2.92650676e+00 
 2.67734259e-10  2.86684431e+00  2.92656843e+00 
 2.67963501e-10  2.86679809e+00  2.92661502e+00 
 2.68184014e-10  2.86675362e+00  2.92665987e+00 
 2.68414758e-10  2.86670708e+00  2.92670681e+00 
 2.68663078e-10  2.86665699e+00  2.92675735e+00 
 2.68948796e-10  2.86659935e+00  2.92681552e+00 
 2.69291614e-10  2.86653020e+00  2.92688533e+00 
 2.69832804e-10  2.86642105e+00  2.92699551e+00 
 2.70675390e-10  2.86625115e+00  2.92716693e+00 
 2.71675390e-10  2.86604953e+00  2.92737012e+00 
 2.72675390e-10  2.86584781e+00  2.92757312e+00 
 2.73675390e-10  2.86564583e+00  2.92777606e+00 
 2.74650606e-10  2.86544843e+00  2.92797411e+00 
 2.75650606e-10  2.86524542e+00  2.92817756e+00 
 2.76650606e-10  2.86504168e+00  2.92838158e+00 
 2.77650606e-10  2.86483713e+00  2.92858632e+00 
 2.78495500e-10  2.86466366e+00  2.92875996e+00 
 2.79212676e-10  2.86451595e+00  2.92890786e+00 
 2.79953507e-10  2.86436295e+00  2.92906113e+00 
 2.80690242e-10  2.86421042e+00  2.92921404e+00 
 2.81690242e-10  2.86400291e+00  2.92942229e+00 
 2.82238627e-10  2.86388894e+00  2.92953678e+00 
 2.82560354e-10  2.86382203e+00  2.92960404e+00 
 2.82813765e-10  2.86376930e+00  2.92965705e+00 
 2.83037340e-10  2.86372278e+00  2.92970385e+00 
 2.83265409e-10  2.86367532e+00  2.92975161e+00 
 2.83508088e-10  2.86362481e+00  2.92980245e+00 
 2.83798862e-10  2.86356429e+00  2.92986338e+00 
 2.84103675e-10  2.86350085e+00  2.92992726e+00 
 2.84602444e-10  2.86339707e+00  2.93003180e+00 
 2.85316241e-10  2.86324858e+00  2.93018131e+00 
 2.86316241e-10  2.86304061e+00  2.93039054e+00 
 2.87316241e-10  2.86283259e+00  2.93059952e+00 
 2.88316241e-10  2.86262437e+00  2.93080838e+00 
 2.89305690e-10  2.86241798e+00  2.93101508e+00 
 2.90288040e-10  2.86221257e+00  2.93122053e+00 
 2.91288040e-10  2.86200281e+00  2.93143012e+00 
 2.92288040e-10  2.86179231e+00  2.93164031e+00 
 2.93288040e-10  2.86158103e+00  2.93185125e+00 
 2.94029034e-10  2.86142398e+00  2.93200808e+00 
 2.94837461e-10  2.86125219e+00  2.93217971e+00 
 2.95566973e-10  2.86109680e+00  2.93233506e+00 
 2.96538611e-10  2.86088944e+00  2.93254259e+00 
 2.97130732e-10  2.86076289e+00  2.93266937e+00 
 2.97458654e-10  2.86069277e+00  2.93273967e+00 
 2.97718057e-10  2.86063728e+00  2.93279532e+00 
 2.97941726e-10  2.86058943e+00  2.93284333e+00 
 2.98168496e-10  2.86054091e+00  2.93289202e+00 
 2.98409361e-10  2.86048937e+00  2.93294375e+00 
 2.98702016e-10  2.86042675e+00  2.93300663e+00 
 2.98997785e-10  2.86036348e+00  2.93307020e+00 
 2.99487565e-10  2.86025871e+00  2.93317545e+00 
 3.00171743e-10  2.86011241e+00  2.93332242e+00 
 3.01171743e-10  2.85989864e+00  2.93353699e+00 
 3.02171743e-10  2.85968483e+00  2.93375129e+00 
 3.03171743e-10  2.85947086e+00  2.93396541e+00 
 3.04171743e-10  2.85925654e+00  2.93417952e+00 
 3.05151112e-10  2.85904616e+00  2.93438937e+00 
 3.06151112e-10  2.85883073e+00  2.93460398e+00 
 3.07151112e-10  2.85861459e+00  2.93481910e+00 
 3.08151112e-10  2.85839770e+00  2.93503486e+00 
 3.08887918e-10  2.85823743e+00  2.93519428e+00 
 3.09612518e-10  2.85807944e+00  2.93535145e+00 
 3.10338306e-10  2.85792087e+00  2.93550927e+00 
 3.11178496e-10  2.85773696e+00  2.93569243e+00 
 3.11908481e-10  2.85757694e+00  2.93585191e+00 
 3.12268144e-10  2.85749803e+00  2.93593058e+00 
 3.12555730e-10  2.85743491e+00  2.93599352e+00 
 3.12782499e-10  2.85738514e+00  2.93604316e+00 
 3.13005423e-10  2.85733619e+00  2.93609197e+00 
 3.13239790e-10  2.85728473e+00  2.93614330e+00 
 3.13502717e-10  2.85722700e+00  2.93620090e+00 
 3.13777949e-10  2.85716656e+00  2.93626119e+00 
 3.14170168e-10  2.85708045e+00  2.93634713e+00 
 3.14738460e-10  2.85695569e+00  2.93647163e+00 
 3.15727129e-10  2.85673867e+00  2.93668804e+00 
 3.16727129e-10  2.85651908e+00  2.93690665e+00 
 3.17727129e-10  2.85629928e+00  2.93712498e+00 
 3.18727129e-10  2.85607907e+00  2.93734316e+00 
 3.19699082e-10  2.85586450e+00  2.93755521e+00 
 3.20699082e-10  2.85564305e+00  2.93777353e+00 
 3.21699082e-10  2.85542078e+00  2.93799218e+00 
 3.22699082e-10  2.85519765e+00  2.93821130e+00 
 3.23483670e-10  2.85502198e+00  2.93838360e+00 
 3.24200007e-10  2.85486112e+00  2.93854121e+00 
 3.24922946e-10  2.85469838e+00  2.93870060e+00 
 3.25679207e-10  2.85452774e+00  2.93886768e+00 
 3.26679207e-10  2.85430162e+00  2.93908916e+00 
 3.27117527e-10  2.85420235e+00  2.93918636e+00 
 3.27424352e-10  2.85413281e+00  2.93925438e+00 
 3.27654537e-10  2.85408061e+00  2.93930538e+00 
 3.27872769e-10  2.85403111e+00  2.93935370e+00 
 3.28101818e-10  2.85397914e+00  2.93940437e+00 
 3.28348915e-10  2.85392307e+00  2.93945903e+00 
 3.28635059e-10  2.85385814e+00  2.93952233e+00 
 3.28971621e-10  2.85378177e+00  2.93959680e+00 
 3.29504927e-10  2.85366079e+00  2.93971490e+00 
 3.30321719e-10  2.85347550e+00  2.93989595e+00 
 3.31321719e-10  2.85324857e+00  2.94011768e+00 
 3.32321719e-10  2.85302140e+00  2.94033934e+00 
 3.33321719e-10  2.85279386e+00  2.94056091e+00 
 3.34298850e-10  2.85257102e+00  2.94077741e+00 
 3.35295285e-10  2.85234316e+00  2.94099830e+00 
 3.36295285e-10  2.85211376e+00  2.94122026e+00 
 3.37295285e-10  2.85188361e+00  2.94144263e+00 
 3.38153356e-10  2.85168552e+00  2.94163383e+00 
 3.38870616e-10  2.85151953e+00  2.94179390e+00 
 3.39629048e-10  2.85134366e+00  2.94196346e+00 
 3.40362202e-10  2.85117336e+00  2.94212768e+00 
 3.41362202e-10  2.85094075e+00  2.94235224e+00 
 3.41927107e-10  2.85080921e+00  2.94247926e+00 
 3.42252423e-10  2.85073342e+00  2.94255234e+00 
 3.42508175e-10  2.85067381e+00  2.94260968e+00 
 3.42731797e-10  2.85062168e+00  2.94265973e+00 
 3.42959337e-10  2.85056864e+00  2.94271057e+00 
 3.43201349e-10  2.85051224e+00  2.94276458e+00 
 3.43492760e-10  2.85044435e+00  2.94282962e+00 
 3.43794583e-10  2.85037408e+00  2.94289698e+00 
 3.44289271e-10  2.85025900e+00  2.94300754e+00 
 3.44992719e-10  2.85009549e+00  2.94316508e+00 
 3.45992719e-10  2.84986318e+00  2.94338942e+00 
 3.46992719e-10  2.84963084e+00  2.94361396e+00 
 3.47992719e-10  2.84939832e+00  2.94383852e+00 
 3.48987420e-10  2.84916672e+00  2.94406187e+00 
 3.49968589e-10  2.84893784e+00  2.94428224e+00 
 3.50968589e-10  2.84870405e+00  2.94450701e+00 
 3.51968589e-10  2.84846970e+00  2.94473206e+00 
 3.52968589e-10  2.84823479e+00  2.94495753e+00 
 3.53708218e-10  2.84806069e+00  2.94512449e+00 
 3.54436128e-10  2.84788910e+00  2.94528897e+00 
 3.55164872e-10  2.84771713e+00  2.94545384e+00 
 3.56040202e-10  2.84751041e+00  2.94565226e+00 
 3.56727352e-10  2.84734805e+00  2.94580821e+00 
 3.57077635e-10  2.84726526e+00  2.94588759e+00 
 3.57357359e-10  2.84719913e+00  2.94595082e+00 
 3.57585061e-10  2.84714530e+00  2.94600214e+00 
 3.57810159e-10  2.84709209e+00  2.94605276e+00 
 3.58046866e-10  2.84703616e+00  2.94610590e+00 
 3.58345903e-10  2.84696556e+00  2.94617302e+00 
 3.58619439e-10  2.84690103e+00  2.94623439e+00 
 3.59073811e-10  2.84679397e+00  2.94633648e+00 
 3.59684844e-10  2.84665016e+00  2.94647406e+00 
 3.60684844e-10  2.84641507e+00  2.94669981e+00 
 3.61684844e-10  2.84618006e+00  2.94692591e+00 
 3.62684844e-10  2.84594498e+00  2.94715209e+00 
 3.63684844e-10  2.84570967e+00  2.94737825e+00 
 3.64658334e-10  2.84548028e+00  2.94759840e+00 
 3.65658334e-10  2.84524421e+00  2.94782462e+00 
 3.66658334e-10  2.84500767e+00  2.94805101e+00 
 3.67658334e-10  2.84477065e+00  2.94827768e+00 
 3.68409328e-10  2.84459234e+00  2.94844802e+00 
 3.69127052e-10  2.84442172e+00  2.94861089e+00 
 3.69848307e-10  2.84425011e+00  2.94877469e+00 
 3.70623568e-10  2.84406556e+00  2.94895097e+00 
 3.71509153e-10  2.84385469e+00  2.94915268e+00 
 3.71906309e-10  2.84376010e+00  2.94924300e+00 
 3.72210444e-10  2.84368766e+00  2.94931197e+00 
 3.72439518e-10  2.84363309e+00  2.94936372e+00 
 3.72659530e-10  2.84358068e+00  2.94941327e+00 
 3.72889958e-10  2.84352582e+00  2.94946505e+00 
 3.73138100e-10  2.84346679e+00  2.94952075e+00 
 3.73423858e-10  2.84339888e+00  2.94958487e+00 
 3.73765815e-10  2.84331771e+00  2.94966166e+00 
 3.74305805e-10  2.84318972e+00  2.94978320e+00 
 3.75144529e-10  2.84299119e+00  2.94997255e+00 
 3.76144529e-10  2.84275466e+00  2.95019884e+00 
 3.77144529e-10  2.84251813e+00  2.95042535e+00 
 3.78144529e-10  2.84228143e+00  2.95065189e+00 
 3.79120012e-10  2.84205027e+00  2.95087283e+00 
 3.80120012e-10  2.84181293e+00  2.95109931e+00 
 3.81120012e-10  2.84157516e+00  2.95132586e+00 
 3.82120012e-10  2.84133693e+00  2.95155258e+00 
 3.82966843e-10  2.84113485e+00  2.95174467e+00 
 3.83684048e-10  2.84096348e+00  2.95190736e+00 
 3.84427451e-10  2.84078570e+00  2.95207608e+00 
 3.85163679e-10  2.84060953e+00  2.95224329e+00 
 3.86163679e-10  2.84037021e+00  2.95247085e+00 
 3.86714489e-10  2.84023837e+00  2.95259615e+00 
 3.87036662e-10  2.84016125e+00  2.95266918e+00 
 3.87290359e-10  2.84010050e+00  2.95272645e+00 
 3.87513917e-10  2.84004698e+00  2.95277673e+00 
 3.87741910e-10  2.83999242e+00  2.95282785e+00 
 3.87984503e-10  2.83993442e+00  2.95288216e+00 
 3.88275344e-10  2.83986495e+00  2.95294727e+00 
 3.88579780e-10  2.83979233e+00  2.95301542e+00 
 3.89078208e-10  2.83967361e+00  2.95312726e+00 
 3.89790773e-10  2.83950414e+00  2.95328762e+00 
 3.90790773e-10  2.83926654e+00  2.95351330e+00 
 3.91790773e-10  2.83902898e+00  2.95373929e+00 
 3.92790773e-10  2.83879129e+00  2.95396534e+00 
 3.93780474e-10  2.83855580e+00  2.95418902e+00 
 3.94762668e-10  2.83832177e+00  2.95441093e+00 
 3.95762668e-10  2.83808310e+00  2.95463686e+00 
 3.96762668e-10  2.83784401e+00  2.95486287e+00 
 3.97762668e-10  2.83760451e+00  2.95508904e+00 
 3.98503467e-10  2.83742686e+00  2.95525655e+00 
 3.99313049e-10  2.83723254e+00  2.95543969e+00 
 4.00042337e-10  2.83705740e+00  2.95560472e+00 
 4.01012598e-10  2.83682439e+00  2.95582462e+00 
 4.01606605e-10  2.83668174e+00  2.95595919e+00 
 4.01934847e-10  2.83660290e+00  2.95603325e+00 
 4.02194541e-10  2.83654052e+00  2.95609156e+00 
 4.02418239e-10  2.83648678e+00  2.95614157e+00 
 4.02644966e-10  2.83643235e+00  2.95619210e+00 
 4.02885762e-10  2.83637459e+00  2.95624568e+00 
 4.03178499e-10  2.83630446e+00  2.95631080e+00 
 4.03473915e-10  2.83623379e+00  2.95637653e+00 
 4.03963336e-10  2.83611688e+00  2.95648569e+00 
 4.04646375e-10  2.83595398e+00  2.95663851e+00 
 4.05646375e-10  2.83571573e+00  2.95686291e+00 
 4.06646375e-10  2.83547752e+00  2.95708765e+00 
 4.07646375e-10  2.83523918e+00  2.95731246e+00 
 4.08646375e-10  2.83500060e+00  2.95753721e+00 
 4.09625601e-10  2.83476666e+00  2.95775719e+00 
 4.10625601e-10  2.83452738e+00  2.95798179e+00 
 4.11625601e-10  2.83428770e+00  2.95820642e+00 
 4.12625601e-10  2.83404765e+00  2.95843114e+00 
 4.13362214e-10  2.83387060e+00  2.95859658e+00 
 4.14086598e-10  2.83369637e+00  2.95875922e+00 
 4.14812197e-10  2.83352178e+00  2.95892215e+00 
 4.15650128e-10  2.83332017e+00  2.95911048e+00 
 4.16383372e-10  2.83314379e+00  2.95927536e+00 
 4.16743646e-10  2.83305712e+00  2.95935605e+00 
 4.17031718e-10  2.83298782e+00  2.95942027e+00 
 4.17258331e-10  2.83293330e+00  2.95947052e+00 
 4.17481063e-10  2.83287974e+00  2.95951972e+00 
 4.17715221e-10  2.83282347e+00  2.95957134e+00 
 4.17977424e-10  2.83276054e+00  2.95962910e+00 
 4.18253111e-10  2.83269447e+00  2.95968982e+00 
 4.18643257e-10  2.83260110e+00  2.95977591e+00 
 4.19210343e-10  2.83246563e+00  2.95990147e+00 
 4.20192082e-10  2.83223142e+00  2.96011967e+00 
 4.21192082e-10  2.83199296e+00  2.96034244e+00 
 4.22192082e-10  2.83175442e+00  2.96056535e+00 
 4.23192082e-10  2.83151568e+00  2.96078823e+00 
 4.24164020e-10  2.83128335e+00  2.96100473e+00 
 4.25164020e-10  2.83104398e+00  2.96122739e+00 
 4.26164020e-10  2.83080424e+00  2.96145000e+00 
 4.27164020e-10  2.83056414e+00  2.96167264e+00 
 4.27951348e-10  2.83037487e+00  2.96184781e+00 
 4.28667741e-10  2.83020252e+00  2.96200708e+00 
 4.29390953e-10  2.83002847e+00  2.96216784e+00 
 4.30146203e-10  2.82984670e+00  2.96233577e+00 
 4.31146203e-10  2.82960613e+00  2.96255851e+00 
 4.31589600e-10  2.82949946e+00  2.96265698e+00 
 4.31896746e-10  2.82942557e+00  2.96272484e+00 
 4.32128217e-10  2.82936988e+00  2.96277566e+00 
 4.32347139e-10  2.82931722e+00  2.96282349e+00 
 4.32576423e-10  2.82926211e+00  2.96287345e+00 
 4.32823342e-10  2.82920283e+00  2.96292721e+00 
 4.33109829e-10  2.82913416e+00  2.96298960e+00 
 4.33444438e-10  2.82905407e+00  2.96306257e+00 
 4.33976261e-10  2.82892702e+00  2.96317895e+00 
 4.34787173e-10  2.82873357e+00  2.96335709e+00 
 4.35787173e-10  2.82849519e+00  2.96357735e+00 
 4.36787173e-10  2.82825677e+00  2.96379783e+00 
 4.37787173e-10  2.82801819e+00  2.96401831e+00 
 4.38764762e-10  2.82778470e+00  2.96423373e+00 
 4.39760292e-10  2.82754660e+00  2.96445297e+00 
 4.40760292e-10  2.82730710e+00  2.96467310e+00 
 4.41760292e-10  2.82706725e+00  2.96489319e+00 
 4.42621219e-10  2.82686052e+00  2.96508257e+00 
 4.43338506e-10  2.82668814e+00  2.96524017e+00 
 4.44100668e-10  2.82650491e+00  2.96540759e+00 
 4.44833090e-10  2.82632882e+00  2.96556847e+00 
 4.45833090e-10  2.82608849e+00  2.96578848e+00 
 4.46402030e-10  2.82595181e+00  2.96591347e+00 
 4.46728158e-10  2.82587345e+00  2.96598470e+00 
 4.46984407e-10  2.82581188e+00  2.96604032e+00 
 4.47208309e-10  2.82575810e+00  2.96608865e+00 
 4.47435914e-10  2.82570345e+00  2.96613761e+00 
 4.47677814e-10  2.82564545e+00  2.96618957e+00 
 4.47969422e-10  2.82557563e+00  2.96625226e+00 
 4.48270809e-10  2.82550358e+00  2.96631710e+00 
 4.48765222e-10  2.82538560e+00  2.96642384e+00 
 4.49467317e-10  2.82521835e+00  2.96657600e+00 
 4.50467317e-10  2.82498034e+00  2.96679340e+00 
 4.51467317e-10  2.82474235e+00  2.96701108e+00 
 4.52467317e-10  2.82450421e+00  2.96722876e+00 
 4.53463599e-10  2.82426673e+00  2.96744553e+00 
 4.54444632e-10  2.82403260e+00  2.96765881e+00 
 4.55444632e-10  2.82379363e+00  2.96787608e+00 
 4.56444632e-10  2.82355434e+00  2.96809326e+00 
 4.57444632e-10  2.82331478e+00  2.96831041e+00 
 4.58184153e-10  2.82313747e+00  2.96847078e+00 
 4.58911940e-10  2.82296291e+00  2.96862845e+00 
 4.59640574e-10  2.82278815e+00  2.96878627e+00 
 4.60514458e-10  2.82257865e+00  2.96897572e+00 
 4.61203331e-10  2.82241359e+00  2.96912500e+00 
 4.61553899e-10  2.82232960e+00  2.96920053e+00 
 4.61833891e-10  2.82226252e+00  2.96926048e+00 
 4.62061880e-10  2.82220790e+00  2.96930899e+00 
 4.62287100e-10  2.82215398e+00  2.96935671e+00 
 4.62523770e-10  2.82209737e+00  2.96940676e+00 
 4.62822979e-10  2.82202593e+00  2.96947013e+00 
 4.63096324e-10  2.82196076e+00  2.96952801e+00 
 4.63550654e-10  2.82185264e+00  2.96962456e+00 
 4.64161136e-10  2.82170761e+00  2.96975481e+00 
 4.65161136e-10  2.82147031e+00  2.96996895e+00 
 4.66161136e-10  2.82123307e+00  2.97018344e+00 
 4.67161136e-10  2.82099571e+00  2.97039796e+00 
 4.68161136e-10  2.82075814e+00  2.97061236e+00 
 4.69134640e-10  2.82052660e+00  2.97082091e+00 
 4.70134640e-10  2.82028847e+00  2.97103496e+00 
 4.71134640e-10  2.82005004e+00  2.97124889e+00 
 4.72134640e-10  2.81981136e+00  2.97146274e+00 
 4.72885793e-10  2.81963192e+00  2.97162311e+00 
 4.73603489e-10  2.81946041e+00  2.97177616e+00 
 4.74324736e-10  2.81928807e+00  2.97192988e+00 
 4.75099847e-10  2.81910293e+00  2.97209514e+00 
 4.75986408e-10  2.81889132e+00  2.97228436e+00 
 4.76383873e-10  2.81879647e+00  2.97236875e+00 
 4.76687981e-10  2.81872391e+00  2.97243291e+00 
 4.76916990e-10  2.81866926e+00  2.97248086e+00 
 4.77137252e-10  2.81861672e+00  2.97252674e+00 
 4.77367866e-10  2.81856177e+00  2.97257466e+00 
 4.77616032e-10  2.81850272e+00  2.97262622e+00 
 4.77901876e-10  2.81843481e+00  2.97268568e+00 
 4.78244237e-10  2.81835363e+00  2.97275707e+00 
 4.78784494e-10  2.81822575e+00  2.97287023e+00 
 4.79624198e-10  2.81802730e+00  2.97304690e+00 
 4.80624198e-10  2.81779110e+00  2.97325781e+00 
 4.81624198e-10  2.81755483e+00  2.97346885e+00 
 4.82624198e-10  2.81731840e+00  2.97367981e+00 
 4.83599637e-10  2.81708755e+00  2.97388543e+00 
 4.84599637e-10  2.81685061e+00  2.97409604e+00 
 4.85599637e-10  2.81661340e+00  2.97430648e+00 
 4.86599637e-10  2.81637592e+00  2.97451679e+00 
 4.87446012e-10  2.81617475e+00  2.97469458e+00 
 4.88163216e-10  2.81600421e+00  2.97484498e+00 
 4.88906001e-10  2.81582758e+00  2.97500063e+00 
 4.89642361e-10  2.81565253e+00  2.97515489e+00 
 4.90642361e-10  2.81541499e+00  2.97536475e+00 
 4.91192566e-10  2.81528437e+00  2.97547992e+00 
 4.91514558e-10  2.81520793e+00  2.97554682e+00 
 4.91768134e-10  2.81514773e+00  2.97559909e+00 
 4.91991972e-10  2.81509460e+00  2.97564494e+00 
 4.92220175e-10  2.81504048e+00  2.97569154e+00 
 4.92462826e-10  2.81498301e+00  2.97574104e+00 
 4.92753724e-10  2.81491424e+00  2.97580049e+00 
 4.93058442e-10  2.81484232e+00  2.97586287e+00 
 4.93557467e-10  2.81472478e+00  2.97596550e+00 
 4.94271070e-10  2.81455696e+00  2.97611293e+00 
 4.95271070e-10  2.81432199e+00  2.97632016e+00 
 4.96271070e-10  2.81408699e+00  2.97652756e+00 
 4.97271070e-10  2.81385185e+00  2.97673491e+00 
 4.98260589e-10  2.81361897e+00  2.97693992e+00 
 4.99242923e-10  2.81338752e+00  2.97714323e+00 
 5.00242923e-10  2.81315166e+00  2.97735001e+00 
 5.01242923e-10  2.81291554e+00  2.97755662e+00 
 5.02242923e-10  2.81267923e+00  2.97776313e+00 
 5.02983898e-10  2.81250402e+00  2.97791584e+00 
 5.03792478e-10  2.81231283e+00  2.97808238e+00 
 5.04521977e-10  2.81214039e+00  2.97823253e+00 
 5.05493550e-10  2.81191092e+00  2.97843277e+00 
 5.06085895e-10  2.81177111e+00  2.97855459e+00 
 5.06413733e-10  2.81169373e+00  2.97862147e+00 
 5.06673078e-10  2.81163252e+00  2.97867395e+00 
 5.06897000e-10  2.81157969e+00  2.97871894e+00 
 5.07123946e-10  2.81152618e+00  2.97876439e+00 
 5.07364846e-10  2.81146946e+00  2.97881259e+00 
 5.07657564e-10  2.81140067e+00  2.97887130e+00 
 5.07953520e-10  2.81133124e+00  2.97893075e+00 
 5.08443934e-10  2.81121641e+00  2.97902975e+00 
 5.09128866e-10  2.81105632e+00  2.97916869e+00 
 5.10128866e-10  2.81082277e+00  2.97937219e+00 
 5.11128866e-10  2.81058921e+00  2.97957585e+00 
 5.12128866e-10  2.81035553e+00  2.97977944e+00 
 5.13128866e-10  2.81012164e+00  2.97998286e+00 
 5.14108302e-10  2.80989232e+00  2.98018187e+00 
 5.15108302e-10  2.80965795e+00  2.98038485e+00 
 5.16108302e-10  2.80942334e+00  2.98058765e+00 
 5.17108302e-10  2.80918856e+00  2.98079031e+00 
 5.17845243e-10  2.80901546e+00  2.98093933e+00 
 5.18570007e-10  2.80884521e+00  2.98108567e+00 
 5.19295942e-10  2.80867474e+00  2.98123216e+00 
 5.20137766e-10  2.80847723e+00  2.98140217e+00 
 5.20865770e-10  2.80830657e+00  2.98154914e+00 
 5.21224847e-10  2.80822241e+00  2.98162108e+00 
 5.21511990e-10  2.80815512e+00  2.98167816e+00 
 5.21738869e-10  2.80810196e+00  2.98172290e+00 
 5.21961951e-10  2.80804972e+00  2.98176667e+00 
 5.22196424e-10  2.80799488e+00  2.98181261e+00 
 5.22459939e-10  2.80793335e+00  2.98186432e+00 
 5.22734770e-10  2.80786929e+00  2.98191831e+00 
 5.23129271e-10  2.80777751e+00  2.98199619e+00 
 5.23698650e-10  2.80764530e+00  2.98210920e+00 
 5.24693989e-10  2.80741446e+00  2.98230770e+00 
 5.25693989e-10  2.80718259e+00  2.98250744e+00 
 5.26693989e-10  2.80695061e+00  2.98270714e+00 
 5.27693989e-10  2.80671845e+00  2.98290669e+00 
 5.28666037e-10  2.80649256e+00  2.98310044e+00 
 5.29666037e-10  2.80625994e+00  2.98329955e+00 
 5.30666037e-10  2.80602709e+00  2.98349846e+00 
 5.31666037e-10  2.80579406e+00  2.98369720e+00 
 5.32448166e-10  2.80561170e+00  2.98385232e+00 
 5.33164471e-10  2.80544466e+00  2.98399412e+00 
 5.33887182e-10  2.80527619e+00  2.98413706e+00 
 5.34644417e-10  2.80509977e+00  2.98428684e+00 
 5.35644417e-10  2.80486706e+00  2.98448502e+00 
 5.36078149e-10  2.80476618e+00  2.98457046e+00 
 5.36384427e-10  2.80469494e+00  2.98463026e+00 
 5.36613272e-10  2.80464171e+00  2.98467451e+00 
 5.36831357e-10  2.80459101e+00  2.98471641e+00 
 5.37060578e-10  2.80453777e+00  2.98476037e+00 
 5.37307928e-10  2.80448042e+00  2.98480784e+00 
 5.37593515e-10  2.80441433e+00  2.98486282e+00 
 5.37933854e-10  2.80433572e+00  2.98492858e+00 
 5.38469293e-10  2.80421229e+00  2.98503265e+00 
 5.39295006e-10  2.80402222e+00  2.98519397e+00 
 5.40295006e-10  2.80379213e+00  2.98538977e+00 
 5.41295006e-10  2.80356196e+00  2.98558559e+00 
 5.42295006e-10  2.80333164e+00  2.98578127e+00 
 5.43271557e-10  2.80310651e+00  2.98597215e+00 
 5.44269388e-10  2.80287625e+00  2.98616697e+00 
 5.45269388e-10  2.80264527e+00  2.98636200e+00 
 5.46269388e-10  2.80241411e+00  2.98655684e+00 
 5.47123206e-10  2.80221662e+00  2.98672292e+00 
 5.47840450e-10  2.80205069e+00  2.98686211e+00 
 5.48593240e-10  2.80187658e+00  2.98700808e+00 
 5.49327546e-10  2.80170684e+00  2.98715040e+00 
 5.50327546e-10  2.80147594e+00  2.98734459e+00 
 5.50886601e-10  2.80134695e+00  2.98745279e+00 
 5.51210524e-10  2.80127222e+00  2.98751489e+00 
 5.51465387e-10  2.80121342e+00  2.98756329e+00 
 5.51689258e-10  2.80116179e+00  2.98760549e+00 
 5.51917168e-10  2.80110928e+00  2.98764831e+00 
 5.52159442e-10  2.80105354e+00  2.98769383e+00 
 5.52450720e-10  2.80098666e+00  2.98774876e+00 
 5.52753715e-10  2.80091721e+00  2.98780604e+00 
 5.53250286e-10  2.80080363e+00  2.98790052e+00 
 5.53957830e-10  2.80064205e+00  2.98803587e+00 
 5.54957830e-10  2.80041383e+00  2.98822775e+00 
 5.55957830e-10  2.80018556e+00  2.98841971e+00 
 5.56957830e-10  2.79995716e+00  2.98861153e+00 
 5.57948501e-10  2.79973069e+00  2.98880137e+00 
 5.58930144e-10  2.79950607e+00  2.98898924e+00 
 5.59930144e-10  2.79927704e+00  2.98918040e+00 
 5.60930144e-10  2.79904782e+00  2.98937136e+00 
 5.61930144e-10  2.79881847e+00  2.98956216e+00 
 5.62670205e-10  2.79864869e+00  2.98970299e+00 
 5.63398630e-10  2.79848160e+00  2.98984138e+00 
 5.64127839e-10  2.79831442e+00  2.98997984e+00 
 5.65008916e-10  2.79811264e+00  2.99014735e+00 
 5.65689284e-10  2.79795698e+00  2.99027654e+00 
 5.66038023e-10  2.79787720e+00  2.99034214e+00 
 5.66316434e-10  2.79781353e+00  2.99039403e+00 
 5.66544178e-10  2.79776145e+00  2.99043612e+00 
 5.66769573e-10  2.79770995e+00  2.99047758e+00 
 5.67006591e-10  2.79765587e+00  2.99052115e+00 
 5.67305231e-10  2.79758786e+00  2.99057631e+00 
 5.67580411e-10  2.79752531e+00  2.99062719e+00 
 5.68037565e-10  2.79742160e+00  2.99071228e+00 
 5.68653812e-10  2.79728204e+00  2.99082765e+00 
 5.69653812e-10  2.79705578e+00  2.99101564e+00 
 5.70653812e-10  2.79682951e+00  2.99120379e+00 
 5.71653812e-10  2.79660311e+00  2.99139180e+00 
 5.72653812e-10  2.79637653e+00  2.99157963e+00 
 5.73627590e-10  2.79615569e+00  2.99176229e+00 
 5.74627590e-10  2.79592870e+00  2.99194965e+00 
 5.75627590e-10  2.79570152e+00  2.99213679e+00 
 5.76627590e-10  2.79547421e+00  2.99232376e+00 
 5.77376845e-10  2.79530384e+00  2.99246346e+00 
 5.78094900e-10  2.79514058e+00  2.99259709e+00 
 5.78816279e-10  2.79497665e+00  2.99273124e+00 
 5.79593320e-10  2.79480023e+00  2.99287580e+00 
 5.80468702e-10  2.79460172e+00  2.99303884e+00 
 5.80862715e-10  2.79451241e+00  2.99311163e+00 
 5.81166409e-10  2.79444358e+00  2.99316721e+00 
 5.81395373e-10  2.79439169e+00  2.99320867e+00 
 5.81615833e-10  2.79434176e+00  2.99324835e+00 
 5.81846602e-10  2.79428955e+00  2.99328983e+00 
 5.82094878e-10  2.79423348e+00  2.99333453e+00 
 5.82380300e-10  2.79416915e+00  2.99338612e+00 
 5.82724107e-10  2.79409181e+00  2.99344856e+00 
 5.83265042e-10  2.79397036e+00  2.99354751e+00 
 5.84107716e-10  2.79378142e+00  2.99370251e+00 
 5.85107716e-10  2.79355725e+00  2.99388681e+00 
 5.86107716e-10  2.79333299e+00  2.99407106e+00 
 5.87107716e-10  2.79310856e+00  2.99425516e+00 
 5.88082992e-10  2.79288948e+00  2.99443447e+00 
 5.89082992e-10  2.79266465e+00  2.99461812e+00 
 5.90082992e-10  2.79243963e+00  2.99480155e+00 
 5.91082992e-10  2.79221445e+00  2.99498478e+00 
 5.91928051e-10  2.79202408e+00  2.99513932e+00 
 5.92645248e-10  2.79186251e+00  2.99527014e+00 
 5.93386257e-10  2.79169563e+00  2.99540517e+00 
 5.94122988e-10  2.79152984e+00  2.99553939e+00 
 5.95122988e-10  2.79130508e+00  2.99572197e+00 
 5.95671544e-10  2.79118189e+00  2.99582173e+00 
 5.95993121e-10  2.79110968e+00  2.99587957e+00 
 5.96246420e-10  2.79105281e+00  2.99592464e+00 
 5.96470236e-10  2.79100258e+00  2.99596415e+00 
 5.96698491e-10  2.79095140e+00  2.99600433e+00 
 5.96941216e-10  2.79089706e+00  2.99604709e+00 
 5.97232036e-10  2.79083209e+00  2.99609858e+00 
 5.97537093e-10  2.79076407e+00  2.99615276e+00 
 5.98036677e-10  2.79065290e+00  2.99624218e+00 
 5.98751503e-10  2.79049408e+00  2.99637091e+00 
 5.99751503e-10  2.79027202e+00  2.99655154e+00 
 6.00751503e-10  2.79004988e+00  2.99673219e+00 
 6.01751503e-10  2.78982760e+00  2.99691267e+00 
 6.02740817e-10  2.78960752e+00  2.99709102e+00 
 6.03723278e-10  2.78938876e+00  2.99726789e+00 
 6.04723278e-10  2.78916590e+00  2.99744771e+00 
 6.05723278e-10  2.78894289e+00  2.99762732e+00 
 6.06723278e-10  2.78871979e+00  2.99780677e+00 
 6.07464424e-10  2.78855440e+00  2.99793937e+00 
 6.08272041e-10  2.78837425e+00  2.99808375e+00 
 6.09001747e-10  2.78821159e+00  2.99821409e+00 
 6.09974589e-10  2.78799499e+00  2.99838818e+00 
 6.10565235e-10  2.78786362e+00  2.99849354e+00 
 6.10892635e-10  2.78779081e+00  2.99855126e+00 
 6.11151616e-10  2.78773322e+00  2.99859643e+00 
 6.11375474e-10  2.78768346e+00  2.99863514e+00 
 6.11602462e-10  2.78763305e+00  2.99867426e+00 
 6.11843445e-10  2.78757962e+00  2.99871583e+00 
 6.12136056e-10  2.78751488e+00  2.99876658e+00 
 6.12432419e-10  2.78744943e+00  2.99881813e+00 
 6.12923551e-10  2.78734119e+00  2.99890428e+00 
 6.13609911e-10  2.78719017e+00  2.99902543e+00 
 6.14609911e-10  2.78697025e+00  2.99920252e+00 
 6.15609911e-10  2.78675028e+00  2.99937962e+00 
 6.16609911e-10  2.78653015e+00  2.99955656e+00 
 6.17609911e-10  2.78630985e+00  2.99973330e+00 
 6.18589488e-10  2.78609385e+00  2.99990618e+00 
 6.19589488e-10  2.78587316e+00  3.00008245e+00 
 6.20589488e-10  2.78565232e+00  3.00025851e+00 
 6.21589488e-10  2.78543140e+00  3.00043441e+00 
 6.22326660e-10  2.78526850e+00  3.00056367e+00 
 6.23051695e-10  2.78510834e+00  3.00069058e+00 
 6.23777869e-10  2.78494803e+00  3.00081761e+00 
 6.24622452e-10  2.78476180e+00  3.00096555e+00 
 6.25346825e-10  2.78460227e+00  3.00109236e+00 
 6.25705047e-10  2.78452340e+00  3.00115439e+00 
 6.25991522e-10  2.78446034e+00  3.00120350e+00 
 6.26218537e-10  2.78441037e+00  3.00124200e+00 
 6.26441838e-10  2.78436127e+00  3.00127968e+00 
 6.26676520e-10  2.78430973e+00  3.00131928e+00 
 6.26940941e-10  2.78425177e+00  3.00136407e+00 
 6.27215183e-10  2.78419177e+00  3.00141066e+00 
 6.27612783e-10  2.78410496e+00  3.00147874e+00 
 6.28183797e-10  2.78398052e+00  3.00157726e+00 
 6.29183797e-10  2.78376282e+00  3.00175076e+00 
 6.30183797e-10  2.78354509e+00  3.00192443e+00 
 6.31183797e-10  2.78332723e+00  3.00209795e+00 
 6.32183797e-10  2.78310920e+00  3.00227128e+00 
 6.33155876e-10  2.78289708e+00  3.00243953e+00 
 6.34155876e-10  2.78267867e+00  3.00261242e+00 
 6.35155876e-10  2.78246011e+00  3.00278510e+00 
 6.36155876e-10  2.78224143e+00  3.00295760e+00 
 6.36935330e-10  2.78207094e+00  3.00309168e+00 
 6.37651590e-10  2.78191430e+00  3.00321460e+00 
 6.38374046e-10  2.78175639e+00  3.00333849e+00 
 6.39132330e-10  2.78159081e+00  3.00346856e+00 
 6.40132330e-10  2.78137276e+00  3.00364054e+00 
 6.40561357e-10  2.78127928e+00  3.00371370e+00 
 6.40867160e-10  2.78121264e+00  3.00376525e+00 
 6.41094686e-10  2.78116307e+00  3.00380310e+00 
 6.41312350e-10  2.78111567e+00  3.00383905e+00 
 6.41541547e-10  2.78106582e+00  3.00387689e+00 
 6.41789125e-10  2.78101207e+00  3.00391788e+00 
 6.42074446e-10  2.78095026e+00  3.00396538e+00 
 6.42417524e-10  2.78087609e+00  3.00402286e+00 
 6.42954942e-10  2.78076014e+00  3.00411366e+00 
 6.43788512e-10  2.78058051e+00  3.00425538e+00 
 6.44788512e-10  2.78036505e+00  3.00442571e+00 
 6.45788512e-10  2.78014946e+00  3.00459595e+00 
 6.46788512e-10  2.77993372e+00  3.00476600e+00 
 6.47764563e-10  2.77972296e+00  3.00493176e+00 
 6.48763649e-10  2.77950705e+00  3.00510123e+00 
 6.49763649e-10  2.77929076e+00  3.00527065e+00 
 6.50763649e-10  2.77907435e+00  3.00543987e+00 
 6.51613725e-10  2.77889033e+00  3.00558342e+00 
 6.52330949e-10  2.77873507e+00  3.00570419e+00 
 6.53078760e-10  2.77857327e+00  3.00583001e+00 
 6.53814086e-10  2.77841431e+00  3.00595369e+00 
 6.54814086e-10  2.77819843e+00  3.00612236e+00 
 6.55368010e-10  2.77807897e+00  3.00621536e+00 
 6.55690752e-10  2.77800937e+00  3.00626886e+00 
 6.55944858e-10  2.77795457e+00  3.00631047e+00 
 6.56168698e-10  2.77790633e+00  3.00634681e+00 
 6.56396767e-10  2.77785722e+00  3.00638373e+00 
 6.56639242e-10  2.77780511e+00  3.00642307e+00 
 6.56930333e-10  2.77774267e+00  3.00647058e+00 
 6.57234211e-10  2.77767763e+00  3.00652040e+00 
 6.57732028e-10  2.77757129e+00  3.00660276e+00 
 6.58442616e-10  2.77741972e+00  3.00672115e+00 
 6.59442616e-10  2.77720651e+00  3.00688828e+00 
 6.60442616e-10  2.77699321e+00  3.00705538e+00 
 6.61442616e-10  2.77677977e+00  3.00722230e+00 
 6.62432740e-10  2.77656825e+00  3.00738736e+00 
 6.63414714e-10  2.77635829e+00  3.00755085e+00 
 6.64414714e-10  2.77614432e+00  3.00771713e+00 
 6.65414714e-10  2.77593020e+00  3.00788322e+00 
 6.66414714e-10  2.77571602e+00  3.00804916e+00 
 6.67155218e-10  2.77555740e+00  3.00817163e+00 
 6.67884167e-10  2.77540132e+00  3.00829198e+00 
 6.68613849e-10  2.77524520e+00  3.00841240e+00 
 6.69500584e-10  2.77505573e+00  3.00855902e+00 
 6.70173821e-10  2.77491205e+00  3.00867015e+00 
 6.70520927e-10  2.77483800e+00  3.00872675e+00 
 6.70797993e-10  2.77477889e+00  3.00877141e+00 
 6.71025524e-10  2.77473037e+00  3.00880769e+00 
 6.71251068e-10  2.77468231e+00  3.00884351e+00 
 6.71488375e-10  2.77463182e+00  3.00888122e+00 
 6.71786562e-10  2.77456853e+00  3.00892896e+00 
 6.72063234e-10  2.77450991e+00  3.00897337e+00 
 6.72522778e-10  2.77441275e+00  3.00904783e+00 
 6.73143756e-10  2.77428168e+00  3.00914922e+00 
 6.74143756e-10  2.77407074e+00  3.00931324e+00 
 6.75143756e-10  2.77385974e+00  3.00947730e+00 
 6.76143756e-10  2.77364860e+00  3.00964118e+00 
 6.77143756e-10  2.77343728e+00  3.00980486e+00 
 6.78117807e-10  2.77323127e+00  3.00996407e+00 
 6.79117807e-10  2.77301959e+00  3.01012733e+00 
 6.80117807e-10  2.77280778e+00  3.01029039e+00 
 6.81117807e-10  2.77259588e+00  3.01045329e+00 
 6.81865490e-10  2.77243743e+00  3.01057468e+00 
 6.82583834e-10  2.77228524e+00  3.01069107e+00 
 6.83305319e-10  2.77213249e+00  3.01080790e+00 
 6.84083963e-10  2.77196783e+00  3.01093409e+00 
 6.84950298e-10  2.77178488e+00  3.01107472e+00 
 6.85341433e-10  2.77170232e+00  3.01113752e+00 
 6.85644775e-10  2.77163831e+00  3.01118567e+00 
 6.85873686e-10  2.77159001e+00  3.01122154e+00 
 6.86094303e-10  2.77154349e+00  3.01125587e+00 
 6.86325198e-10  2.77149486e+00  3.01129180e+00 
 6.86573565e-10  2.77144266e+00  3.01133058e+00 
 6.86858947e-10  2.77138281e+00  3.01137542e+00 
 6.87203467e-10  2.77131070e+00  3.01142993e+00 
 6.87745062e-10  2.77119756e+00  3.01151645e+00 
 6.88590133e-10  2.77102124e+00  3.01165235e+00 
 6.89590133e-10  2.77081259e+00  3.01181344e+00 
 6.90590133e-10  2.77060382e+00  3.01197442e+00 
 6.91590133e-10  2.77039488e+00  3.01213521e+00 
 6.92565273e-10  2.77019096e+00  3.01229179e+00 
 6.93565273e-10  2.76998167e+00  3.01245218e+00 
 6.94565273e-10  2.76977222e+00  3.01261238e+00 
 6.95565273e-10  2.76956266e+00  3.01277240e+00 
 6.96409279e-10  2.76938575e+00  3.01290714e+00 
 6.97126470e-10  2.76923543e+00  3.01302131e+00 
 6.97866059e-10  2.76908050e+00  3.01313895e+00 
 6.98603088e-10  2.76892625e+00  3.01325617e+00 
 6.99603088e-10  2.76871728e+00  3.01341571e+00 
 7.00150276e-10  2.76860305e+00  3.01350256e+00 
 7.00471501e-10  2.76853599e+00  3.01355283e+00 
 7.00724567e-10  2.76848317e+00  3.01359193e+00 
 7.00948364e-10  2.76843648e+00  3.01362618e+00 
 7.01176664e-10  2.76838891e+00  3.01366105e+00 
 7.01419453e-10  2.76833840e+00  3.01369822e+00 
 7.01710211e-10  2.76827806e+00  3.01374306e+00 
 7.02015547e-10  2.76821481e+00  3.01379038e+00 
 7.02515597e-10  2.76811144e+00  3.01386869e+00 
 7.03231426e-10  2.76796369e+00  3.01398162e+00 
 7.04231426e-10  2.76775735e+00  3.01413989e+00 
 7.05231426e-10  2.76755091e+00  3.01429809e+00 
 7.06231426e-10  2.76734431e+00  3.01445611e+00 
 7.07220573e-10  2.76713977e+00  3.01461221e+00 
 7.08203144e-10  2.76693643e+00  3.01476706e+00 
 7.09203144e-10  2.76672931e+00  3.01492448e+00 
 7.10203144e-10  2.76652207e+00  3.01508171e+00 
 7.11203144e-10  2.76631477e+00  3.01523880e+00 
 7.11944438e-10  2.76616110e+00  3.01535485e+00 
 7.12751224e-10  2.76599393e+00  3.01548107e+00 
 7.13481107e-10  2.76584283e+00  3.01559516e+00 
 7.14455051e-10  2.76564150e+00  3.01574781e+00 
 7.15044315e-10  2.76551983e+00  3.01583980e+00 
 7.15371371e-10  2.76545230e+00  3.01589013e+00 
 7.15630054e-10  2.76539890e+00  3.01592940e+00 
 7.15853859e-10  2.76535272e+00  3.01596305e+00 
 7.16080879e-10  2.76530593e+00  3.01599708e+00 
 7.16321930e-10  2.76525633e+00  3.01603330e+00 
 7.16614449e-10  2.76519629e+00  3.01607761e+00 
 7.16911153e-10  2.76513550e+00  3.01612275e+00 
 7.17402879e-10  2.76503497e+00  3.01619838e+00 
 7.18090448e-10  2.76489463e+00  3.01630496e+00 
 7.19090448e-10  2.76469058e+00  3.01646052e+00 
 7.20090448e-10  2.76448644e+00  3.01661602e+00 
 7.21090448e-10  2.76428215e+00  3.01677132e+00 
 7.22090448e-10  2.76407769e+00  3.01692644e+00 
 7.23070144e-10  2.76387721e+00  3.01707818e+00 
 7.24070144e-10  2.76367241e+00  3.01723289e+00 
 7.25070144e-10  2.76346749e+00  3.01738741e+00 
 7.26070144e-10  2.76326251e+00  3.01754180e+00 
 7.26807509e-10  2.76311135e+00  3.01765522e+00 
 7.27532768e-10  2.76296274e+00  3.01776658e+00 
 7.28259142e-10  2.76281403e+00  3.01787807e+00 
 7.29106018e-10  2.76264088e+00  3.01800830e+00 
 7.29827305e-10  2.76249361e+00  3.01811916e+00 
 7.30184802e-10  2.76242064e+00  3.01817337e+00 
 7.30470717e-10  2.76236229e+00  3.01821620e+00 
 7.30697862e-10  2.76231594e+00  3.01824980e+00 
 7.30921357e-10  2.76227038e+00  3.01828269e+00 
 7.31156222e-10  2.76222258e+00  3.01831729e+00 
 7.31421411e-10  2.76216872e+00  3.01835659e+00 
 7.31695162e-10  2.76211323e+00  3.01839733e+00 
 7.32095374e-10  2.76203228e+00  3.01845752e+00 
 7.32667777e-10  2.76191672e+00  3.01854443e+00 
 7.33667777e-10  2.76171501e+00  3.01869723e+00 
 7.34667777e-10  2.76151323e+00  3.01885012e+00 
 7.35667777e-10  2.76131130e+00  3.01900281e+00 
 7.36667777e-10  2.76110921e+00  3.01915532e+00 
 7.37639817e-10  2.76091259e+00  3.01930335e+00 
 7.38639817e-10  2.76071015e+00  3.01945547e+00 
 7.39639817e-10  2.76050758e+00  3.01960741e+00 
 7.40639817e-10  2.76030492e+00  3.01975920e+00 
 7.41417751e-10  2.76014723e+00  3.01987690e+00 
 7.42133984e-10  2.76000210e+00  3.01998500e+00 
 7.42856298e-10  2.75985583e+00  3.02009396e+00 
 7.43615188e-10  2.75970233e+00  3.02020850e+00 
 7.44615188e-10  2.75950039e+00  3.02035995e+00 
 7.45041923e-10  2.75941428e+00  3.02042390e+00 
 7.45347499e-10  2.75935262e+00  3.02046906e+00 
 7.45574375e-10  2.75930684e+00  3.02050207e+00 
 7.45791834e-10  2.75926298e+00  3.02053346e+00 
 7.46021025e-10  2.75921683e+00  3.02056655e+00 
 7.46268725e-10  2.75916706e+00  3.02060250e+00 
 7.46553900e-10  2.75910988e+00  3.02064419e+00 
 7.46898463e-10  2.75904095e+00  3.02069499e+00 
 7.47436966e-10  2.75893343e+00  3.02077524e+00 
 7.48274873e-10  2.75876633e+00  3.02090101e+00 
 7.49274873e-10  2.75856689e+00  3.02105137e+00 
 7.50274873e-10  2.75836732e+00  3.02120158e+00 
 7.51274873e-10  2.75816759e+00  3.02135160e+00 
 7.52250658e-10  2.75797252e+00  3.02149779e+00 
 7.53250444e-10  2.75777249e+00  3.02164740e+00 
 7.54250444e-10  2.75757226e+00  3.02179686e+00 
 7.55250444e-10  2.75737193e+00  3.02194615e+00 
 7.56098472e-10  2.75720201e+00  3.02207245e+00 
 7.56815687e-10  2.75705832e+00  3.02217894e+00 
 7.57560763e-10  2.75690914e+00  3.02228950e+00 
 7.58296655e-10  2.75676194e+00  3.02239869e+00 
 7.59296655e-10  2.75656222e+00  3.02254759e+00 
 7.59847751e-10  2.75645228e+00  3.02262919e+00 
 7.60169824e-10  2.75638803e+00  3.02267616e+00 
 7.60423501e-10  2.75633743e+00  3.02271262e+00 
 7.60647320e-10  2.75629281e+00  3.02274448e+00 
 7.60875477e-10  2.75624738e+00  3.02277688e+00 
 7.61118067e-10  2.75619916e+00  3.02281144e+00 
 7.61409054e-10  2.75614146e+00  3.02285325e+00 
 7.61713431e-10  2.75608123e+00  3.02289724e+00 
 7.62211976e-10  2.75598279e+00  3.02297013e+00 
 7.62924296e-10  2.75584234e+00  3.02307513e+00 
 7.63924296e-10  2.75564522e+00  3.02322303e+00 
 7.64924296e-10  2.75544799e+00  3.02337084e+00 
 7.65924296e-10  2.75525060e+00  3.02351845e+00 
 7.66914115e-10  2.75505504e+00  3.02366437e+00 
 7.67896282e-10  2.75486083e+00  3.02380896e+00 
 7.68896282e-10  2.75466294e+00  3.02395600e+00 
 7.69896282e-10  2.75446493e+00  3.02410288e+00 
 7.70896282e-10  2.75426687e+00  3.02424963e+00 
 7.71637042e-10  2.75412015e+00  3.02435793e+00 
 7.72446893e-10  2.75395984e+00  3.02447627e+00 
 7.73176145e-10  2.75381561e+00  3.02458275e+00 
 7.74146213e-10  2.75362406e+00  3.02472482e+00 
 7.74740668e-10  2.75350681e+00  3.02481151e+00 
 7.75068858e-10  2.75344209e+00  3.02485862e+00 
 7.75328523e-10  2.75339089e+00  3.02489536e+00 
 7.75552472e-10  2.75334676e+00  3.02492671e+00 
 7.75779369e-10  2.75330209e+00  3.02495837e+00 
 7.76020193e-10  2.75325477e+00  3.02499209e+00 
 7.76312997e-10  2.75319737e+00  3.02503346e+00 
 7.76608568e-10  2.75313955e+00  3.02507544e+00 
 7.77098606e-10  2.75304390e+00  3.02514589e+00 
 7.77782302e-10  2.75291065e+00  3.02524502e+00 
 7.78782302e-10  2.75271582e+00  3.02539055e+00 
 7.79782302e-10  2.75252089e+00  3.02553600e+00 
 7.80782302e-10  2.75232580e+00  3.02568125e+00 
 7.81782302e-10  2.75213054e+00  3.02582632e+00 
 7.82761596e-10  2.75193915e+00  3.02596817e+00 
 7.83761596e-10  2.75174357e+00  3.02611285e+00 
 7.84761596e-10  2.75154786e+00  3.02625736e+00 
 7.85761596e-10  2.75135210e+00  3.02640174e+00 
 7.86498322e-10  2.75120787e+00  3.02650770e+00 
 7.87222845e-10  2.75106610e+00  3.02661170e+00 
 7.87948569e-10  2.75092422e+00  3.02671586e+00 
 7.88787866e-10  2.75076037e+00  3.02683657e+00 
 7.89519454e-10  2.75061774e+00  3.02694175e+00 
 7.89879186e-10  2.75054764e+00  3.02699273e+00 
 7.90166860e-10  2.75049158e+00  3.02703295e+00 
 7.90393299e-10  2.75044747e+00  3.02706418e+00 
 7.90616012e-10  2.75040413e+00  3.02709472e+00 
 7.90850228e-10  2.75035862e+00  3.02712689e+00 
 7.91112792e-10  2.75030771e+00  3.02716319e+00 
 7.91388232e-10  2.75025441e+00  3.02720148e+00 
 7.91779988e-10  2.75017878e+00  3.02725656e+00 
 7.92347859e-10  2.75006937e+00  3.02733726e+00 
 7.93334204e-10  2.74987948e+00  3.02747840e+00 
 7.94334204e-10  2.74968689e+00  3.02762157e+00 
 7.95334204e-10  2.74949415e+00  3.02776454e+00 
 7.96334204e-10  2.74930123e+00  3.02790732e+00 
 7.97306163e-10  2.74911356e+00  3.02804590e+00 
 7.98306163e-10  2.74892031e+00  3.02818831e+00 
 7.99306163e-10  2.74872693e+00  3.02833056e+00 
 8.00306163e-10  2.74853346e+00  3.02847266e+00 
 8.01091856e-10  2.74838143e+00  3.02858394e+00 
 8.01808239e-10  2.74824285e+00  3.02868515e+00 
 8.02531308e-10  2.74810308e+00  3.02878723e+00 
 8.03287221e-10  2.74795713e+00  3.02889404e+00 
 8.04287221e-10  2.74776437e+00  3.02903587e+00 
 8.04727637e-10  2.74767955e+00  3.02909767e+00 
 8.05034359e-10  2.74762048e+00  3.02914005e+00 
 8.05264903e-10  2.74757608e+00  3.02917138e+00 
 8.05483520e-10  2.74753400e+00  3.02920083e+00 
 8.05712788e-10  2.74748994e+00  3.02923173e+00 
 8.05959867e-10  2.74744256e+00  3.02926522e+00 
 8.06245774e-10  2.74738786e+00  3.02930430e+00 
 8.06583207e-10  2.74732344e+00  3.02935083e+00 
 8.07116371e-10  2.74722188e+00  3.02942524e+00 
 8.07933342e-10  2.74706644e+00  3.02954017e+00 
 8.08933342e-10  2.74687616e+00  3.02968112e+00 
 8.09933342e-10  2.74668574e+00  3.02982191e+00 
 8.10933342e-10  2.74649516e+00  3.02996251e+00 
 8.11910531e-10  2.74630876e+00  3.03009969e+00 
 8.12906934e-10  2.74611852e+00  3.03023941e+00 
 8.13906934e-10  2.74592745e+00  3.03037947e+00 
 8.14906934e-10  2.74573628e+00  3.03051938e+00 
 8.15765125e-10  2.74557218e+00  3.03063915e+00 
 8.16482410e-10  2.74543503e+00  3.03073893e+00 
 8.17240943e-10  2.74529010e+00  3.03084440e+00 
 8.17974113e-10  2.74515015e+00  3.03094633e+00 
 8.18974113e-10  2.74495958e+00  3.03108590e+00 
 8.19539223e-10  2.74485201e+00  3.03116435e+00 
 8.19864367e-10  2.74479013e+00  3.03120873e+00 
 8.20119988e-10  2.74474148e+00  3.03124309e+00 
 8.20343843e-10  2.74469890e+00  3.03127285e+00 
 8.20571570e-10  2.74465563e+00  3.03130305e+00 
 8.20813635e-10  2.74460973e+00  3.03133528e+00 
 8.21105080e-10  2.74455461e+00  3.03137447e+00 
 8.21407182e-10  2.74449758e+00  3.03141534e+00 
 8.21902816e-10  2.74440424e+00  3.03148326e+00 
 8.22607443e-10  2.74427174e+00  3.03158069e+00 
 8.23607443e-10  2.74408373e+00  3.03171945e+00 
 8.24607443e-10  2.74389561e+00  3.03185812e+00 
 8.25607443e-10  2.74370732e+00  3.03199657e+00 
 8.26600829e-10  2.74352011e+00  3.03213392e+00 
 8.27582129e-10  2.74333500e+00  3.03226941e+00 
 8.28582129e-10  2.74314622e+00  3.03240731e+00 
 8.29582129e-10  2.74295731e+00  3.03254506e+00 
 8.30582129e-10  2.74276836e+00  3.03268269e+00 
 8.31321874e-10  2.74262858e+00  3.03278409e+00 
 8.32049935e-10  2.74249107e+00  3.03288371e+00 
 8.32778816e-10  2.74235355e+00  3.03298344e+00 
 8.33655741e-10  2.74218833e+00  3.03310374e+00 
 8.34341225e-10  2.74205937e+00  3.03319764e+00 
 8.34690943e-10  2.74199359e+00  3.03324479e+00 
 8.34970215e-10  2.74194107e+00  3.03328190e+00 
 8.35198073e-10  2.74189823e+00  3.03331178e+00 
 8.35423364e-10  2.74185592e+00  3.03334117e+00 
 8.35660193e-10  2.74181153e+00  3.03337214e+00 
 8.35959126e-10  2.74175563e+00  3.03341169e+00 
 8.36233301e-10  2.74170446e+00  3.03344808e+00 
 8.36689176e-10  2.74161958e+00  3.03350939e+00 
 8.37302368e-10  2.74150562e+00  3.03359268e+00 
 8.38302368e-10  2.74131986e+00  3.03372928e+00 
 8.39302368e-10  2.74113400e+00  3.03386586e+00 
 8.40302368e-10  2.74094800e+00  3.03400222e+00 
 8.41302368e-10  2.74076182e+00  3.03413840e+00 
 8.42275977e-10  2.74058039e+00  3.03427078e+00 
 8.43275977e-10  2.74039388e+00  3.03440659e+00 
 8.44275977e-10  2.74020725e+00  3.03454224e+00 
 8.45275977e-10  2.74002054e+00  3.03467777e+00 
 8.46026264e-10  2.73988044e+00  3.03477904e+00 
 8.46744135e-10  2.73974645e+00  3.03487573e+00 
 8.47465453e-10  2.73961193e+00  3.03497284e+00 
 8.48241476e-10  2.73946739e+00  3.03507747e+00 
 8.49123027e-10  2.73930347e+00  3.03519664e+00 
 8.49519011e-10  2.73922988e+00  3.03524944e+00 
 8.49822796e-10  2.73917343e+00  3.03528935e+00 
 8.50051632e-10  2.73913092e+00  3.03531892e+00 
 8.50271908e-10  2.73909002e+00  3.03534716e+00 
 8.50502579e-10  2.73904726e+00  3.03537677e+00 
 8.50750813e-10  2.73900135e+00  3.03540881e+00 
 8.51036232e-10  2.73894868e+00  3.03544599e+00 
 8.51380016e-10  2.73888539e+00  3.03549120e+00 
 8.51920699e-10  2.73878605e+00  3.03556321e+00 
 8.52762735e-10  2.73863152e+00  3.03567629e+00 
 8.53762735e-10  2.73844797e+00  3.03581080e+00 
 8.54762735e-10  2.73826427e+00  3.03594514e+00 
 8.55762735e-10  2.73808040e+00  3.03607928e+00 
 8.56738074e-10  2.73790089e+00  3.03620992e+00 
 8.57738074e-10  2.73771667e+00  3.03634372e+00 
 8.58738074e-10  2.73753231e+00  3.03647735e+00 
 8.59738074e-10  2.73734784e+00  3.03661083e+00 
 8.60583539e-10  2.73719184e+00  3.03672339e+00 
 8.61300748e-10  2.73705953e+00  3.03681855e+00 
 8.62042282e-10  2.73692282e+00  3.03691688e+00 
 8.62778920e-10  2.73678716e+00  3.03701459e+00 
 8.63778920e-10  2.73660331e+00  3.03714779e+00 
 8.64327983e-10  2.73650248e+00  3.03722047e+00 
 8.64649596e-10  2.73644342e+00  3.03726228e+00 
 8.64902913e-10  2.73639690e+00  3.03729469e+00 
 8.65126710e-10  2.73635583e+00  3.03732300e+00 
 8.65354951e-10  2.73631400e+00  3.03735182e+00 
 8.65597668e-10  2.73626961e+00  3.03738260e+00 
 8.65888487e-10  2.73621655e+00  3.03741986e+00 
 8.66193508e-10  2.73616102e+00  3.03745922e+00 
 8.66693194e-10  2.73607026e+00  3.03752458e+00 
 8.67407966e-10  2.73594063e+00  3.03761896e+00 
 8.68407966e-10  2.73575929e+00  3.03775146e+00 
 8.69407966e-10  2.73557784e+00  3.03788385e+00 
 8.70407966e-10  2.73539622e+00  3.03801604e+00 
 8.71397314e-10  2.73521636e+00  3.03814662e+00 
 8.72379760e-10  2.73503759e+00  3.03827610e+00 
 8.73379760e-10  2.73485547e+00  3.03840774e+00 
 8.74379760e-10  2.73467323e+00  3.03853924e+00 
 8.75379760e-10  2.73449095e+00  3.03867062e+00 
 8.76120894e-10  2.73435585e+00  3.03876759e+00 
 8.76928612e-10  2.73420870e+00  3.03887323e+00 
 8.77658307e-10  2.73407590e+00  3.03896859e+00 
 8.78631095e-10  2.73389914e+00  3.03909619e+00 
 8.79221913e-10  2.73379193e+00  3.03917331e+00 
 8.79549283e-10  2.73373253e+00  3.03921527e+00 
 8.79808244e-10  2.73368555e+00  3.03924792e+00 
 8.80032086e-10  2.73364496e+00  3.03927581e+00 
 8.80259071e-10  2.73360385e+00  3.03930401e+00 
 8.80500059e-10  2.73356029e+00  3.03933407e+00 
 8.80792658e-10  2.73350754e+00  3.03937098e+00 
 8.81089039e-10  2.73345423e+00  3.03940860e+00 
 8.81580334e-10  2.73336606e+00  3.03947186e+00 
 8.82266817e-10  2.73324305e+00  3.03956110e+00 
 8.83266817e-10  2.73306391e+00  3.03969162e+00 
 8.84266817e-10  2.73288464e+00  3.03982204e+00 
 8.85266817e-10  2.73270522e+00  3.03995224e+00 
 8.86266817e-10  2.73252562e+00  3.04008226e+00 
 8.87246401e-10  2.73234951e+00  3.04020942e+00 
 8.88246401e-10  2.73216958e+00  3.04033908e+00 
 8.89246401e-10  2.73198952e+00  3.04046858e+00 
 8.90246401e-10  2.73180941e+00  3.04059797e+00 
 8.90983588e-10  2.73167663e+00  3.04069294e+00 
 8.91708645e-10  2.73154610e+00  3.04078617e+00 
 8.92434839e-10  2.73141549e+00  3.04087954e+00 
 8.93279619e-10  2.73126378e+00  3.04098845e+00 
 8.94003824e-10  2.73113392e+00  3.04108177e+00 
 8.94361941e-10  2.73106972e+00  3.04112715e+00 
 8.94648341e-10  2.73101839e+00  3.04116289e+00 
 8.94875251e-10  2.73097773e+00  3.04119078e+00 
 8.95098507e-10  2.73093777e+00  3.04121806e+00 
 8.95333181e-10  2.73089583e+00  3.04124680e+00 
 8.95597623e-10  2.73084869e+00  3.04127946e+00 
 8.95871847e-10  2.73079992e+00  3.04131353e+00 
 8.96269695e-10  2.73072932e+00  3.04136364e+00 
 8.96840817e-10  2.73062818e+00  3.04143646e+00 
 8.97840817e-10  2.73045123e+00  3.04156494e+00 
 8.98840817e-10  2.73027419e+00  3.04169346e+00 
 8.99840817e-10  2.73009699e+00  3.04182175e+00 
 9.00840817e-10  2.72991962e+00  3.04194985e+00 
 9.01812858e-10  2.72974703e+00  3.04207417e+00 
 9.02812858e-10  2.72956932e+00  3.04220193e+00 
 9.03812858e-10  2.72939147e+00  3.04232953e+00 
 9.04812858e-10  2.72921354e+00  3.04245700e+00 
 9.05592222e-10  2.72907485e+00  3.04255598e+00 
 9.06308487e-10  2.72894742e+00  3.04264669e+00 
 9.07030942e-10  2.72881899e+00  3.04273815e+00 
 9.07789280e-10  2.72868435e+00  3.04283426e+00 
 9.08789280e-10  2.72850712e+00  3.04296156e+00 
 9.09218301e-10  2.72843115e+00  3.04301547e+00 
 9.09524042e-10  2.72837701e+00  3.04305323e+00 
 9.09751518e-10  2.72833672e+00  3.04308078e+00 
 9.09969164e-10  2.72829821e+00  3.04310691e+00 
 9.10198365e-10  2.72825771e+00  3.04313446e+00 
 9.10445960e-10  2.72821407e+00  3.04316443e+00 
 9.10731260e-10  2.72816391e+00  3.04319931e+00 
 9.11074645e-10  2.72810368e+00  3.04324176e+00 
 9.11612228e-10  2.72800960e+00  3.04330912e+00 
 9.12446534e-10  2.72786375e+00  3.04341458e+00 
 9.13446534e-10  2.72768890e+00  3.04354121e+00 
 9.14446534e-10  2.72751390e+00  3.04366766e+00 
 9.15446534e-10  2.72733873e+00  3.04379390e+00 
 9.16422550e-10  2.72716758e+00  3.04391691e+00 
 9.17421735e-10  2.72699220e+00  3.04404270e+00 
 9.18421735e-10  2.72681652e+00  3.04416843e+00 
 9.19421735e-10  2.72664075e+00  3.04429402e+00 
 9.20271517e-10  2.72649133e+00  3.04440046e+00 
 9.20988745e-10  2.72636524e+00  3.04448997e+00 
 9.21736153e-10  2.72623394e+00  3.04458321e+00 
 9.22471570e-10  2.72610487e+00  3.04467497e+00 
 9.23471570e-10  2.72592968e+00  3.04480032e+00 
 9.24025104e-10  2.72583283e+00  3.04486924e+00 
 9.24347710e-10  2.72577638e+00  3.04490866e+00 
 9.24601725e-10  2.72573194e+00  3.04493915e+00 
 9.24825550e-10  2.72569280e+00  3.04496570e+00 
 9.25053632e-10  2.72565297e+00  3.04499270e+00 
 9.25296132e-10  2.72561071e+00  3.04502155e+00 
 9.25587195e-10  2.72556012e+00  3.04505658e+00 
 9.25891179e-10  2.72550741e+00  3.04509344e+00 
 9.26389235e-10  2.72542125e+00  3.04515472e+00 
 9.27100230e-10  2.72529844e+00  3.04524310e+00 
 9.28100230e-10  2.72512573e+00  3.04536786e+00 
 9.29100230e-10  2.72495289e+00  3.04549251e+00 
 9.30100230e-10  2.72477989e+00  3.04561694e+00 
 9.31090295e-10  2.72460843e+00  3.04573994e+00 
 9.32072311e-10  2.72443819e+00  3.04586175e+00 
 9.33072311e-10  2.72426467e+00  3.04598565e+00 
 9.34072311e-10  2.72409104e+00  3.04610941e+00 
 9.35072311e-10  2.72391735e+00  3.04623306e+00 
 9.35812873e-10  2.72378872e+00  3.04632422e+00 
 9.36541894e-10  2.72366216e+00  3.04641380e+00 
 9.37271642e-10  2.72353560e+00  3.04650347e+00 
 9.38159137e-10  2.72338193e+00  3.04661290e+00 
 9.38831485e-10  2.72326568e+00  3.04669562e+00 
 9.39178350e-10  2.72320573e+00  3.04673753e+00 
 9.39455221e-10  2.72315787e+00  3.04677043e+00 
 9.39682715e-10  2.72311857e+00  3.04679708e+00 
 9.39908278e-10  2.72307964e+00  3.04682336e+00 
 9.40145629e-10  2.72303876e+00  3.04685111e+00 
 9.40443746e-10  2.72298755e+00  3.04688642e+00 
 9.40720635e-10  2.72294010e+00  3.04691937e+00 
 9.41180603e-10  2.72286145e+00  3.04697494e+00 
 9.41802306e-10  2.72275534e+00  3.04705090e+00 
 9.42802306e-10  2.72258475e+00  3.04717380e+00 
 9.43802306e-10  2.72241404e+00  3.04729665e+00 
 9.44802306e-10  2.72224317e+00  3.04741927e+00 
 9.45802306e-10  2.72207212e+00  3.04754171e+00 
 9.46776400e-10  2.72190533e+00  3.04766077e+00 
 9.47776400e-10  2.72173394e+00  3.04778286e+00 
 9.48776400e-10  2.72156242e+00  3.04790480e+00 
 9.49776400e-10  2.72139082e+00  3.04802662e+00 
 9.50523846e-10  2.72126255e+00  3.04811727e+00 
 9.51242230e-10  2.72113931e+00  3.04820419e+00 
 9.51963730e-10  2.72101565e+00  3.04829148e+00 
 9.52742624e-10  2.72088233e+00  3.04838587e+00 
 9.53607634e-10  2.72073453e+00  3.04849099e+00 
 9.53998362e-10  2.72066781e+00  3.04853773e+00 
 9.54301622e-10  2.72061602e+00  3.04857342e+00 
 9.54530492e-10  2.72057695e+00  3.04859986e+00 
 9.54751116e-10  2.72053931e+00  3.04862513e+00 
 9.54982027e-10  2.72049999e+00  3.04865162e+00 
 9.55230412e-10  2.72045779e+00  3.04868032e+00 
 9.55515783e-10  2.72040943e+00  3.04871363e+00 
 9.55860506e-10  2.72035115e+00  3.04875433e+00 
 9.56402240e-10  2.72025977e+00  3.04881921e+00 
 9.57247868e-10  2.72011728e+00  3.04892142e+00 
 9.58247868e-10  2.71994873e+00  3.04904250e+00 
 9.59247868e-10  2.71978002e+00  3.04916339e+00 
 9.60247868e-10  2.71961114e+00  3.04928408e+00 
 9.61222985e-10  2.71944628e+00  3.04940158e+00 
 9.62222985e-10  2.71927705e+00  3.04952193e+00 
 9.63222985e-10  2.71910766e+00  3.04964212e+00 
 9.64222985e-10  2.71893817e+00  3.04976219e+00 
 9.65066766e-10  2.71879512e+00  3.04986320e+00 
 9.65783957e-10  2.71867354e+00  3.04994875e+00 
 9.66523237e-10  2.71854831e+00  3.05003688e+00 
 9.67260334e-10  2.71842358e+00  3.05012479e+00 
 9.68260334e-10  2.71825467e+00  3.05024464e+00 
 9.68807253e-10  2.71816240e+00  3.05030972e+00 
 9.69128393e-10  2.71810823e+00  3.05034717e+00 
 9.69381399e-10  2.71806554e+00  3.05037614e+00 
 9.69605187e-10  2.71802781e+00  3.05040144e+00 
 9.69833497e-10  2.71798938e+00  3.05042722e+00 
 9.70076302e-10  2.71794859e+00  3.05045477e+00 
 9.70367043e-10  2.71789988e+00  3.05048817e+00 
 9.70672452e-10  2.71784883e+00  3.05052355e+00 
 9.71172659e-10  2.71776543e+00  3.05058239e+00 
 9.71888770e-10  2.71764621e+00  3.05066752e+00 
 9.72888770e-10  2.71747973e+00  3.05078685e+00 
 9.73888770e-10  2.71731312e+00  3.05090605e+00 
 9.74888770e-10  2.71714634e+00  3.05102504e+00 
 9.75877878e-10  2.71698120e+00  3.05114253e+00 
 9.76860480e-10  2.71681696e+00  3.05125908e+00 
 9.77860480e-10  2.71664966e+00  3.05137754e+00 
 9.78860480e-10  2.71648224e+00  3.05149586e+00 
 9.79860480e-10  2.71631476e+00  3.05161408e+00 
 9.80601816e-10  2.71619059e+00  3.05170132e+00 
 9.81408370e-10  2.71605558e+00  3.05179620e+00 
 9.82138304e-10  2.71593353e+00  3.05188201e+00 
 9.83112569e-10  2.71577090e+00  3.05199704e+00 
 9.83701457e-10  2.71567274e+00  3.05206619e+00 
 9.84028409e-10  2.71561824e+00  3.05210380e+00 
 9.84287002e-10  2.71557514e+00  3.05213299e+00 
 9.84510788e-10  2.71553786e+00  3.05215792e+00 
 9.84737819e-10  2.71550009e+00  3.05218315e+00 
 9.84978891e-10  2.71546008e+00  3.05221007e+00 
 9.85271382e-10  2.71541166e+00  3.05224316e+00 
 9.85568191e-10  2.71536264e+00  3.05227699e+00 
 9.86060121e-10  2.71528160e+00  3.05233396e+00 
 9.86748072e-10  2.71516846e+00  3.05241452e+00 
 9.87748072e-10  2.71500402e+00  3.05253212e+00 
 9.88748072e-10  2.71483945e+00  3.05264960e+00 
 9.89748072e-10  2.71467471e+00  3.05276686e+00 
 9.90748072e-10  2.71450979e+00  3.05288393e+00 
 9.91727809e-10  2.71434803e+00  3.05299844e+00 
 9.92727809e-10  2.71418277e+00  3.05311517e+00 
 9.93727809e-10  2.71401738e+00  3.05323175e+00 
 9.94727809e-10  2.71385193e+00  3.05334824e+00 
 9.95465236e-10  2.71372992e+00  3.05343373e+00 
 9.96190569e-10  2.71360996e+00  3.05351764e+00 
 9.96917008e-10  2.71348994e+00  3.05360169e+00 
 9.97764642e-10  2.71335012e+00  3.05370007e+00 
 9.98484958e-10  2.71323149e+00  3.05378363e+00 
 9.98926861e-10  2.71315877e+00  3.05383430e+00 
 9.99234276e-10  2.71310820e+00  3.05386893e+00 
 9.99509069e-10  2.71306302e+00  3.05389955e+00 
 9.99754535e-10  2.71302270e+00  3.05392667e+00 
 1.00000000e-09  2.71298245e+00  3.05395375e+00 
