 time            v(detp)         v(detn)        
 0.00000000e+00  2.89648133e+00  2.89648133e+00 
 1.00000000e-14  2.89648133e+00  2.89648133e+00 
 1.12500000e-14  2.89648133e+00  2.89648133e+00 
 1.37500000e-14  2.89648133e+00  2.89648133e+00 
 1.87500000e-14  2.89648133e+00  2.89648133e+00 
 2.87500000e-14  2.89648133e+00  2.89648133e+00 
 3.12500000e-14  2.89648133e+00  2.89648133e+00 
 3.62500000e-14  2.89648133e+00  2.89648133e+00 
 4.62500000e-14  2.89648133e+00  2.89648133e+00 
 6.62500000e-14  2.89648133e+00  2.89648133e+00 
 1.06250000e-13  2.89648133e+00  2.89648133e+00 
 1.86250000e-13  2.89648133e+00  2.89648133e+00 
 3.46250000e-13  2.89648133e+00  2.89648133e+00 
 6.66250000e-13  2.89648133e+00  2.89648133e+00 
 1.30625000e-12  2.89648133e+00  2.89648132e+00 
 2.30625000e-12  2.89648130e+00  2.89648131e+00 
 3.30625000e-12  2.89648118e+00  2.89648136e+00 
 4.30625000e-12  2.89648085e+00  2.89648162e+00 
 5.30625000e-12  2.89648016e+00  2.89648232e+00 
 6.30625000e-12  2.89647894e+00  2.89648366e+00 
 7.24950608e-12  2.89647716e+00  2.89648571e+00 
 8.24950608e-12  2.89647445e+00  2.89648885e+00 
 9.24950608e-12  2.89647079e+00  2.89649311e+00 
 1.02495061e-11  2.89646616e+00  2.89649852e+00 
 1.11111948e-11  2.89646138e+00  2.89650406e+00 
 1.18744036e-11  2.89645657e+00  2.89650961e+00 
 1.26399516e-11  2.89645125e+00  2.89651570e+00 
 1.35669857e-11  2.89644426e+00  2.89652363e+00 
 1.43356739e-11  2.89643810e+00  2.89653056e+00 
 1.51577826e-11  2.89643124e+00  2.89653818e+00 
 1.60877464e-11  2.89642326e+00  2.89654688e+00 
 1.70877464e-11  2.89641450e+00  2.89655622e+00 
 1.80877464e-11  2.89640556e+00  2.89656555e+00 
 1.90877464e-11  2.89639639e+00  2.89657502e+00 
 2.00877464e-11  2.89638685e+00  2.89658483e+00 
 2.10877464e-11  2.89637679e+00  2.89659522e+00 
 2.20877464e-11  2.89636605e+00  2.89660640e+00 
 2.30877464e-11  2.89635449e+00  2.89661854e+00 
 2.40877464e-11  2.89634201e+00  2.89663177e+00 
 2.50877464e-11  2.89632854e+00  2.89664613e+00 
 2.58455360e-11  2.89631769e+00  2.89665775e+00 
 2.66433846e-11  2.89630569e+00  2.89667063e+00 
 2.74110519e-11  2.89629363e+00  2.89668357e+00 
 2.81700813e-11  2.89628128e+00  2.89669681e+00 
 2.87835220e-11  2.89627104e+00  2.89670777e+00 
 2.94571685e-11  2.89625958e+00  2.89672000e+00 
 3.01621223e-11  2.89624741e+00  2.89673292e+00 
 3.10830025e-11  2.89623135e+00  2.89674985e+00 
 3.20830025e-11  2.89621375e+00  2.89676818e+00 
 3.30830025e-11  2.89619599e+00  2.89678649e+00 
 3.40830025e-11  2.89617800e+00  2.89680492e+00 
 3.50830025e-11  2.89615966e+00  2.89682370e+00 
 3.60830025e-11  2.89614080e+00  2.89684305e+00 
 3.70830025e-11  2.89612126e+00  2.89686318e+00 
 3.80830025e-11  2.89610091e+00  2.89688426e+00 
 3.90830025e-11  2.89607964e+00  2.89690641e+00 
 3.99828589e-11  2.89605969e+00  2.89692729e+00 
 4.07199822e-11  2.89604276e+00  2.89694505e+00 
 4.15077506e-11  2.89602412e+00  2.89696465e+00 
 4.22706702e-11  2.89600557e+00  2.89698417e+00 
 4.30888468e-11  2.89598521e+00  2.89700559e+00 
 4.37251792e-11  2.89596909e+00  2.89702253e+00 
 4.44156550e-11  2.89595140e+00  2.89704111e+00 
 4.51419882e-11  2.89593260e+00  2.89706078e+00 
 4.60790269e-11  2.89590820e+00  2.89708618e+00 
 4.70790269e-11  2.89588200e+00  2.89711323e+00 
 4.80790269e-11  2.89585566e+00  2.89714025e+00 
 4.90790269e-11  2.89582909e+00  2.89716741e+00 
 5.00790269e-11  2.89580215e+00  2.89719491e+00 
 5.10790269e-11  2.89577470e+00  2.89722298e+00 
 5.20790269e-11  2.89574657e+00  2.89725183e+00 
 5.30790269e-11  2.89571762e+00  2.89728164e+00 
 5.40790269e-11  2.89568775e+00  2.89731250e+00 
 5.49619552e-11  2.89566059e+00  2.89734066e+00 
 5.56993097e-11  2.89563734e+00  2.89736483e+00 
 5.64652396e-11  2.89561266e+00  2.89739051e+00 
 5.72343720e-11  2.89558740e+00  2.89741683e+00 
 5.80252451e-11  2.89556098e+00  2.89744435e+00 
 5.86556439e-11  2.89553966e+00  2.89746656e+00 
 5.93428747e-11  2.89551620e+00  2.89749096e+00 
 6.00641894e-11  2.89549142e+00  2.89751669e+00 
 6.10012363e-11  2.89545907e+00  2.89755014e+00 
 6.20012363e-11  2.89542441e+00  2.89758577e+00 
 6.30012363e-11  2.89538961e+00  2.89762137e+00 
 6.40012363e-11  2.89535459e+00  2.89765708e+00 
 6.50012363e-11  2.89531922e+00  2.89769311e+00 
 6.60012363e-11  2.89528334e+00  2.89772969e+00 
 6.70012363e-11  2.89524680e+00  2.89776703e+00 
 6.80012363e-11  2.89520946e+00  2.89780530e+00 
 6.90012363e-11  2.89517121e+00  2.89784461e+00 
 6.98849676e-11  2.89513663e+00  2.89788024e+00 
 7.06223283e-11  2.89510722e+00  2.89791060e+00 
 7.13893326e-11  2.89507612e+00  2.89794276e+00 
 7.21581763e-11  2.89504446e+00  2.89797552e+00 
 7.29500071e-11  2.89501142e+00  2.89800970e+00 
 7.35802915e-11  2.89498487e+00  2.89803718e+00 
 7.42670595e-11  2.89495573e+00  2.89806731e+00 
 7.49881691e-11  2.89492499e+00  2.89809905e+00 
 7.59239897e-11  2.89488493e+00  2.89814027e+00 
 7.69239897e-11  2.89484201e+00  2.89818424e+00 
 7.79239897e-11  2.89479895e+00  2.89822817e+00 
 7.89239897e-11  2.89475568e+00  2.89827220e+00 
 7.99239897e-11  2.89471207e+00  2.89831654e+00 
 8.09239897e-11  2.89466796e+00  2.89836143e+00 
 8.19239897e-11  2.89462318e+00  2.89840705e+00 
 8.29239897e-11  2.89457761e+00  2.89845360e+00 
 8.39239897e-11  2.89453114e+00  2.89850116e+00 
 8.48082909e-11  2.89448928e+00  2.89854412e+00 
 8.55456237e-11  2.89445382e+00  2.89858056e+00 
 8.63133755e-11  2.89441638e+00  2.89861908e+00 
 8.70819442e-11  2.89437843e+00  2.89865816e+00 
 8.78748364e-11  2.89433885e+00  2.89869892e+00 
 8.85051866e-11  2.89430714e+00  2.89873159e+00 
 8.91917584e-11  2.89427239e+00  2.89876736e+00 
 8.99128626e-11  2.89423575e+00  2.89880505e+00 
 9.08479828e-11  2.89418808e+00  2.89885394e+00 
 9.18479828e-11  2.89413700e+00  2.89890614e+00 
 9.28479828e-11  2.89408578e+00  2.89895828e+00 
 9.38479828e-11  2.89403437e+00  2.89901052e+00 
 9.48479828e-11  2.89398262e+00  2.89906305e+00 
 9.58479828e-11  2.89393038e+00  2.89911610e+00 
 9.68479828e-11  2.89387750e+00  2.89916987e+00 
 9.78479828e-11  2.89382383e+00  2.89922454e+00 
 9.88479828e-11  2.89376928e+00  2.89928021e+00 
 9.97326038e-11  2.89372027e+00  2.89933034e+00 
 1.00469931e-10  2.89367887e+00  2.89937273e+00 
 1.01238114e-10  2.89363523e+00  2.89941747e+00 
 1.02006548e-10  2.89359112e+00  2.89946272e+00 
 1.02799873e-10  2.89354517e+00  2.89950989e+00 
 1.03430164e-10  2.89350841e+00  2.89954762e+00 
 1.04116511e-10  2.89346819e+00  2.89958889e+00 
 1.04837512e-10  2.89342579e+00  2.89963235e+00 
 1.05772043e-10  2.89337071e+00  2.89968870e+00 
 1.06772043e-10  2.89331166e+00  2.89974892e+00 
 1.07772043e-10  2.89325249e+00  2.89980907e+00 
 1.08772043e-10  2.89319312e+00  2.89986930e+00 
 1.09772043e-10  2.89313343e+00  2.89992983e+00 
 1.10772043e-10  2.89307325e+00  2.89999086e+00 
 1.11772043e-10  2.89301243e+00  2.90005260e+00 
 1.12772043e-10  2.89295083e+00  2.90011523e+00 
 1.13772043e-10  2.89288836e+00  2.90017885e+00 
 1.14656953e-10  2.89283233e+00  2.90023601e+00 
 1.15394269e-10  2.89278510e+00  2.90028426e+00 
 1.16162837e-10  2.89273537e+00  2.90033510e+00 
 1.16931139e-10  2.89268520e+00  2.90038644e+00 
 1.17724954e-10  2.89263295e+00  2.90043993e+00 
 1.18355249e-10  2.89259122e+00  2.90048265e+00 
 1.19041462e-10  2.89254560e+00  2.90052935e+00 
 1.19762431e-10  2.89249753e+00  2.90057852e+00 
 1.20696549e-10  2.89243512e+00  2.90064225e+00 
 1.21696549e-10  2.89236821e+00  2.90071038e+00 
 1.22696549e-10  2.89230119e+00  2.90077844e+00 
 1.23696549e-10  2.89223398e+00  2.90084658e+00 
 1.24696549e-10  2.89216645e+00  2.90091498e+00 
 1.25696549e-10  2.89209845e+00  2.90098388e+00 
 1.26696549e-10  2.89202982e+00  2.90105346e+00 
 1.27696549e-10  2.89196043e+00  2.90112391e+00 
 1.28696549e-10  2.89189019e+00  2.90119534e+00 
 1.29581653e-10  2.89182727e+00  2.90125940e+00 
 1.30318963e-10  2.89177433e+00  2.90131338e+00 
 1.31087788e-10  2.89171864e+00  2.90137020e+00 
 1.31856004e-10  2.89166255e+00  2.90142749e+00 
 1.32650121e-10  2.89160416e+00  2.90148714e+00 
 1.33280400e-10  2.89155758e+00  2.90153473e+00 
 1.33966497e-10  2.89150670e+00  2.90158672e+00 
 1.34687423e-10  2.89145310e+00  2.90164146e+00 
 1.35621218e-10  2.89138355e+00  2.90171237e+00 
 1.36621218e-10  2.89130898e+00  2.90178821e+00 
 1.37621218e-10  2.89123431e+00  2.90186399e+00 
 1.38621218e-10  2.89115946e+00  2.90193982e+00 
 1.39621218e-10  2.89108429e+00  2.90201592e+00 
 1.40621218e-10  2.89100866e+00  2.90209250e+00 
 1.41621218e-10  2.89093241e+00  2.90216976e+00 
 1.42621218e-10  2.89085540e+00  2.90224787e+00 
 1.43621218e-10  2.89077754e+00  2.90232694e+00 
 1.44506477e-10  2.89070788e+00  2.90239778e+00 
 1.45243782e-10  2.89064934e+00  2.90245738e+00 
 1.46012815e-10  2.89058780e+00  2.90252009e+00 
 1.46780960e-10  2.89052589e+00  2.90258322e+00 
 1.47575337e-10  2.89046147e+00  2.90264894e+00 
 1.48205609e-10  2.89041012e+00  2.90270134e+00 
 1.48891620e-10  2.89035406e+00  2.90275855e+00 
 1.49612518e-10  2.89029501e+00  2.90281878e+00 
 1.50546061e-10  2.89021843e+00  2.90289678e+00 
 1.51546061e-10  2.89013632e+00  2.90298024e+00 
 1.52546061e-10  2.89005411e+00  2.90306363e+00 
 1.53546061e-10  2.88997173e+00  2.90314706e+00 
 1.54546061e-10  2.88988905e+00  2.90323074e+00 
 1.55546061e-10  2.88980592e+00  2.90331489e+00 
 1.56546061e-10  2.88972217e+00  2.90339969e+00 
 1.57546061e-10  2.88963769e+00  2.90348532e+00 
 1.58546061e-10  2.88955237e+00  2.90357189e+00 
 1.59431438e-10  2.88947612e+00  2.90364936e+00 
 1.60168738e-10  2.88941210e+00  2.90371446e+00 
 1.60937927e-10  2.88934485e+00  2.90378292e+00 
 1.61706020e-10  2.88927726e+00  2.90385176e+00 
 1.62500582e-10  2.88920696e+00  2.90392340e+00 
 1.63130847e-10  2.88915096e+00  2.90398048e+00 
 1.63816792e-10  2.88908986e+00  2.90404277e+00 
 1.64537667e-10  2.88902551e+00  2.90410834e+00 
 1.65471021e-10  2.88894210e+00  2.90419325e+00 
 1.66471021e-10  2.88885265e+00  2.90428412e+00 
 1.67471021e-10  2.88876312e+00  2.90437490e+00 
 1.68471021e-10  2.88867342e+00  2.90446573e+00 
 1.69471021e-10  2.88858343e+00  2.90455680e+00 
 1.70471021e-10  2.88849298e+00  2.90464832e+00 
 1.71471021e-10  2.88840194e+00  2.90474048e+00 
 1.72471021e-10  2.88831016e+00  2.90483346e+00 
 1.73471021e-10  2.88821756e+00  2.90492736e+00 
 1.74356491e-10  2.88813486e+00  2.90501133e+00 
 1.75093789e-10  2.88806548e+00  2.90508182e+00 
 1.75863103e-10  2.88799264e+00  2.90515591e+00 
 1.76631154e-10  2.88791948e+00  2.90523036e+00 
 1.77425867e-10  2.88784341e+00  2.90530781e+00 
 1.78056130e-10  2.88778286e+00  2.90536949e+00 
 1.78742028e-10  2.88771680e+00  2.90543679e+00 
 1.79462889e-10  2.88764725e+00  2.90550762e+00 
 1.80396107e-10  2.88755711e+00  2.90559932e+00 
 1.81396107e-10  2.88746046e+00  2.90569748e+00 
 1.82396107e-10  2.88736372e+00  2.90579556e+00 
 1.83396107e-10  2.88726683e+00  2.90589366e+00 
 1.84396107e-10  2.88716965e+00  2.90599199e+00 
 1.85396107e-10  2.88707204e+00  2.90609075e+00 
 1.86396107e-10  2.88697383e+00  2.90619013e+00 
 1.87396107e-10  2.88687491e+00  2.90629030e+00 
 1.88396107e-10  2.88677520e+00  2.90639137e+00 
 1.89281641e-10  2.88668620e+00  2.90648167e+00 
 1.90018937e-10  2.88661160e+00  2.90655743e+00 
 1.90788337e-10  2.88653330e+00  2.90663700e+00 
 1.91556361e-10  2.88645473e+00  2.90671690e+00 
 1.92351171e-10  2.88637305e+00  2.90680001e+00 
 1.92981434e-10  2.88630807e+00  2.90686615e+00 
 1.93667305e-10  2.88623720e+00  2.90693830e+00 
 1.94388158e-10  2.88616260e+00  2.90701423e+00 
 1.95321291e-10  2.88606594e+00  2.90711252e+00 
 1.96321291e-10  2.88596229e+00  2.90721775e+00 
 1.97321291e-10  2.88585857e+00  2.90732289e+00 
 1.98321291e-10  2.88575470e+00  2.90742805e+00 
 1.99321291e-10  2.88565055e+00  2.90753342e+00 
 2.00321291e-10  2.88554597e+00  2.90763921e+00 
 2.01321291e-10  2.88544081e+00  2.90774560e+00 
 2.02321291e-10  2.88533494e+00  2.90785277e+00 
 2.03321291e-10  2.88522828e+00  2.90796083e+00 
 2.04206872e-10  2.88513314e+00  2.90805731e+00 
 2.04944166e-10  2.88505344e+00  2.90813819e+00 
 2.05713627e-10  2.88496982e+00  2.90822312e+00 
 2.06481631e-10  2.88488595e+00  2.90830835e+00 
 2.07276510e-10  2.88479879e+00  2.90839698e+00 
 2.07906775e-10  2.88472947e+00  2.90846750e+00 
 2.08592633e-10  2.88465388e+00  2.90854440e+00 
 2.09313484e-10  2.88457432e+00  2.90862533e+00 
 2.10246573e-10  2.88447126e+00  2.90873009e+00 
 2.11246573e-10  2.88436076e+00  2.90884226e+00 
 2.12246573e-10  2.88425019e+00  2.90895432e+00 
 2.13246573e-10  2.88413948e+00  2.90906639e+00 
 2.14246573e-10  2.88402850e+00  2.90917866e+00 
 2.15246573e-10  2.88391710e+00  2.90929132e+00 
 2.16246573e-10  2.88380513e+00  2.90940456e+00 
 2.17246573e-10  2.88369248e+00  2.90951855e+00 
 2.18246573e-10  2.88357905e+00  2.90963341e+00 
 2.19132176e-10  2.88347793e+00  2.90973589e+00 
 2.19869470e-10  2.88339327e+00  2.90982175e+00 
 2.20638959e-10  2.88330448e+00  2.90991187e+00 
 2.21406956e-10  2.88321547e+00  2.91000227e+00 
 2.22201861e-10  2.88312299e+00  2.91009623e+00 
 2.22832129e-10  2.88304946e+00  2.91017098e+00 
 2.23517987e-10  2.88296931e+00  2.91025248e+00 
 2.24238841e-10  2.88288496e+00  2.91033823e+00 
 2.25171923e-10  2.88277570e+00  2.91044923e+00 
 2.26171923e-10  2.88265857e+00  2.91056808e+00 
 2.27171923e-10  2.88254138e+00  2.91068682e+00 
 2.28171923e-10  2.88242404e+00  2.91080556e+00 
 2.29171923e-10  2.88230645e+00  2.91092449e+00 
 2.30171923e-10  2.88218844e+00  2.91104379e+00 
 2.31171923e-10  2.88206988e+00  2.91116366e+00 
 2.32171923e-10  2.88195064e+00  2.91128426e+00 
 2.33171923e-10  2.88183064e+00  2.91140571e+00 
 2.34057535e-10  2.88172370e+00  2.91151401e+00 
 2.34794829e-10  2.88163421e+00  2.91160471e+00 
 2.35564331e-10  2.88154038e+00  2.91169987e+00 
 2.36332325e-10  2.88144635e+00  2.91179529e+00 
 2.37127238e-10  2.88134869e+00  2.91189446e+00 
 2.37757511e-10  2.88127106e+00  2.91197332e+00 
 2.38443376e-10  2.88118644e+00  2.91205930e+00 
 2.39164236e-10  2.88109740e+00  2.91214976e+00 
 2.40097333e-10  2.88098208e+00  2.91226686e+00 
 2.41097333e-10  2.88085846e+00  2.91239224e+00 
 2.42097333e-10  2.88073479e+00  2.91251750e+00 
 2.43097333e-10  2.88061099e+00  2.91264275e+00 
 2.44097333e-10  2.88048693e+00  2.91276816e+00 
 2.45097333e-10  2.88036248e+00  2.91289392e+00 
 2.46097333e-10  2.88023748e+00  2.91302024e+00 
 2.47097333e-10  2.88011183e+00  2.91314725e+00 
 2.48097333e-10  2.87998543e+00  2.91327508e+00 
 2.48982938e-10  2.87987286e+00  2.91338901e+00 
 2.49720233e-10  2.87977868e+00  2.91348439e+00 
 2.50489726e-10  2.87967998e+00  2.91358441e+00 
 2.51257724e-10  2.87958109e+00  2.91368468e+00 
 2.52052618e-10  2.87947842e+00  2.91378885e+00 
 2.52682896e-10  2.87939682e+00  2.91387167e+00 
 2.53368775e-10  2.87930789e+00  2.91396196e+00 
 2.54089641e-10  2.87921433e+00  2.91405695e+00 
 2.55022774e-10  2.87909317e+00  2.91417990e+00 
 2.56022774e-10  2.87896330e+00  2.91431155e+00 
 2.57022774e-10  2.87883338e+00  2.91444306e+00 
 2.58022774e-10  2.87870334e+00  2.91457456e+00 
 2.59022774e-10  2.87857305e+00  2.91470621e+00 
 2.60022774e-10  2.87844237e+00  2.91483820e+00 
 2.61022774e-10  2.87831115e+00  2.91497071e+00 
 2.62022774e-10  2.87817929e+00  2.91510390e+00 
 2.63022774e-10  2.87804670e+00  2.91523790e+00 
 2.63908368e-10  2.87792866e+00  2.91535727e+00 
 2.64645664e-10  2.87782993e+00  2.91545716e+00 
 2.65415141e-10  2.87772649e+00  2.91556189e+00 
 2.66183146e-10  2.87762289e+00  2.91566685e+00 
 2.66978015e-10  2.87751534e+00  2.91577587e+00 
 2.67608298e-10  2.87742988e+00  2.91586254e+00 
 2.68294195e-10  2.87733676e+00  2.91595701e+00 
 2.69015069e-10  2.87723879e+00  2.91605639e+00 
 2.69948246e-10  2.87711193e+00  2.91618504e+00 
 2.70948246e-10  2.87697596e+00  2.91632277e+00 
 2.71948246e-10  2.87683995e+00  2.91646037e+00 
 2.72948246e-10  2.87670383e+00  2.91659794e+00 
 2.73948246e-10  2.87656747e+00  2.91673564e+00 
 2.74948246e-10  2.87643074e+00  2.91687365e+00 
 2.75948246e-10  2.87629348e+00  2.91701217e+00 
 2.76948246e-10  2.87615560e+00  2.91715134e+00 
 2.77948246e-10  2.87601701e+00  2.91729127e+00 
 2.78833819e-10  2.87589367e+00  2.91741588e+00 
 2.79571116e-10  2.87579055e+00  2.91752012e+00 
 2.80340565e-10  2.87568255e+00  2.91762937e+00 
 2.81108581e-10  2.87557439e+00  2.91773883e+00 
 2.81903409e-10  2.87546216e+00  2.91785249e+00 
 2.82533696e-10  2.87537298e+00  2.91794283e+00 
 2.83219613e-10  2.87527582e+00  2.91804131e+00 
 2.83940495e-10  2.87517362e+00  2.91814489e+00 
 2.84873725e-10  2.87504128e+00  2.91827898e+00 
 2.85873725e-10  2.87489946e+00  2.91842253e+00 
 2.86873725e-10  2.87475761e+00  2.91856593e+00 
 2.87873725e-10  2.87461564e+00  2.91870930e+00 
 2.88873725e-10  2.87447345e+00  2.91885278e+00 
 2.89873725e-10  2.87433088e+00  2.91899656e+00 
 2.90873725e-10  2.87418781e+00  2.91914082e+00 
 2.91873725e-10  2.87404413e+00  2.91928572e+00 
 2.92873725e-10  2.87389975e+00  2.91943135e+00 
 2.93759278e-10  2.87377130e+00  2.91956099e+00 
 2.94496576e-10  2.87366393e+00  2.91966941e+00 
 2.95265998e-10  2.87355150e+00  2.91978300e+00 
 2.96034024e-10  2.87343894e+00  2.91989680e+00 
 2.96828815e-10  2.87332216e+00  2.92001493e+00 
 2.97459107e-10  2.87322938e+00  2.92010882e+00 
 2.98145044e-10  2.87312830e+00  2.92021116e+00 
 2.98865935e-10  2.87302200e+00  2.92031880e+00 
 2.99799219e-10  2.87288433e+00  2.92045814e+00 
 3.00799219e-10  2.87273683e+00  2.92060730e+00 
 3.01799219e-10  2.87258929e+00  2.92075632e+00 
 3.02799219e-10  2.87244166e+00  2.92090528e+00 
 3.03799219e-10  2.87229381e+00  2.92105434e+00 
 3.04799219e-10  2.87214560e+00  2.92120367e+00 
 3.05799219e-10  2.87199690e+00  2.92135345e+00 
 3.06799219e-10  2.87184760e+00  2.92150384e+00 
 3.07799219e-10  2.87169764e+00  2.92165493e+00 
 3.08684746e-10  2.87156426e+00  2.92178937e+00 
 3.09422045e-10  2.87145281e+00  2.92190177e+00 
 3.10191432e-10  2.87133614e+00  2.92201950e+00 
 3.10959471e-10  2.87121934e+00  2.92213742e+00 
 3.11754213e-10  2.87109820e+00  2.92225979e+00 
 3.12384509e-10  2.87100197e+00  2.92235705e+00 
 3.13070468e-10  2.87089714e+00  2.92246305e+00 
 3.13791368e-10  2.87078690e+00  2.92257453e+00 
 3.14724711e-10  2.87064415e+00  2.92271884e+00 
 3.15724711e-10  2.87049121e+00  2.92287331e+00 
 3.16724711e-10  2.87033825e+00  2.92302763e+00 
 3.17724711e-10  2.87018519e+00  2.92318187e+00 
 3.18724711e-10  2.87003192e+00  2.92333620e+00 
 3.19724711e-10  2.86987830e+00  2.92349078e+00 
 3.20724711e-10  2.86972420e+00  2.92364578e+00 
 3.21724711e-10  2.86956952e+00  2.92380136e+00 
 3.22724711e-10  2.86941418e+00  2.92395762e+00 
 3.23610215e-10  2.86927607e+00  2.92409661e+00 
 3.24347515e-10  2.86916068e+00  2.92421279e+00 
 3.25116872e-10  2.86903991e+00  2.92433444e+00 
 3.25884922e-10  2.86891904e+00  2.92445627e+00 
 3.26679622e-10  2.86879369e+00  2.92458268e+00 
 3.27309922e-10  2.86869413e+00  2.92468314e+00 
 3.27995903e-10  2.86858567e+00  2.92479261e+00 
 3.28716813e-10  2.86847163e+00  2.92490774e+00 
 3.29650213e-10  2.86832395e+00  2.92505679e+00 
 3.30650213e-10  2.86816575e+00  2.92521633e+00 
 3.31650213e-10  2.86800754e+00  2.92537570e+00 
 3.32650213e-10  2.86784924e+00  2.92553498e+00 
 3.33650213e-10  2.86769074e+00  2.92569433e+00 
 3.34650213e-10  2.86753191e+00  2.92585391e+00 
 3.35650213e-10  2.86737261e+00  2.92601388e+00 
 3.36650213e-10  2.86721274e+00  2.92617439e+00 
 3.37650213e-10  2.86705225e+00  2.92633556e+00 
 3.38535689e-10  2.86690960e+00  2.92647886e+00 
 3.39272991e-10  2.86679043e+00  2.92659862e+00 
 3.40042310e-10  2.86666576e+00  2.92672398e+00 
 3.40810374e-10  2.86654098e+00  2.92684952e+00 
 3.41605022e-10  2.86641163e+00  2.92697973e+00 
 3.42235327e-10  2.86630888e+00  2.92708321e+00 
 3.42921330e-10  2.86619697e+00  2.92719597e+00 
 3.43642249e-10  2.86607931e+00  2.92731455e+00 
 3.44575711e-10  2.86592695e+00  2.92746807e+00 
 3.45575711e-10  2.86576375e+00  2.92763238e+00 
 3.46575711e-10  2.86560055e+00  2.92779653e+00 
 3.47575711e-10  2.86543726e+00  2.92796057e+00 
 3.48575711e-10  2.86527378e+00  2.92812467e+00 
 3.49575711e-10  2.86510996e+00  2.92828898e+00 
 3.50575711e-10  2.86494570e+00  2.92845366e+00 
 3.51575711e-10  2.86478089e+00  2.92861886e+00 
 3.52575711e-10  2.86461546e+00  2.92878469e+00 
 3.53461163e-10  2.86446846e+00  2.92893209e+00 
 3.54198466e-10  2.86434568e+00  2.92905526e+00 
 3.54967752e-10  2.86421725e+00  2.92918416e+00 
 3.55735828e-10  2.86408873e+00  2.92931322e+00 
 3.56530432e-10  2.86395552e+00  2.92944707e+00 
 3.57160741e-10  2.86384972e+00  2.92955344e+00 
 3.57846767e-10  2.86373448e+00  2.92966935e+00 
 3.58567696e-10  2.86361334e+00  2.92979123e+00 
 3.59501218e-10  2.86345646e+00  2.92994903e+00 
 3.60501218e-10  2.86328844e+00  2.93011792e+00 
 3.61501218e-10  2.86312042e+00  2.93028663e+00 
 3.62501218e-10  2.86295232e+00  2.93045524e+00 
 3.63501218e-10  2.86278403e+00  2.93062387e+00 
 3.64501218e-10  2.86261543e+00  2.93079270e+00 
 3.65501218e-10  2.86244638e+00  2.93096186e+00 
 3.66501218e-10  2.86227681e+00  2.93113152e+00 
 3.67501218e-10  2.86210663e+00  2.93130176e+00 
 3.68386640e-10  2.86195545e+00  2.93145305e+00 
 3.69123944e-10  2.86182920e+00  2.93157943e+00 
 3.69893192e-10  2.86169715e+00  2.93171166e+00 
 3.70661282e-10  2.86156503e+00  2.93184404e+00 
 3.71455833e-10  2.86142811e+00  2.93198129e+00 
 3.72086147e-10  2.86131937e+00  2.93209036e+00 
 3.72772196e-10  2.86120093e+00  2.93220920e+00 
 3.73493134e-10  2.86107641e+00  2.93233416e+00 
 3.74426719e-10  2.86091516e+00  2.93249594e+00 
 3.75426719e-10  2.86074246e+00  2.93266908e+00 
 3.76426719e-10  2.86056974e+00  2.93284203e+00 
 3.77426719e-10  2.86039692e+00  2.93301485e+00 
 3.78426719e-10  2.86022389e+00  2.93318768e+00 
 3.79426719e-10  2.86005052e+00  2.93336066e+00 
 3.80426719e-10  2.85987668e+00  2.93353395e+00 
 3.81426719e-10  2.85970228e+00  2.93370769e+00 
 3.82426719e-10  2.85952725e+00  2.93388197e+00 
 3.83312117e-10  2.85937174e+00  2.93403678e+00 
 3.84049422e-10  2.85924185e+00  2.93416606e+00 
 3.84818636e-10  2.85910599e+00  2.93430129e+00 
 3.85586739e-10  2.85897002e+00  2.93443664e+00 
 3.86381244e-10  2.85882909e+00  2.93457693e+00 
 3.87011562e-10  2.85871713e+00  2.93468839e+00 
 3.87697635e-10  2.85859514e+00  2.93480983e+00 
 3.88418583e-10  2.85846686e+00  2.93493749e+00 
 3.89352231e-10  2.85830066e+00  2.93510278e+00 
 3.90352231e-10  2.85812256e+00  2.93527966e+00 
 3.91352231e-10  2.85794435e+00  2.93545634e+00 
 3.92352231e-10  2.85776594e+00  2.93563288e+00 
 3.93352231e-10  2.85758720e+00  2.93580939e+00 
 3.94352231e-10  2.85740802e+00  2.93598602e+00 
 3.95352231e-10  2.85722826e+00  2.93616294e+00 
 3.96352231e-10  2.85704784e+00  2.93634026e+00 
 3.97352231e-10  2.85686670e+00  2.93651810e+00 
 3.98237599e-10  2.85670571e+00  2.93667603e+00 
 3.98974906e-10  2.85657121e+00  2.93680789e+00 
 3.99744081e-10  2.85643050e+00  2.93694576e+00 
 4.00512198e-10  2.85628964e+00  2.93708375e+00 
 4.01306645e-10  2.85614364e+00  2.93722677e+00 
 4.01936971e-10  2.85602762e+00  2.93734039e+00 
 4.02623073e-10  2.85590120e+00  2.93746417e+00 
 4.03344033e-10  2.85576826e+00  2.93759432e+00 
 4.04277759e-10  2.85559600e+00  2.93776291e+00 
 4.05277759e-10  2.85541144e+00  2.93794341e+00 
 4.06277759e-10  2.85522677e+00  2.93812379e+00 
 4.07277759e-10  2.85504191e+00  2.93830409e+00 
 4.08277759e-10  2.85485677e+00  2.93848441e+00 
 4.09277759e-10  2.85467123e+00  2.93866488e+00 
 4.10277759e-10  2.85448519e+00  2.93884564e+00 
 4.11277759e-10  2.85429857e+00  2.93902682e+00 
 4.12277759e-10  2.85411133e+00  2.93920851e+00 
 4.13163101e-10  2.85394504e+00  2.93936983e+00 
 4.13900409e-10  2.85380618e+00  2.93950446e+00 
 4.14669550e-10  2.85366102e+00  2.93964518e+00 
 4.15437683e-10  2.85351579e+00  2.93978601e+00 
 4.16232062e-10  2.85336537e+00  2.93993193e+00 
 4.16862392e-10  2.85324590e+00  2.94004783e+00 
 4.17548527e-10  2.85311578e+00  2.94017408e+00 
 4.18269500e-10  2.85297903e+00  2.94030680e+00 
 4.19203316e-10  2.85280195e+00  2.94047878e+00 
 4.20203316e-10  2.85261236e+00  2.94066292e+00 
 4.21203316e-10  2.85242279e+00  2.94084696e+00 
 4.22203316e-10  2.85223315e+00  2.94103091e+00 
 4.23203316e-10  2.85204335e+00  2.94121485e+00 
 4.24203316e-10  2.85185328e+00  2.94139890e+00 
 4.25203316e-10  2.85166282e+00  2.94158318e+00 
 4.26203316e-10  2.85147190e+00  2.94176781e+00 
 4.27203316e-10  2.85128049e+00  2.94195289e+00 
 4.28088617e-10  2.85111060e+00  2.94211712e+00 
 4.28825927e-10  2.85096881e+00  2.94225412e+00 
 4.29595012e-10  2.85082068e+00  2.94239724e+00 
 4.30363165e-10  2.85067252e+00  2.94254042e+00 
 4.31157483e-10  2.85051917e+00  2.94268872e+00 
 4.31787828e-10  2.85039740e+00  2.94280647e+00 
 4.32474006e-10  2.85026482e+00  2.94293470e+00 
 4.33195000e-10  2.85012554e+00  2.94306948e+00 
 4.34128922e-10  2.84994523e+00  2.94324412e+00 
 4.35128922e-10  2.84975227e+00  2.94343110e+00 
 4.36128922e-10  2.84955939e+00  2.94361796e+00 
 4.37128922e-10  2.84936649e+00  2.94380470e+00 
 4.38128922e-10  2.84917347e+00  2.94399140e+00 
 4.39128922e-10  2.84898022e+00  2.94417817e+00 
 4.40128922e-10  2.84878663e+00  2.94436511e+00 
 4.41128922e-10  2.84859264e+00  2.94455235e+00 
 4.42128922e-10  2.84839818e+00  2.94473997e+00 
 4.43014175e-10  2.84822566e+00  2.94490639e+00 
 4.43751487e-10  2.84808169e+00  2.94504515e+00 
 4.44520507e-10  2.84793132e+00  2.94519007e+00 
 4.45288682e-10  2.84778095e+00  2.94533502e+00 
 4.46082917e-10  2.84762535e+00  2.94548508e+00 
 4.46713265e-10  2.84750181e+00  2.94560422e+00 
 4.47399473e-10  2.84736731e+00  2.94573393e+00 
 4.48120477e-10  2.84722603e+00  2.94587025e+00 
 4.49054485e-10  2.84704313e+00  2.94604689e+00 
 4.50054485e-10  2.84684745e+00  2.94623600e+00 
 4.51054485e-10  2.84665185e+00  2.94642498e+00 
 4.52054485e-10  2.84645625e+00  2.94661383e+00 
 4.53054485e-10  2.84626054e+00  2.94680260e+00 
 4.54054485e-10  2.84606461e+00  2.94699140e+00 
 4.55054485e-10  2.84586836e+00  2.94718033e+00 
 4.56054485e-10  2.84567172e+00  2.94736951e+00 
 4.57054485e-10  2.84547465e+00  2.94755902e+00 
 4.57939696e-10  2.84529983e+00  2.94772704e+00 
 4.58677010e-10  2.84515396e+00  2.94786711e+00 
 4.59445974e-10  2.84500164e+00  2.94801333e+00 
 4.60214168e-10  2.84484931e+00  2.94815956e+00 
 4.61008330e-10  2.84469174e+00  2.94831091e+00 
 4.61638681e-10  2.84456662e+00  2.94843104e+00 
 4.62324917e-10  2.84443041e+00  2.94856182e+00 
 4.63045931e-10  2.84428735e+00  2.94869924e+00 
 4.63980017e-10  2.84410214e+00  2.94887733e+00 
 4.64980017e-10  2.84390401e+00  2.94906798e+00 
 4.65980017e-10  2.84370596e+00  2.94925849e+00 
 4.66980017e-10  2.84350789e+00  2.94944885e+00 
 4.67980017e-10  2.84330972e+00  2.94963911e+00 
 4.68980017e-10  2.84311133e+00  2.94982938e+00 
 4.69980017e-10  2.84291262e+00  2.95001975e+00 
 4.70980017e-10  2.84271353e+00  2.95021033e+00 
 4.71980017e-10  2.84251402e+00  2.95040120e+00 
 4.72865195e-10  2.84233705e+00  2.95057038e+00 
 4.73602510e-10  2.84218941e+00  2.95071138e+00 
 4.74371431e-10  2.84203525e+00  2.95085853e+00 
 4.75139640e-10  2.84188109e+00  2.95100567e+00 
 4.75933747e-10  2.84172165e+00  2.95115794e+00 
 4.76564103e-10  2.84159504e+00  2.95127877e+00 
 4.77250363e-10  2.84145721e+00  2.95141032e+00 
 4.77971387e-10  2.84131247e+00  2.95154853e+00 
 4.78905540e-10  2.84112507e+00  2.95172766e+00 
 4.79905540e-10  2.84092461e+00  2.95191941e+00 
 4.80905540e-10  2.84072423e+00  2.95211101e+00 
 4.81905540e-10  2.84052384e+00  2.95230246e+00 
 4.82905540e-10  2.84032333e+00  2.95249380e+00 
 4.83905540e-10  2.84012261e+00  2.95268511e+00 
 4.84905540e-10  2.83992159e+00  2.95287649e+00 
 4.85905540e-10  2.83972020e+00  2.95306803e+00 
 4.86905540e-10  2.83951840e+00  2.95325984e+00 
 4.87790685e-10  2.83933944e+00  2.95342979e+00 
 4.88528001e-10  2.83919013e+00  2.95357140e+00 
 4.89296878e-10  2.83903427e+00  2.95371915e+00 
 4.90065103e-10  2.83887841e+00  2.95386688e+00 
 4.90859151e-10  2.83871724e+00  2.95401971e+00 
 4.91489511e-10  2.83858926e+00  2.95414099e+00 
 4.92175795e-10  2.83844994e+00  2.95427300e+00 
 4.92896829e-10  2.83830365e+00  2.95441169e+00 
 4.93831048e-10  2.83811424e+00  2.95459146e+00 
 4.94831048e-10  2.83791164e+00  2.95478388e+00 
 4.95831048e-10  2.83770912e+00  2.95497615e+00 
 4.96831048e-10  2.83750658e+00  2.95516826e+00 
 4.97831048e-10  2.83730393e+00  2.95536023e+00 
 4.98831048e-10  2.83710108e+00  2.95555216e+00 
 4.99831048e-10  2.83689792e+00  2.95574413e+00 
 5.00831048e-10  2.83669441e+00  2.95593624e+00 
 5.01831048e-10  2.83649051e+00  2.95612857e+00 
 5.02716166e-10  2.83630971e+00  2.95629894e+00 
 5.03453484e-10  2.83615888e+00  2.95644087e+00 
 5.04222324e-10  2.83600144e+00  2.95658893e+00 
 5.04990562e-10  2.83584402e+00  2.95673696e+00 
 5.05784563e-10  2.83568125e+00  2.95689008e+00 
 5.06414927e-10  2.83555200e+00  2.95701156e+00 
 5.07101234e-10  2.83541132e+00  2.95714380e+00 
 5.07822277e-10  2.83526359e+00  2.95728271e+00 
 5.08756557e-10  2.83507232e+00  2.95746279e+00 
 5.09756557e-10  2.83486776e+00  2.95765554e+00 
 5.10756557e-10  2.83466327e+00  2.95784814e+00 
 5.11756557e-10  2.83445877e+00  2.95804055e+00 
 5.12756557e-10  2.83425416e+00  2.95823282e+00 
 5.13756557e-10  2.83404936e+00  2.95842501e+00 
 5.14756557e-10  2.83384427e+00  2.95861722e+00 
 5.15756557e-10  2.83363884e+00  2.95880953e+00 
 5.16756557e-10  2.83343304e+00  2.95900202e+00 
 5.17641646e-10  2.83325058e+00  2.95917250e+00 
 5.18378964e-10  2.83309839e+00  2.95931449e+00 
 5.19147764e-10  2.83293955e+00  2.95946257e+00 
 5.19916017e-10  2.83278074e+00  2.95961062e+00 
 5.20709964e-10  2.83261656e+00  2.95976373e+00 
 5.21340332e-10  2.83248619e+00  2.95988519e+00 
 5.22026662e-10  2.83234429e+00  2.96001739e+00 
 5.22747714e-10  2.83219530e+00  2.96015627e+00 
 5.23682057e-10  2.83200241e+00  2.96033632e+00 
 5.24682057e-10  2.83179611e+00  2.96052902e+00 
 5.25682057e-10  2.83158989e+00  2.96072156e+00 
 5.26682057e-10  2.83138367e+00  2.96091391e+00 
 5.27682057e-10  2.83117734e+00  2.96110610e+00 
 5.28682057e-10  2.83097082e+00  2.96129819e+00 
 5.29682057e-10  2.83076403e+00  2.96149028e+00 
 5.30682057e-10  2.83055691e+00  2.96168243e+00 
 5.31682057e-10  2.83034944e+00  2.96187473e+00 
 5.32567120e-10  2.83016552e+00  2.96204501e+00 
 5.33304440e-10  2.83001212e+00  2.96218680e+00 
 5.34073206e-10  2.82985205e+00  2.96233465e+00 
 5.34841472e-10  2.82969201e+00  2.96248247e+00 
 5.35635374e-10  2.82952659e+00  2.96263530e+00 
 5.36265747e-10  2.82939523e+00  2.96275654e+00 
 5.36952098e-10  2.82925226e+00  2.96288850e+00 
 5.37673160e-10  2.82910216e+00  2.96302712e+00 
 5.38607562e-10  2.82890782e+00  2.96320685e+00 
 5.39607562e-10  2.82870000e+00  2.96339920e+00 
 5.40607562e-10  2.82849226e+00  2.96359139e+00 
 5.41607562e-10  2.82828452e+00  2.96378337e+00 
 5.42607562e-10  2.82807669e+00  2.96397517e+00 
 5.43607562e-10  2.82786867e+00  2.96416686e+00 
 5.44607562e-10  2.82766040e+00  2.96435850e+00 
 5.45607562e-10  2.82745182e+00  2.96455019e+00 
 5.46607562e-10  2.82724291e+00  2.96474199e+00 
 5.47492596e-10  2.82705775e+00  2.96491178e+00 
 5.48229917e-10  2.82690332e+00  2.96505313e+00 
 5.48998645e-10  2.82674220e+00  2.96520051e+00 
 5.49766924e-10  2.82658112e+00  2.96534784e+00 
 5.50560774e-10  2.82641465e+00  2.96550016e+00 
 5.51191151e-10  2.82628247e+00  2.96562098e+00 
 5.51877525e-10  2.82613860e+00  2.96575247e+00 
 5.52598595e-10  2.82598757e+00  2.96589059e+00 
 5.53533058e-10  2.82579202e+00  2.96606971e+00 
 5.54533058e-10  2.82558293e+00  2.96626138e+00 
 5.55533058e-10  2.82537392e+00  2.96645288e+00 
 5.56533058e-10  2.82516491e+00  2.96664416e+00 
 5.57533058e-10  2.82495582e+00  2.96683525e+00 
 5.58533058e-10  2.82474655e+00  2.96702620e+00 
 5.59533058e-10  2.82453703e+00  2.96721709e+00 
 5.60533058e-10  2.82432723e+00  2.96740800e+00 
 5.61533058e-10  2.82411711e+00  2.96759899e+00 
 5.62418068e-10  2.82393091e+00  2.96776802e+00 
 5.63155390e-10  2.82377562e+00  2.96790873e+00 
 5.63924085e-10  2.82361362e+00  2.96805541e+00 
 5.64692376e-10  2.82345167e+00  2.96820204e+00 
 5.65486183e-10  2.82328433e+00  2.96835361e+00 
 5.66116564e-10  2.82315145e+00  2.96847383e+00 
 5.66802960e-10  2.82300683e+00  2.96860467e+00 
 5.67524039e-10  2.82285501e+00  2.96874210e+00 
 5.68458560e-10  2.82265846e+00  2.96892035e+00 
 5.69458560e-10  2.82244830e+00  2.96911109e+00 
 5.70458560e-10  2.82223824e+00  2.96930164e+00 
 5.71458560e-10  2.82202818e+00  2.96949196e+00 
 5.72458560e-10  2.82181804e+00  2.96968208e+00 
 5.73458560e-10  2.82160774e+00  2.96987204e+00 
 5.74458560e-10  2.82139721e+00  2.97006191e+00 
 5.75458560e-10  2.82118640e+00  2.97025177e+00 
 5.76458560e-10  2.82097531e+00  2.97044168e+00 
 5.77343541e-10  2.82078827e+00  2.97060972e+00 
 5.78080864e-10  2.82063229e+00  2.97074958e+00 
 5.78849521e-10  2.82046960e+00  2.97089535e+00 
 5.79617826e-10  2.82030696e+00  2.97104107e+00 
 5.80411582e-10  2.82013894e+00  2.97119168e+00 
 5.81041967e-10  2.82000552e+00  2.97131113e+00 
 5.81728385e-10  2.81986032e+00  2.97144113e+00 
 5.82449473e-10  2.81970790e+00  2.97157768e+00 
 5.83384053e-10  2.81951056e+00  2.97175481e+00 
 5.84384053e-10  2.81929958e+00  2.97194432e+00 
 5.85384053e-10  2.81908870e+00  2.97213365e+00 
 5.86384053e-10  2.81887783e+00  2.97232274e+00 
 5.87384053e-10  2.81866688e+00  2.97251160e+00 
 5.88384053e-10  2.81845578e+00  2.97270030e+00 
 5.89384053e-10  2.81824446e+00  2.97288889e+00 
 5.90384053e-10  2.81803288e+00  2.97307743e+00 
 5.91384053e-10  2.81782104e+00  2.97326600e+00 
 5.92269010e-10  2.81763335e+00  2.97343283e+00 
 5.93006335e-10  2.81747684e+00  2.97357166e+00 
 5.93774959e-10  2.81731362e+00  2.97371634e+00 
 5.94543276e-10  2.81715045e+00  2.97386097e+00 
 5.95336990e-10  2.81698191e+00  2.97401044e+00 
 5.95967380e-10  2.81684808e+00  2.97412897e+00 
 5.96653818e-10  2.81670243e+00  2.97425798e+00 
 5.97374914e-10  2.81654955e+00  2.97439349e+00 
 5.98309550e-10  2.81635161e+00  2.97456928e+00 
 5.99309550e-10  2.81614002e+00  2.97475737e+00 
 6.00309550e-10  2.81592852e+00  2.97494526e+00 
 6.01309550e-10  2.81571704e+00  2.97513290e+00 
 6.02309550e-10  2.81550549e+00  2.97532031e+00 
 6.03309550e-10  2.81529380e+00  2.97550752e+00 
 6.04309550e-10  2.81508190e+00  2.97569461e+00 
 6.05309550e-10  2.81486977e+00  2.97588163e+00 
 6.06309550e-10  2.81465738e+00  2.97606865e+00 
 6.07194480e-10  2.81446924e+00  2.97623408e+00 
 6.07931805e-10  2.81431237e+00  2.97637171e+00 
 6.08700393e-10  2.81414879e+00  2.97651513e+00 
 6.09468723e-10  2.81398527e+00  2.97665851e+00 
 6.10262388e-10  2.81381639e+00  2.97680666e+00 
 6.10892781e-10  2.81368229e+00  2.97692414e+00 
 6.11579241e-10  2.81353634e+00  2.97705201e+00 
 6.12300345e-10  2.81338317e+00  2.97718632e+00 
 6.13235039e-10  2.81318485e+00  2.97736058e+00 
 6.14235039e-10  2.81297285e+00  2.97754702e+00 
 6.15235039e-10  2.81276097e+00  2.97773325e+00 
 6.16235039e-10  2.81254910e+00  2.97791921e+00 
 6.17235039e-10  2.81233716e+00  2.97810494e+00 
 6.18235039e-10  2.81212509e+00  2.97829047e+00 
 6.19235039e-10  2.81191283e+00  2.97847584e+00 
 6.20235039e-10  2.81170034e+00  2.97866113e+00 
 6.21235039e-10  2.81148762e+00  2.97884640e+00 
 6.22119945e-10  2.81129921e+00  2.97901024e+00 
 6.22857272e-10  2.81114211e+00  2.97914655e+00 
 6.23625829e-10  2.81097832e+00  2.97928857e+00 
 6.24394170e-10  2.81081459e+00  2.97943055e+00 
 6.25187795e-10  2.81064552e+00  2.97957724e+00 
 6.25818192e-10  2.81051126e+00  2.97969356e+00 
 6.26504671e-10  2.81036515e+00  2.97982016e+00 
 6.27225784e-10  2.81021182e+00  2.97995315e+00 
 6.28160530e-10  2.81001328e+00  2.98012573e+00 
 6.29160530e-10  2.80980107e+00  2.98031035e+00 
 6.30160530e-10  2.80958898e+00  2.98049476e+00 
 6.31160530e-10  2.80937691e+00  2.98067890e+00 
 6.32160530e-10  2.80916478e+00  2.98086279e+00 
 6.33160530e-10  2.80895252e+00  2.98104646e+00 
 6.34160530e-10  2.80874009e+00  2.98122997e+00 
 6.35160530e-10  2.80852744e+00  2.98141337e+00 
 6.36160530e-10  2.80831459e+00  2.98159673e+00 
 6.37045410e-10  2.80812607e+00  2.98175885e+00 
 6.37782737e-10  2.80796891e+00  2.98189371e+00 
 6.38551259e-10  2.80780506e+00  2.98203421e+00 
 6.39319613e-10  2.80764128e+00  2.98217467e+00 
 6.40113191e-10  2.80747218e+00  2.98231977e+00 
 6.40743592e-10  2.80733790e+00  2.98243483e+00 
 6.41430090e-10  2.80719177e+00  2.98256006e+00 
 6.42151211e-10  2.80703841e+00  2.98269162e+00 
 6.43086010e-10  2.80683985e+00  2.98286235e+00 
 6.44086010e-10  2.80662764e+00  2.98304499e+00 
 6.45086010e-10  2.80641553e+00  2.98322742e+00 
 6.46086010e-10  2.80620346e+00  2.98340957e+00 
 6.47086010e-10  2.80599133e+00  2.98359145e+00 
 6.48086010e-10  2.80577908e+00  2.98377312e+00 
 6.49086010e-10  2.80556666e+00  2.98395461e+00 
 6.50086010e-10  2.80535404e+00  2.98413597e+00 
 6.51086010e-10  2.80514124e+00  2.98431727e+00 
 6.51970869e-10  2.80495278e+00  2.98447755e+00 
 6.52708197e-10  2.80479567e+00  2.98461086e+00 
 6.53476690e-10  2.80463191e+00  2.98474973e+00 
 6.54245054e-10  2.80446820e+00  2.98488857e+00 
 6.55038596e-10  2.80429920e+00  2.98503199e+00 
 6.55669000e-10  2.80416500e+00  2.98514571e+00 
 6.56355516e-10  2.80401896e+00  2.98526949e+00 
 6.57076644e-10  2.80386571e+00  2.98539953e+00 
 6.58011492e-10  2.80366728e+00  2.98556831e+00 
 6.59011492e-10  2.80345522e+00  2.98574886e+00 
 6.60011492e-10  2.80324328e+00  2.98592920e+00 
 6.61011492e-10  2.80303136e+00  2.98610925e+00 
 6.62011492e-10  2.80281941e+00  2.98628903e+00 
 6.63011492e-10  2.80260734e+00  2.98646859e+00 
 6.64011492e-10  2.80239511e+00  2.98664795e+00 
 6.65011492e-10  2.80218270e+00  2.98682717e+00 
 6.66011492e-10  2.80197012e+00  2.98700630e+00 
 6.66896326e-10  2.80178189e+00  2.98716465e+00 
 6.67633656e-10  2.80162497e+00  2.98729633e+00 
 6.68402116e-10  2.80146142e+00  2.98743350e+00 
 6.69170492e-10  2.80129793e+00  2.98757064e+00 
 6.69963990e-10  2.80112918e+00  2.98771230e+00 
 6.70594397e-10  2.80099517e+00  2.98782462e+00 
 6.71280931e-10  2.80084935e+00  2.98794687e+00 
 6.72002066e-10  2.80069634e+00  2.98807531e+00 
 6.72936963e-10  2.80049821e+00  2.98824204e+00 
 6.73936963e-10  2.80028649e+00  2.98842040e+00 
 6.74936963e-10  2.80007488e+00  2.98859853e+00 
 6.75936963e-10  2.79986331e+00  2.98877637e+00 
 6.76936963e-10  2.79965169e+00  2.98895395e+00 
 6.77936963e-10  2.79943997e+00  2.98913128e+00 
 6.78936963e-10  2.79922810e+00  2.98930842e+00 
 6.79936963e-10  2.79901607e+00  2.98948540e+00 
 6.80936963e-10  2.79880387e+00  2.98966228e+00 
 6.81821778e-10  2.79861599e+00  2.98981861e+00 
 6.82559108e-10  2.79845938e+00  2.98994861e+00 
 6.83327542e-10  2.79829616e+00  2.99008401e+00 
 6.84095927e-10  2.79813301e+00  2.99021940e+00 
 6.84889392e-10  2.79796462e+00  2.99035923e+00 
 6.85519802e-10  2.79783091e+00  2.99047010e+00 
 6.86206353e-10  2.79768540e+00  2.99059078e+00 
 6.86927494e-10  2.79753273e+00  2.99071758e+00 
 6.87862434e-10  2.79733504e+00  2.99088220e+00 
 6.88862434e-10  2.79712380e+00  2.99105829e+00 
 6.89862434e-10  2.79691268e+00  2.99123416e+00 
 6.90862434e-10  2.79670159e+00  2.99140974e+00 
 6.91862434e-10  2.79649047e+00  2.99158505e+00 
 6.92862434e-10  2.79627926e+00  2.99176012e+00 
 6.93862434e-10  2.79606791e+00  2.99193497e+00 
 6.94862434e-10  2.79585640e+00  2.99210965e+00 
 6.95862434e-10  2.79564474e+00  2.99228422e+00 
 6.96747227e-10  2.79545737e+00  2.99243849e+00 
 6.97484558e-10  2.79530118e+00  2.99256677e+00 
 6.98252962e-10  2.79513842e+00  2.99270037e+00 
 6.99021357e-10  2.79497573e+00  2.99283395e+00 
 6.99814784e-10  2.79480783e+00  2.99297192e+00 
 7.00445196e-10  2.79467451e+00  2.99308130e+00 
 7.01131762e-10  2.79452943e+00  2.99320037e+00 
 7.01852910e-10  2.79437722e+00  2.99332548e+00 
 7.02787893e-10  2.79418011e+00  2.99348794e+00 
 7.03787893e-10  2.79396951e+00  2.99366171e+00 
 7.04787893e-10  2.79375904e+00  2.99383525e+00 
 7.05787893e-10  2.79354860e+00  2.99400851e+00 
 7.06787893e-10  2.79333813e+00  2.99418149e+00 
 7.07787893e-10  2.79312757e+00  2.99435423e+00 
 7.08787893e-10  2.79291688e+00  2.99452674e+00 
 7.09787893e-10  2.79270604e+00  2.99469908e+00 
 7.10787893e-10  2.79249507e+00  2.99487130e+00 
 7.11672668e-10  2.79230831e+00  2.99502347e+00 
 7.12410000e-10  2.79215265e+00  2.99514999e+00 
 7.13178381e-10  2.79199045e+00  2.99528175e+00 
 7.13946785e-10  2.79182832e+00  2.99541351e+00 
 7.14740183e-10  2.79166102e+00  2.99554959e+00 
 7.15370598e-10  2.79152817e+00  2.99565746e+00 
 7.16057178e-10  2.79138361e+00  2.99577491e+00 
 7.16778331e-10  2.79123194e+00  2.99589831e+00 
 7.17713352e-10  2.79103554e+00  2.99605858e+00 
 7.18713352e-10  2.79082571e+00  2.99623000e+00 
 7.19713352e-10  2.79061601e+00  2.99640121e+00 
 7.20713352e-10  2.79040635e+00  2.99657213e+00 
 7.21713352e-10  2.79019666e+00  2.99674277e+00 
 7.22713352e-10  2.78998689e+00  2.99691316e+00 
 7.23713352e-10  2.78977700e+00  2.99708332e+00 
 7.24713352e-10  2.78956698e+00  2.99725330e+00 
 7.25713352e-10  2.78935683e+00  2.99742315e+00 
 7.26598107e-10  2.78917082e+00  2.99757321e+00 
 7.27335440e-10  2.78901578e+00  2.99769796e+00 
 7.28103795e-10  2.78885425e+00  2.99782788e+00 
 7.28872208e-10  2.78869279e+00  2.99795780e+00 
 7.29665571e-10  2.78852621e+00  2.99809197e+00 
 7.30295988e-10  2.78839392e+00  2.99819833e+00 
 7.30982582e-10  2.78824997e+00  2.99831414e+00 
 7.31703740e-10  2.78809895e+00  2.99843583e+00 
 7.32638798e-10  2.78790340e+00  2.99859388e+00 
 7.33638798e-10  2.78769448e+00  2.99876294e+00 
 7.34638798e-10  2.78748569e+00  2.99893178e+00 
 7.35638798e-10  2.78727694e+00  2.99910034e+00 
 7.36638798e-10  2.78706817e+00  2.99926861e+00 
 7.37638798e-10  2.78685932e+00  2.99943664e+00 
 7.38638798e-10  2.78665036e+00  2.99960443e+00 
 7.39638798e-10  2.78644127e+00  2.99977203e+00 
 7.40638798e-10  2.78623207e+00  2.99993950e+00 
 7.41523539e-10  2.78604691e+00  3.00008744e+00 
 7.42260872e-10  2.78589258e+00  3.00021043e+00 
 7.43029207e-10  2.78573181e+00  3.00033850e+00 
 7.43797627e-10  2.78557111e+00  3.00046658e+00 
 7.44590967e-10  2.78540532e+00  3.00059884e+00 
 7.45221386e-10  2.78527366e+00  3.00070370e+00 
 7.45907991e-10  2.78513041e+00  3.00081786e+00 
 7.46629154e-10  2.78498012e+00  3.00093784e+00 
 7.47564243e-10  2.78478551e+00  3.00109368e+00 
 7.48564243e-10  2.78457762e+00  3.00126039e+00 
 7.49564243e-10  2.78436985e+00  3.00142688e+00 
 7.50564243e-10  2.78416213e+00  3.00159308e+00 
 7.51564243e-10  2.78395439e+00  3.00175901e+00 
 7.52564243e-10  2.78374658e+00  3.00192468e+00 
 7.53564243e-10  2.78353867e+00  3.00209012e+00 
 7.54564243e-10  2.78333064e+00  3.00225536e+00 
 7.55564243e-10  2.78312251e+00  3.00242046e+00 
 7.56448974e-10  2.78293831e+00  3.00256630e+00 
 7.57186308e-10  2.78278479e+00  3.00268753e+00 
 7.57954631e-10  2.78262487e+00  3.00281376e+00 
 7.58723057e-10  2.78246503e+00  3.00294001e+00 
 7.59516363e-10  2.78230013e+00  3.00307038e+00 
 7.60146785e-10  2.78216919e+00  3.00317373e+00 
 7.60833404e-10  2.78202671e+00  3.00328627e+00 
 7.61554573e-10  2.78187724e+00  3.00340454e+00 
 7.62489704e-10  2.78168369e+00  3.00355819e+00 
 7.63489704e-10  2.78147694e+00  3.00372254e+00 
 7.64489704e-10  2.78127032e+00  3.00388668e+00 
 7.65489704e-10  2.78106374e+00  3.00405054e+00 
 7.66489704e-10  2.78085716e+00  3.00421412e+00 
 7.67489704e-10  2.78065050e+00  3.00437745e+00 
 7.68489704e-10  2.78044374e+00  3.00454054e+00 
 7.69489704e-10  2.78023688e+00  3.00470343e+00 
 7.70489704e-10  2.78002992e+00  3.00486617e+00 
 7.71374416e-10  2.77984678e+00  3.00500991e+00 
 7.72111750e-10  2.77969414e+00  3.00512939e+00 
 7.72880048e-10  2.77953515e+00  3.00525381e+00 
 7.73648483e-10  2.77937623e+00  3.00537824e+00 
 7.74441759e-10  2.77921231e+00  3.00550674e+00 
 7.75072181e-10  2.77908214e+00  3.00560860e+00 
 7.75758808e-10  2.77894050e+00  3.00571952e+00 
 7.76479978e-10  2.77879192e+00  3.00583610e+00 
 7.77415134e-10  2.77859953e+00  3.00598757e+00 
 7.78415134e-10  2.77839401e+00  3.00614961e+00 
 7.79415134e-10  2.77818863e+00  3.00631143e+00 
 7.80415134e-10  2.77798331e+00  3.00647297e+00 
 7.81415134e-10  2.77777797e+00  3.00663424e+00 
 7.82415134e-10  2.77757257e+00  3.00679525e+00 
 7.83415134e-10  2.77736708e+00  3.00695603e+00 
 7.84415134e-10  2.77716149e+00  3.00711660e+00 
 7.85415134e-10  2.77695582e+00  3.00727702e+00 
 7.86299826e-10  2.77677383e+00  3.00741870e+00 
 7.87037160e-10  2.77662215e+00  3.00753645e+00 
 7.87805434e-10  2.77646417e+00  3.00765907e+00 
 7.88573875e-10  2.77630626e+00  3.00778171e+00 
 7.89367124e-10  2.77614340e+00  3.00790836e+00 
 7.89997540e-10  2.77601407e+00  3.00800875e+00 
 7.90684167e-10  2.77587335e+00  3.00811807e+00 
 7.91405333e-10  2.77572574e+00  3.00823298e+00 
 7.92340494e-10  2.77553460e+00  3.00838230e+00 
 7.93340494e-10  2.77533043e+00  3.00854203e+00 
 7.94340494e-10  2.77512640e+00  3.00870155e+00 
 7.95340494e-10  2.77492242e+00  3.00886080e+00 
 7.96340494e-10  2.77471843e+00  3.00901977e+00 
 7.97340494e-10  2.77451438e+00  3.00917849e+00 
 7.98340494e-10  2.77431025e+00  3.00933698e+00 
 7.99340494e-10  2.77410602e+00  3.00949525e+00 
 8.00340494e-10  2.77390172e+00  3.00965337e+00 
 8.01225191e-10  2.77372095e+00  3.00979302e+00 
 8.01962526e-10  2.77357029e+00  3.00990907e+00 
 8.02730806e-10  2.77341338e+00  3.01002992e+00 
 8.03499246e-10  2.77325656e+00  3.01015079e+00 
 8.04292502e-10  2.77309481e+00  3.01027562e+00 
 8.04922925e-10  2.77296637e+00  3.01037456e+00 
 8.05609560e-10  2.77282662e+00  3.01048231e+00 
 8.06330733e-10  2.77268003e+00  3.01059557e+00 
 8.07265909e-10  2.77249022e+00  3.01074278e+00 
 8.08265909e-10  2.77228748e+00  3.01090025e+00 
 8.09265909e-10  2.77208487e+00  3.01105751e+00 
 8.10265909e-10  2.77188233e+00  3.01121450e+00 
 8.11265909e-10  2.77167978e+00  3.01137122e+00 
 8.12265909e-10  2.77147717e+00  3.01152770e+00 
 8.13265909e-10  2.77127449e+00  3.01168393e+00 
 8.14265909e-10  2.77107171e+00  3.01183995e+00 
 8.15265909e-10  2.77086888e+00  3.01199581e+00 
 8.16150597e-10  2.77068941e+00  3.01213345e+00 
 8.16887931e-10  2.77053985e+00  3.01224784e+00 
 8.17656197e-10  2.77038408e+00  3.01236695e+00 
 8.18424643e-10  2.77022840e+00  3.01248608e+00 
 8.19217880e-10  2.77006785e+00  3.01260911e+00 
 8.19848303e-10  2.76994036e+00  3.01270663e+00 
 8.20534945e-10  2.76980165e+00  3.01281284e+00 
 8.21256121e-10  2.76965615e+00  3.01292448e+00 
 8.22191316e-10  2.76946775e+00  3.01306959e+00 
 8.23191316e-10  2.76926652e+00  3.01322483e+00 
 8.24191316e-10  2.76906543e+00  3.01337986e+00 
 8.25191316e-10  2.76886440e+00  3.01353463e+00 
 8.26191316e-10  2.76866337e+00  3.01368912e+00 
 8.27191316e-10  2.76846229e+00  3.01384337e+00 
 8.28191316e-10  2.76826112e+00  3.01399738e+00 
 8.29191316e-10  2.76805988e+00  3.01415118e+00 
 8.30191316e-10  2.76785858e+00  3.01430481e+00 
 8.31075997e-10  2.76768048e+00  3.01444048e+00 
 8.31813332e-10  2.76753206e+00  3.01455322e+00 
 8.32581590e-10  2.76737750e+00  3.01467061e+00 
 8.33350038e-10  2.76722301e+00  3.01478804e+00 
 8.34143266e-10  2.76706371e+00  3.01490930e+00 
 8.34773690e-10  2.76693720e+00  3.01500542e+00 
 8.35460337e-10  2.76679957e+00  3.01511011e+00 
 8.36181514e-10  2.76665521e+00  3.01522015e+00 
 8.37116722e-10  2.76646829e+00  3.01536322e+00 
 8.38116722e-10  2.76626864e+00  3.01551627e+00 
 8.39116722e-10  2.76606914e+00  3.01566911e+00 
 8.40116722e-10  2.76586970e+00  3.01582169e+00 
 8.41116722e-10  2.76567026e+00  3.01597401e+00 
 8.42116722e-10  2.76547077e+00  3.01612608e+00 
 8.43116722e-10  2.76527121e+00  3.01627791e+00 
 8.44116722e-10  2.76507157e+00  3.01642952e+00 
 8.45116722e-10  2.76487189e+00  3.01658098e+00 
 8.46001395e-10  2.76469522e+00  3.01671471e+00 
 8.46738730e-10  2.76454800e+00  3.01682583e+00 
 8.47506976e-10  2.76439469e+00  3.01694154e+00 
 8.48275428e-10  2.76424147e+00  3.01705729e+00 
 8.49068642e-10  2.76408347e+00  3.01717682e+00 
 8.49699066e-10  2.76395800e+00  3.01727156e+00 
 8.50385717e-10  2.76382151e+00  3.01737475e+00 
 8.51106896e-10  2.76367834e+00  3.01748324e+00 
 8.52042118e-10  2.76349296e+00  3.01762428e+00 
 8.53042118e-10  2.76329497e+00  3.01777517e+00 
 8.54042118e-10  2.76309712e+00  3.01792586e+00 
 8.55042118e-10  2.76289933e+00  3.01807628e+00 
 8.56042118e-10  2.76270155e+00  3.01822645e+00 
 8.57042118e-10  2.76250372e+00  3.01837637e+00 
 8.58042118e-10  2.76230582e+00  3.01852605e+00 
 8.59042118e-10  2.76210785e+00  3.01867551e+00 
 8.60042118e-10  2.76190984e+00  3.01882481e+00 
 8.60926786e-10  2.76173466e+00  3.01895664e+00 
 8.61664121e-10  2.76158868e+00  3.01906617e+00 
 8.62432362e-10  2.76143666e+00  3.01918023e+00 
 8.63200816e-10  2.76128474e+00  3.01929432e+00 
 8.63994025e-10  2.76112809e+00  3.01941215e+00 
 8.64624450e-10  2.76100369e+00  3.01950553e+00 
 8.65311104e-10  2.76086836e+00  3.01960726e+00 
 8.66032285e-10  2.76072642e+00  3.01971420e+00 
 8.66967514e-10  2.76054263e+00  3.01985326e+00 
 8.67967514e-10  2.76034635e+00  3.02000203e+00 
 8.68967514e-10  2.76015022e+00  3.02015061e+00 
 8.69967514e-10  2.75995414e+00  3.02029892e+00 
 8.70967514e-10  2.75975808e+00  3.02044698e+00 
 8.71967514e-10  2.75956196e+00  3.02059478e+00 
 8.72967514e-10  2.75936579e+00  3.02074235e+00 
 8.73967514e-10  2.75916955e+00  3.02088971e+00 
 8.74967514e-10  2.75897327e+00  3.02103690e+00 
 8.75852176e-10  2.75879963e+00  3.02116686e+00 
 8.76589511e-10  2.75865494e+00  3.02127483e+00 
 8.77357744e-10  2.75850427e+00  3.02138726e+00 
 8.78126200e-10  2.75835369e+00  3.02149974e+00 
 8.78919398e-10  2.75819844e+00  3.02161589e+00 
 8.79549823e-10  2.75807515e+00  3.02170795e+00 
 8.80236480e-10  2.75794103e+00  3.02180823e+00 
 8.80957661e-10  2.75780037e+00  3.02191366e+00 
 8.81892899e-10  2.75761823e+00  3.02205076e+00 
 8.82892899e-10  2.75742372e+00  3.02219744e+00 
 8.83892899e-10  2.75722934e+00  3.02234393e+00 
 8.84892899e-10  2.75703504e+00  3.02249016e+00 
 8.85892899e-10  2.75684073e+00  3.02263613e+00 
 8.86892899e-10  2.75664639e+00  3.02278186e+00 
 8.87892899e-10  2.75645198e+00  3.02292735e+00 
 8.88892899e-10  2.75625752e+00  3.02307263e+00 
 8.89892899e-10  2.75606302e+00  3.02321773e+00 
 8.90777559e-10  2.75589095e+00  3.02334584e+00 
 8.91514895e-10  2.75574757e+00  3.02345228e+00 
 8.92283125e-10  2.75559828e+00  3.02356311e+00 
 8.93051582e-10  2.75544909e+00  3.02367399e+00 
 8.93844778e-10  2.75529525e+00  3.02378849e+00 
 8.94475204e-10  2.75517310e+00  3.02387924e+00 
 8.95161863e-10  2.75504022e+00  3.02397810e+00 
 8.95883044e-10  2.75490085e+00  3.02408205e+00 
 8.96818286e-10  2.75472040e+00  3.02421723e+00 
 8.97818286e-10  2.75452769e+00  3.02436186e+00 
 8.98818286e-10  2.75433513e+00  3.02450630e+00 
 8.99818286e-10  2.75414263e+00  3.02465048e+00 
 9.00818286e-10  2.75395014e+00  3.02479441e+00 
 9.01818286e-10  2.75375761e+00  3.02493809e+00 
 9.02818286e-10  2.75356502e+00  3.02508154e+00 
 9.03818286e-10  2.75337238e+00  3.02522477e+00 
 9.04818286e-10  2.75317971e+00  3.02536784e+00 
 9.05702941e-10  2.75300926e+00  3.02549414e+00 
 9.06440277e-10  2.75286724e+00  3.02559907e+00 
 9.07208501e-10  2.75271936e+00  3.02570833e+00 
 9.07976960e-10  2.75257158e+00  3.02581763e+00 
 9.08770149e-10  2.75241921e+00  3.02593052e+00 
 9.09400574e-10  2.75229822e+00  3.02601998e+00 
 9.10087234e-10  2.75216661e+00  3.02611744e+00 
 9.10808416e-10  2.75202858e+00  3.02621992e+00 
 9.11743663e-10  2.75184986e+00  3.02635321e+00 
 9.12743663e-10  2.75165900e+00  3.02649582e+00 
 9.13743663e-10  2.75146828e+00  3.02663823e+00 
 9.14743663e-10  2.75127763e+00  3.02678039e+00 
 9.15743663e-10  2.75108699e+00  3.02692230e+00 
 9.16743663e-10  2.75089631e+00  3.02706397e+00 
 9.17743663e-10  2.75070558e+00  3.02720540e+00 
 9.18743663e-10  2.75051479e+00  3.02734661e+00 
 9.19743663e-10  2.75032397e+00  3.02748766e+00 
 9.20628318e-10  2.75015517e+00  3.02761217e+00 
 9.21365654e-10  2.75001452e+00  3.02771561e+00 
 9.22133878e-10  2.74986807e+00  3.02782332e+00 
 9.22902337e-10  2.74972173e+00  3.02793108e+00 
 9.23695527e-10  2.74957084e+00  3.02804237e+00 
 9.24325953e-10  2.74945103e+00  3.02813056e+00 
 9.25012613e-10  2.74932071e+00  3.02822665e+00 
 9.25733795e-10  2.74918403e+00  3.02832768e+00 
 9.26669041e-10  2.74900706e+00  3.02845910e+00 
 9.27669041e-10  2.74881808e+00  3.02859972e+00 
 9.28669041e-10  2.74862924e+00  3.02874015e+00 
 9.29669041e-10  2.74844047e+00  3.02888032e+00 
 9.30669041e-10  2.74825171e+00  3.02902025e+00 
 9.31669041e-10  2.74806292e+00  3.02915993e+00 
 9.32669041e-10  2.74787407e+00  3.02929938e+00 
 9.33669041e-10  2.74768517e+00  3.02943861e+00 
 9.34669041e-10  2.74749625e+00  3.02957768e+00 
 9.35553694e-10  2.74732913e+00  3.02970043e+00 
 9.36291030e-10  2.74718987e+00  3.02980241e+00 
 9.37059250e-10  2.74704489e+00  3.02990859e+00 
 9.37827711e-10  2.74690001e+00  3.03001483e+00 
 9.38620896e-10  2.74675064e+00  3.03012455e+00 
 9.39251321e-10  2.74663204e+00  3.03021149e+00 
 9.39937981e-10  2.74650302e+00  3.03030622e+00 
 9.40659163e-10  2.74636772e+00  3.03040583e+00 
 9.41594410e-10  2.74619253e+00  3.03053541e+00 
 9.42594410e-10  2.74600546e+00  3.03067406e+00 
 9.43594410e-10  2.74581853e+00  3.03081253e+00 
 9.44594410e-10  2.74563167e+00  3.03095074e+00 
 9.45594410e-10  2.74544482e+00  3.03108870e+00 
 9.46594410e-10  2.74525793e+00  3.03122642e+00 
 9.47594410e-10  2.74507099e+00  3.03136391e+00 
 9.48594410e-10  2.74488400e+00  3.03150118e+00 
 9.49594410e-10  2.74469699e+00  3.03163828e+00 
 9.50479065e-10  2.74453156e+00  3.03175931e+00 
 9.51216401e-10  2.74439372e+00  3.03185983e+00 
 9.51984623e-10  2.74425021e+00  3.03196451e+00 
 9.52753083e-10  2.74410680e+00  3.03206924e+00 
 9.53546273e-10  2.74395895e+00  3.03217741e+00 
 9.54176698e-10  2.74384156e+00  3.03226313e+00 
 9.54863357e-10  2.74371387e+00  3.03235651e+00 
 9.55584539e-10  2.74357995e+00  3.03245472e+00 
 9.56519782e-10  2.74340657e+00  3.03258249e+00 
 9.57519782e-10  2.74322143e+00  3.03271920e+00 
 9.58519782e-10  2.74303643e+00  3.03285573e+00 
 9.59519782e-10  2.74285149e+00  3.03299201e+00 
 9.60519782e-10  2.74266657e+00  3.03312804e+00 
 9.61519782e-10  2.74248162e+00  3.03326384e+00 
 9.62519782e-10  2.74229661e+00  3.03339940e+00 
 9.63519782e-10  2.74211155e+00  3.03353474e+00 
 9.64519782e-10  2.74192648e+00  3.03366991e+00 
 9.65404435e-10  2.74176277e+00  3.03378923e+00 
 9.66141771e-10  2.74162636e+00  3.03388833e+00 
 9.66909992e-10  2.74148434e+00  3.03399153e+00 
 9.67678452e-10  2.74134243e+00  3.03409478e+00 
 9.68471640e-10  2.74119613e+00  3.03420142e+00 
 9.69102065e-10  2.74107997e+00  3.03428592e+00 
 9.69788723e-10  2.74095361e+00  3.03437799e+00 
 9.70509903e-10  2.74082110e+00  3.03447482e+00 
 9.71445145e-10  2.74064954e+00  3.03460079e+00 
 9.72445145e-10  2.74046634e+00  3.03473559e+00 
 9.73445145e-10  2.74028329e+00  3.03487021e+00 
 9.74445145e-10  2.74010030e+00  3.03500457e+00 
 9.75445145e-10  2.73991732e+00  3.03513869e+00 
 9.76445145e-10  2.73973431e+00  3.03527258e+00 
 9.77445145e-10  2.73955124e+00  3.03540623e+00 
 9.78445145e-10  2.73936813e+00  3.03553966e+00 
 9.79445145e-10  2.73918500e+00  3.03567293e+00 
 9.80329802e-10  2.73902301e+00  3.03579056e+00 
 9.81067137e-10  2.73888804e+00  3.03588825e+00 
 9.81835362e-10  2.73874753e+00  3.03598998e+00 
 9.82603821e-10  2.73860711e+00  3.03609177e+00 
 9.83397015e-10  2.73846236e+00  3.03619690e+00 
 9.84027440e-10  2.73834743e+00  3.03628020e+00 
 9.84714096e-10  2.73822241e+00  3.03637097e+00 
 9.85435276e-10  2.73809131e+00  3.03646643e+00 
 9.86370512e-10  2.73792158e+00  3.03659063e+00 
 9.87370512e-10  2.73774034e+00  3.03672355e+00 
 9.88370512e-10  2.73755924e+00  3.03685628e+00 
 9.89370512e-10  2.73737821e+00  3.03698876e+00 
 9.90370512e-10  2.73719719e+00  3.03712100e+00 
 9.91370512e-10  2.73701613e+00  3.03725301e+00 
 9.92370512e-10  2.73683503e+00  3.03738478e+00 
 9.93370512e-10  2.73665388e+00  3.03751633e+00 
 9.94370512e-10  2.73647271e+00  3.03764772e+00 
 9.95255168e-10  2.73631246e+00  3.03776368e+00 
 9.95992503e-10  2.73617894e+00  3.03785999e+00 
 9.96760728e-10  2.73603994e+00  3.03796028e+00 
 9.97529186e-10  2.73590104e+00  3.03806063e+00 
 9.98322381e-10  2.73575784e+00  3.03816428e+00 
 9.98993761e-10  2.73563678e+00  3.03825183e+00 
 9.99496881e-10  2.73554613e+00  3.03831701e+00 
 1.00000000e-09  2.73545559e+00  3.03838204e+00 
