 time            v(bufinp)       v(bufinn)       v(outp)         v(outn)        
 0.00000000e+00  2.23500000e+00  2.23500000e+00  2.79881566e+00  2.79881566e+00 
 2.00000000e-14  2.23501398e+00  2.23498602e+00  2.79882642e+00  2.79880490e+00 
 4.00000000e-14  2.23502796e+00  2.23497204e+00  2.79883534e+00  2.79879598e+00 
 8.00000000e-14  2.23505592e+00  2.23494408e+00  2.79885058e+00  2.79878075e+00 
 1.60000000e-13  2.23511184e+00  2.23488816e+00  2.79887417e+00  2.79875715e+00 
 3.20000000e-13  2.23522368e+00  2.23477632e+00  2.79890267e+00  2.79872865e+00 
 6.40000000e-13  2.23544736e+00  2.23455264e+00  2.79889140e+00  2.79873990e+00 
 1.28000000e-12  2.23589472e+00  2.23410528e+00  2.79865030e+00  2.79898075e+00 
 2.56000000e-12  2.23678937e+00  2.23321063e+00  2.79771113e+00  2.79991760e+00 
 4.56000000e-12  2.23818702e+00  2.23181298e+00  2.79585065e+00  2.80176775e+00 
 6.56000000e-12  2.23958417e+00  2.23041583e+00  2.79389525e+00  2.80370369e+00 
 8.56000000e-12  2.24098059e+00  2.22901941e+00  2.79195082e+00  2.80561920e+00 
 1.05600000e-11  2.24237607e+00  2.22762393e+00  2.79002109e+00  2.80751072e+00 
 1.25600000e-11  2.24377038e+00  2.22622962e+00  2.78809512e+00  2.80938949e+00 
 1.45600000e-11  2.24516331e+00  2.22483669e+00  2.78616744e+00  2.81126125e+00 
 1.65600000e-11  2.24655464e+00  2.22344536e+00  2.78423704e+00  2.81312726e+00 
 1.85600000e-11  2.24794414e+00  2.22205586e+00  2.78230421e+00  2.81498746e+00 
 2.05600000e-11  2.24933159e+00  2.22066841e+00  2.78036983e+00  2.81684125e+00 
 2.25600000e-11  2.25071678e+00  2.21928322e+00  2.77843454e+00  2.81868823e+00 
 2.45600000e-11  2.25209949e+00  2.21790051e+00  2.77649880e+00  2.82052820e+00 
 2.65600000e-11  2.25347950e+00  2.21652050e+00  2.77456302e+00  2.82236097e+00 
 2.85600000e-11  2.25485659e+00  2.21514341e+00  2.77262767e+00  2.82418634e+00 
 3.05600000e-11  2.25623055e+00  2.21376945e+00  2.77069358e+00  2.82600379e+00 
 3.25600000e-11  2.25760115e+00  2.21239885e+00  2.76876078e+00  2.82781342e+00 
 3.45600000e-11  2.25896819e+00  2.21103181e+00  2.76682959e+00  2.82961516e+00 
 3.65600000e-11  2.26033144e+00  2.20966856e+00  2.76490055e+00  2.83140869e+00 
 3.85600000e-11  2.26169069e+00  2.20830931e+00  2.76297418e+00  2.83319375e+00 
 4.05600000e-11  2.26304572e+00  2.20695428e+00  2.76105095e+00  2.83497009e+00 
 4.25600000e-11  2.26439633e+00  2.20560367e+00  2.75913131e+00  2.83673752e+00 
 4.45600000e-11  2.26574229e+00  2.20425771e+00  2.75721570e+00  2.83849582e+00 
 4.65600000e-11  2.26708340e+00  2.20291660e+00  2.75530453e+00  2.84024478e+00 
 4.85600000e-11  2.26841945e+00  2.20158055e+00  2.75339826e+00  2.84198421e+00 
 5.05600000e-11  2.26975021e+00  2.20024979e+00  2.75149730e+00  2.84371389e+00 
 5.25600000e-11  2.27107549e+00  2.19892451e+00  2.74960208e+00  2.84543362e+00 
 5.45600000e-11  2.27239507e+00  2.19760493e+00  2.74771303e+00  2.84714320e+00 
 5.65600000e-11  2.27370875e+00  2.19629125e+00  2.74583056e+00  2.84884243e+00 
 5.85600000e-11  2.27501631e+00  2.19498369e+00  2.74395510e+00  2.85053112e+00 
 6.05600000e-11  2.27631756e+00  2.19368244e+00  2.74208705e+00  2.85220906e+00 
 6.25600000e-11  2.27761228e+00  2.19238772e+00  2.74022682e+00  2.85387606e+00 
 6.45600000e-11  2.27890027e+00  2.19109973e+00  2.73837483e+00  2.85553193e+00 
 6.65600000e-11  2.28018133e+00  2.18981867e+00  2.73653148e+00  2.85717647e+00 
 6.85600000e-11  2.28145525e+00  2.18854475e+00  2.73469717e+00  2.85880951e+00 
 7.05600000e-11  2.28272184e+00  2.18727816e+00  2.73287228e+00  2.86043084e+00 
 7.25600000e-11  2.28398089e+00  2.18601911e+00  2.73105723e+00  2.86204029e+00 
 7.45600000e-11  2.28523221e+00  2.18476779e+00  2.72925240e+00  2.86363768e+00 
 7.65600000e-11  2.28647560e+00  2.18352440e+00  2.72745818e+00  2.86522282e+00 
 7.85600000e-11  2.28771085e+00  2.18228915e+00  2.72567495e+00  2.86679553e+00 
 8.05600000e-11  2.28893779e+00  2.18106221e+00  2.72390309e+00  2.86835564e+00 
 8.25600000e-11  2.29015620e+00  2.17984380e+00  2.72214298e+00  2.86990298e+00 
 8.45600000e-11  2.29136591e+00  2.17863409e+00  2.72039499e+00  2.87143738e+00 
 8.65600000e-11  2.29256672e+00  2.17743328e+00  2.71865949e+00  2.87295866e+00 
 8.85600000e-11  2.29375843e+00  2.17624157e+00  2.71693685e+00  2.87446667e+00 
 9.05600000e-11  2.29494087e+00  2.17505913e+00  2.71522742e+00  2.87596123e+00 
 9.25600000e-11  2.29611384e+00  2.17388616e+00  2.71353158e+00  2.87744220e+00 
 9.45600000e-11  2.29727716e+00  2.17272284e+00  2.71184966e+00  2.87890941e+00 
 9.65600000e-11  2.29843064e+00  2.17156936e+00  2.71018203e+00  2.88036270e+00 
 9.85600000e-11  2.29957411e+00  2.17042589e+00  2.70852903e+00  2.88180193e+00 
 1.00560000e-10  2.30070739e+00  2.16929261e+00  2.70689100e+00  2.88322695e+00 
 1.02560000e-10  2.30183028e+00  2.16816972e+00  2.70526828e+00  2.88463762e+00 
 1.04560000e-10  2.30294263e+00  2.16705737e+00  2.70366120e+00  2.88603378e+00 
 1.06560000e-10  2.30404424e+00  2.16595576e+00  2.70207010e+00  2.88741531e+00 
 1.08560000e-10  2.30513495e+00  2.16486505e+00  2.70049530e+00  2.88878206e+00 
 1.10560000e-10  2.30621459e+00  2.16378541e+00  2.69893712e+00  2.89013390e+00 
 1.12560000e-10  2.30728298e+00  2.16271702e+00  2.69739588e+00  2.89147070e+00 
 1.14560000e-10  2.30833996e+00  2.16166004e+00  2.69587190e+00  2.89279234e+00 
 1.16560000e-10  2.30938535e+00  2.16061465e+00  2.69436547e+00  2.89409869e+00 
 1.18560000e-10  2.31041900e+00  2.15958100e+00  2.69287692e+00  2.89538963e+00 
 1.20560000e-10  2.31144074e+00  2.15855926e+00  2.69140653e+00  2.89666505e+00 
 1.22560000e-10  2.31245041e+00  2.15754959e+00  2.68995459e+00  2.89792483e+00 
 1.24560000e-10  2.31344785e+00  2.15655215e+00  2.68852141e+00  2.89916886e+00 
 1.26560000e-10  2.31443290e+00  2.15556710e+00  2.68710727e+00  2.90039703e+00 
 1.28560000e-10  2.31540541e+00  2.15459459e+00  2.68571244e+00  2.90160924e+00 
 1.30560000e-10  2.31636522e+00  2.15363478e+00  2.68433721e+00  2.90280539e+00 
 1.32560000e-10  2.31731218e+00  2.15268782e+00  2.68298185e+00  2.90398538e+00 
 1.34560000e-10  2.31824614e+00  2.15175386e+00  2.68164661e+00  2.90514912e+00 
 1.36560000e-10  2.31916696e+00  2.15083304e+00  2.68033177e+00  2.90629651e+00 
 1.38560000e-10  2.32007449e+00  2.14992551e+00  2.67903758e+00  2.90742748e+00 
 1.40560000e-10  2.32096858e+00  2.14903142e+00  2.67776428e+00  2.90854192e+00 
 1.42560000e-10  2.32184910e+00  2.14815090e+00  2.67651214e+00  2.90963977e+00 
 1.44560000e-10  2.32271590e+00  2.14728410e+00  2.67528138e+00  2.91072094e+00 
 1.46560000e-10  2.32356885e+00  2.14643115e+00  2.67407225e+00  2.91178536e+00 
 1.48560000e-10  2.32440782e+00  2.14559218e+00  2.67288497e+00  2.91283295e+00 
 1.50560000e-10  2.32523267e+00  2.14476733e+00  2.67171978e+00  2.91386365e+00 
 1.52560000e-10  2.32604327e+00  2.14395673e+00  2.67057688e+00  2.91487738e+00 
 1.54560000e-10  2.32683949e+00  2.14316051e+00  2.66945649e+00  2.91587409e+00 
 1.56560000e-10  2.32762121e+00  2.14237879e+00  2.66835883e+00  2.91685371e+00 
 1.58560000e-10  2.32838830e+00  2.14161170e+00  2.66728410e+00  2.91781618e+00 
 1.60560000e-10  2.32914065e+00  2.14085935e+00  2.66623249e+00  2.91876145e+00 
 1.62560000e-10  2.32987813e+00  2.14012187e+00  2.66520420e+00  2.91968945e+00 
 1.64560000e-10  2.33060062e+00  2.13939938e+00  2.66419941e+00  2.92060015e+00 
 1.66560000e-10  2.33130802e+00  2.13869198e+00  2.66321830e+00  2.92149349e+00 
 1.68560000e-10  2.33200022e+00  2.13799978e+00  2.66226105e+00  2.92236942e+00 
 1.70560000e-10  2.33267709e+00  2.13732291e+00  2.66132784e+00  2.92322790e+00 
 1.72560000e-10  2.33333854e+00  2.13666146e+00  2.66041881e+00  2.92406889e+00 
 1.74560000e-10  2.33398447e+00  2.13601553e+00  2.65953413e+00  2.92489233e+00 
 1.76560000e-10  2.33461476e+00  2.13538524e+00  2.65867396e+00  2.92569820e+00 
 1.78560000e-10  2.33522932e+00  2.13477068e+00  2.65783843e+00  2.92648644e+00 
 1.80560000e-10  2.33582805e+00  2.13417195e+00  2.65702769e+00  2.92725704e+00 
 1.82560000e-10  2.33641087e+00  2.13358913e+00  2.65624187e+00  2.92800995e+00 
 1.84560000e-10  2.33697766e+00  2.13302234e+00  2.65548110e+00  2.92874513e+00 
 1.86560000e-10  2.33752836e+00  2.13247164e+00  2.65474550e+00  2.92946255e+00 
 1.88560000e-10  2.33806286e+00  2.13193714e+00  2.65403518e+00  2.93016219e+00 
 1.90560000e-10  2.33858109e+00  2.13141891e+00  2.65335026e+00  2.93084400e+00 
 1.92560000e-10  2.33908297e+00  2.13091703e+00  2.65269084e+00  2.93150796e+00 
 1.94560000e-10  2.33956840e+00  2.13043160e+00  2.65205701e+00  2.93215404e+00 
 1.96560000e-10  2.34003733e+00  2.12996267e+00  2.65144887e+00  2.93278220e+00 
 1.98560000e-10  2.34048966e+00  2.12951034e+00  2.65086650e+00  2.93339242e+00 
 2.00560000e-10  2.34092534e+00  2.12907466e+00  2.65030998e+00  2.93398467e+00 
 2.02560000e-10  2.34134430e+00  2.12865570e+00  2.64977938e+00  2.93455891e+00 
 2.04560000e-10  2.34174646e+00  2.12825354e+00  2.64927476e+00  2.93511513e+00 
 2.06560000e-10  2.34213176e+00  2.12786824e+00  2.64879620e+00  2.93565328e+00 
 2.08560000e-10  2.34250015e+00  2.12749985e+00  2.64834373e+00  2.93617334e+00 
 2.10560000e-10  2.34285156e+00  2.12714844e+00  2.64791741e+00  2.93667528e+00 
 2.12560000e-10  2.34318594e+00  2.12681406e+00  2.64751728e+00  2.93715907e+00 
 2.14560000e-10  2.34350323e+00  2.12649677e+00  2.64714337e+00  2.93762467e+00 
 2.16560000e-10  2.34380339e+00  2.12619661e+00  2.64679572e+00  2.93807205e+00 
 2.18560000e-10  2.34408637e+00  2.12591363e+00  2.64647434e+00  2.93850118e+00 
 2.20560000e-10  2.34435213e+00  2.12564787e+00  2.64617924e+00  2.93891203e+00 
 2.22560000e-10  2.34460062e+00  2.12539938e+00  2.64591045e+00  2.93930455e+00 
 2.24560000e-10  2.34483179e+00  2.12516821e+00  2.64566796e+00  2.93967871e+00 
 2.26560000e-10  2.34504563e+00  2.12495437e+00  2.64545177e+00  2.94003447e+00 
 2.28560000e-10  2.34524209e+00  2.12475791e+00  2.64526187e+00  2.94037179e+00 
 2.30560000e-10  2.34542114e+00  2.12457886e+00  2.64509826e+00  2.94069064e+00 
 2.32560000e-10  2.34558275e+00  2.12441725e+00  2.64496089e+00  2.94099096e+00 
 2.34560000e-10  2.34572690e+00  2.12427310e+00  2.64484976e+00  2.94127271e+00 
 2.36560000e-10  2.34585357e+00  2.12414643e+00  2.64476483e+00  2.94153585e+00 
 2.38560000e-10  2.34596273e+00  2.12403727e+00  2.64470606e+00  2.94178033e+00 
 2.40560000e-10  2.34605437e+00  2.12394563e+00  2.64467340e+00  2.94200610e+00 
 2.42560000e-10  2.34612847e+00  2.12387153e+00  2.64466681e+00  2.94221311e+00 
 2.44560000e-10  2.34618502e+00  2.12381498e+00  2.64468623e+00  2.94240130e+00 
 2.46560000e-10  2.34622401e+00  2.12377599e+00  2.64473159e+00  2.94257062e+00 
 2.48560000e-10  2.34624545e+00  2.12375455e+00  2.64480284e+00  2.94272102e+00 
 2.50560000e-10  2.34624931e+00  2.12375069e+00  2.64489990e+00  2.94285242e+00 
 2.52560000e-10  2.34623561e+00  2.12376439e+00  2.64502269e+00  2.94296478e+00 
 2.54560000e-10  2.34620434e+00  2.12379566e+00  2.64517112e+00  2.94305803e+00 
 2.56560000e-10  2.34615551e+00  2.12384449e+00  2.64534512e+00  2.94313211e+00 
 2.58560000e-10  2.34608913e+00  2.12391087e+00  2.64554458e+00  2.94318695e+00 
 2.60560000e-10  2.34600521e+00  2.12399479e+00  2.64576941e+00  2.94322248e+00 
 2.62560000e-10  2.34590375e+00  2.12409625e+00  2.64601950e+00  2.94323863e+00 
 2.64560000e-10  2.34578479e+00  2.12421521e+00  2.64629475e+00  2.94323534e+00 
 2.66560000e-10  2.34564833e+00  2.12435167e+00  2.64659503e+00  2.94321253e+00 
 2.68560000e-10  2.34549440e+00  2.12450560e+00  2.64692024e+00  2.94317012e+00 
 2.70560000e-10  2.34532302e+00  2.12467698e+00  2.64727024e+00  2.94310805e+00 
 2.72560000e-10  2.34513421e+00  2.12486579e+00  2.64764492e+00  2.94302623e+00 
 2.74560000e-10  2.34492802e+00  2.12507198e+00  2.64804413e+00  2.94292459e+00 
 2.76560000e-10  2.34470447e+00  2.12529553e+00  2.64846775e+00  2.94280306e+00 
 2.78560000e-10  2.34446359e+00  2.12553641e+00  2.64891563e+00  2.94266154e+00 
 2.80560000e-10  2.34420543e+00  2.12579457e+00  2.64938763e+00  2.94249997e+00 
 2.82560000e-10  2.34393002e+00  2.12606998e+00  2.64988359e+00  2.94231826e+00 
 2.84560000e-10  2.34363742e+00  2.12636258e+00  2.65040337e+00  2.94211633e+00 
 2.86560000e-10  2.34332765e+00  2.12667235e+00  2.65094681e+00  2.94189410e+00 
 2.88560000e-10  2.34300079e+00  2.12699921e+00  2.65151374e+00  2.94165150e+00 
 2.90560000e-10  2.34265686e+00  2.12734314e+00  2.65210402e+00  2.94138843e+00 
 2.92560000e-10  2.34229594e+00  2.12770406e+00  2.65271745e+00  2.94110482e+00 
 2.94560000e-10  2.34191807e+00  2.12808193e+00  2.65335389e+00  2.94080059e+00 
 2.96560000e-10  2.34152332e+00  2.12847668e+00  2.65401314e+00  2.94047566e+00 
 2.98560000e-10  2.34111175e+00  2.12888825e+00  2.65469504e+00  2.94012996e+00 
 3.00560000e-10  2.34068342e+00  2.12931658e+00  2.65539941e+00  2.93976340e+00 
 3.02560000e-10  2.34023840e+00  2.12976160e+00  2.65612606e+00  2.93937590e+00 
 3.04560000e-10  2.33977677e+00  2.13022323e+00  2.65687480e+00  2.93896741e+00 
 3.06560000e-10  2.33929859e+00  2.13070141e+00  2.65764546e+00  2.93853783e+00 
 3.08560000e-10  2.33880394e+00  2.13119606e+00  2.65843782e+00  2.93808711e+00 
 3.10560000e-10  2.33829289e+00  2.13170711e+00  2.65925171e+00  2.93761517e+00 
 3.12560000e-10  2.33776554e+00  2.13223446e+00  2.66008693e+00  2.93712195e+00 
 3.14560000e-10  2.33722196e+00  2.13277804e+00  2.66094328e+00  2.93660738e+00 
 3.16560000e-10  2.33666224e+00  2.13333776e+00  2.66182055e+00  2.93607141e+00 
 3.18560000e-10  2.33608646e+00  2.13391354e+00  2.66271854e+00  2.93551397e+00 
 3.20560000e-10  2.33549472e+00  2.13450528e+00  2.66363706e+00  2.93493501e+00 
 3.22560000e-10  2.33488711e+00  2.13511289e+00  2.66457589e+00  2.93433449e+00 
 3.24560000e-10  2.33426373e+00  2.13573627e+00  2.66553483e+00  2.93371234e+00 
 3.26560000e-10  2.33362467e+00  2.13637533e+00  2.66651366e+00  2.93306854e+00 
 3.28560000e-10  2.33297004e+00  2.13702996e+00  2.66751217e+00  2.93240304e+00 
 3.30560000e-10  2.33229994e+00  2.13770006e+00  2.66853015e+00  2.93171580e+00 
 3.32560000e-10  2.33161447e+00  2.13838553e+00  2.66956738e+00  2.93100680e+00 
 3.34560000e-10  2.33091375e+00  2.13908625e+00  2.67062366e+00  2.93027601e+00 
 3.36560000e-10  2.33019788e+00  2.13980212e+00  2.67169875e+00  2.92952341e+00 
 3.38560000e-10  2.32946697e+00  2.14053303e+00  2.67279245e+00  2.92874898e+00 
 3.40560000e-10  2.32872116e+00  2.14127884e+00  2.67390452e+00  2.92795271e+00 
 3.42560000e-10  2.32796054e+00  2.14203946e+00  2.67503476e+00  2.92713460e+00 
 3.44560000e-10  2.32718524e+00  2.14281476e+00  2.67618293e+00  2.92629465e+00 
 3.46560000e-10  2.32639538e+00  2.14360462e+00  2.67734881e+00  2.92543287e+00 
 3.48560000e-10  2.32559109e+00  2.14440891e+00  2.67853219e+00  2.92454926e+00 
 3.50560000e-10  2.32477250e+00  2.14522750e+00  2.67973283e+00  2.92364384e+00 
 3.52560000e-10  2.32393973e+00  2.14606027e+00  2.68095050e+00  2.92271664e+00 
 3.54560000e-10  2.32309292e+00  2.14690708e+00  2.68218498e+00  2.92176770e+00 
 3.56560000e-10  2.32223219e+00  2.14776781e+00  2.68343605e+00  2.92079704e+00 
 3.58560000e-10  2.32135769e+00  2.14864231e+00  2.68470347e+00  2.91980471e+00 
 3.60560000e-10  2.32046955e+00  2.14953045e+00  2.68598701e+00  2.91879076e+00 
 3.62560000e-10  2.31956792e+00  2.15043208e+00  2.68728644e+00  2.91775525e+00 
 3.64560000e-10  2.31865293e+00  2.15134707e+00  2.68860153e+00  2.91669825e+00 
 3.66560000e-10  2.31772473e+00  2.15227527e+00  2.68993205e+00  2.91561981e+00 
 3.68560000e-10  2.31678347e+00  2.15321653e+00  2.69127777e+00  2.91452003e+00 
 3.70560000e-10  2.31582930e+00  2.15417070e+00  2.69263845e+00  2.91339898e+00 
 3.72560000e-10  2.31486236e+00  2.15513764e+00  2.69401385e+00  2.91225676e+00 
 3.74560000e-10  2.31388281e+00  2.15611719e+00  2.69540376e+00  2.91109346e+00 
 3.76560000e-10  2.31289080e+00  2.15710920e+00  2.69680792e+00  2.90990920e+00 
 3.78560000e-10  2.31188649e+00  2.15811351e+00  2.69822610e+00  2.90870408e+00 
 3.80560000e-10  2.31087005e+00  2.15912995e+00  2.69965808e+00  2.90747823e+00 
 3.82560000e-10  2.30984162e+00  2.16015838e+00  2.70110360e+00  2.90623177e+00 
 3.84560000e-10  2.30880137e+00  2.16119863e+00  2.70256243e+00  2.90496485e+00 
 3.86560000e-10  2.30774947e+00  2.16225053e+00  2.70403433e+00  2.90367759e+00 
 3.88560000e-10  2.30668608e+00  2.16331392e+00  2.70551907e+00  2.90237016e+00 
 3.90560000e-10  2.30561137e+00  2.16438863e+00  2.70701641e+00  2.90104270e+00 
 3.92560000e-10  2.30452551e+00  2.16547449e+00  2.70852610e+00  2.89969539e+00 
 3.94560000e-10  2.30342867e+00  2.16657133e+00  2.71004790e+00  2.89832839e+00 
 3.96560000e-10  2.30232103e+00  2.16767897e+00  2.71158157e+00  2.89694188e+00 
 3.98560000e-10  2.30120275e+00  2.16879725e+00  2.71312688e+00  2.89553604e+00 
 4.00560000e-10  2.30007402e+00  2.16992598e+00  2.71468357e+00  2.89411108e+00 
 4.02560000e-10  2.29893502e+00  2.17106498e+00  2.71625140e+00  2.89266718e+00 
 4.04560000e-10  2.29778591e+00  2.17221409e+00  2.71783013e+00  2.89120455e+00 
 4.06560000e-10  2.29662690e+00  2.17337310e+00  2.71941951e+00  2.88972341e+00 
 4.08560000e-10  2.29545815e+00  2.17454185e+00  2.72101930e+00  2.88822397e+00 
 4.10560000e-10  2.29427986e+00  2.17572014e+00  2.72262925e+00  2.88670646e+00 
 4.12560000e-10  2.29309220e+00  2.17690780e+00  2.72424912e+00  2.88517111e+00 
 4.14560000e-10  2.29189537e+00  2.17810463e+00  2.72587865e+00  2.88361816e+00 
 4.16560000e-10  2.29068956e+00  2.17931044e+00  2.72751760e+00  2.88204786e+00 
 4.18560000e-10  2.28947495e+00  2.18052505e+00  2.72916571e+00  2.88046046e+00 
 4.20560000e-10  2.28825174e+00  2.18174826e+00  2.73082274e+00  2.87885621e+00 
 4.22560000e-10  2.28702012e+00  2.18297988e+00  2.73248844e+00  2.87723537e+00 
 4.24560000e-10  2.28578029e+00  2.18421971e+00  2.73416254e+00  2.87559823e+00 
 4.26560000e-10  2.28453244e+00  2.18546756e+00  2.73584482e+00  2.87394504e+00 
 4.28560000e-10  2.28327676e+00  2.18672324e+00  2.73753499e+00  2.87227610e+00 
 4.30560000e-10  2.28201347e+00  2.18798653e+00  2.73923282e+00  2.87059168e+00 
 4.32560000e-10  2.28074274e+00  2.18925726e+00  2.74093805e+00  2.86889208e+00 
 4.34560000e-10  2.27946480e+00  2.19053520e+00  2.74265042e+00  2.86717760e+00 
 4.36560000e-10  2.27817983e+00  2.19182017e+00  2.74436968e+00  2.86544854e+00 
 4.38560000e-10  2.27688805e+00  2.19311195e+00  2.74609556e+00  2.86370520e+00 
 4.40560000e-10  2.27558965e+00  2.19441035e+00  2.74782781e+00  2.86194790e+00 
 4.42560000e-10  2.27428484e+00  2.19571516e+00  2.74956617e+00  2.86017695e+00 
 4.44560000e-10  2.27297383e+00  2.19702617e+00  2.75131038e+00  2.85839268e+00 
 4.46560000e-10  2.27165682e+00  2.19834318e+00  2.75306018e+00  2.85659540e+00 
 4.48560000e-10  2.27033402e+00  2.19966598e+00  2.75481531e+00  2.85478546e+00 
 4.50560000e-10  2.26900564e+00  2.20099436e+00  2.75657551e+00  2.85296317e+00 
 4.52560000e-10  2.26767190e+00  2.20232810e+00  2.75834050e+00  2.85112889e+00 
 4.54560000e-10  2.26633299e+00  2.20366701e+00  2.76011004e+00  2.84928295e+00 
 4.56560000e-10  2.26498914e+00  2.20501086e+00  2.76188385e+00  2.84742571e+00 
 4.58560000e-10  2.26364055e+00  2.20635945e+00  2.76366167e+00  2.84555750e+00 
 4.60560000e-10  2.26228743e+00  2.20771257e+00  2.76544324e+00  2.84367868e+00 
 4.62560000e-10  2.26093001e+00  2.20906999e+00  2.76722828e+00  2.84178961e+00 
 4.64560000e-10  2.25956850e+00  2.21043150e+00  2.76901653e+00  2.83989065e+00 
 4.66560000e-10  2.25820310e+00  2.21179690e+00  2.77080773e+00  2.83798217e+00 
 4.68560000e-10  2.25683404e+00  2.21316596e+00  2.77260160e+00  2.83606451e+00 
 4.70560000e-10  2.25546153e+00  2.21453847e+00  2.77439788e+00  2.83413807e+00 
 4.72560000e-10  2.25408580e+00  2.21591420e+00  2.77619630e+00  2.83220320e+00 
 4.74560000e-10  2.25270704e+00  2.21729296e+00  2.77799658e+00  2.83026028e+00 
 4.76560000e-10  2.25132549e+00  2.21867451e+00  2.77979847e+00  2.82830969e+00 
 4.78560000e-10  2.24994137e+00  2.22005863e+00  2.78160148e+00  2.82635202e+00 
 4.80560000e-10  2.24855488e+00  2.22144512e+00  2.78340560e+00  2.82438739e+00 
 4.82560000e-10  2.24716625e+00  2.22283375e+00  2.78521063e+00  2.82241609e+00 
 4.84560000e-10  2.24577571e+00  2.22422429e+00  2.78701624e+00  2.82043859e+00 
 4.86560000e-10  2.24438346e+00  2.22561654e+00  2.78882209e+00  2.81845531e+00 
 4.88560000e-10  2.24298973e+00  2.22701027e+00  2.79062792e+00  2.81646667e+00 
 4.90560000e-10  2.24159473e+00  2.22840527e+00  2.79243345e+00  2.81447304e+00 
 4.92560000e-10  2.24019870e+00  2.22980130e+00  2.79423840e+00  2.81247483e+00 
 4.94560000e-10  2.23880184e+00  2.23119816e+00  2.79604252e+00  2.81047242e+00 
 4.96560000e-10  2.23740439e+00  2.23259561e+00  2.79784552e+00  2.80846621e+00 
 4.98560000e-10  2.23600655e+00  2.23399345e+00  2.79964714e+00  2.80645658e+00 
 5.00560000e-10  2.23460856e+00  2.23539144e+00  2.80144711e+00  2.80444395e+00 
 5.02560000e-10  2.23321063e+00  2.23678937e+00  2.80324515e+00  2.80242869e+00 
 5.04560000e-10  2.23181298e+00  2.23818702e+00  2.80504100e+00  2.80041122e+00 
 5.06560000e-10  2.23041583e+00  2.23958417e+00  2.80683438e+00  2.79839193e+00 
 5.08560000e-10  2.22901941e+00  2.24098059e+00  2.80862503e+00  2.79637121e+00 
 5.10560000e-10  2.22762393e+00  2.24237607e+00  2.81041267e+00  2.79434946e+00 
 5.12560000e-10  2.22622962e+00  2.24377038e+00  2.81219705e+00  2.79232710e+00 
 5.14560000e-10  2.22483669e+00  2.24516331e+00  2.81397788e+00  2.79030450e+00 
 5.16560000e-10  2.22344536e+00  2.24655464e+00  2.81575491e+00  2.78828208e+00 
 5.18560000e-10  2.22205586e+00  2.24794414e+00  2.81752787e+00  2.78626023e+00 
 5.20560000e-10  2.22066841e+00  2.24933159e+00  2.81929649e+00  2.78423935e+00 
 5.22560000e-10  2.21928322e+00  2.25071678e+00  2.82106051e+00  2.78221984e+00 
 5.24560000e-10  2.21790051e+00  2.25209949e+00  2.82281967e+00  2.78020210e+00 
 5.26560000e-10  2.21652050e+00  2.25347950e+00  2.82457370e+00  2.77818653e+00 
 5.28560000e-10  2.21514341e+00  2.25485659e+00  2.82632234e+00  2.77617352e+00 
 5.30560000e-10  2.21376945e+00  2.25623055e+00  2.82806533e+00  2.77416347e+00 
 5.32560000e-10  2.21239885e+00  2.25760115e+00  2.82980202e+00  2.77215731e+00 
 5.34560000e-10  2.21103181e+00  2.25896819e+00  2.83153261e+00  2.77015483e+00 
 5.36560000e-10  2.20966856e+00  2.26033144e+00  2.83325700e+00  2.76815623e+00 
 5.38560000e-10  2.20830931e+00  2.26169069e+00  2.83497482e+00  2.76616203e+00 
 5.40560000e-10  2.20695428e+00  2.26304572e+00  2.83668573e+00  2.76417274e+00 
 5.42560000e-10  2.20560367e+00  2.26439633e+00  2.83838946e+00  2.76218877e+00 
 5.44560000e-10  2.20425771e+00  2.26574229e+00  2.84008576e+00  2.76021052e+00 
 5.46560000e-10  2.20291660e+00  2.26708340e+00  2.84177439e+00  2.75823837e+00 
 5.48560000e-10  2.20158055e+00  2.26841945e+00  2.84345510e+00  2.75627271e+00 
 5.50560000e-10  2.20024979e+00  2.26975021e+00  2.84512765e+00  2.75431392e+00 
 5.52560000e-10  2.19892451e+00  2.27107549e+00  2.84679180e+00  2.75236239e+00 
 5.54560000e-10  2.19760493e+00  2.27239507e+00  2.84844731e+00  2.75041850e+00 
 5.56560000e-10  2.19629125e+00  2.27370875e+00  2.85009394e+00  2.74848263e+00 
 5.58560000e-10  2.19498369e+00  2.27501631e+00  2.85173146e+00  2.74655515e+00 
 5.60560000e-10  2.19368244e+00  2.27631756e+00  2.85335964e+00  2.74463645e+00 
 5.62560000e-10  2.19238772e+00  2.27761228e+00  2.85497825e+00  2.74272689e+00 
 5.64560000e-10  2.19109973e+00  2.27890027e+00  2.85658706e+00  2.74082685e+00 
 5.66560000e-10  2.18981867e+00  2.28018133e+00  2.85818584e+00  2.73893670e+00 
 5.68560000e-10  2.18854475e+00  2.28145525e+00  2.85977437e+00  2.73705681e+00 
 5.70560000e-10  2.18727816e+00  2.28272184e+00  2.86135245e+00  2.73518753e+00 
 5.72560000e-10  2.18601911e+00  2.28398089e+00  2.86291983e+00  2.73332925e+00 
 5.74560000e-10  2.18476779e+00  2.28523221e+00  2.86447633e+00  2.73148230e+00 
 5.76560000e-10  2.18352440e+00  2.28647560e+00  2.86602172e+00  2.72964706e+00 
 5.78560000e-10  2.18228915e+00  2.28771085e+00  2.86755579e+00  2.72782387e+00 
 5.80560000e-10  2.18106221e+00  2.28893779e+00  2.86907835e+00  2.72601310e+00 
 5.82560000e-10  2.17984380e+00  2.29015620e+00  2.87058918e+00  2.72421508e+00 
 5.84560000e-10  2.17863409e+00  2.29136591e+00  2.87208810e+00  2.72243017e+00 
 5.86560000e-10  2.17743328e+00  2.29256672e+00  2.87357491e+00  2.72065871e+00 
 5.88560000e-10  2.17624157e+00  2.29375843e+00  2.87504941e+00  2.71890103e+00 
 5.90560000e-10  2.17505913e+00  2.29494087e+00  2.87651142e+00  2.71715749e+00 
 5.92560000e-10  2.17388616e+00  2.29611384e+00  2.87796075e+00  2.71542840e+00 
 5.94560000e-10  2.17272284e+00  2.29727716e+00  2.87939721e+00  2.71371411e+00 
 5.96560000e-10  2.17156936e+00  2.29843064e+00  2.88082064e+00  2.71201494e+00 
 5.98560000e-10  2.17042589e+00  2.29957411e+00  2.88223086e+00  2.71033122e+00 
 6.00560000e-10  2.16929261e+00  2.30070739e+00  2.88362769e+00  2.70866326e+00 
 6.02560000e-10  2.16816972e+00  2.30183028e+00  2.88501097e+00  2.70701138e+00 
 6.04560000e-10  2.16705737e+00  2.30294263e+00  2.88638053e+00  2.70537590e+00 
 6.06560000e-10  2.16595576e+00  2.30404424e+00  2.88773621e+00  2.70375713e+00 
 6.08560000e-10  2.16486505e+00  2.30513495e+00  2.88907786e+00  2.70215538e+00 
 6.10560000e-10  2.16378541e+00  2.30621459e+00  2.89040533e+00  2.70057094e+00 
 6.12560000e-10  2.16271702e+00  2.30728298e+00  2.89171845e+00  2.69900412e+00 
 6.14560000e-10  2.16166004e+00  2.30833996e+00  2.89301709e+00  2.69745521e+00 
 6.16560000e-10  2.16061465e+00  2.30938535e+00  2.89430111e+00  2.69592451e+00 
 6.18560000e-10  2.15958100e+00  2.31041900e+00  2.89557036e+00  2.69441229e+00 
 6.20560000e-10  2.15855926e+00  2.31144074e+00  2.89682472e+00  2.69291885e+00 
 6.22560000e-10  2.15754959e+00  2.31245041e+00  2.89806404e+00  2.69144446e+00 
 6.24560000e-10  2.15655215e+00  2.31344785e+00  2.89928821e+00  2.68998940e+00 
 6.26560000e-10  2.15556710e+00  2.31443290e+00  2.90049709e+00  2.68855393e+00 
 6.28560000e-10  2.15459459e+00  2.31540541e+00  2.90169058e+00  2.68713833e+00 
 6.30560000e-10  2.15363478e+00  2.31636522e+00  2.90286855e+00  2.68574285e+00 
 6.32560000e-10  2.15268782e+00  2.31731218e+00  2.90403088e+00  2.68436776e+00 
 6.34560000e-10  2.15175386e+00  2.31824614e+00  2.90517748e+00  2.68301330e+00 
 6.36560000e-10  2.15083304e+00  2.31916696e+00  2.90630823e+00  2.68167972e+00 
 6.38560000e-10  2.14992551e+00  2.32007449e+00  2.90742304e+00  2.68036726e+00 
 6.40560000e-10  2.14903142e+00  2.32096858e+00  2.90852180e+00  2.67907617e+00 
 6.42560000e-10  2.14815090e+00  2.32184910e+00  2.90960441e+00  2.67780668e+00 
 6.44560000e-10  2.14728410e+00  2.32271590e+00  2.91067080e+00  2.67655902e+00 
 6.46560000e-10  2.14643115e+00  2.32356885e+00  2.91172086e+00  2.67533341e+00 
 6.48560000e-10  2.14559218e+00  2.32440782e+00  2.91275452e+00  2.67413006e+00 
 6.50560000e-10  2.14476733e+00  2.32523267e+00  2.91377168e+00  2.67294921e+00 
 6.52560000e-10  2.14395673e+00  2.32604327e+00  2.91477228e+00  2.67179104e+00 
 6.54560000e-10  2.14316051e+00  2.32683949e+00  2.91575623e+00  2.67065577e+00 
 6.56560000e-10  2.14237879e+00  2.32762121e+00  2.91672347e+00  2.66954360e+00 
 6.58560000e-10  2.14161170e+00  2.32838830e+00  2.91767391e+00  2.66845471e+00 
 6.60560000e-10  2.14085935e+00  2.32914065e+00  2.91860750e+00  2.66738931e+00 
 6.62560000e-10  2.14012187e+00  2.32987813e+00  2.91952418e+00  2.66634756e+00 
 6.64560000e-10  2.13939938e+00  2.33060062e+00  2.92042387e+00  2.66532965e+00 
 6.66560000e-10  2.13869198e+00  2.33130802e+00  2.92130651e+00  2.66433574e+00 
 6.68560000e-10  2.13799978e+00  2.33200022e+00  2.92217206e+00  2.66336602e+00 
 6.70560000e-10  2.13732291e+00  2.33267709e+00  2.92302046e+00  2.66242062e+00 
 6.72560000e-10  2.13666146e+00  2.33333854e+00  2.92385164e+00  2.66149972e+00 
 6.74560000e-10  2.13601553e+00  2.33398447e+00  2.92466557e+00  2.66060346e+00 
 6.76560000e-10  2.13538524e+00  2.33461476e+00  2.92546220e+00  2.65973198e+00 
 6.78560000e-10  2.13477068e+00  2.33522932e+00  2.92624146e+00  2.65888542e+00 
 6.80560000e-10  2.13417195e+00  2.33582805e+00  2.92700333e+00  2.65806392e+00 
 6.82560000e-10  2.13358913e+00  2.33641087e+00  2.92774776e+00  2.65726760e+00 
 6.84560000e-10  2.13302234e+00  2.33697766e+00  2.92847469e+00  2.65649658e+00 
 6.86560000e-10  2.13247164e+00  2.33752836e+00  2.92918410e+00  2.65575098e+00 
 6.88560000e-10  2.13193714e+00  2.33806286e+00  2.92987595e+00  2.65503090e+00 
 6.90560000e-10  2.13141891e+00  2.33858109e+00  2.93055018e+00  2.65433645e+00 
 6.92560000e-10  2.13091703e+00  2.33908297e+00  2.93120678e+00  2.65366772e+00 
 6.94560000e-10  2.13043160e+00  2.33956840e+00  2.93184569e+00  2.65302481e+00 
 6.96560000e-10  2.12996267e+00  2.34003733e+00  2.93246688e+00  2.65240779e+00 
 6.98560000e-10  2.12951034e+00  2.34048966e+00  2.93307031e+00  2.65181676e+00 
 7.00560000e-10  2.12907466e+00  2.34092534e+00  2.93365595e+00  2.65125178e+00 
 7.02560000e-10  2.12865570e+00  2.34134430e+00  2.93422377e+00  2.65071292e+00 
 7.04560000e-10  2.12825354e+00  2.34174646e+00  2.93477372e+00  2.65020024e+00 
 7.06560000e-10  2.12786824e+00  2.34213176e+00  2.93530577e+00  2.64971379e+00 
 7.08560000e-10  2.12749985e+00  2.34250015e+00  2.93581989e+00  2.64925362e+00 
 7.10560000e-10  2.12714844e+00  2.34285156e+00  2.93631604e+00  2.64881977e+00 
 7.12560000e-10  2.12681406e+00  2.34318594e+00  2.93679418e+00  2.64841229e+00 
 7.14560000e-10  2.12649677e+00  2.34350323e+00  2.93725427e+00  2.64803120e+00 
 7.16560000e-10  2.12619661e+00  2.34380339e+00  2.93769628e+00  2.64767652e+00 
 7.18560000e-10  2.12591363e+00  2.34408637e+00  2.93812017e+00  2.64734827e+00 
 7.20560000e-10  2.12564787e+00  2.34435213e+00  2.93852589e+00  2.64704647e+00 
 7.22560000e-10  2.12539938e+00  2.34460062e+00  2.93891342e+00  2.64677112e+00 
 7.24560000e-10  2.12516821e+00  2.34483179e+00  2.93928269e+00  2.64652222e+00 
 7.26560000e-10  2.12495437e+00  2.34504563e+00  2.93963369e+00  2.64629976e+00 
 7.28560000e-10  2.12475791e+00  2.34524209e+00  2.93996635e+00  2.64610373e+00 
 7.30560000e-10  2.12457886e+00  2.34542114e+00  2.94028063e+00  2.64593412e+00 
 7.32560000e-10  2.12441725e+00  2.34558275e+00  2.94057649e+00  2.64579089e+00 
 7.34560000e-10  2.12427310e+00  2.34572690e+00  2.94085388e+00  2.64567403e+00 
 7.36560000e-10  2.12414643e+00  2.34585357e+00  2.94111275e+00  2.64558349e+00 
 7.38560000e-10  2.12403727e+00  2.34596273e+00  2.94135304e+00  2.64551923e+00 
 7.40560000e-10  2.12394563e+00  2.34605437e+00  2.94157471e+00  2.64548120e+00 
 7.42560000e-10  2.12387153e+00  2.34612847e+00  2.94177769e+00  2.64546936e+00 
 7.44560000e-10  2.12381498e+00  2.34618502e+00  2.94196194e+00  2.64548364e+00 
 7.46560000e-10  2.12377599e+00  2.34622401e+00  2.94212739e+00  2.64552398e+00 
 7.48560000e-10  2.12375455e+00  2.34624545e+00  2.94227399e+00  2.64559030e+00 
 7.50560000e-10  2.12375069e+00  2.34624931e+00  2.94240167e+00  2.64568255e+00 
 7.52560000e-10  2.12376439e+00  2.34623561e+00  2.94251037e+00  2.64580062e+00 
 7.54560000e-10  2.12379566e+00  2.34620434e+00  2.94260002e+00  2.64594445e+00 
 7.56560000e-10  2.12384449e+00  2.34615551e+00  2.94267056e+00  2.64611393e+00 
 7.58560000e-10  2.12391087e+00  2.34608913e+00  2.94272192e+00  2.64630897e+00 
 7.60560000e-10  2.12399479e+00  2.34600521e+00  2.94275403e+00  2.64652948e+00 
 7.62560000e-10  2.12409625e+00  2.34590375e+00  2.94276682e+00  2.64677534e+00 
 7.64560000e-10  2.12421521e+00  2.34578479e+00  2.94276021e+00  2.64704644e+00 
 7.66560000e-10  2.12435167e+00  2.34564833e+00  2.94273414e+00  2.64734267e+00 
 7.68560000e-10  2.12450560e+00  2.34549440e+00  2.94268852e+00  2.64766390e+00 
 7.70560000e-10  2.12467698e+00  2.34532302e+00  2.94262328e+00  2.64801002e+00 
 7.72560000e-10  2.12486579e+00  2.34513421e+00  2.94253834e+00  2.64838090e+00 
 7.74560000e-10  2.12507198e+00  2.34492802e+00  2.94243363e+00  2.64877639e+00 
 7.76560000e-10  2.12529553e+00  2.34470447e+00  2.94230906e+00  2.64919636e+00 
 7.78560000e-10  2.12553641e+00  2.34446359e+00  2.94216455e+00  2.64964067e+00 
 7.80560000e-10  2.12579457e+00  2.34420543e+00  2.94200002e+00  2.65010918e+00 
 7.82560000e-10  2.12606998e+00  2.34393002e+00  2.94181540e+00  2.65060173e+00 
 7.84560000e-10  2.12636258e+00  2.34363742e+00  2.94161059e+00  2.65111816e+00 
 7.86560000e-10  2.12667235e+00  2.34332765e+00  2.94138553e+00  2.65165833e+00 
 7.88560000e-10  2.12699921e+00  2.34300079e+00  2.94114012e+00  2.65222206e+00 
 7.90560000e-10  2.12734314e+00  2.34265686e+00  2.94087428e+00  2.65280920e+00 
 7.92560000e-10  2.12770406e+00  2.34229594e+00  2.94058794e+00  2.65341957e+00 
 7.94560000e-10  2.12808193e+00  2.34191807e+00  2.94028101e+00  2.65405300e+00 
 7.96560000e-10  2.12847668e+00  2.34152332e+00  2.93995341e+00  2.65470933e+00 
 7.98560000e-10  2.12888825e+00  2.34111175e+00  2.93960507e+00  2.65538836e+00 
 8.00560000e-10  2.12931658e+00  2.34068342e+00  2.93923591e+00  2.65608992e+00 
 8.02560000e-10  2.12976160e+00  2.34023840e+00  2.93884584e+00  2.65681382e+00 
 8.04560000e-10  2.13022323e+00  2.33977677e+00  2.93843481e+00  2.65755988e+00 
 8.06560000e-10  2.13070141e+00  2.33929859e+00  2.93800272e+00  2.65832791e+00 
 8.08560000e-10  2.13119606e+00  2.33880394e+00  2.93754952e+00  2.65911771e+00 
 8.10560000e-10  2.13170711e+00  2.33829289e+00  2.93707513e+00  2.65992909e+00 
 8.12560000e-10  2.13223446e+00  2.33776554e+00  2.93657949e+00  2.66076186e+00 
 8.14560000e-10  2.13277804e+00  2.33722196e+00  2.93606254e+00  2.66161581e+00 
 8.16560000e-10  2.13333776e+00  2.33666224e+00  2.93552420e+00  2.66249075e+00 
 8.18560000e-10  2.13391354e+00  2.33608646e+00  2.93496443e+00  2.66338646e+00 
 8.20560000e-10  2.13450528e+00  2.33549472e+00  2.93438318e+00  2.66430274e+00 
 8.22560000e-10  2.13511289e+00  2.33488711e+00  2.93378038e+00  2.66523940e+00 
 8.24560000e-10  2.13573627e+00  2.33426373e+00  2.93315599e+00  2.66619621e+00 
 8.26560000e-10  2.13637533e+00  2.33362467e+00  2.93250998e+00  2.66717296e+00 
 8.28560000e-10  2.13702996e+00  2.33297004e+00  2.93184230e+00  2.66816945e+00 
 8.30560000e-10  2.13770006e+00  2.33229994e+00  2.93115291e+00  2.66918546e+00 
 8.32560000e-10  2.13838553e+00  2.33161447e+00  2.93044178e+00  2.67022077e+00 
 8.34560000e-10  2.13908625e+00  2.33091375e+00  2.92970890e+00  2.67127516e+00 
 8.36560000e-10  2.13980212e+00  2.33019788e+00  2.92895423e+00  2.67234843e+00 
 8.38560000e-10  2.14053303e+00  2.32946697e+00  2.92817777e+00  2.67344034e+00 
 8.40560000e-10  2.14127884e+00  2.32872116e+00  2.92737950e+00  2.67455068e+00 
 8.42560000e-10  2.14203946e+00  2.32796054e+00  2.92655942e+00  2.67567922e+00 
 8.44560000e-10  2.14281476e+00  2.32718524e+00  2.92571753e+00  2.67682575e+00 
 8.46560000e-10  2.14360462e+00  2.32639538e+00  2.92485383e+00  2.67799003e+00 
 8.48560000e-10  2.14440891e+00  2.32559109e+00  2.92396834e+00  2.67917185e+00 
 8.50560000e-10  2.14522750e+00  2.32477250e+00  2.92306108e+00  2.68037097e+00 
 8.52560000e-10  2.14606027e+00  2.32393973e+00  2.92213206e+00  2.68158717e+00 
 8.54560000e-10  2.14690708e+00  2.32309292e+00  2.92118133e+00  2.68282022e+00 
 8.56560000e-10  2.14776781e+00  2.32223219e+00  2.92020892e+00  2.68406989e+00 
 8.58560000e-10  2.14864231e+00  2.32135769e+00  2.91921486e+00  2.68533595e+00 
 8.60560000e-10  2.14953045e+00  2.32046955e+00  2.91819922e+00  2.68661817e+00 
 8.62560000e-10  2.15043208e+00  2.31956792e+00  2.91716205e+00  2.68791633e+00 
 8.64560000e-10  2.15134707e+00  2.31865293e+00  2.91610342e+00  2.68923018e+00 
 8.66560000e-10  2.15227527e+00  2.31772473e+00  2.91502339e+00  2.69055950e+00 
 8.68560000e-10  2.15321653e+00  2.31678347e+00  2.91392204e+00  2.69190405e+00 
 8.70560000e-10  2.15417070e+00  2.31582930e+00  2.91279945e+00  2.69326360e+00 
 8.72560000e-10  2.15513764e+00  2.31486236e+00  2.91165573e+00  2.69463792e+00 
 8.74560000e-10  2.15611719e+00  2.31388281e+00  2.91049097e+00  2.69602676e+00 
 8.76560000e-10  2.15710920e+00  2.31289080e+00  2.90930527e+00  2.69742989e+00 
 8.78560000e-10  2.15811351e+00  2.31188649e+00  2.90809875e+00  2.69884708e+00 
 8.80560000e-10  2.15912995e+00  2.31087005e+00  2.90687152e+00  2.70027809e+00 
 8.82560000e-10  2.16015838e+00  2.30984162e+00  2.90562373e+00  2.70172268e+00 
 8.84560000e-10  2.16119863e+00  2.30880137e+00  2.90435549e+00  2.70318062e+00 
 8.86560000e-10  2.16225053e+00  2.30774947e+00  2.90306696e+00  2.70465165e+00 
 8.88560000e-10  2.16331392e+00  2.30668608e+00  2.90175828e+00  2.70613556e+00 
 8.90560000e-10  2.16438863e+00  2.30561137e+00  2.90042961e+00  2.70763208e+00 
 8.92560000e-10  2.16547449e+00  2.30452551e+00  2.89908112e+00  2.70914099e+00 
 8.94560000e-10  2.16657133e+00  2.30342867e+00  2.89771297e+00  2.71066203e+00 
 8.96560000e-10  2.16767897e+00  2.30232103e+00  2.89632534e+00  2.71219498e+00 
 8.98560000e-10  2.16879725e+00  2.30120275e+00  2.89491841e+00  2.71373958e+00 
 9.00560000e-10  2.16992598e+00  2.30007402e+00  2.89349239e+00  2.71529559e+00 
 9.02560000e-10  2.17106498e+00  2.29893502e+00  2.89204746e+00  2.71686277e+00 
 9.04560000e-10  2.17221409e+00  2.29778591e+00  2.89058384e+00  2.71844087e+00 
 9.06560000e-10  2.17337310e+00  2.29662690e+00  2.88910173e+00  2.72002965e+00 
 9.08560000e-10  2.17454185e+00  2.29545815e+00  2.88760135e+00  2.72162886e+00 
 9.10560000e-10  2.17572014e+00  2.29427986e+00  2.88608294e+00  2.72323825e+00 
 9.12560000e-10  2.17690780e+00  2.29309220e+00  2.88454671e+00  2.72485758e+00 
 9.14560000e-10  2.17810463e+00  2.29189537e+00  2.88299292e+00  2.72648659e+00 
 9.16560000e-10  2.17931044e+00  2.29068956e+00  2.88142180e+00  2.72812504e+00 
 9.18560000e-10  2.18052505e+00  2.28947495e+00  2.87983360e+00  2.72977268e+00 
 9.20560000e-10  2.18174826e+00  2.28825174e+00  2.87822859e+00  2.73142925e+00 
 9.22560000e-10  2.18297988e+00  2.28702012e+00  2.87660702e+00  2.73309450e+00 
 9.24560000e-10  2.18421971e+00  2.28578029e+00  2.87496917e+00  2.73476819e+00 
 9.26560000e-10  2.18546756e+00  2.28453244e+00  2.87331530e+00  2.73645005e+00 
 9.28560000e-10  2.18672324e+00  2.28327676e+00  2.87164570e+00  2.73813984e+00 
 9.30560000e-10  2.18798653e+00  2.28201347e+00  2.86996066e+00  2.73983730e+00 
 9.32560000e-10  2.18925726e+00  2.28074274e+00  2.86826046e+00  2.74154217e+00 
 9.34560000e-10  2.19053520e+00  2.27946480e+00  2.86654541e+00  2.74325419e+00 
 9.36560000e-10  2.19182017e+00  2.27817983e+00  2.86481579e+00  2.74497312e+00 
 9.38560000e-10  2.19311195e+00  2.27688805e+00  2.86307193e+00  2.74669868e+00 
 9.40560000e-10  2.19441035e+00  2.27558965e+00  2.86131413e+00  2.74843063e+00 
 9.42560000e-10  2.19571516e+00  2.27428484e+00  2.85954270e+00  2.75016870e+00 
 9.44560000e-10  2.19702617e+00  2.27297383e+00  2.85775797e+00  2.75191263e+00 
 9.46560000e-10  2.19834318e+00  2.27165682e+00  2.85596027e+00  2.75366216e+00 
 9.48560000e-10  2.19966598e+00  2.27033402e+00  2.85414991e+00  2.75541702e+00 
 9.50560000e-10  2.20099436e+00  2.26900564e+00  2.85232724e+00  2.75717697e+00 
 9.52560000e-10  2.20232810e+00  2.26767190e+00  2.85049260e+00  2.75894172e+00 
 9.54560000e-10  2.20366701e+00  2.26633299e+00  2.84864632e+00  2.76071103e+00 
 9.56560000e-10  2.20501086e+00  2.26498914e+00  2.84678875e+00  2.76248462e+00 
 9.58560000e-10  2.20635945e+00  2.26364055e+00  2.84492024e+00  2.76426222e+00 
 9.60560000e-10  2.20771257e+00  2.26228743e+00  2.84304114e+00  2.76604357e+00 
 9.62560000e-10  2.20906999e+00  2.26093001e+00  2.84115181e+00  2.76782841e+00 
 9.64560000e-10  2.21043150e+00  2.25956850e+00  2.83925261e+00  2.76961647e+00 
 9.66560000e-10  2.21179690e+00  2.25820310e+00  2.83734390e+00  2.77140748e+00 
 9.68560000e-10  2.21316596e+00  2.25683404e+00  2.83542604e+00  2.77320116e+00 
 9.70560000e-10  2.21453847e+00  2.25546153e+00  2.83349941e+00  2.77499726e+00 
 9.72560000e-10  2.21591420e+00  2.25408580e+00  2.83156437e+00  2.77679550e+00 
 9.74560000e-10  2.21729296e+00  2.25270704e+00  2.82962162e+00  2.77859522e+00 
 9.76560000e-10  2.21867451e+00  2.25132549e+00  2.82767113e+00  2.78039663e+00 
 9.78560000e-10  2.22005863e+00  2.24994137e+00  2.82571291e+00  2.78219993e+00 
 9.80560000e-10  2.22144512e+00  2.24855488e+00  2.82374777e+00  2.78400432e+00 
 9.82560000e-10  2.22283375e+00  2.24716625e+00  2.82177627e+00  2.78580933e+00 
 9.84560000e-10  2.22422429e+00  2.24577571e+00  2.81979872e+00  2.78761476e+00 
 9.86560000e-10  2.22561654e+00  2.24438346e+00  2.81781543e+00  2.78942041e+00 
 9.88560000e-10  2.22701027e+00  2.24298973e+00  2.81582679e+00  2.79122603e+00 
 9.90560000e-10  2.22840527e+00  2.24159473e+00  2.81383318e+00  2.79303137e+00 
 9.92560000e-10  2.22980130e+00  2.24019870e+00  2.81183498e+00  2.79483614e+00 
 9.94560000e-10  2.23119816e+00  2.23880184e+00  2.80983261e+00  2.79664006e+00 
 9.96560000e-10  2.23259561e+00  2.23740439e+00  2.80782644e+00  2.79844288e+00 
 9.98560000e-10  2.23399345e+00  2.23600655e+00  2.80581688e+00  2.80024431e+00 
 1.00056000e-09  2.23539144e+00  2.23460856e+00  2.80380431e+00  2.80204409e+00 
 1.00256000e-09  2.23678937e+00  2.23321063e+00  2.80178914e+00  2.80384194e+00 
 1.00456000e-09  2.23818702e+00  2.23181298e+00  2.79977172e+00  2.80563760e+00 
 1.00656000e-09  2.23958417e+00  2.23041583e+00  2.79775248e+00  2.80743081e+00 
 1.00856000e-09  2.24098059e+00  2.22901941e+00  2.79573184e+00  2.80922128e+00 
 1.01056000e-09  2.24237607e+00  2.22762393e+00  2.79371019e+00  2.81100875e+00 
 1.01256000e-09  2.24377038e+00  2.22622962e+00  2.79168793e+00  2.81279295e+00 
 1.01456000e-09  2.24516331e+00  2.22483669e+00  2.78966545e+00  2.81457361e+00 
 1.01656000e-09  2.24655464e+00  2.22344536e+00  2.78764315e+00  2.81635046e+00 
 1.01856000e-09  2.24794414e+00  2.22205586e+00  2.78562144e+00  2.81812323e+00 
 1.02056000e-09  2.24933159e+00  2.22066841e+00  2.78360070e+00  2.81989166e+00 
 1.02256000e-09  2.25071678e+00  2.21928322e+00  2.78158135e+00  2.82165549e+00 
 1.02456000e-09  2.25209949e+00  2.21790051e+00  2.77956377e+00  2.82341444e+00 
 1.02656000e-09  2.25347950e+00  2.21652050e+00  2.77754837e+00  2.82516826e+00 
 1.02856000e-09  2.25485659e+00  2.21514341e+00  2.77553554e+00  2.82691669e+00 
 1.03056000e-09  2.25623055e+00  2.21376945e+00  2.77352568e+00  2.82865947e+00 
 1.03256000e-09  2.25760115e+00  2.21239885e+00  2.77151963e+00  2.83039603e+00 
 1.03456000e-09  2.25896819e+00  2.21103181e+00  2.76951729e+00  2.83212648e+00 
 1.03656000e-09  2.26033144e+00  2.20966856e+00  2.76751888e+00  2.83385066e+00 
 1.03856000e-09  2.26169069e+00  2.20830931e+00  2.76552489e+00  2.83556823e+00 
 1.04056000e-09  2.26304572e+00  2.20695428e+00  2.76353582e+00  2.83727889e+00 
 1.04256000e-09  2.26439633e+00  2.20560367e+00  2.76155208e+00  2.83898236e+00 
 1.04456000e-09  2.26574229e+00  2.20425771e+00  2.75957406e+00  2.84067839e+00 
 1.04656000e-09  2.26708340e+00  2.20291660e+00  2.75760216e+00  2.84236674e+00 
 1.04856000e-09  2.26841945e+00  2.20158055e+00  2.75563675e+00  2.84404717e+00 
 1.05056000e-09  2.26975021e+00  2.20024979e+00  2.75367822e+00  2.84571943e+00 
 1.05256000e-09  2.27107549e+00  2.19892451e+00  2.75172695e+00  2.84738329e+00 
 1.05456000e-09  2.27239507e+00  2.19760493e+00  2.74978332e+00  2.84903849e+00 
 1.05656000e-09  2.27370875e+00  2.19629125e+00  2.74784772e+00  2.85068481e+00 
 1.05856000e-09  2.27501631e+00  2.19498369e+00  2.74592052e+00  2.85232202e+00 
 1.06056000e-09  2.27631756e+00  2.19368244e+00  2.74400209e+00  2.85394987e+00 
 1.06256000e-09  2.27761228e+00  2.19238772e+00  2.74209282e+00  2.85556814e+00 
 1.06456000e-09  2.27890027e+00  2.19109973e+00  2.74019308e+00  2.85717661e+00 
 1.06656000e-09  2.28018133e+00  2.18981867e+00  2.73830322e+00  2.85877504e+00 
 1.06856000e-09  2.28145525e+00  2.18854475e+00  2.73642363e+00  2.86036322e+00 
 1.07056000e-09  2.28272184e+00  2.18727816e+00  2.73455467e+00  2.86194092e+00 
 1.07256000e-09  2.28398089e+00  2.18601911e+00  2.73269669e+00  2.86350793e+00 
 1.07456000e-09  2.28523221e+00  2.18476779e+00  2.73085006e+00  2.86506405e+00 
 1.07656000e-09  2.28647560e+00  2.18352440e+00  2.72901514e+00  2.86660904e+00 
 1.07856000e-09  2.28771085e+00  2.18228915e+00  2.72719228e+00  2.86814272e+00 
 1.08056000e-09  2.28893779e+00  2.18106221e+00  2.72538183e+00  2.86966487e+00 
 1.08256000e-09  2.29015620e+00  2.17984380e+00  2.72358415e+00  2.87117529e+00 
 1.08456000e-09  2.29136591e+00  2.17863409e+00  2.72179958e+00  2.87267378e+00 
 1.08656000e-09  2.29256672e+00  2.17743328e+00  2.72002846e+00  2.87416016e+00 
 1.08856000e-09  2.29375843e+00  2.17624157e+00  2.71827113e+00  2.87563422e+00 
 1.09056000e-09  2.29494087e+00  2.17505913e+00  2.71652794e+00  2.87709578e+00 
 1.09256000e-09  2.29611384e+00  2.17388616e+00  2.71479921e+00  2.87854465e+00 
 1.09456000e-09  2.29727716e+00  2.17272284e+00  2.71308528e+00  2.87998066e+00 
 1.09656000e-09  2.29843064e+00  2.17156936e+00  2.71138647e+00  2.88140362e+00 
 1.09856000e-09  2.29957411e+00  2.17042589e+00  2.70970311e+00  2.88281335e+00 
 1.10056000e-09  2.30070739e+00  2.16929261e+00  2.70803552e+00  2.88420970e+00 
 1.10256000e-09  2.30183028e+00  2.16816972e+00  2.70638402e+00  2.88559249e+00 
 1.10456000e-09  2.30294263e+00  2.16705737e+00  2.70474892e+00  2.88696155e+00 
 1.10656000e-09  2.30404424e+00  2.16595576e+00  2.70313054e+00  2.88831673e+00 
 1.10856000e-09  2.30513495e+00  2.16486505e+00  2.70152917e+00  2.88965787e+00 
 1.11056000e-09  2.30621459e+00  2.16378541e+00  2.69994512e+00  2.89098481e+00 
 1.11256000e-09  2.30728298e+00  2.16271702e+00  2.69837870e+00  2.89229741e+00 
 1.11456000e-09  2.30833996e+00  2.16166004e+00  2.69683019e+00  2.89359553e+00 
 1.11656000e-09  2.30938535e+00  2.16061465e+00  2.69529989e+00  2.89487901e+00 
 1.11856000e-09  2.31041900e+00  2.15958100e+00  2.69378808e+00  2.89614772e+00 
 1.12056000e-09  2.31144074e+00  2.15855926e+00  2.69229505e+00  2.89740153e+00 
 1.12256000e-09  2.31245041e+00  2.15754959e+00  2.69082108e+00  2.89864030e+00 
 1.12456000e-09  2.31344785e+00  2.15655215e+00  2.68936643e+00  2.89986392e+00 
 1.12656000e-09  2.31443290e+00  2.15556710e+00  2.68793139e+00  2.90107224e+00 
 1.12856000e-09  2.31540541e+00  2.15459459e+00  2.68651622e+00  2.90226517e+00 
 1.13056000e-09  2.31636522e+00  2.15363478e+00  2.68512117e+00  2.90344257e+00 
 1.13256000e-09  2.31731218e+00  2.15268782e+00  2.68374651e+00  2.90460434e+00 
 1.13456000e-09  2.31824614e+00  2.15175386e+00  2.68239249e+00  2.90575037e+00 
 1.13656000e-09  2.31916696e+00  2.15083304e+00  2.68105936e+00  2.90688055e+00 
 1.13856000e-09  2.32007449e+00  2.14992551e+00  2.67974736e+00  2.90799478e+00 
 1.14056000e-09  2.32096858e+00  2.14903142e+00  2.67845672e+00  2.90909297e+00 
 1.14256000e-09  2.32184910e+00  2.14815090e+00  2.67718769e+00  2.91017501e+00 
 1.14456000e-09  2.32271590e+00  2.14728410e+00  2.67594049e+00  2.91124082e+00 
 1.14656000e-09  2.32356885e+00  2.14643115e+00  2.67471535e+00  2.91229030e+00 
 1.14856000e-09  2.32440782e+00  2.14559218e+00  2.67351248e+00  2.91332339e+00 
 1.15056000e-09  2.32523267e+00  2.14476733e+00  2.67233210e+00  2.91433998e+00 
 1.15256000e-09  2.32604327e+00  2.14395673e+00  2.67117442e+00  2.91534001e+00 
 1.15456000e-09  2.32683949e+00  2.14316051e+00  2.67003964e+00  2.91632339e+00 
 1.15656000e-09  2.32762121e+00  2.14237879e+00  2.66892796e+00  2.91729006e+00 
 1.15856000e-09  2.32838830e+00  2.14161170e+00  2.66783957e+00  2.91823994e+00 
 1.16056000e-09  2.32914065e+00  2.14085935e+00  2.66677466e+00  2.91917298e+00 
 1.16256000e-09  2.32987813e+00  2.14012187e+00  2.66573342e+00  2.92008910e+00 
 1.16456000e-09  2.33060062e+00  2.13939938e+00  2.66471603e+00  2.92098824e+00 
 1.16656000e-09  2.33130802e+00  2.13869198e+00  2.66372264e+00  2.92187034e+00 
 1.16856000e-09  2.33200022e+00  2.13799978e+00  2.66275344e+00  2.92273535e+00 
 1.17056000e-09  2.33267709e+00  2.13732291e+00  2.66180857e+00  2.92358322e+00 
 1.17256000e-09  2.33333854e+00  2.13666146e+00  2.66088820e+00  2.92441388e+00 
 1.17456000e-09  2.33398447e+00  2.13601553e+00  2.65999248e+00  2.92522730e+00 
 1.17656000e-09  2.33461476e+00  2.13538524e+00  2.65912155e+00  2.92602341e+00 
 1.17856000e-09  2.33522932e+00  2.13477068e+00  2.65827554e+00  2.92680219e+00 
 1.18056000e-09  2.33582805e+00  2.13417195e+00  2.65745459e+00  2.92756357e+00 
 1.18256000e-09  2.33641087e+00  2.13358913e+00  2.65665883e+00  2.92830752e+00 
 1.18456000e-09  2.33697766e+00  2.13302234e+00  2.65588838e+00  2.92903399e+00 
 1.18656000e-09  2.33752836e+00  2.13247164e+00  2.65514334e+00  2.92974295e+00 
 1.18856000e-09  2.33806286e+00  2.13193714e+00  2.65442384e+00  2.93043435e+00 
 1.19056000e-09  2.33858109e+00  2.13141891e+00  2.65372997e+00  2.93110816e+00 
 1.19256000e-09  2.33908297e+00  2.13091703e+00  2.65306183e+00  2.93176434e+00 
 1.19456000e-09  2.33956840e+00  2.13043160e+00  2.65241951e+00  2.93240284e+00 
 1.19656000e-09  2.34003733e+00  2.12996267e+00  2.65180310e+00  2.93302365e+00 
 1.19856000e-09  2.34048966e+00  2.12951034e+00  2.65121267e+00  2.93362671e+00 
 1.20056000e-09  2.34092534e+00  2.12907466e+00  2.65064829e+00  2.93421200e+00 
 1.20256000e-09  2.34134430e+00  2.12865570e+00  2.65011004e+00  2.93477948e+00 
 1.20456000e-09  2.34174646e+00  2.12825354e+00  2.64959798e+00  2.93532911e+00 
 1.20656000e-09  2.34213176e+00  2.12786824e+00  2.64911215e+00  2.93586086e+00 
 1.20856000e-09  2.34250015e+00  2.12749985e+00  2.64865261e+00  2.93637469e+00 
 1.21056000e-09  2.34285156e+00  2.12714844e+00  2.64821940e+00  2.93687057e+00 
 1.21256000e-09  2.34318594e+00  2.12681406e+00  2.64781256e+00  2.93734846e+00 
 1.21456000e-09  2.34350323e+00  2.12649677e+00  2.64743210e+00  2.93780832e+00 
 1.21656000e-09  2.34380339e+00  2.12619661e+00  2.64707807e+00  2.93825012e+00 
 1.21856000e-09  2.34408637e+00  2.12591363e+00  2.64675048e+00  2.93867381e+00 
 1.22056000e-09  2.34435213e+00  2.12564787e+00  2.64644933e+00  2.93907937e+00 
 1.22256000e-09  2.34460062e+00  2.12539938e+00  2.64617464e+00  2.93946674e+00 
 1.22456000e-09  2.34483179e+00  2.12516821e+00  2.64592640e+00  2.93983589e+00 
 1.22656000e-09  2.34504563e+00  2.12495437e+00  2.64570461e+00  2.94018678e+00 
 1.22856000e-09  2.34524209e+00  2.12475791e+00  2.64550925e+00  2.94051935e+00 
 1.23056000e-09  2.34542114e+00  2.12457886e+00  2.64534031e+00  2.94083357e+00 
 1.23256000e-09  2.34558275e+00  2.12441725e+00  2.64519776e+00  2.94112939e+00 
 1.23456000e-09  2.34572690e+00  2.12427310e+00  2.64508158e+00  2.94140676e+00 
 1.23656000e-09  2.34585357e+00  2.12414643e+00  2.64499172e+00  2.94166564e+00 
 1.23856000e-09  2.34596273e+00  2.12403727e+00  2.64492814e+00  2.94190596e+00 
 1.24056000e-09  2.34605437e+00  2.12394563e+00  2.64489081e+00  2.94212767e+00 
 1.24256000e-09  2.34612847e+00  2.12387153e+00  2.64487965e+00  2.94233073e+00 
 1.24456000e-09  2.34618502e+00  2.12381498e+00  2.64489463e+00  2.94251507e+00 
 1.24656000e-09  2.34622401e+00  2.12377599e+00  2.64493566e+00  2.94268064e+00 
 1.24856000e-09  2.34624545e+00  2.12375455e+00  2.64500268e+00  2.94282738e+00 
 1.25056000e-09  2.34624931e+00  2.12375069e+00  2.64509562e+00  2.94295523e+00 
 1.25256000e-09  2.34623561e+00  2.12376439e+00  2.64521439e+00  2.94306411e+00 
 1.25456000e-09  2.34620434e+00  2.12379566e+00  2.64535892e+00  2.94315397e+00 
 1.25656000e-09  2.34615551e+00  2.12384449e+00  2.64552910e+00  2.94322475e+00 
 1.25856000e-09  2.34608913e+00  2.12391087e+00  2.64572484e+00  2.94327636e+00 
 1.26056000e-09  2.34600521e+00  2.12399479e+00  2.64594604e+00  2.94330875e+00 
 1.26256000e-09  2.34590375e+00  2.12409625e+00  2.64619260e+00  2.94332184e+00 
 1.26456000e-09  2.34578479e+00  2.12421521e+00  2.64646440e+00  2.94331555e+00 
 1.26656000e-09  2.34564833e+00  2.12435167e+00  2.64676132e+00  2.94328982e+00 
 1.26856000e-09  2.34549440e+00  2.12450560e+00  2.64708325e+00  2.94324456e+00 
 1.27056000e-09  2.34532302e+00  2.12467698e+00  2.64743006e+00  2.94317970e+00 
 1.27256000e-09  2.34513421e+00  2.12486579e+00  2.64780163e+00  2.94309517e+00 
 1.27456000e-09  2.34492802e+00  2.12507198e+00  2.64819781e+00  2.94299088e+00 
 1.27656000e-09  2.34470447e+00  2.12529553e+00  2.64861847e+00  2.94286675e+00 
 1.27856000e-09  2.34446359e+00  2.12553641e+00  2.64906346e+00  2.94272270e+00 
 1.28056000e-09  2.34420543e+00  2.12579457e+00  2.64953264e+00  2.94255865e+00 
 1.28256000e-09  2.34393002e+00  2.12606998e+00  2.65002587e+00  2.94237453e+00 
 1.28456000e-09  2.34363742e+00  2.12636258e+00  2.65054297e+00  2.94217023e+00 
 1.28656000e-09  2.34332765e+00  2.12667235e+00  2.65108381e+00  2.94194570e+00 
 1.28856000e-09  2.34300079e+00  2.12699921e+00  2.65164820e+00  2.94170083e+00 
 1.29056000e-09  2.34265686e+00  2.12734314e+00  2.65223600e+00  2.94143555e+00 
 1.29256000e-09  2.34229594e+00  2.12770406e+00  2.65284702e+00  2.94114979e+00 
 1.29456000e-09  2.34191807e+00  2.12808193e+00  2.65348110e+00  2.94084345e+00 
 1.29656000e-09  2.34152332e+00  2.12847668e+00  2.65413806e+00  2.94051645e+00 
 1.29856000e-09  2.34111175e+00  2.12888825e+00  2.65481773e+00  2.94016872e+00 
 1.30056000e-09  2.34068342e+00  2.12931658e+00  2.65551991e+00  2.93980018e+00 
 1.30256000e-09  2.34023840e+00  2.12976160e+00  2.65624444e+00  2.93941075e+00 
 1.30456000e-09  2.33977677e+00  2.13022323e+00  2.65699111e+00  2.93900036e+00 
 1.30656000e-09  2.33929859e+00  2.13070141e+00  2.65775975e+00  2.93856893e+00 
 1.30856000e-09  2.33880394e+00  2.13119606e+00  2.65855015e+00  2.93811639e+00 
 1.31056000e-09  2.33829289e+00  2.13170711e+00  2.65936212e+00  2.93764267e+00 
 1.31256000e-09  2.33776554e+00  2.13223446e+00  2.66019547e+00  2.93714771e+00 
 1.31456000e-09  2.33722196e+00  2.13277804e+00  2.66105000e+00  2.93663143e+00 
 1.31656000e-09  2.33666224e+00  2.13333776e+00  2.66192550e+00  2.93609379e+00 
 1.31856000e-09  2.33608646e+00  2.13391354e+00  2.66282177e+00  2.93553471e+00 
 1.32056000e-09  2.33549472e+00  2.13450528e+00  2.66373860e+00  2.93495415e+00 
 1.32256000e-09  2.33488711e+00  2.13511289e+00  2.66467580e+00  2.93435204e+00 
 1.32456000e-09  2.33426373e+00  2.13573627e+00  2.66563313e+00  2.93372836e+00 
 1.32656000e-09  2.33362467e+00  2.13637533e+00  2.66661041e+00  2.93308304e+00 
 1.32856000e-09  2.33297004e+00  2.13702996e+00  2.66760741e+00  2.93241606e+00 
 1.33056000e-09  2.33229994e+00  2.13770006e+00  2.66862392e+00  2.93172737e+00 
 1.33256000e-09  2.33161447e+00  2.13838553e+00  2.66965972e+00  2.93101694e+00 
 1.33456000e-09  2.33091375e+00  2.13908625e+00  2.67071460e+00  2.93028475e+00 
 1.33656000e-09  2.33019788e+00  2.13980212e+00  2.67178833e+00  2.92953078e+00 
 1.33856000e-09  2.32946697e+00  2.14053303e+00  2.67288070e+00  2.92875501e+00 
 1.34056000e-09  2.32872116e+00  2.14127884e+00  2.67399149e+00  2.92795742e+00 
 1.34256000e-09  2.32796054e+00  2.14203946e+00  2.67512047e+00  2.92713802e+00 
 1.34456000e-09  2.32718524e+00  2.14281476e+00  2.67626743e+00  2.92629680e+00 
 1.34656000e-09  2.32639538e+00  2.14360462e+00  2.67743213e+00  2.92543377e+00 
 1.34856000e-09  2.32559109e+00  2.14440891e+00  2.67861435e+00  2.92454893e+00 
 1.35056000e-09  2.32477250e+00  2.14522750e+00  2.67981387e+00  2.92364232e+00 
 1.35256000e-09  2.32393973e+00  2.14606027e+00  2.68103045e+00  2.92271395e+00 
 1.35456000e-09  2.32309292e+00  2.14690708e+00  2.68226388e+00  2.92176385e+00 
 1.35656000e-09  2.32223219e+00  2.14776781e+00  2.68351391e+00  2.92079205e+00 
 1.35856000e-09  2.32135769e+00  2.14864231e+00  2.68478033e+00  2.91979861e+00 
 1.36056000e-09  2.32046955e+00  2.14953045e+00  2.68606290e+00  2.91878357e+00 
 1.36256000e-09  2.31956792e+00  2.15043208e+00  2.68736139e+00  2.91774699e+00 
 1.36456000e-09  2.31865293e+00  2.15134707e+00  2.68867556e+00  2.91668894e+00 
 1.36656000e-09  2.31772473e+00  2.15227527e+00  2.69000520e+00  2.91560947e+00 
 1.36856000e-09  2.31678347e+00  2.15321653e+00  2.69135005e+00  2.91450867e+00 
 1.37056000e-09  2.31582930e+00  2.15417070e+00  2.69270989e+00  2.91338663e+00 
 1.37256000e-09  2.31486236e+00  2.15513764e+00  2.69408449e+00  2.91224343e+00 
 1.37456000e-09  2.31388281e+00  2.15611719e+00  2.69547361e+00  2.91107918e+00 
 1.37656000e-09  2.31289080e+00  2.15710920e+00  2.69687700e+00  2.90989398e+00 
 1.37856000e-09  2.31188649e+00  2.15811351e+00  2.69829445e+00  2.90868794e+00 
 1.38056000e-09  2.31087005e+00  2.15912995e+00  2.69972570e+00  2.90746119e+00 
 1.38256000e-09  2.30984162e+00  2.16015838e+00  2.70117053e+00  2.90621384e+00 
 1.38456000e-09  2.30880137e+00  2.16119863e+00  2.70262869e+00  2.90494604e+00 
 1.38656000e-09  2.30774947e+00  2.16225053e+00  2.70409995e+00  2.90365794e+00 
 1.38856000e-09  2.30668608e+00  2.16331392e+00  2.70558406e+00  2.90234966e+00 
 1.39056000e-09  2.30561137e+00  2.16438863e+00  2.70708079e+00  2.90102138e+00 
 1.39256000e-09  2.30452551e+00  2.16547449e+00  2.70858989e+00  2.89967326e+00 
 1.39456000e-09  2.30342867e+00  2.16657133e+00  2.71011112e+00  2.89830547e+00 
 1.39656000e-09  2.30232103e+00  2.16767897e+00  2.71164425e+00  2.89691818e+00 
 1.39856000e-09  2.30120275e+00  2.16879725e+00  2.71318902e+00  2.89551159e+00 
 1.40056000e-09  2.30007402e+00  2.16992598e+00  2.71474520e+00  2.89408587e+00 
 1.40256000e-09  2.29893502e+00  2.17106498e+00  2.71631254e+00  2.89264124e+00 
 1.40456000e-09  2.29778591e+00  2.17221409e+00  2.71789079e+00  2.89117789e+00 
 1.40656000e-09  2.29662690e+00  2.17337310e+00  2.71947972e+00  2.88969604e+00 
 1.40856000e-09  2.29545815e+00  2.17454185e+00  2.72107907e+00  2.88819591e+00 
 1.41056000e-09  2.29427986e+00  2.17572014e+00  2.72268860e+00  2.88667772e+00 
 1.41256000e-09  2.29309220e+00  2.17690780e+00  2.72430805e+00  2.88514171e+00 
 1.41456000e-09  2.29189537e+00  2.17810463e+00  2.72593719e+00  2.88358811e+00 
 1.41656000e-09  2.29068956e+00  2.17931044e+00  2.72757576e+00  2.88201716e+00 
 1.41856000e-09  2.28947495e+00  2.18052505e+00  2.72922351e+00  2.88042913e+00 
 1.42056000e-09  2.28825174e+00  2.18174826e+00  2.73088020e+00  2.87882427e+00 
 1.42256000e-09  2.28702012e+00  2.18297988e+00  2.73254556e+00  2.87720283e+00 
 1.42456000e-09  2.28578029e+00  2.18421971e+00  2.73421935e+00  2.87556509e+00 
 1.42656000e-09  2.28453244e+00  2.18546756e+00  2.73590132e+00  2.87391133e+00 
 1.42856000e-09  2.28327676e+00  2.18672324e+00  2.73759121e+00  2.87224182e+00 
 1.43056000e-09  2.28201347e+00  2.18798653e+00  2.73928876e+00  2.87055684e+00 
 1.43256000e-09  2.28074274e+00  2.18925726e+00  2.74099373e+00  2.86885670e+00 
 1.43456000e-09  2.27946480e+00  2.19053520e+00  2.74270584e+00  2.86714169e+00 
 1.43656000e-09  2.27817983e+00  2.19182017e+00  2.74442486e+00  2.86541210e+00 
 1.43856000e-09  2.27688805e+00  2.19311195e+00  2.74615052e+00  2.86366825e+00 
 1.44056000e-09  2.27558965e+00  2.19441035e+00  2.74788255e+00  2.86191044e+00 
 1.44256000e-09  2.27428484e+00  2.19571516e+00  2.74962071e+00  2.86013900e+00 
 1.44456000e-09  2.27297383e+00  2.19702617e+00  2.75136473e+00  2.85835425e+00 
 1.44656000e-09  2.27165682e+00  2.19834318e+00  2.75311435e+00  2.85655650e+00 
 1.44856000e-09  2.27033402e+00  2.19966598e+00  2.75486931e+00  2.85474609e+00 
 1.45056000e-09  2.26900564e+00  2.20099436e+00  2.75662934e+00  2.85292336e+00 
 1.45256000e-09  2.26767190e+00  2.20232810e+00  2.75839419e+00  2.85108863e+00 
 1.45456000e-09  2.26633299e+00  2.20366701e+00  2.76016358e+00  2.84924226e+00 
 1.45656000e-09  2.26498914e+00  2.20501086e+00  2.76193726e+00  2.84738459e+00 
 1.45856000e-09  2.26364055e+00  2.20635945e+00  2.76371441e+00  2.84551634e+00 
 1.46056000e-09  2.26228743e+00  2.20771257e+00  2.76549542e+00  2.84363740e+00 
 1.46256000e-09  2.26093001e+00  2.20906999e+00  2.76728022e+00  2.84174801e+00 
 1.46456000e-09  2.25956850e+00  2.21043150e+00  2.76906840e+00  2.83984863e+00 
 1.46656000e-09  2.25820310e+00  2.21179690e+00  2.77085957e+00  2.83793972e+00 
 1.46856000e-09  2.25683404e+00  2.21316596e+00  2.77265341e+00  2.83602166e+00 
 1.47056000e-09  2.25546153e+00  2.21453847e+00  2.77444966e+00  2.83409482e+00 
 1.47256000e-09  2.25408580e+00  2.21591420e+00  2.77624805e+00  2.83215957e+00 
 1.47456000e-09  2.25270704e+00  2.21729296e+00  2.77804864e+00  2.83021606e+00 
 1.47656000e-09  2.25132549e+00  2.21867451e+00  2.77985076e+00  2.82826494e+00 
 1.47856000e-09  2.24994137e+00  2.22005863e+00  2.78165403e+00  2.82630666e+00 
 1.48056000e-09  2.24855488e+00  2.22144512e+00  2.78345828e+00  2.82434154e+00 
 1.48256000e-09  2.24716625e+00  2.22283375e+00  2.78526329e+00  2.82236990e+00 
 1.48456000e-09  2.24577571e+00  2.22422429e+00  2.78706884e+00  2.82039212e+00 
 1.48656000e-09  2.24438346e+00  2.22561654e+00  2.78887464e+00  2.81840858e+00 
 1.48856000e-09  2.24298973e+00  2.22701027e+00  2.79068042e+00  2.81641968e+00 
 1.49056000e-09  2.24159473e+00  2.22840527e+00  2.79248591e+00  2.81442580e+00 
 1.49256000e-09  2.24019870e+00  2.22980130e+00  2.79429084e+00  2.81242734e+00 
 1.49456000e-09  2.23880184e+00  2.23119816e+00  2.79609494e+00  2.81042468e+00 
 1.49656000e-09  2.23740439e+00  2.23259561e+00  2.79789792e+00  2.80841823e+00 
 1.49856000e-09  2.23600655e+00  2.23399345e+00  2.79969953e+00  2.80640838e+00 
 1.50056000e-09  2.23460856e+00  2.23539144e+00  2.80149950e+00  2.80439552e+00 
 1.50256000e-09  2.23321063e+00  2.23678937e+00  2.80329754e+00  2.80238004e+00 
 1.50456000e-09  2.23181298e+00  2.23818702e+00  2.80509339e+00  2.80036236e+00 
 1.50656000e-09  2.23041583e+00  2.23958417e+00  2.80688678e+00  2.79834286e+00 
 1.50856000e-09  2.22901941e+00  2.24098059e+00  2.80867745e+00  2.79632194e+00 
 1.51056000e-09  2.22762393e+00  2.24237607e+00  2.81046512e+00  2.79430000e+00 
 1.51256000e-09  2.22622962e+00  2.24377038e+00  2.81224951e+00  2.79227744e+00 
 1.51456000e-09  2.22483669e+00  2.24516331e+00  2.81403038e+00  2.79025467e+00 
 1.51656000e-09  2.22344536e+00  2.24655464e+00  2.81580744e+00  2.78823207e+00 
 1.51856000e-09  2.22205586e+00  2.24794414e+00  2.81758044e+00  2.78621004e+00 
 1.52056000e-09  2.22066841e+00  2.24933159e+00  2.81934910e+00  2.78418900e+00 
 1.52256000e-09  2.21928322e+00  2.25071678e+00  2.82111317e+00  2.78216932e+00 
 1.52456000e-09  2.21790051e+00  2.25209949e+00  2.82287265e+00  2.78015097e+00 
 1.52656000e-09  2.21652050e+00  2.25347950e+00  2.82462696e+00  2.77813484e+00 
 1.52856000e-09  2.21514341e+00  2.25485659e+00  2.82637573e+00  2.77612151e+00 
 1.53056000e-09  2.21376945e+00  2.25623055e+00  2.82811880e+00  2.77411126e+00 
 1.53256000e-09  2.21239885e+00  2.25760115e+00  2.82985560e+00  2.77210498e+00 
 1.53456000e-09  2.21103181e+00  2.25896819e+00  2.83158632e+00  2.77010238e+00 
 1.53656000e-09  2.20966856e+00  2.26033144e+00  2.83331081e+00  2.76810364e+00 
 1.53856000e-09  2.20830931e+00  2.26169069e+00  2.83502872e+00  2.76610927e+00 
 1.54056000e-09  2.20695428e+00  2.26304572e+00  2.83673972e+00  2.76411981e+00 
 1.54256000e-09  2.20560367e+00  2.26439633e+00  2.83844353e+00  2.76213568e+00 
 1.54456000e-09  2.20425771e+00  2.26574229e+00  2.84013992e+00  2.76015728e+00 
 1.54656000e-09  2.20291660e+00  2.26708340e+00  2.84182863e+00  2.75818497e+00 
 1.54856000e-09  2.20158055e+00  2.26841945e+00  2.84350943e+00  2.75621917e+00 
 1.55056000e-09  2.20024979e+00  2.26975021e+00  2.84518208e+00  2.75426023e+00 
 1.55256000e-09  2.19892451e+00  2.27107549e+00  2.84684632e+00  2.75230856e+00 
 1.55456000e-09  2.19760493e+00  2.27239507e+00  2.84850192e+00  2.75036453e+00 
 1.55656000e-09  2.19629125e+00  2.27370875e+00  2.85014865e+00  2.74842852e+00 
 1.55856000e-09  2.19498369e+00  2.27501631e+00  2.85178627e+00  2.74650091e+00 
 1.56056000e-09  2.19368244e+00  2.27631756e+00  2.85341454e+00  2.74458207e+00 
 1.56256000e-09  2.19238772e+00  2.27761228e+00  2.85503324e+00  2.74267239e+00 
 1.56456000e-09  2.19109973e+00  2.27890027e+00  2.85664215e+00  2.74077222e+00 
 1.56656000e-09  2.18981867e+00  2.28018133e+00  2.85824103e+00  2.73888195e+00 
 1.56856000e-09  2.18854475e+00  2.28145525e+00  2.85982966e+00  2.73700194e+00 
 1.57056000e-09  2.18727816e+00  2.28272184e+00  2.86140783e+00  2.73513255e+00 
 1.57256000e-09  2.18601911e+00  2.28398089e+00  2.86297532e+00  2.73327415e+00 
 1.57456000e-09  2.18476779e+00  2.28523221e+00  2.86453191e+00  2.73142709e+00 
 1.57656000e-09  2.18352440e+00  2.28647560e+00  2.86607739e+00  2.72959174e+00 
 1.57856000e-09  2.18228915e+00  2.28771085e+00  2.86761156e+00  2.72776845e+00 
 1.58056000e-09  2.18106221e+00  2.28893779e+00  2.86913422e+00  2.72595757e+00 
 1.58256000e-09  2.17984380e+00  2.29015620e+00  2.87064515e+00  2.72415945e+00 
 1.58456000e-09  2.17863409e+00  2.29136591e+00  2.87214416e+00  2.72237444e+00 
 1.58656000e-09  2.17743328e+00  2.29256672e+00  2.87363107e+00  2.72060288e+00 
 1.58856000e-09  2.17624157e+00  2.29375843e+00  2.87510566e+00  2.71884511e+00 
 1.59056000e-09  2.17505913e+00  2.29494087e+00  2.87656776e+00  2.71710147e+00 
 1.59256000e-09  2.17388616e+00  2.29611384e+00  2.87801718e+00  2.71537229e+00 
 1.59456000e-09  2.17272284e+00  2.29727716e+00  2.87945374e+00  2.71365791e+00 
 1.59656000e-09  2.17156936e+00  2.29843064e+00  2.88087726e+00  2.71195866e+00 
 1.59856000e-09  2.17042589e+00  2.29957411e+00  2.88228757e+00  2.71027485e+00 
 1.60056000e-09  2.16929261e+00  2.30070739e+00  2.88368449e+00  2.70860680e+00 
 1.60256000e-09  2.16816972e+00  2.30183028e+00  2.88506786e+00  2.70695485e+00 
 1.60456000e-09  2.16705737e+00  2.30294263e+00  2.88643750e+00  2.70531929e+00 
 1.60656000e-09  2.16595576e+00  2.30404424e+00  2.88779327e+00  2.70370044e+00 
 1.60856000e-09  2.16486505e+00  2.30513495e+00  2.88913501e+00  2.70209861e+00 
 1.61056000e-09  2.16378541e+00  2.30621459e+00  2.89046255e+00  2.70051410e+00 
 1.61256000e-09  2.16271702e+00  2.30728298e+00  2.89177576e+00  2.69894721e+00 
 1.61456000e-09  2.16166004e+00  2.30833996e+00  2.89307448e+00  2.69739823e+00 
 1.61656000e-09  2.16061465e+00  2.30938535e+00  2.89435857e+00  2.69586745e+00 
 1.61856000e-09  2.15958100e+00  2.31041900e+00  2.89562790e+00  2.69435517e+00 
 1.62056000e-09  2.15855926e+00  2.31144074e+00  2.89688233e+00  2.69286166e+00 
 1.62256000e-09  2.15754959e+00  2.31245041e+00  2.89812173e+00  2.69138721e+00 
 1.62456000e-09  2.15655215e+00  2.31344785e+00  2.89934596e+00  2.68993209e+00 
 1.62656000e-09  2.15556710e+00  2.31443290e+00  2.90055492e+00  2.68849656e+00 
 1.62856000e-09  2.15459459e+00  2.31540541e+00  2.90174847e+00  2.68708090e+00 
 1.63056000e-09  2.15363478e+00  2.31636522e+00  2.90292651e+00  2.68568536e+00 
 1.63256000e-09  2.15268782e+00  2.31731218e+00  2.90408891e+00  2.68431021e+00 
 1.63456000e-09  2.15175386e+00  2.31824614e+00  2.90523557e+00  2.68295569e+00 
 1.63656000e-09  2.15083304e+00  2.31916696e+00  2.90636638e+00  2.68162206e+00 
 1.63856000e-09  2.14992551e+00  2.32007449e+00  2.90748124e+00  2.68030955e+00 
 1.64056000e-09  2.14903142e+00  2.32096858e+00  2.90858006e+00  2.67901841e+00 
 1.64256000e-09  2.14815090e+00  2.32184910e+00  2.90966273e+00  2.67774887e+00 
 1.64456000e-09  2.14728410e+00  2.32271590e+00  2.91072917e+00  2.67650116e+00 
 1.64656000e-09  2.14643115e+00  2.32356885e+00  2.91177928e+00  2.67527550e+00 
 1.64856000e-09  2.14559218e+00  2.32440782e+00  2.91281299e+00  2.67407212e+00 
 1.65056000e-09  2.14476733e+00  2.32523267e+00  2.91383020e+00  2.67289121e+00 
 1.65256000e-09  2.14395673e+00  2.32604327e+00  2.91483084e+00  2.67173301e+00 
 1.65456000e-09  2.14316051e+00  2.32683949e+00  2.91581484e+00  2.67059770e+00 
 1.65656000e-09  2.14237879e+00  2.32762121e+00  2.91678211e+00  2.66948548e+00 
 1.65856000e-09  2.14161170e+00  2.32838830e+00  2.91773260e+00  2.66839656e+00 
 1.66056000e-09  2.14085935e+00  2.32914065e+00  2.91866623e+00  2.66733111e+00 
 1.66256000e-09  2.14012187e+00  2.32987813e+00  2.91958294e+00  2.66628933e+00 
 1.66456000e-09  2.13939938e+00  2.33060062e+00  2.92048266e+00  2.66527138e+00 
 1.66656000e-09  2.13869198e+00  2.33130802e+00  2.92136534e+00  2.66427745e+00 
 1.66856000e-09  2.13799978e+00  2.33200022e+00  2.92223092e+00  2.66330769e+00 
 1.67056000e-09  2.13732291e+00  2.33267709e+00  2.92307934e+00  2.66236227e+00 
 1.67256000e-09  2.13666146e+00  2.33333854e+00  2.92391056e+00  2.66144133e+00 
 1.67456000e-09  2.13601553e+00  2.33398447e+00  2.92472451e+00  2.66054504e+00 
 1.67656000e-09  2.13538524e+00  2.33461476e+00  2.92552116e+00  2.65967354e+00 
 1.67856000e-09  2.13477068e+00  2.33522932e+00  2.92630045e+00  2.65882696e+00 
 1.68056000e-09  2.13417195e+00  2.33582805e+00  2.92706233e+00  2.65800543e+00 
 1.68256000e-09  2.13358913e+00  2.33641087e+00  2.92780678e+00  2.65720909e+00 
 1.68456000e-09  2.13302234e+00  2.33697766e+00  2.92853373e+00  2.65643805e+00 
 1.68656000e-09  2.13247164e+00  2.33752836e+00  2.92924316e+00  2.65569243e+00 
 1.68856000e-09  2.13193714e+00  2.33806286e+00  2.92993502e+00  2.65497233e+00 
 1.69056000e-09  2.13141891e+00  2.33858109e+00  2.93060926e+00  2.65427786e+00 
 1.69256000e-09  2.13091703e+00  2.33908297e+00  2.93126587e+00  2.65360912e+00 
 1.69456000e-09  2.13043160e+00  2.33956840e+00  2.93190479e+00  2.65296619e+00 
 1.69656000e-09  2.12996267e+00  2.34003733e+00  2.93252598e+00  2.65234917e+00 
 1.69856000e-09  2.12951034e+00  2.34048966e+00  2.93312943e+00  2.65175812e+00 
 1.70056000e-09  2.12907466e+00  2.34092534e+00  2.93371507e+00  2.65119313e+00 
 1.70256000e-09  2.12865570e+00  2.34134430e+00  2.93428289e+00  2.65065426e+00 
 1.70456000e-09  2.12825354e+00  2.34174646e+00  2.93483285e+00  2.65014157e+00 
 1.70656000e-09  2.12786824e+00  2.34213176e+00  2.93536490e+00  2.64965512e+00 
 1.70856000e-09  2.12749985e+00  2.34250015e+00  2.93587902e+00  2.64919495e+00 
 1.71056000e-09  2.12714844e+00  2.34285156e+00  2.93637517e+00  2.64876110e+00 
 1.71256000e-09  2.12681406e+00  2.34318594e+00  2.93685330e+00  2.64835361e+00 
 1.71456000e-09  2.12649677e+00  2.34350323e+00  2.93731339e+00  2.64797252e+00 
 1.71656000e-09  2.12619661e+00  2.34380339e+00  2.93775540e+00  2.64761784e+00 
 1.71856000e-09  2.12591363e+00  2.34408637e+00  2.93817928e+00  2.64728960e+00 
 1.72056000e-09  2.12564787e+00  2.34435213e+00  2.93858500e+00  2.64698780e+00 
 1.72256000e-09  2.12539938e+00  2.34460062e+00  2.93897252e+00  2.64671246e+00 
 1.72456000e-09  2.12516821e+00  2.34483179e+00  2.93934179e+00  2.64646356e+00 
 1.72656000e-09  2.12495437e+00  2.34504563e+00  2.93969277e+00  2.64624111e+00 
 1.72856000e-09  2.12475791e+00  2.34524209e+00  2.94002542e+00  2.64604510e+00 
 1.73056000e-09  2.12457886e+00  2.34542114e+00  2.94033970e+00  2.64587549e+00 
 1.73256000e-09  2.12441725e+00  2.34558275e+00  2.94063555e+00  2.64573228e+00 
 1.73456000e-09  2.12427310e+00  2.34572690e+00  2.94091292e+00  2.64561543e+00 
 1.73656000e-09  2.12414643e+00  2.34585357e+00  2.94117178e+00  2.64552490e+00 
 1.73856000e-09  2.12403727e+00  2.34596273e+00  2.94141206e+00  2.64546066e+00 
 1.74056000e-09  2.12394563e+00  2.34605437e+00  2.94163371e+00  2.64542265e+00 
 1.74256000e-09  2.12387153e+00  2.34612847e+00  2.94183668e+00  2.64541083e+00 
 1.74456000e-09  2.12381498e+00  2.34618502e+00  2.94202091e+00  2.64542513e+00 
 1.74656000e-09  2.12377599e+00  2.34622401e+00  2.94218635e+00  2.64546549e+00 
 1.74856000e-09  2.12375455e+00  2.34624545e+00  2.94233293e+00  2.64553184e+00 
 1.75056000e-09  2.12375069e+00  2.34624931e+00  2.94246059e+00  2.64562411e+00 
 1.75256000e-09  2.12376439e+00  2.34623561e+00  2.94256927e+00  2.64574221e+00 
 1.75456000e-09  2.12379566e+00  2.34620434e+00  2.94265890e+00  2.64588606e+00 
 1.75656000e-09  2.12384449e+00  2.34615551e+00  2.94272942e+00  2.64605557e+00 
 1.75856000e-09  2.12391087e+00  2.34608913e+00  2.94278076e+00  2.64625065e+00 
 1.76056000e-09  2.12399479e+00  2.34600521e+00  2.94281285e+00  2.64647118e+00 
 1.76256000e-09  2.12409625e+00  2.34590375e+00  2.94282562e+00  2.64671707e+00 
 1.76456000e-09  2.12421521e+00  2.34578479e+00  2.94281899e+00  2.64698821e+00 
 1.76656000e-09  2.12435167e+00  2.34564833e+00  2.94279289e+00  2.64728447e+00 
 1.76856000e-09  2.12450560e+00  2.34549440e+00  2.94274725e+00  2.64760575e+00 
 1.77056000e-09  2.12467698e+00  2.34532302e+00  2.94268198e+00  2.64795190e+00 
 1.77256000e-09  2.12486579e+00  2.34513421e+00  2.94259702e+00  2.64832282e+00 
 1.77456000e-09  2.12507198e+00  2.34492802e+00  2.94249228e+00  2.64871835e+00 
 1.77656000e-09  2.12529553e+00  2.34470447e+00  2.94236768e+00  2.64913836e+00 
 1.77856000e-09  2.12553641e+00  2.34446359e+00  2.94222314e+00  2.64958272e+00 
 1.78056000e-09  2.12579457e+00  2.34420543e+00  2.94205859e+00  2.65005126e+00 
 1.78256000e-09  2.12606998e+00  2.34393002e+00  2.94187393e+00  2.65054386e+00 
 1.78456000e-09  2.12636258e+00  2.34363742e+00  2.94166910e+00  2.65106034e+00 
 1.78656000e-09  2.12667235e+00  2.34332765e+00  2.94144400e+00  2.65160055e+00 
 1.78856000e-09  2.12699921e+00  2.34300079e+00  2.94119855e+00  2.65216433e+00 
 1.79056000e-09  2.12734314e+00  2.34265686e+00  2.94093268e+00  2.65275151e+00 
 1.79256000e-09  2.12770406e+00  2.34229594e+00  2.94064630e+00  2.65336193e+00 
 1.79456000e-09  2.12808193e+00  2.34191807e+00  2.94033934e+00  2.65399542e+00 
 1.79656000e-09  2.12847668e+00  2.34152332e+00  2.94001170e+00  2.65465179e+00 
 1.79856000e-09  2.12888825e+00  2.34111175e+00  2.93966332e+00  2.65533088e+00 
 1.80056000e-09  2.12931658e+00  2.34068342e+00  2.93929412e+00  2.65603249e+00 
 1.80256000e-09  2.12976160e+00  2.34023840e+00  2.93890401e+00  2.65675645e+00 
 1.80456000e-09  2.13022323e+00  2.33977677e+00  2.93849293e+00  2.65750256e+00 
 1.80656000e-09  2.13070141e+00  2.33929859e+00  2.93806080e+00  2.65827065e+00 
 1.80856000e-09  2.13119606e+00  2.33880394e+00  2.93760755e+00  2.65906051e+00 
 1.81056000e-09  2.13170711e+00  2.33829289e+00  2.93713312e+00  2.65987195e+00 
 1.81256000e-09  2.13223446e+00  2.33776554e+00  2.93663743e+00  2.66070478e+00 
 1.81456000e-09  2.13277804e+00  2.33722196e+00  2.93612042e+00  2.66155879e+00 
 1.81656000e-09  2.13333776e+00  2.33666224e+00  2.93558203e+00  2.66243378e+00 
 1.81856000e-09  2.13391354e+00  2.33608646e+00  2.93502221e+00  2.66332956e+00 
 1.82056000e-09  2.13450528e+00  2.33549472e+00  2.93444089e+00  2.66424591e+00 
 1.82256000e-09  2.13511289e+00  2.33488711e+00  2.93383804e+00  2.66518262e+00 
 1.82456000e-09  2.13573627e+00  2.33426373e+00  2.93321359e+00  2.66613950e+00 
 1.82656000e-09  2.13637533e+00  2.33362467e+00  2.93256752e+00  2.66711632e+00 
 1.82856000e-09  2.13702996e+00  2.33297004e+00  2.93189977e+00  2.66811287e+00 
 1.83056000e-09  2.13770006e+00  2.33229994e+00  2.93121031e+00  2.66912895e+00 
 1.83256000e-09  2.13838553e+00  2.33161447e+00  2.93049912e+00  2.67016433e+00 
 1.83456000e-09  2.13908625e+00  2.33091375e+00  2.92976617e+00  2.67121879e+00 
 1.83656000e-09  2.13980212e+00  2.33019788e+00  2.92901143e+00  2.67229213e+00 
 1.83856000e-09  2.14053303e+00  2.32946697e+00  2.92823490e+00  2.67338411e+00 
 1.84056000e-09  2.14127884e+00  2.32872116e+00  2.92743655e+00  2.67449452e+00 
 1.84256000e-09  2.14203946e+00  2.32796054e+00  2.92661639e+00  2.67562314e+00 
 1.84456000e-09  2.14281476e+00  2.32718524e+00  2.92577442e+00  2.67676974e+00 
 1.84656000e-09  2.14360462e+00  2.32639538e+00  2.92491064e+00  2.67793410e+00 
 1.84856000e-09  2.14440891e+00  2.32559109e+00  2.92402507e+00  2.67911599e+00 
 1.85056000e-09  2.14522750e+00  2.32477250e+00  2.92311772e+00  2.68031518e+00 
 1.85256000e-09  2.14606027e+00  2.32393973e+00  2.92218862e+00  2.68153146e+00 
 1.85456000e-09  2.14690708e+00  2.32309292e+00  2.92123780e+00  2.68276459e+00 
 1.85656000e-09  2.14776781e+00  2.32223219e+00  2.92026529e+00  2.68401434e+00 
 1.85856000e-09  2.14864231e+00  2.32135769e+00  2.91927115e+00  2.68528048e+00 
 1.86056000e-09  2.14953045e+00  2.32046955e+00  2.91825541e+00  2.68656279e+00 
 1.86256000e-09  2.15043208e+00  2.31956792e+00  2.91721814e+00  2.68786103e+00 
 1.86456000e-09  2.15134707e+00  2.31865293e+00  2.91615941e+00  2.68917497e+00 
 1.86656000e-09  2.15227527e+00  2.31772473e+00  2.91507927e+00  2.69050437e+00 
 1.86856000e-09  2.15321653e+00  2.31678347e+00  2.91397782e+00  2.69184901e+00 
 1.87056000e-09  2.15417070e+00  2.31582930e+00  2.91285514e+00  2.69320865e+00 
 1.87256000e-09  2.15513764e+00  2.31486236e+00  2.91171131e+00  2.69458305e+00 
 1.87456000e-09  2.15611719e+00  2.31388281e+00  2.91054643e+00  2.69597198e+00 
 1.87656000e-09  2.15710920e+00  2.31289080e+00  2.90936062e+00  2.69737521e+00 
 1.87856000e-09  2.15811351e+00  2.31188649e+00  2.90815399e+00  2.69879249e+00 
 1.88056000e-09  2.15912995e+00  2.31087005e+00  2.90692665e+00  2.70022359e+00 
 1.88256000e-09  2.16015838e+00  2.30984162e+00  2.90567874e+00  2.70166828e+00 
 1.88456000e-09  2.16119863e+00  2.30880137e+00  2.90441039e+00  2.70312631e+00 
 1.88656000e-09  2.16225053e+00  2.30774947e+00  2.90312174e+00  2.70459744e+00 
 1.88856000e-09  2.16331392e+00  2.30668608e+00  2.90181294e+00  2.70608144e+00 
 1.89056000e-09  2.16438863e+00  2.30561137e+00  2.90048415e+00  2.70757806e+00 
 1.89256000e-09  2.16547449e+00  2.30452551e+00  2.89913553e+00  2.70908707e+00 
 1.89456000e-09  2.16657133e+00  2.30342867e+00  2.89776726e+00  2.71060822e+00 
 1.89656000e-09  2.16767897e+00  2.30232103e+00  2.89637950e+00  2.71214127e+00 
 1.89856000e-09  2.16879725e+00  2.30120275e+00  2.89497245e+00  2.71368598e+00 
 1.90056000e-09  2.16992598e+00  2.30007402e+00  2.89354630e+00  2.71524210e+00 
 1.90256000e-09  2.17106498e+00  2.29893502e+00  2.89210124e+00  2.71680939e+00 
 1.90456000e-09  2.17221409e+00  2.29778591e+00  2.89063749e+00  2.71838760e+00 
 1.90656000e-09  2.17337310e+00  2.29662690e+00  2.88915524e+00  2.71997649e+00 
 1.90856000e-09  2.17454185e+00  2.29545815e+00  2.88765474e+00  2.72157581e+00 
 1.91056000e-09  2.17572014e+00  2.29427986e+00  2.88613619e+00  2.72318532e+00 
 1.91256000e-09  2.17690780e+00  2.29309220e+00  2.88459983e+00  2.72480476e+00 
 1.91456000e-09  2.17810463e+00  2.29189537e+00  2.88304590e+00  2.72643389e+00 
 1.91656000e-09  2.17931044e+00  2.29068956e+00  2.88147464e+00  2.72807246e+00 
 1.91856000e-09  2.18052505e+00  2.28947495e+00  2.87988630e+00  2.72972021e+00 
 1.92056000e-09  2.18174826e+00  2.28825174e+00  2.87828115e+00  2.73137691e+00 
 1.92256000e-09  2.18297988e+00  2.28702012e+00  2.87665945e+00  2.73304229e+00 
 1.92456000e-09  2.18421971e+00  2.28578029e+00  2.87502145e+00  2.73471610e+00 
 1.92656000e-09  2.18546756e+00  2.28453244e+00  2.87336745e+00  2.73639809e+00 
 1.92856000e-09  2.18672324e+00  2.28327676e+00  2.87169771e+00  2.73808800e+00 
 1.93056000e-09  2.18798653e+00  2.28201347e+00  2.87001252e+00  2.73978559e+00 
 1.93256000e-09  2.18925726e+00  2.28074274e+00  2.86831218e+00  2.74149059e+00 
 1.93456000e-09  2.19053520e+00  2.27946480e+00  2.86659698e+00  2.74320275e+00 
 1.93656000e-09  2.19182017e+00  2.27817983e+00  2.86486723e+00  2.74492181e+00 
 1.93856000e-09  2.19311195e+00  2.27688805e+00  2.86312322e+00  2.74664751e+00 
 1.94056000e-09  2.19441035e+00  2.27558965e+00  2.86136527e+00  2.74837960e+00 
 1.94256000e-09  2.19571516e+00  2.27428484e+00  2.85959370e+00  2.75011780e+00 
 1.94456000e-09  2.19702617e+00  2.27297383e+00  2.85780883e+00  2.75186188e+00 
 1.94656000e-09  2.19834318e+00  2.27165682e+00  2.85601098e+00  2.75361155e+00 
 1.94856000e-09  2.19966598e+00  2.27033402e+00  2.85420048e+00  2.75536656e+00 
 1.95056000e-09  2.20099436e+00  2.26900564e+00  2.85237767e+00  2.75712665e+00 
 1.95256000e-09  2.20232810e+00  2.26767190e+00  2.85054288e+00  2.75889156e+00 
 1.95456000e-09  2.20366701e+00  2.26633299e+00  2.84869646e+00  2.76066101e+00 
 1.95656000e-09  2.20501086e+00  2.26498914e+00  2.84683875e+00  2.76243475e+00 
 1.95856000e-09  2.20635945e+00  2.26364055e+00  2.84497050e+00  2.76421184e+00 
 1.96056000e-09  2.20771257e+00  2.26228743e+00  2.84309158e+00  2.76599280e+00 
 1.96256000e-09  2.20906999e+00  2.26093001e+00  2.84120219e+00  2.76777762e+00 
 1.96456000e-09  2.21043150e+00  2.25956850e+00  2.83930281e+00  2.76956586e+00 
 1.96656000e-09  2.21179690e+00  2.25820310e+00  2.83739392e+00  2.77135708e+00 
 1.96856000e-09  2.21316596e+00  2.25683404e+00  2.83547589e+00  2.77315099e+00 
 1.97056000e-09  2.21453847e+00  2.25546153e+00  2.83354909e+00  2.77494729e+00 
 1.97256000e-09  2.21591420e+00  2.25408580e+00  2.83161360e+00  2.77674620e+00 
 1.97456000e-09  2.21729296e+00  2.25270704e+00  2.82967015e+00  2.77854690e+00 
 1.97656000e-09  2.21867451e+00  2.25132549e+00  2.82771922e+00  2.78034893e+00 
 1.97856000e-09  2.22005863e+00  2.24994137e+00  2.82576109e+00  2.78215216e+00 
 1.98056000e-09  2.22144512e+00  2.24855488e+00  2.82379606e+00  2.78395642e+00 
 1.98256000e-09  2.22283375e+00  2.24716625e+00  2.82182451e+00  2.78576148e+00 
 1.98456000e-09  2.22422429e+00  2.24577571e+00  2.81984683e+00  2.78756706e+00 
 1.98656000e-09  2.22561654e+00  2.24438346e+00  2.81786340e+00  2.78937289e+00 
 1.98856000e-09  2.22701027e+00  2.24298973e+00  2.81587461e+00  2.79117870e+00 
 1.99056000e-09  2.22840527e+00  2.24159473e+00  2.81388086e+00  2.79298422e+00 
 1.99256000e-09  2.22980130e+00  2.24019870e+00  2.81188253e+00  2.79478917e+00 
 1.99456000e-09  2.23119816e+00  2.23880184e+00  2.80988002e+00  2.79659327e+00 
 1.99656000e-09  2.23259561e+00  2.23740439e+00  2.80787372e+00  2.79839627e+00 
 1.99828000e-09  2.23379774e+00  2.23620226e+00  2.80614556e+00  2.79994576e+00 
 2.00000000e-09  2.23500000e+00  2.23500000e+00  2.80441514e+00  2.80149405e+00 
